-1.06966273432645
-0.981566918354999
-1.00555798805036
-0.901547085290297
-0.903761269073908
-1.11903714088405
-1.06205919080865
-1.11804229644454
-1.08668471789824
-1.09214387913306
-0.931178079445969
-1.03336260684851
-0.950856386432664
-0.971394257886381
-1.02676285379586
-0.991649555591108
-1.05993869616478
-0.971283882295678
-0.808349068526045
-1.09038590412343
-0.872393567066852
-0.945773451300882
-0.974174421841049
-0.922468693970963
-0.889936207223333
-0.883493119006938
-0.928200385452658
-0.83417321282368
-0.988289522864032
-0.82455367416753
-0.956924936723394
-0.783739710679755
-0.991307731343418
-0.733656404804816
-0.995607117561742
-1.03851155536538
-0.892236879842575
-0.889715681051772
-0.728220104487432
-0.825471033137523
-0.86602873314534
-1.0379083730875
-1.00002051484606
-0.727177331492173
-0.810869155547247
-1.07223921906591
-0.914846903573971
-0.785526770416948
-0.772588858327264
-0.927427354170492
-0.953997304948639
-0.978920129749679
-0.973121984927705
-0.920786733390919
-0.994546340031759
-0.934968229089469
-0.853529474486296
-1.02425585269881
-0.82323609812187
-0.903465170928302
-0.905701825095578
-0.790373268938757
-0.94753165285344
-0.900140501565602
-0.874209107425299
-0.773814540654073
-0.914195688117048
-0.872648660806907
-0.832534908964929
-0.88740300852501
-0.935410445219318
-0.848622160544104
-0.791828603569141
-0.787587119087876
-0.677144042689573
-0.796233852470729
-0.788592400172244
-0.847152701492123
-0.999794782737525
-0.902842967966532
-0.800057128934051
-0.865573596274257
-0.759297721687818
-0.767499792440663
-0.833341940919819
-0.968941125894359
-0.734508805683253
-0.983913107381621
-0.796937261025316
-0.800468488795085
-0.941624396633405
-0.925192067626133
-0.773927415589488
-0.882858976150137
-0.921843011971357
-0.818758500410075
-0.741130577421876
-0.892568060405186
-0.698845831859653
-0.792165060841569
-0.77828557568856
-0.731738727003113
-0.812808496747708
-0.912522702944248
-0.9023736186264
-0.780221494532193
-0.920504453842666
-0.770799987559687
-0.784898637410744
-0.918101452466967
-0.687416843778155
-0.751311761493114
-0.797511385290623
-0.771633871964177
-0.77400345873468
-0.769750879531539
-0.70689022171299
-0.767772621987918
-0.708667872636909
-0.798833726603637
-0.82264711087424
-0.855097764314736
-0.659729621593755
-0.737594955418223
-0.695385543048404
-0.696189533746991
-0.827848062133156
-0.892683712069701
-0.782172807342361
-0.740718298635439
-0.830111365422447
-0.684925493182915
-0.648983774919021
-0.777533381246125
-0.682759166679803
-0.691255630725763
-0.853607548482374
-0.819041057278212
-0.704565447196441
-0.649311297933375
-0.784136568701161
-0.754213499654998
-0.733905232097258
-0.80468586080236
-0.752406822339487
-0.879809612527956
-0.668200423065767
-0.746716402978198
-0.733036500984629
-0.712422017340633
-0.760816671839922
-0.723593169787918
-0.567763261401357
-0.609497184304405
-0.582213955536996
-0.590085461602878
-0.599872089236493
-0.684318826483553
-0.729058375217817
-0.653842261767493
-0.722913336479974
-0.841737017823265
-0.730026288126062
-0.595035640079783
-0.613438791102439
-0.666552788269274
-0.565746464432849
-0.866913378636484
-0.615331237301277
-0.655774793441911
-0.727132981155264
-0.746676124580025
-0.685469801913737
-0.776190055726157
-0.532973546372923
-0.601612417344936
-0.61504234281913
-0.765466558356242
-0.654351832707232
-0.505540380968447
-0.458884641549868
-0.704959662408374
-0.762175852455073
-0.478664670733172
-0.637620315384629
-0.580754950541223
-0.773873725371405
-0.643377881793083
-0.726853352738864
-0.625578331790633
-0.677330337827415
-0.598665553210947
-0.479692156507214
-0.757882661964505
-0.663630502677375
-0.599333560599736
-0.710868161675249
-0.695848399151487
-0.599863168729586
-0.721301582929146
-0.606060649120562
-0.689937387657549
-0.5029477656197
-0.662842073421611
-0.661342572608288
-0.635291701526853
-0.466319218540387
-0.612336614278976
-0.682652695059545
-0.664309809593709
-0.606014652684365
-0.573093500633932
-0.543326613184235
-0.550985385910904
-0.647736262388228
-0.639868478960414
-0.575420237662484
-0.53668876370467
-0.466012666000122
-0.581923088989301
-0.600720583582538
-0.699306773624217
-0.386495239506249
-0.491279227456441
-0.508562730415212
-0.568714901001712
-0.557415147029791
-0.546677310044246
-0.414314546063689
-0.698868404379101
-0.648304150681858
-0.571005197456756
-0.45072252913677
-0.434825269492722
-0.420748758256729
-0.672525858532004
-0.293270729885556
-0.512581974592188
-0.497100943976131
-0.480252968386271
-0.547581403684052
-0.553142812297476
-0.406235169886357
-0.45337106600722
-0.511923427945651
-0.468140161940308
-0.551509335991467
-0.442549747572983
-0.388389485169441
-0.606923261037595
-0.558173021099286
-0.560448772952262
-0.522859820982175
-0.547254490369673
-0.486752961199328
-0.358797829012217
-0.539304023665336
-0.464662257655132
-0.568505680670797
-0.624267350256846
-0.290763736928167
-0.407741258670031
-0.4184636664316
-0.634575397431187
-0.437868793464837
-0.331976393686472
-0.447718861834573
-0.396929203705994
-0.498151754902158
-0.46887639751758
-0.542980441866718
-0.378935210211751
-0.497884139055165
-0.47980743998805
-0.418507552913158
-0.40502014387212
-0.541112191049063
-0.379596160364203
-0.48679406680028
-0.453621333050628
-0.434940004177873
-0.470083542552956
-0.573678898913419
-0.460764066621078
-0.220230729638069
-0.372836213512247
-0.398109980600326
-0.35890866770649
-0.528228909585897
-0.313911239663794
-0.54381062446699
-0.375522182977016
-0.405823590900266
-0.186711273752831
-0.43841191937075
-0.419567196524074
-0.377669677640014
-0.515504930344148
-0.437484065984574
-0.477805227980781
-0.336743960815061
-0.512479859927292
-0.495284555141623
-0.364621645013691
-0.473427915498933
-0.350310392195181
-0.446964111996469
-0.329325702571096
-0.488579166720847
-0.407738004941232
-0.465103421447513
-0.352450286872703
-0.389830096964526
-0.246385474677962
-0.435928218145585
-0.201493670087901
-0.557930348027452
-0.166434320392488
-0.271425742576151
-0.325265958193379
-0.352341183388486
-0.297439203850113
-0.279286075914051
-0.488918607069173
-0.279851816792862
-0.350914946207888
-0.297455199083125
-0.458676936821252
-0.256412700456651
-0.495916570653961
-0.325443271229179
-0.403736512885326
-0.301062618137246
-0.499001566494075
-0.229003208627768
-0.322313772239348
-0.200201754164283
-0.35463103096944
-0.241414289681034
-0.334043392708225
-0.285146958859227
-0.230310657094771
-0.316042852206468
-0.363030012510557
-0.222402430712531
-0.157201134105286
-0.326598353669778
-0.356059656083688
-0.376999840660009
-0.328856658624202
-0.21716030590615
-0.195003386057642
-0.231275307463521
-0.303489537539686
-0.149198046744688
-0.306883817412489
-0.256819069353227
-0.25538257097792
-0.266079816674438
-0.256888551421703
-0.217509788122697
-0.366399100420281
-0.252964741673058
-0.376866483628721
-0.295041773779193
-0.26990217607566
-0.334162657741757
-0.177685519597845
-0.294171318315336
-0.314550675677512
-0.178922830204925
-0.13449959404228
-0.390395856663411
-0.22218287652558
-0.278288873670079
-0.22966392045113
-0.272623964094112
-0.26894430349833
-0.279628856030627
-0.283643425774265
-0.150915169521245
-0.206484745548252
-0.385455047943395
-0.170155862227532
-0.212378906605692
-0.155315955901148
-0.1985168574104
-0.290686356948979
-0.164665170678979
-0.33583669740595
-0.176341312710593
-0.227269694676518
-0.337684721319588
-0.258352366868533
-0.24915321871894
-0.111865922894878
-0.282447213875987
-0.256652278990529
-0.32049263494712
-0.131014745434201
-0.0786075999390543
-0.0279125501980548
-0.19483639942718
-0.145899551558338
-0.326188324483049
-0.308186638512578
-0.149399842134007
-0.128831250148089
-0.10705390896767
-0.231822181120891
-0.192744599595695
-0.0841333933411762
-0.142822231644059
-0.280476344376196
-0.159482452534721
-0.248913794258867
-0.108802312600046
-0.00804823793709671
-0.0851984651261684
-0.142544658503453
-0.100071758341453
-0.131024830015811
-0.0986900547749408
-0.111908539327945
-0.124972980965838
-0.1534860934419
-0.0414804185272475
-0.1273893992898
-0.09528996827275
-0.236839804375974
-0.0437545001783639
-0.179679175848507
-0.167038392676873
-0.175594374307911
-0.0932621123642706
-0.182863403199081
-0.30021508040007
-0.0864047390985038
-0.0174142334554916
-0.209420221559164
-0.204997383668694
-0.182034804168685
-0.105405129384265
-0.0638673103319802
-0.246093972075136
0.0114424871201344
-0.0593306769153438
-0.00847183203488655
-0.258388603394629
-0.0875679432185879
-0.209809500018078
-0.107381115871606
-0.210510537481178
-0.101954745930629
-0.0111213094829784
-0.112791243358396
-0.222540927427448
-0.0763659143889491
-0.014912835636393
-0.0179598776136951
-0.134630735639496
-0.155943422482573
0.00988430672736902
-0.156850747389781
-0.142583388070768
-0.0985742463807992
0.0278749465241463
-0.0820046121768736
-0.0792750796486899
-0.10383775871225
-0.0704255737445202
-0.207240903914212
0.0353330032799543
0.000916524780435878
0.0542082218360032
-0.0693226921628148
-0.171231785246225
-0.0355444521733395
0.0398014989474352
-0.058770979521696
-0.12901602139839
0.197511890199364
-0.0893668162711525
0.00599829695477474
-0.153364034561619
-0.0734224377076979
0.0756280266937584
0.0422418831264124
-0.0594842277629482
-0.0703925484628755
0.00664178733134326
0.0350261904062666
0.0401263776894116
0.0341746110962571
-0.0929243241027049
-0.0147690445641626
-0.002877621232422
0.0607401416923484
-0.0503006590859121
0.0175711434047311
0.0169862577554432
-0.0666246265185413
0.0978905326695119
-0.017353268497671
0.140112363491869
0.131517575069163
-0.0461022600565885
0.0480421867101385
0.1104923682678
0.0503645194316718
-0.00807574200217175
0.0296309472006507
0.0485143888595083
0.125501814344797
-0.111867895422684
-0.0193965165592632
0.0608333659332476
0.106328918874152
-0.00173881671434581
0.10611158873334
0.0326871829210414
0.136986616885779
-0.0534286039718239
0.0988008342237693
-0.0122496073486446
0.144031331801412
0.148660242490753
0.0734650647538277
0.0568666683381569
-0.072309978450184
0.144502689153131
0.0358562267550613
0.153261269612584
0.103682717187775
0.0935600104618577
0.08070200270268
-0.00824632433683085
0.168921224502253
0.171332619702046
0.125921737533676
0.116586822498571
0.067093030985938
0.250115360873823
-0.00293914841185752
0.15416100491575
0.173191365234376
0.120943161488217
0.23398232023377
0.056532851960359
0.237817855646103
0.101223067419943
0.0198096310227563
0.205132423078162
0.0844810513357032
0.164466364200965
0.309104992476722
0.0722576025111939
0.139334618798657
0.280942816847561
0.0282165566239625
-0.0137462117309493
0.123137222019149
-0.0245240898056782
0.215959378128385
0.230769023254205
0.127998952669497
0.0508471929376282
0.240398597371239
0.15605003928109
0.127455666686696
0.180968260450238
0.188823706503883
-0.0184235177656392
0.190745101448909
-0.101146927280042
0.0833857872846964
0.210944359052109
0.210535741835108
0.244660755944688
0.338486938668395
0.183320501468627
0.312287916666831
0.198468792390823
0.216065009533436
0.153580339334273
0.200248795463295
0.125733492129224
0.138528453964816
0.170562803923237
0.201523283276184
0.188450871670324
0.276618543737766
0.172944621593565
0.187820715820484
0.233201951644654
0.10010865021036
0.233766660955561
0.257095898893396
0.293109338965226
0.26024358278887
0.169371040019137
0.368848770754252
0.149467236323445
0.373429312270232
0.321702760027011
0.0959576456512003
0.199687485656084
0.414734186124848
0.221331651703616
0.382226857669229
0.0959242305857147
0.184548019012764
0.34484308833312
0.227610147937503
0.213729646915839
0.322340529925919
0.237238313937637
0.231462652984892
0.303627739764803
0.19854728043946
0.209639290529048
0.284539508748886
0.380063786113083
0.332983042419864
0.209749235283359
0.194776441918019
0.268674602475876
0.244439919665789
0.317223335698296
0.235666779608207
0.30740376825348
0.202912022082411
0.21618679270331
0.174649791027086
0.300099331076136
0.330289759734376
0.314249429505238
0.264459849475052
0.112269182253367
0.293798919323796
0.378135292241282
0.223462052041451
0.439219984079343
0.2825246018397
0.360633842552104
0.27327512006618
0.289924447017223
0.269836940934616
0.287778869603665
0.316751033565075
0.157123628157875
0.234134784429452
0.544045520471783
0.371762677894275
0.313235031293793
0.400428127863782
0.26237084433255
0.357018100356972
0.197451416103206
0.256239542173425
0.441596354862758
0.338099455545556
0.182318677669892
0.353394204643721
0.195614787744279
0.273954831462621
0.339163008798499
0.336448678300201
0.310484006990961
0.316165505590147
0.277636054418072
0.253175155488962
0.299432411649385
0.30752613500847
0.379672305204866
0.334432394720526
0.345818896042584
0.192253323940622
0.351859836251287
0.327668924336101
0.437285376565229
0.357106320152023
0.281680315100947
0.374301563342117
0.33196013736499
0.308556204304125
0.37806207860245
0.46292462047128
0.452083350392936
0.534276275546255
0.339091209330786
0.290063630798196
0.618188638341969
0.314089188831255
0.323793208244823
0.499887142350519
0.41164666318644
0.347357230936018
0.382048197425978
0.408533674426261
0.456643400018326
0.407605404418712
0.401893053244412
0.32431288237411
0.191668883411524
0.409099195476349
0.402696677692521
0.329796616485245
0.551533994687913
0.401905795387919
0.436750142214481
0.47011211155209
0.432485190566917
0.490638648202684
0.376586052330237
0.46221583710931
0.348973826005553
0.335169384116975
0.372867853359317
0.417142263452792
0.338326542529275
0.456625668181519
0.445532862849161
0.473977935439416
0.447011664456724
0.339823439534194
0.235485353890287
0.60533000082161
0.454217217194534
0.564706155706741
0.448357292248343
0.510256193361971
0.487571812524889
0.445393237985446
0.482775559427659
0.466013519803451
0.402340390678397
0.42522001499276
0.498708819574703
0.424347414939653
0.469990193662458
0.454916109586317
0.483722902879177
0.570062746941771
0.510657644184738
0.514050947831217
0.555761507908955
0.458646755020314
0.598760150654412
0.313860128733338
0.418721059538724
0.686166253907299
0.555349958104165
0.486194374307686
0.439223570883878
0.611347855096386
0.506965119629708
0.457800243416721
0.467661320959799
0.541574504315181
0.603425228855487
0.527241109278634
0.408243252153854
0.546322564920606
0.487203463349196
0.480933166416493
0.751970103273962
0.442676527779342
0.576029170564028
0.604758312673258
0.517994216208373
0.591593659341954
0.628075360390831
0.664321948979728
0.601780365919776
0.702525502668582
0.564466051260711
0.59318940952613
0.585413402195369
0.444411176255256
0.514892152915231
0.589267396201282
0.709206404669739
0.524768648177178
0.619745172257006
0.61457946932334
0.465697770162077
0.557816611446909
0.520797530776465
0.646455250312791
0.626327012611628
0.541171710450687
0.474038543207697
0.669830478987206
0.679263627408389
0.602790123025248
0.666854033422646
0.726583917398268
0.622189292484478
0.577639405758885
0.704709280819812
0.69138670139176
0.614086980042839
0.567577430393823
0.629944109320589
0.554000863881542
0.565104385913371
0.635018840402261
0.573293065202359
0.658063522911824
0.562919631436281
0.517221837370914
0.709062896703645
0.573302493306941
0.558619304073394
0.79636762266159
0.412120448202724
0.574398644200499
0.647680745960446
0.701630047597613
0.585764884438939
0.668084074605963
0.687930523115079
0.562551128028132
0.723950214443223
0.620643391368965
0.756702662617446
0.618522885042674
0.562641199776768
0.737416255316729
0.732382765422647
0.616108402736689
0.745458786526741
0.738704954192828
0.497659533781775
0.832683413405416
0.641959924169215
0.73228230824501
0.781293209631202
0.584665893985294
0.800978326441431
0.760477533088247
0.658112722967186
0.763995572235085
0.656334354744587
0.529445731575616
0.702064019998141
0.615610616980214
0.803571864558378
0.741657295532334
0.566062797190809
0.629750065705288
0.619357275737306
0.830541409770057
0.802777933865206
0.739779219102049
0.594413661958595
0.68192794873649
0.580996439963102
0.676283090180423
0.654082323165528
0.587288968820713
0.752589087162944
0.746902979166841
0.750769173688411
0.626785741936248
0.576298234144746
0.870859688457847
0.679687781153937
0.782740994692298
0.729758623122254
0.698406154338148
0.770319006496
0.583242508765364
0.733384044865113
0.908601140190415
0.849565001173217
0.702622723616907
0.886896788593307
0.818406813449627
0.665112067066215
0.765644038209343
0.844896138793795
0.810054604072706
0.803908839361676
0.693649451549962
0.714906497240156
0.785594224949579
0.696836397142817
0.888483648100676
0.807161428141673
0.618156953975395
0.689612193338065
0.75220341930845
0.877234440159313
0.750229662031687
0.815038172594698
0.838918688809512
0.788261735346662
0.621071207247009
0.87117865612578
0.807679295591129
0.719324455368195
0.807758675651538
0.738251161919124
0.956958841805863
0.76946360649022
0.914452322658856
0.761131832942423
0.651389919524015
0.77403087324341
0.803656210994441
0.770825714250148
0.792012437461807
0.747829479446868
0.764187438688865
0.915270102848632
0.89465487413951
0.909094617375329
0.790511333838194
0.930664836779013
0.890632478702363
0.862110696606415
0.955494442925696
0.768873670777846
0.969043521877468
0.873760840540947
0.761076428553572
0.877516080851569
0.819090834716564
0.818636571131947
0.860695976801581
0.934197903994026
0.884375216545404
0.892407647218378
0.952266662714598
0.789917240194667
0.854615303607273
0.809870744473767
1.05967183297492
0.8213039946639
0.810199183752287
0.925566242226404
1.04909937391504
0.784738249882444
0.89391474748901
0.708847307269417
0.976284469975645
0.879391218002005
0.963966074678853
0.853514412648943
0.835244437161839
1.04583911876011
0.904600182331568
0.936623887253393
0.668782824662588
0.927940204016207
0.911817807872177
0.915169119022218
1.06155622753593
1.06049048443739
0.813902466782777
0.925886301413632
0.940891694384083
0.930154379338328
1.02738673879759
0.978633107406105
1.07252329752523
0.971239508310387
0.965119241367984
0.81203082540139
1.0034566107132
0.929427436128721
0.912833489467003
1.0046399301765
0.978402909864912
0.869457481432173
0.972280725417552
0.859156859559521
0.837860737592008
1.11847166035693
0.838983234267617
0.857138458529509
1.01534712786304
0.972665486710569
0.856537354809615
0.896631849303102
1.01507149082782
0.989558299976954
0.839744596860904
0.956351197355461
0.88640337615544
0.936652194809868
0.996981712441674
0.94093654852245
0.863944527194882
0.934610720440107
0.934035076175527
0.990684770636872
1.05141805870105
