-1.05961132718959
-0.967106065418785
-0.994080833901656
-0.917218279104141
-0.914925482019938
-1.10390264828333
-1.07178405289386
-1.1198415738012
-1.10833852590579
-1.09879412738138
-0.92636147192232
-1.03758060702748
-0.964502540567634
-0.951409761224745
-1.04391581402125
-1.00881164891143
-1.05377335661047
-0.968947340977047
-0.815052187992326
-1.08831290718836
-0.879136183755868
-0.933544783411167
-0.996696507471602
-0.918092721824638
-0.894902069280877
-0.871208978364039
-0.937215259117421
-0.850263767800776
-1.00660195208864
-0.840140238019019
-0.947929789339604
-0.770535678917822
-0.983314798054069
-0.728604719782177
-0.975026417612812
-1.01692015030871
-0.903209618350194
-0.899108317503831
-0.753459764439709
-0.835728331427987
-0.873499010230221
-1.05304195176233
-1.00955819464056
-0.731082209066027
-0.822705518157829
-1.06493878984426
-0.886310186347679
-0.789288277195406
-0.766617276196695
-0.912236397460072
-0.959963830827657
-0.950452294368678
-0.957847474325493
-0.921192023622911
-0.985899726679868
-0.951952941709634
-0.877311068556084
-1.02255418514247
-0.846389277524164
-0.900966516820814
-0.908813088104333
-0.785387015995728
-0.968429914633973
-0.884128677989884
-0.851385835807423
-0.769119183700397
-0.918541637297404
-0.87001172115308
-0.860334105211969
-0.89309298278746
-0.947799068981831
-0.834269697936046
-0.771735118250829
-0.784630127009227
-0.685068389432895
-0.805066215520016
-0.804037225480756
-0.831691963095443
-1.0016871761786
-0.861885153949671
-0.804347699549642
-0.857722504594862
-0.758153631916327
-0.758837683358634
-0.867770887186984
-0.957783056919166
-0.731555276512777
-0.988285371018095
-0.776957858334623
-0.779491589730101
-0.949724130092993
-0.91890616812697
-0.775731607101707
-0.867792308598617
-0.923734003076495
-0.819602200644241
-0.75104168203049
-0.906285087490323
-0.705002974928644
-0.755862545504464
-0.808221199553447
-0.741614202506095
-0.790334910209198
-0.916292863431532
-0.916953265328078
-0.788256961176053
-0.867270264131061
-0.773836417513991
-0.779108029098546
-0.937166101884197
-0.693045875845289
-0.734676853880451
-0.78004549290843
-0.792225890455535
-0.773677300255597
-0.750594079621673
-0.708142965180427
-0.80708325975216
-0.698137852920312
-0.788488940456415
-0.822378198959217
-0.864594228086048
-0.669826580651265
-0.721497360708225
-0.678334661050998
-0.687741063396964
-0.846571298326618
-0.91233971255677
-0.791363513576389
-0.736205609505169
-0.830895065392156
-0.67247277262536
-0.6666099847704
-0.812684993968788
-0.676448387280414
-0.707741280766048
-0.82840462716343
-0.836964631257249
-0.702846432545674
-0.670568927785689
-0.764726658512938
-0.756612239074951
-0.722544968010404
-0.809101274297318
-0.736338675660905
-0.881603701223374
-0.675911552988202
-0.74801624376438
-0.732250160124261
-0.711317916467377
-0.737012486986404
-0.7228831422653
-0.568690369795184
-0.629268145577895
-0.588204580837987
-0.601062522935642
-0.597021831410957
-0.698732311836229
-0.750859410492381
-0.676547720391987
-0.71213152540536
-0.83340832818854
-0.721858573761659
-0.583693369229495
-0.584980906573231
-0.656249937178112
-0.534553477081143
-0.855656505133697
-0.592691513563379
-0.644463752472642
-0.731325221116252
-0.722647586926217
-0.670030476637331
-0.76369449329434
-0.546100642006307
-0.582794417003122
-0.608936565114939
-0.755577882564834
-0.657365738209702
-0.486238429635158
-0.465154923775986
-0.694133809419071
-0.737127644533277
-0.496744041048833
-0.66358354407401
-0.564898467318308
-0.769336506308443
-0.654287656069646
-0.720730500851467
-0.619826595945714
-0.6790174352069
-0.578690560682062
-0.501424763299546
-0.749444288868802
-0.675110841617782
-0.599839209207301
-0.684503010873817
-0.712330462887475
-0.608724335492434
-0.716527236023071
-0.599164034082281
-0.655783169969876
-0.503354207526313
-0.653049686112061
-0.654542092791582
-0.633434933894226
-0.461380497120272
-0.603081017211946
-0.701666934733339
-0.668775458708219
-0.611855887869104
-0.562190579739315
-0.522028152493302
-0.552796319457798
-0.636206419048414
-0.625837344062624
-0.595172699951338
-0.494669832350326
-0.458967088950532
-0.582928291176572
-0.606720505881442
-0.687878691799004
-0.386258715548075
-0.462854458693547
-0.508844728536193
-0.580034157553863
-0.575983124014263
-0.567433161757849
-0.420213520630005
-0.686485288322525
-0.642990868276036
-0.560885518004307
-0.448170366532454
-0.427828556691672
-0.425852552891042
-0.669633515305274
-0.302961552824807
-0.527056544767021
-0.537553746612682
-0.493986718106205
-0.547527590520513
-0.550339607528496
-0.427420109475667
-0.481864223619617
-0.525724900972755
-0.459409699597743
-0.543959871200957
-0.443338474024079
-0.36859059084936
-0.608861524807055
-0.575303508989958
-0.558300994668196
-0.527347628859828
-0.55699162118986
-0.474373202831307
-0.372091067818573
-0.535686914765935
-0.464833158856239
-0.590914993217277
-0.582211859462781
-0.272335680295252
-0.423314003988066
-0.424579452990071
-0.615498323115511
-0.449534900398034
-0.336065920023593
-0.444251393724278
-0.389690849362006
-0.503555841698373
-0.446697278660412
-0.551775106583985
-0.389510918299527
-0.507891176887381
-0.464653531994253
-0.41652420347416
-0.417358258919073
-0.518707831071889
-0.342746801298397
-0.485692991657428
-0.454733004706169
-0.402694194408367
-0.465016815371618
-0.576830833606307
-0.484055927934202
-0.237285171262698
-0.364701207835469
-0.394119440189153
-0.365950435114749
-0.531639364427345
-0.32313072106791
-0.533774579742243
-0.37433902412603
-0.385286857504293
-0.17346023285113
-0.441606025645593
-0.405518512546228
-0.371988040959866
-0.49232143656521
-0.449151938221567
-0.496118904661158
-0.333453347398216
-0.496999967219105
-0.530430393254182
-0.387442186345402
-0.48401059095382
-0.365228893505315
-0.433930235164565
-0.337840262199187
-0.481354021970987
-0.400292091251941
-0.507111884453543
-0.355843243006262
-0.393545818284445
-0.251177100974766
-0.441961032630147
-0.230886610346832
-0.559382171160238
-0.158049564059529
-0.288293570894266
-0.330168405989889
-0.362236382815565
-0.294065169020009
-0.275426976213129
-0.483113973996985
-0.284377258107273
-0.355686788066869
-0.301431499608047
-0.487281140430921
-0.250472526145044
-0.491648422487362
-0.340043239108337
-0.398365034148474
-0.309462369599651
-0.515621686673904
-0.213092851256018
-0.313184413135338
-0.17642810750084
-0.333998849487715
-0.22723951307014
-0.334367435821106
-0.267425732017935
-0.231648323019467
-0.322958002669708
-0.360035114204037
-0.204593099054682
-0.1676165745039
-0.323420022020595
-0.337933863989325
-0.338400710804226
-0.332415749845702
-0.201423910172501
-0.207953137024353
-0.239325856518638
-0.317477252444056
-0.140459347856803
-0.320742403839955
-0.252954320274191
-0.254859379680423
-0.276126212874285
-0.269510914300246
-0.228567931424971
-0.364083790956576
-0.249881593519786
-0.362781202036286
-0.301834086112657
-0.256773262464798
-0.320100826252731
-0.154163875502219
-0.309635922150846
-0.308183471532672
-0.187288325090658
-0.135106719937409
-0.381874979077662
-0.232364200210237
-0.269969791608734
-0.22912388182912
-0.271398876723475
-0.241593670579092
-0.289718492011805
-0.277945414196803
-0.163780290556008
-0.218791030482614
-0.384399800753447
-0.151945109816293
-0.211466428486139
-0.133834151762632
-0.181133896234862
-0.290393170904271
-0.164964762833325
-0.316932922516678
-0.184103483204158
-0.202814723509939
-0.345207221720043
-0.250318440865037
-0.238443448847854
-0.122700285339818
-0.266581064301273
-0.252622547868374
-0.310664919742437
-0.137849019809243
-0.0670063035142212
-0.00654705664930523
-0.180512636293643
-0.143554610606718
-0.311949723485014
-0.31781070211587
-0.151597749084647
-0.123308289844695
-0.0960453490629005
-0.229980162176907
-0.197701589384472
-0.0809160892955438
-0.148458043872034
-0.27326549795325
-0.126634017819699
-0.244893516537787
-0.132699499870994
0.00235457960342877
-0.101558741196697
-0.129338179515451
-0.104402972507935
-0.122881319082133
-0.071778225137756
-0.119810425168621
-0.120693554990752
-0.175714706641799
-0.0255359243069559
-0.131700420126488
-0.113226300862933
-0.25788195001927
-0.0375477471482256
-0.150290370463987
-0.151444049255775
-0.176255099568075
-0.100440854184518
-0.180568857791117
-0.320818483449741
-0.0904814498372805
-0.0448270641562441
-0.20268131297389
-0.220493040172309
-0.195081488573577
-0.0882658169954655
-0.0467346226778831
-0.249494196423306
0.0145396087903491
-0.0497012908642286
0.00174967666036833
-0.258117901906782
-0.06584079843698
-0.197839396151041
-0.10377962403501
-0.229347562186516
-0.116740223865389
-0.00733634349144413
-0.127429094113831
-0.224029011546937
-0.063926020937015
-0.0190225446822836
-0.0357554389514278
-0.148995931785709
-0.14970996965048
0.011805881234489
-0.150782389441613
-0.128700280706087
-0.107977862164785
0.0353778177273757
-0.0932041992546099
-0.0699987297767251
-0.112398097393938
-0.0540773554528588
-0.203362957421808
0.0392166007820897
-0.0239966308700203
0.0336862028309626
-0.0782117794392028
-0.174829529601204
-0.0197465010969367
0.0275235767061803
-0.0628126084529815
-0.149368035210153
0.182534175121793
-0.100742632799861
0.0126820590854709
-0.144848993671541
-0.0743171941842612
0.0594807705655377
0.0544859303722886
-0.0740455644463633
-0.0712154524720292
-0.0102438904208764
0.0407821284073431
0.0492356733017137
0.0505076274920659
-0.0932384672185127
-0.0147599933027016
0.000200402497616253
0.0602827781600347
-0.0362452606276707
0.0280213119522954
0.0384616336568459
-0.0767245676782007
0.108508433346511
-0.045337769616486
0.138158855249866
0.113980147631364
-0.039367605449386
0.0399530979869495
0.127165948032329
0.0634837048579409
-0.00625544666937423
0.0332255445322289
0.039235573053808
0.104983573884965
-0.117630171344352
-0.0310009792440721
0.0553058907200134
0.107575060737289
-0.0152067562418314
0.0918729650869613
0.0593898097019135
0.149279806842648
-0.0593143403378313
0.073662241860949
-0.00382608106268084
0.148993457817238
0.140523880186311
0.0584235569668894
0.0551805036728426
-0.0933633691333087
0.144799139285351
0.0558838408889037
0.168351753554869
0.0865825314763591
0.0894547078618724
0.064165616215633
0.000678921893172791
0.171724412881099
0.190049777891489
0.1032927433234
0.129039074380671
0.0940671966502479
0.235834403801791
0.0196181356497541
0.162979239379945
0.187534393961892
0.121519708546437
0.239453281994582
0.0667368173872103
0.252879071558881
0.132367033275879
0.00207757994071504
0.202837991440687
0.106094599601001
0.164239292355295
0.332396660067086
0.0534824992802697
0.11094331874966
0.291189314171653
0.0161580888858424
-0.0179853362543327
0.115448356300764
-0.0213866195936249
0.217166672906188
0.214457243427701
0.140388588967825
0.0453083077969179
0.264658225236467
0.170005251601306
0.100083339838951
0.184399614353141
0.179358679718806
-0.0685114821649544
0.163907845098435
-0.106854847332282
0.0926978403003594
0.202211325429427
0.207414624183504
0.221948029598982
0.332697143320864
0.174110775709184
0.32639553767954
0.20646882825596
0.194399967036288
0.197349447369159
0.188789257108532
0.114571253726932
0.136240198457244
0.167571649598057
0.180115368645871
0.187121373137872
0.267472909921362
0.168635777789825
0.186403621462759
0.250169027440906
0.10952913543848
0.251221843048853
0.265709207203316
0.284460496731831
0.262127047034438
0.182913852436903
0.369078995168183
0.161904465271337
0.382768060807881
0.325922266503123
0.0719624953126232
0.202908552657792
0.431225880872769
0.190151560740661
0.355383387431979
0.100445209858556
0.197659463863202
0.356292091816535
0.230770177487551
0.215086682055075
0.33405418490097
0.20479536405578
0.211931574089588
0.33637831609202
0.227078147080777
0.196258439812455
0.27775873702653
0.385984648564826
0.342918393340871
0.21271181888235
0.19431222955043
0.276147583058133
0.255860577145295
0.34310798181124
0.231547173418145
0.291792858243266
0.217348170235751
0.223481246659136
0.174784702636072
0.309802657665444
0.325110173159254
0.327009348596475
0.250760005615786
0.11287034568065
0.32391698914481
0.373783077650934
0.253231940647799
0.435714639345038
0.277311317240053
0.366423984348508
0.249233884270536
0.306708370550143
0.277078041633553
0.30000355077307
0.311060176588159
0.15154679961035
0.213347975804655
0.551841226262611
0.368541544433139
0.297427989374785
0.406770271843604
0.288634947104506
0.357908456337856
0.1894778409409
0.260583738107494
0.43890842874496
0.332388647475806
0.189124300762789
0.366310559673636
0.206824220657174
0.286222852664879
0.3377345982892
0.335551246533452
0.316728679099906
0.306142933028417
0.275687773737631
0.242364324444049
0.285879111746458
0.303426508534126
0.363446546782803
0.326605770894322
0.348194892564532
0.185270504599056
0.370805726925
0.313551414141518
0.428713984660043
0.356973558772004
0.276533990938996
0.368541431487931
0.344000273916219
0.30338784895163
0.378732130120704
0.449653444851294
0.454164908615598
0.538812155667476
0.326462403076773
0.294062517934907
0.60804565472993
0.321167013921208
0.312738257452313
0.516113902359428
0.432395790157376
0.344562881727146
0.387323534114484
0.398075866212398
0.479599647859994
0.390122903983154
0.403209776379472
0.328145998411052
0.226748076832539
0.404192293700706
0.420605532746022
0.351501880352562
0.579396885582486
0.393861335489493
0.449924067382012
0.462948367315415
0.435932491749466
0.490629672064009
0.388266727136614
0.461441241527625
0.356374677866031
0.356898365631854
0.372225056098744
0.403829585406307
0.348184917489414
0.438730441356609
0.442780855874267
0.460774825880914
0.439906594715924
0.345027697879327
0.251351035015538
0.58989203208508
0.466851685334602
0.553213783509929
0.462817423405671
0.509674864873075
0.461786419075754
0.432109830155636
0.460359667579588
0.460798837972006
0.401570845224292
0.44713768317906
0.499710079335884
0.4087780982106
0.465485027849222
0.45588195063561
0.477739429743032
0.555156559834273
0.504445550072395
0.512091433245047
0.559955262353605
0.469415977174637
0.601176128945524
0.327364526022263
0.416510419377643
0.654248290962068
0.56441450084527
0.483880282256891
0.443667862483067
0.584961424221979
0.519982894520356
0.418794999901043
0.486002812533641
0.563527607840384
0.615854111678544
0.507288876409134
0.39956971765898
0.552494656562542
0.49599308319754
0.484521450712443
0.76569248699775
0.433905564474082
0.567797086348473
0.602122671893927
0.526761313485048
0.586503449977297
0.587442001924207
0.650029224816181
0.610808954692998
0.710404096882803
0.547068402805424
0.586579589754785
0.573387802757886
0.453105466008313
0.51507492667001
0.585162228316077
0.733185231407305
0.524525561328786
0.630264780706799
0.597368769281949
0.469709781528824
0.574762215145012
0.540362620502355
0.635184862178761
0.644362176579047
0.562140644854762
0.461864175401562
0.650519100498656
0.671670238872952
0.62025141873645
0.676169722770353
0.737417413197601
0.601791561979844
0.601071079721671
0.706062062101382
0.672730679062938
0.593884936049626
0.609212662475377
0.612097131946511
0.558293223376177
0.57282789531978
0.628725387974754
0.574212945375065
0.645714982241582
0.560127951065272
0.530146203434898
0.692732382281098
0.576496709728914
0.548059260113628
0.792139618153832
0.410271023333737
0.583257671314707
0.650086727537285
0.697220681315792
0.590074581142201
0.645400994808909
0.682267723712209
0.570958752758777
0.701609957382116
0.610362065700008
0.76981629290165
0.634398497616685
0.56363497829309
0.735444098223884
0.710132493392718
0.626506024060349
0.757415284137934
0.730029670271458
0.504744614512865
0.830035788183269
0.640794171889106
0.756801448733878
0.763245211255803
0.61176563232431
0.799506524649644
0.781266881381441
0.640333150314357
0.774481364213877
0.661719026588433
0.521752489379468
0.6895621200879
0.610640354579714
0.786600728293778
0.716958389655493
0.594738439297382
0.619215465172724
0.609090539045913
0.842485853823854
0.817569901303663
0.724830486211108
0.587595715009784
0.661505954159842
0.586512474830636
0.676362003886124
0.638336810294506
0.623021668106685
0.740530628526423
0.747883733853793
0.751525145065777
0.627730350429053
0.593251128261382
0.88934896045197
0.709586337241105
0.772179515760147
0.731623209606242
0.696374337858173
0.758838403570975
0.575484885858796
0.721298923534391
0.895392165449129
0.870562119539874
0.709430246094116
0.898307962523365
0.81975208808144
0.67377035724999
0.749055299085739
0.822441398429565
0.812693907078013
0.815338836216567
0.669550009473575
0.716315235622073
0.772091146476397
0.670788234980552
0.898072399298638
0.802102406490498
0.620971455319258
0.686229319626417
0.738317262541701
0.875564904560814
0.74873570805081
0.810590619151787
0.84515424824032
0.787868795232295
0.613254052127675
0.876533155761628
0.800923647337519
0.733422459931841
0.800449983910839
0.745501597035754
0.952126787200283
0.783538233651747
0.905665303929275
0.743442871200341
0.662566994728405
0.766662568451576
0.786419834389638
0.777203007246604
0.785086522111894
0.733461003101297
0.7657629342939
0.918591914820739
0.906675689863058
0.905457126995528
0.796928534358374
0.921041609271451
0.893082252907038
0.886554507412468
0.960044515252885
0.767103400973009
0.977710395788249
0.892426051592427
0.751210092100934
0.87618292677499
0.802558919288794
0.802185947632684
0.854966348182861
0.922510804583378
0.869668621003955
0.883188010253024
0.931836808599027
0.794863780733505
0.860627749363876
0.789407704059366
1.0351745195664
0.822513738819709
0.807724700343564
0.927600729879795
1.05645403754531
0.787729180550526
0.896915763404091
0.722017387474616
0.972068606172756
0.868145574516934
0.96197256213252
0.835874159633492
0.846641487323254
1.04955560832994
0.920545804663119
0.942229305229831
0.673886239013765
0.911592980141234
0.944440909242332
0.885440361803424
1.04537472921253
1.06018247191766
0.814722196359135
0.943721828366667
0.935691223718531
0.959502627970695
1.03877306086838
0.997067824505043
1.0819202894326
0.946050531962179
0.943230818977291
0.83747835477815
0.999216614735867
0.949703651310499
0.900295486915688
1.00902179151972
0.964181059847893
0.854541061117239
0.966913747699338
0.884347443424103
0.831668758142345
1.14137591418684
0.851827328896763
0.863404021587519
1.02623325030349
0.970887271562523
0.842891223800114
0.892589796312838
1.00666549086274
0.980384963933682
0.838128151053635
0.955860187398322
0.894471455546306
0.928610736260476
1.01603820223822
0.917132416169614
0.871872882215209
0.937420283334011
0.925552352225974
0.995902485556345
1.05070533647689
