-0.982417514291136
-0.966937736989951
-0.912706794722924
-1.21057919457192
-1.06377836618046
-0.930885317964059
-0.761518007903495
-0.885910244675284
-1.00483968369087
-1.0214818576929
-0.924328813987116
-1.04848169109729
-1.03972185691938
-0.982960847414901
-0.891696110472138
-1.18998415930904
-0.972160639247154
-0.973068458758683
-0.984248602392439
-0.839233639091843
-0.897566479916613
-0.867271531238485
-1.10909979333664
-0.88248939886411
-0.997879678073939
-0.957700356118975
-0.884842553184005
-0.941938629741435
-0.951308648060954
-0.904435275266244
-0.899867791905399
-0.923951505351793
-1.08799039556632
-0.757027427771171
-0.961245220377593
-1.07013324971212
-0.937341951107581
-1.03486095756618
-0.884395925885675
-0.981448374289539
-0.81142335329343
-0.963362008134549
-0.893546877166581
-0.888690073868948
-0.753353049011209
-0.854758771515234
-1.00048075867168
-0.941552330083704
-0.74924641182209
-0.934644241618747
-0.835351749270954
-0.877483229788916
-0.793574580259962
-0.96314279152596
-0.786228900468964
-0.951603800786573
-0.993951160830159
-0.909855772033696
-0.818367107824574
-0.98403616575068
-0.891145358564722
-0.963984137068181
-0.962821834013316
-0.925282658204235
-0.8896172185974
-0.662468004885508
-0.840559095246834
-0.912558757468723
-0.932575223577679
-0.864556313659265
-0.955060876306791
-0.822596924723748
-1.00402515736104
-0.85264549763279
-0.895482988669145
-0.873369064452915
-0.827253132506103
-0.871955218911654
-0.880913834501452
-0.811453991607176
-0.835664993988557
-0.757624282163878
-1.01728541352651
-0.791929085521132
-0.724304042257746
-0.885246684195972
-0.764790967286244
-0.752767871748065
-0.8348487532288
-0.897674088023102
-0.873525161228478
-0.732348261193801
-0.899998858255786
-0.712656773286727
-0.796394193299625
-0.731745627458437
-0.776171138781407
-0.765755902725152
-0.793424482301895
-0.77734910640512
-0.779791668547347
-0.744217784008378
-0.957300494040137
-0.835201913087274
-0.749897915136962
-0.841111872060418
-0.797108075603561
-0.787432960707414
-0.854811403567701
-0.664363406732293
-0.7727252277114
-0.70104011733206
-0.703615246441187
-0.697819148976739
-0.90768404670963
-0.756557427826575
-0.87528275985108
-0.693995868753737
-0.734495200478682
-0.600760276420784
-0.794852977761563
-0.757423460848157
-0.659856808238391
-0.710473146596026
-0.606359173908611
-0.621219091529361
-0.784136802735553
-0.693553360812493
-0.820819822473312
-0.73402361356698
-0.70769241175817
-0.827775030408062
-0.704829614965023
-0.636604651703288
-0.542424421597259
-0.631638936645542
-0.634160958943983
-0.627735229259572
-0.676559847470955
-0.630948251304546
-0.689970895104275
-0.744353323666155
-0.826083347679953
-0.712349753308982
-0.777165699402006
-0.727048250938199
-0.62079867380382
-0.759424648953579
-0.526350058363712
-0.75594863218193
-0.703737457634771
-0.868323808541108
-0.68776204530241
-0.663823937719939
-0.794051585706162
-0.685542743366326
-0.724085441191895
-0.783982300245773
-0.63048739617191
-0.702737826362895
-0.666411959509618
-0.725490109833167
-0.711162147416754
-0.596260566332544
-0.586606834718983
-0.749704584949726
-0.508493376021226
-0.861895832127547
-0.721652323174134
-0.626262038856047
-0.698868753143729
-0.745133610970347
-0.664765955624819
-0.863946915253713
-0.674620431165026
-0.506725428213134
-0.745417235713055
-0.699300280965075
-0.706251071595389
-0.623449893426637
-0.525295920914033
-0.543539258389995
-0.702894868438007
-0.625953056716238
-0.624042363476658
-0.653700070738431
-0.557318162127283
-0.741502404041381
-0.596053521336201
-0.705510314990593
-0.610750513067194
-0.691147046857472
-0.61553738277127
-0.597204368777284
-0.598423865693608
-0.640261007533103
-0.61004608016131
-0.712108348752516
-0.767039642845798
-0.694996222914947
-0.582822297113427
-0.694539115431154
-0.570376276938437
-0.475481193976115
-0.51370938834157
-0.579392498178152
-0.636572412629491
-0.751523561647692
-0.57807510034637
-0.64519202161111
-0.525361338305792
-0.525692840071015
-0.447891370433785
-0.772718779601308
-0.673558349468915
-0.577696702219839
-0.350909346338405
-0.571814870623302
-0.547143289089951
-0.673248107147714
-0.62398630777573
-0.536040516508293
-0.523118167069553
-0.498761957844214
-0.553695972551416
-0.399385750874315
-0.642414274101834
-0.574755368827932
-0.563238003336996
-0.591231367934668
-0.639332274802795
-0.628943045857339
-0.444073966206476
-0.584068581022734
-0.532482370939794
-0.544025824223365
-0.425768063924982
-0.769863347936526
-0.46408357053949
-0.571809657818491
-0.542683754626533
-0.540043764136978
-0.441406873095619
-0.389403997766367
-0.581922375653519
-0.386058337997167
-0.56941844162377
-0.447782186065125
-0.600363216297214
-0.453121263258025
-0.434609647466013
-0.430796718667269
-0.457582276725647
-0.354565976015294
-0.552440724511346
-0.63458401486297
-0.41263152280285
-0.345325051338395
-0.512749058682867
-0.55152435795273
-0.492192872669551
-0.39871607885616
-0.594999025076712
-0.472887839966955
-0.533231166946255
-0.490352327424954
-0.250033291301487
-0.566433136153736
-0.375828972216962
-0.518008321337985
-0.400662484763149
-0.390800245649098
-0.303170619702996
-0.295926838038684
-0.629519382948196
-0.32577311259852
-0.458080535233346
-0.499821620531987
-0.342913443809988
-0.481152260028771
-0.504477010331975
-0.433970513917871
-0.513614412014014
-0.371729127897732
-0.448384420226994
-0.459864669020153
-0.14230105952507
-0.510219207348518
-0.416604127343712
-0.3610064583982
-0.438859103743201
-0.443622008532492
-0.5070232319251
-0.273594191319839
-0.391606590245633
-0.336550324609688
-0.471360113966228
-0.31906805942806
-0.320724341717531
-0.338688986631
-0.431662426688293
-0.405106992133449
-0.323098672423926
-0.378514507474788
-0.322316514429883
-0.265696347494856
-0.484566106848825
-0.401396852889529
-0.351439830237718
-0.347807998248697
-0.412324504299548
-0.490366208345438
-0.413376916457264
-0.377458407948484
-0.398078819388985
-0.583039719650067
-0.457783452518132
-0.318798793515222
-0.359317048157939
-0.372777720108962
-0.32776308752523
-0.357681708776674
-0.494541567791822
-0.310384507806439
-0.197909963646078
-0.435253406857088
-0.40281794299119
-0.24776491665463
-0.2540056518875
-0.345275042153325
-0.502455883973745
-0.414119187112777
-0.228520976170299
-0.3717013816417
-0.366540552941013
-0.265394898536999
-0.343809965373557
-0.343600109413598
-0.378463611456796
-0.332282734168398
-0.270944208496318
-0.525335163185679
-0.167105708268117
-0.303185175261924
-0.124546859250455
-0.283374886544863
-0.257070742811315
-0.281930111876389
-0.274025300321993
-0.242688497806844
-0.353585025692931
-0.280485012904809
-0.264350059375081
-0.273861692385757
-0.440624883803276
-0.256520761932551
-0.343335902866144
-0.252405352353905
-0.438523013079589
-0.395310007372889
-0.260362200826899
-0.363648125687588
-0.367905178198851
-0.126020825863726
-0.294408569639094
-0.241453224886324
-0.1859256223516
-0.341648347143061
-0.411988434390381
-0.312204567636096
-0.125438549347465
-0.359463690695428
-0.205714176175774
-0.269760553594366
-0.28534646261151
-0.280167603844863
-0.102761122585311
-0.348530306566464
-0.302702841697816
-0.24267138833135
-0.203918526827912
-0.161755961138633
-0.349047689547727
-0.295742366868193
-0.253233399707374
-0.242092807675018
-0.322823839280683
-0.193970062244683
-0.269080478670362
-0.308892282317113
-0.362459692137605
-0.298840848282774
-0.205377353424099
-0.175296492127976
-0.229477389920914
-0.209029711748293
-0.314416531583963
-0.219768839129503
-0.0466611636266444
-0.114661338527801
-0.236756654715776
-0.241015587732191
-0.173452317104365
-0.255026149749964
-0.303236533386626
-0.13278291034105
-0.253518930468985
-0.177550550472131
-0.184522041914777
-0.239576788312339
-0.215795182831847
-0.16240734758436
-0.247183289346907
-0.23973392778639
0.0134175310222274
-0.238289974829982
-0.218761940433956
0.0219846755996896
-0.277352024390676
-0.166877254182668
-0.106676219295134
-0.180457184041078
-0.170121228228286
-0.0535799290195645
0.0768366254434656
-0.0831127913503097
-0.114222933170136
-0.0274012086473793
-0.298707235239461
-0.0728457604427364
-0.310453852887584
-0.141049172334669
-0.178635045045485
-0.0281261235200634
-0.0863400765884293
-0.151339839561266
-0.191691482457743
-0.0908926841377849
-0.126941606867396
-0.0697239777898979
-0.227934038080344
-0.0766507013154364
-0.0493089514490758
-0.222825689678741
-0.300728344386136
0.00846353782561673
-0.155446889990914
0.0175149267439247
-0.0946582300741857
-0.0952129765314115
-0.136451860865144
-0.0760480547125306
-0.132398132901242
-0.147742785756898
-0.0881817092187141
-0.0826697174883872
0.00568368580261744
-0.0165779929454585
-0.0525748655528323
-0.10311615337663
0.00190192560638937
0.0528493060906473
-0.122127467804568
-0.0595328916234278
-0.0261348832532085
-0.0963731928434963
-0.0217093428330619
-0.0173007155785124
-0.0339474899476744
-0.0198395200382463
0.0249485840675321
-0.0928657750997725
-0.107688707603618
0.0635230272202643
-0.0554604441098554
-0.15517210176482
-0.0416751123820022
-0.146331939197585
-0.0312105785900009
0.102850309225991
-0.0495870073383499
-0.0566643516203347
-0.0295011229562499
-0.0270838693470349
-0.104166471315912
-0.0780957937291359
0.248641722878539
0.126549305420946
0.00222690957963333
-0.131445684656103
0.051142862714846
0.0358943567916002
-0.0474848493092373
0.153050100725513
-0.0374819393949335
-0.0243106764627608
-0.0290758856307253
-0.024363237083243
-0.186427746845993
-0.0288741780704123
-0.0627326890196289
-0.073913082765393
0.0989573113056265
0.0561927339638974
0.163367765141167
0.0843460659402915
-0.0500515445359638
-0.0652216172014995
-0.0230639470364412
0.0366445751807986
0.00321088784813275
0.109766256803631
0.0644139851622596
-0.0427958106224893
0.0314333104624162
0.0499501924391111
0.0493675604629355
-0.0215119550910752
-0.0754017755101311
-0.069643072042503
-0.00734304346397919
0.0214664610624634
0.040616070074659
0.0437024929894056
0.0790736942826286
-0.0844542579261904
0.25787700685684
-0.141908219788947
-0.0366096991602923
0.00542194189794737
0.0958380013608287
0.0697206968893961
-0.0858881018020986
0.0569471628821736
0.153702185989004
0.0627923466903648
0.0868303202980997
0.037492159955505
0.0522608926865226
0.16651073292584
0.00177164580118078
0.192662682530593
0.262117682710713
0.0468819616650598
0.0737257328432379
0.0169120790970117
0.135078584975662
0.0219912173812292
0.104880672949364
0.0639882683398267
-0.0146669647620015
0.0797428917474386
-0.0105140103546224
0.0864116528924679
0.065180118174624
0.158641684182462
0.125469175838907
0.168643780604629
0.123074094975414
0.13680631283826
0.169347211249204
0.00383951858959188
0.0905267033350527
0.0994002024756806
0.175997218276004
0.222580726270212
0.242139349764498
0.192274824103338
0.108167990185773
0.140970035670576
0.145527312384335
0.0692248009475178
0.12024993873782
0.159489974564743
0.185736291283443
-0.0242291836257775
0.230627375419622
0.125808517898346
0.133136342534498
0.245021171806385
0.306552524101677
0.129252395592863
0.160666126212932
0.082697365491398
0.123244648437021
-0.0192362881406397
0.313061490750073
0.406699082418502
0.118547234465623
0.221586079146222
0.0945964762291252
0.108703432267763
0.145846107927968
0.327088641979514
0.310667655629409
0.430931099236464
0.0710342005175452
0.261173364245462
0.249766573890256
0.118079721636177
0.123542978307326
0.223937644542414
0.24135141594943
0.176554422844107
0.131424323326367
0.233744621729497
0.334053703603614
0.278118932991934
0.218947301889155
0.254963086957898
0.187384290994288
0.215991488582168
0.149907888703866
0.31771406291173
0.314612342595482
0.310480244963586
0.380050240051656
0.287144960032604
0.116017800981153
0.253810297975819
0.191342724056107
0.29494897569989
0.283544726698211
0.397599501144948
0.177564463637858
0.318000124272082
0.195679989666735
0.178946305588376
0.212481812524979
0.182256621590347
0.282255305194615
0.259052087397614
0.311941276344254
0.46194418029084
0.351367493278036
0.325355307541834
0.240645650039818
0.376823818959474
0.300421890095755
0.30523200491734
0.203323311762177
0.350773293386468
0.292196202981516
0.326702891925471
0.300383138442268
0.146682670541264
0.226233890557154
0.361061628122017
0.48321673307921
0.301363951438093
0.371007264836179
0.221386582851642
0.320820858876332
0.210345339641789
0.294315951486346
0.320380110890487
0.303509293653914
0.252607533763433
0.379795650001835
0.456961845971529
0.335961562161063
0.31578225618354
0.45501381923919
0.368234976762616
0.382394996511861
0.37461466860527
0.324981122433711
0.269292548996319
0.168535913995167
0.394303431557782
0.475788732408551
0.326986043779052
0.401340324972703
0.478447813497178
0.342903936497244
0.348461152631098
0.347519472983759
0.300605691605477
0.281175880987539
0.507621961842604
0.366156008736411
0.562431468711279
0.424247844911577
0.310019965672547
0.248153122869708
0.337733240035715
0.472085271662366
0.317687531486773
0.428343588220784
0.335576668820861
0.31474750901722
0.527529948862062
0.474637564039395
0.492368639994285
0.336077710539517
0.418543864884696
0.386256701338876
0.570790061032683
0.374709723959108
0.40548256999081
0.403380109101802
0.469189849373573
0.493010458144489
0.422379253664931
0.358953918588533
0.454966764109046
0.297981827084384
0.362802021676399
0.454670950812663
0.430528338774461
0.389883767145913
0.486295825172043
0.426960956681425
0.387617863652692
0.285431923427065
0.350452442707523
0.353648120751933
0.353720735652864
0.457149254639104
0.455172529167038
0.470443545537669
0.339954566279832
0.320546612064327
0.375677490753334
0.494110192022387
0.575058182234681
0.443412091837117
0.550234314765066
0.486673856174587
0.51303464485732
0.452106211003516
0.381210134907825
0.551577408766876
0.416737357691672
0.548384299835773
0.498716128348969
0.523318751676042
0.600629733089701
0.576810775664103
0.491713641862634
0.487932699458598
0.422282005992656
0.377005275737333
0.524569457561945
0.539570512622832
0.541214088997706
0.511382870387312
0.560321300693088
0.546634743462114
0.467645902434517
0.582110780298469
0.464874457489569
0.406027540529473
0.437404050281448
0.526857577242072
0.635739793277644
0.508203057979073
0.461950415372224
0.573590232423724
0.624395180859435
0.495904216821848
0.420290836229301
0.380645262659579
0.498835848185865
0.571611455505373
0.554616898449842
0.483971286823111
0.463808537247834
0.437311464542315
0.438169262790474
0.343507463563379
0.527956582776985
0.468187991068226
0.707501189900871
0.629169896556101
0.612421163972248
0.640405069847678
0.514838952759572
0.585183811354167
0.469759230786739
0.526826614962502
0.539597657257893
0.374496682723526
0.781003085034871
0.640984636968202
0.582076426196123
0.613264177428886
0.812696796978333
0.590334057935518
0.612548534544591
0.752996597264147
0.747859532503948
0.706176760039428
0.510611512831174
0.622550703877834
0.573840485335238
0.545438099096216
0.685170575845406
0.627995523035346
0.564800820657925
0.720972527100966
0.562150236557925
0.796135326803981
0.596532450744798
0.598437324801061
0.69206290828042
0.641623576954391
0.710178064285268
0.442124722697141
0.667723760993059
0.593098000820764
0.753198760806877
0.605082569979501
0.540460108217753
0.558688617170066
0.63170095915963
0.754305228997854
0.680847195226581
0.598212474191797
0.777783095584575
0.717831747323067
0.466098107971766
0.623451367679768
0.697106768382487
0.715607219557742
0.550804879499633
0.576967998536274
0.611225223812153
0.536278915465958
0.651160170338904
0.733579366086245
0.678003390240859
0.581813326018562
0.532638513653563
0.600710954914852
0.739944948287219
0.688211713626977
0.739139823995528
0.647084939974396
0.715251405383108
0.585050197162646
0.641964869681664
0.76199537631486
0.818952942720005
0.569397617504476
0.719521645166919
0.717925064982051
0.771638387492046
0.674938664168789
0.656815243862525
0.697475302199213
0.66128053066294
0.80257665676792
0.578171857079796
0.778616261318842
0.581395620955476
0.736919282132195
0.616389607272892
0.693522574891997
0.665427063221687
0.558785155647089
0.516462385989987
0.799412304539467
0.622709505210223
0.693211205541258
0.905369664064458
0.800178660316789
0.823808328888313
0.689240587537047
0.757923983234704
0.699218272458376
0.713798293120103
0.71719249161307
0.809826455782179
0.74737392854493
0.772724396340768
0.80832691695203
0.754614601425895
0.728940484431501
0.76412771417232
0.894531212260785
0.895558792945865
0.885046230020841
0.774893049154801
0.816519201216002
0.803597807525554
0.662836943769692
0.736165481353534
0.897548024942525
0.988901962765314
0.570826920246384
0.731751614651317
0.765351710922731
0.794995319185037
0.740106210536825
0.852365975453159
0.8969955181937
0.586201892854746
0.841939441451993
0.878805004336307
0.824125801325412
0.735813643274993
0.835597208174352
0.6617772003853
0.726771423359495
0.827563067634876
0.803895907361151
0.94165883762911
0.960829855992013
0.832603347655395
0.76793727774432
0.933310804204108
0.768595548954911
0.750536074650234
0.995786533766064
0.706233732500741
0.741970872050953
0.797344490456759
0.637983021837757
0.823597484865486
0.866012558369893
0.926321656163291
0.812591665222635
0.777057699093048
0.862656693735625
0.933863695659482
0.888966216390423
0.6748754957706
0.933403143865745
0.872769677881077
0.801754831678209
0.823201931396216
0.74513094531705
0.731758697504782
0.849109063163204
0.93632130309608
0.678851250856883
0.749130669461122
0.927885308239765
0.831966431723662
0.921245796021885
0.96134361973745
0.748880862582932
1.01138286673335
0.921972660325702
0.913779282324311
0.967425001688448
0.85570881760329
0.785078521882569
0.984435939726165
0.863031666921743
1.09900580976786
0.771167729455084
1.00304613002005
0.677140787761643
0.85829078114016
1.01204019320761
0.864991943442911
0.833129513120569
0.858317547796072
0.796584589581036
0.943834823888719
0.746160543928665
1.00800922049822
0.99680524683402
0.950398866447696
0.920732858241363
0.895034302996774
1.07895789904939
1.06156587380059
1.06377432701843
0.864866605136838
1.04546450608693
0.845390702101475
0.962211086984453
0.740167599991327
1.12536736336342
0.991557824844665
1.00588052078302
0.993604909140706
0.997364126565563
0.939652409134075
0.909835912275172
0.979575993283567
0.967783538663872
0.929859658543971
1.02051373294318
0.989509276142422
1.16938408128353
0.844513976064009
1.01734293184766
0.928227332291841
0.96100183650282
0.911622126121115
1.11392545356299
0.910842883591712
1.1027577417925
1.15327435991651
0.916354012980937
1.01282174779429
