-1.15256892368553
-0.801536746603255
-1.0079665819927
-1.04086326173424
-1.06590250004598
-1.04992677264717
-1.03867582596421
-1.1319407871008
-1.09253689647304
-0.791368303519931
-1.07047631691031
-1.09357527300736
-0.902975987587776
-0.963757959226473
-1.00526510685725
-0.995084689205241
-0.941753686615206
-1.08549322389809
-1.00304317376428
-1.05456014504399
-0.880299731054858
-0.969280772857234
-0.75880367037623
-0.948617887334218
-0.887261269502048
-1.0169635768546
-0.93228535347024
-0.97490407031393
-0.996585659701023
-0.96023896358396
-0.746109853742058
-0.977023456975664
-1.03255709623335
-0.914008226476896
-0.838692500055537
-0.841321688349832
-0.871527168248224
-1.00920050331865
-0.913121010445223
-1.10803532085745
-0.734666066315609
-0.932429379106484
-1.01032752031157
-0.888568733529629
-0.976911037816145
-0.988403536187526
-0.87488717774022
-0.81912384266852
-0.859374677778151
-0.877736041737504
-0.85601535453057
-0.966087256822539
-0.739674065640337
-0.839954402104283
-0.897794571238939
-0.891368565071885
-0.931972495457109
-0.849387817448088
-0.780133552839421
-0.883500473025808
-0.926160077028518
-0.908343878772601
-0.745939466624227
-0.978821674490316
-0.771569761006538
-0.926089811769109
-0.864369257554217
-0.949646247331036
-0.741032457548158
-0.791583782728249
-0.849041897880982
-0.755845796554099
-0.896533019420793
-0.765839392417752
-0.835142354466265
-0.882176830037526
-0.859744272264906
-0.915684634407021
-0.818089627731642
-0.742532798518068
-0.865394317986103
-0.786778770563892
-0.792292113081651
-0.877866007451975
-0.909930201505735
-0.795026448309621
-0.835005043156268
-0.864897863543333
-0.823773153532536
-0.866960615701187
-0.850886288997449
-0.858972320241477
-0.884521859032672
-0.809455437011035
-0.799895456651106
-0.813655489137851
-0.759421685493077
-0.885442232242772
-0.833822826659157
-0.700387653325794
-0.821302669552573
-0.857179505693134
-0.836469762140154
-0.667231808380281
-0.673965203850238
-0.988178982531651
-0.916155253414664
-0.591899253759468
-0.847410866264026
-0.694446193338712
-0.726183581735528
-0.87382346500916
-0.806059855585405
-0.598589409559129
-0.719323764338526
-0.850567256811893
-0.741426071796836
-0.741130889591171
-0.931063467597165
-0.755963792125596
-0.647973983157176
-0.852619361672898
-0.878056668351325
-0.728599096854422
-0.611886687485114
-0.85298293361618
-0.797850340216444
-0.588775194163903
-0.727921648207296
-0.643451157611503
-0.815231254235873
-0.754130244377815
-0.794311933522251
-0.691583159833887
-0.721950003326034
-0.687853902273872
-0.644431926094016
-0.571867157060228
-0.556443611293628
-0.791960285290069
-0.776511207537354
-0.689422680443681
-0.763093064797938
-0.753769420714238
-0.67922416073694
-0.757243616980882
-0.7361418023693
-0.810176212444123
-0.771567610106607
-0.56443877141719
-0.683380810034984
-0.803969150731998
-0.735579261242404
-0.769111688987263
-0.576795133545767
-0.647733680847951
-0.779944772312759
-0.74911135178945
-0.83755076628501
-0.660194059376621
-0.729999254825039
-0.632036728805366
-0.800932430638187
-0.574983693670228
-0.659102705447214
-0.663992114128603
-0.687635683102068
-0.535954313193242
-0.755736619439923
-0.81449410886118
-0.753952932752566
-0.600128588736045
-0.651945355335524
-0.558857201515649
-0.576370555752981
-0.611162830748206
-0.877022344868001
-0.577791111733659
-0.56273304089548
-0.720436391737518
-0.559849395152109
-0.442773036336102
-0.509165198538814
-0.739506420859462
-0.481375427990138
-0.541624695813199
-0.538399247591436
-0.616593442291026
-0.705981418215426
-0.589855394752534
-0.610599234695941
-0.587168761508571
-0.567911785615005
-0.589728802945967
-0.559379602001371
-0.595868108372582
-0.740812836267601
-0.609818241606559
-0.697424387572051
-0.540515084298572
-0.686288280419019
-0.478203458851621
-0.732564341477495
-0.534020685607738
-0.561323200973758
-0.53889402257641
-0.612915841639755
-0.481210584461387
-0.47270069207598
-0.58681646798804
-0.60948926396562
-0.686131795814093
-0.490469556277333
-0.499586852572774
-0.668176735893555
-0.512864876713247
-0.499771847552085
-0.662628428286697
-0.540629809500972
-0.542943899825436
-0.493656154282492
-0.588748953227675
-0.532389616445119
-0.639228423104953
-0.611707890450867
-0.543555529704638
-0.593404490331425
-0.697692110249701
-0.581181767756795
-0.570498838571078
-0.608176570785767
-0.734938863725454
-0.464150279621189
-0.450241862451023
-0.440643248023983
-0.429553342216136
-0.434204855791291
-0.587185316890615
-0.522345679102552
-0.580308491769292
-0.725618567243348
-0.299738474364041
-0.452913468030594
-0.590331532390032
-0.442030296100971
-0.460385753187519
-0.550494821824202
-0.486461023057472
-0.464599464552042
-0.454607322070077
-0.524762910677817
-0.51044534872705
-0.456969641605926
-0.629392459256485
-0.524355805226513
-0.488326220083404
-0.395775091865125
-0.483338865503254
-0.501170394506491
-0.458243543490108
-0.637636073828349
-0.350644708699975
-0.527898600866202
-0.423820822930145
-0.427034475850022
-0.603534116826762
-0.531418235163426
-0.490290603698856
-0.362821230060168
-0.430772404964403
-0.512755296579885
-0.506691774145834
-0.428373117588221
-0.301475120550391
-0.525586764546836
-0.430233103228042
-0.60050185923506
-0.512895030631153
-0.4731346187139
-0.362732501101645
-0.301562582161035
-0.43851663689806
-0.435015546154511
-0.419233988832427
-0.385403599192315
-0.346601555722109
-0.443543138584383
-0.302161469427805
-0.575055546003479
-0.389437926764999
-0.52958822575494
-0.596536379633469
-0.437564702346481
-0.352831583788086
-0.561099461062162
-0.409641806670481
-0.470870133863563
-0.353001279461594
-0.292079662675198
-0.314009016628384
-0.411463554611644
-0.399200914752876
-0.301768473598816
-0.379762053087637
-0.398161584315625
-0.485354524206782
-0.443097383492106
-0.36567191006143
-0.393732758136768
-0.425316696847711
-0.222001514546909
-0.262948311709147
-0.36810192578505
-0.425430073318405
-0.418900768755298
-0.489595769428722
-0.242025859330763
-0.449603220744072
-0.320252440411159
-0.386358313961704
-0.321456283390746
-0.372624190548648
-0.359619133027113
-0.375704052651496
-0.307442200364589
-0.34369555164315
-0.422853858974216
-0.368268698354153
-0.410689795879182
-0.426405159776803
-0.300843609332342
-0.372477119733257
-0.230715243378179
-0.199546335060959
-0.34302417493754
-0.319894263177691
-0.257060609825171
-0.295655647884041
-0.214210649733434
-0.261229477965716
-0.385952475208363
-0.27010070022302
-0.285970422224568
-0.320557597784186
-0.290655557357735
-0.284384257757043
-0.446237165423859
-0.445985388694266
-0.302414142771971
-0.263148938807096
-0.371065926038945
-0.304646227886236
-0.378782329249252
-0.348064282601971
-0.390435640947393
-0.32425150341418
-0.215629297553839
-0.31508430880596
-0.355606771630985
-0.269736020914529
-0.241017607895017
-0.19846865617072
-0.2883962302818
-0.228714110577376
-0.169485886626416
-0.173057736412226
-0.1881147017487
-0.303823922999812
-0.213251264251267
-0.284257598553129
-0.389121763558733
-0.21945626657163
-0.140410793789197
-0.146913367054875
-0.341147857551225
-0.377889462518535
-0.302288250682443
-0.359702657463518
-0.278992593914693
-0.308601306973996
-0.263679083887278
-0.316156491346669
-0.172141671183636
-0.241133981810024
-0.210734782939022
-0.20945417162068
-0.244060358881363
-0.22751218907658
-0.230276025928148
-0.209883192015795
-0.168554555030677
-0.253861159366703
-0.273349776876973
-0.17181532572358
-0.189812463375623
-0.178005790640025
-0.30584293509175
-0.218992965246795
-0.181998920251907
-0.15476633547179
-0.249804811225276
-0.116960430628312
-0.175763401223918
-0.220819574989404
-0.274474082995609
-0.142284671025172
-0.191806985641977
-0.265178800492698
-0.143681539100177
-0.0589812461542646
-0.17219103973614
-0.305656506709372
-0.165939130340398
-0.201547383161234
-0.236683602083723
-0.180202828073664
-0.135297695154175
-0.159796347810271
-0.177751331797874
-0.412021300236332
-0.280485764150538
-0.188032944059231
-0.0652421845986809
0.028879320050331
-0.0732598569705738
-0.344863068176037
-0.0380193097936905
-0.228893390784157
-0.00500853039905221
-0.109918140487925
-0.229175628834262
-0.100582597740512
-0.282253938513165
-0.085131260729775
-0.108559394174825
-0.0352374850917406
-0.294721727290666
-0.098576127103336
-0.171356749320926
-0.225307400033674
0.00550979326021842
-0.270627211480468
-0.078409754732226
-0.134400838542151
-0.124964579849584
-0.0791406972754937
-0.213150829024158
-0.226474428434399
-0.0848280836128708
-0.278502493098021
-0.107174537377922
0.0821912231133392
0.0305492916068154
-0.139311699007999
-0.0884425600317004
-0.0598674594482297
0.0327625268954906
-0.0176496972941701
-0.126657473404767
-0.183844130634581
-0.204927156410596
0.0480130200412432
0.00842586056291896
0.120814993600252
-0.0770652556373385
-0.0969963483669311
-0.0838872331993717
-0.184651456800171
-0.165385171776003
-0.179292161892169
-0.0374017372102212
-0.0519460668375994
0.0328355681528076
0.122874608033948
0.11113961690258
0.131212055272235
-0.0655263916588708
-0.115301441273183
0.127383544972507
0.0511108783624018
-0.166984238180576
-0.115369952294871
0.0100637903007935
0.0531875613016669
0.135369608842993
-0.0278205133865824
0.210354544009504
-0.0145018899344081
0.0467493326087482
0.0362440618263485
0.0554342861245522
-0.0675785017794835
0.0610850085107491
0.000289582813747494
-0.0651739300789994
-0.129845526610358
0.0851508834223202
-0.0372039844902317
-0.0852082210301045
0.0567966951377945
-0.11940967616488
-0.0105249662092733
0.0147004604382923
-0.0736228415553497
-0.0691706075444347
-0.11923227171228
0.0364062967919205
0.0215549474191184
0.0543416424159681
0.0048410621802071
-0.0532955221202438
0.095964731044982
0.0856693090939431
0.0169128910842307
-0.0770502716749956
-0.0318917311065374
0.0557133178888684
-0.119082100362933
0.0314865793413494
-0.105230991557039
0.072362142205441
0.127763932992139
0.0324593953587422
0.0176207161695975
0.0166058674014741
-0.053865072099761
0.0807526588207736
0.0727114506588575
0.0636405144276503
0.195980453356045
0.144603511006848
0.0704294524030397
0.120996385545295
0.234593058668668
0.122567878700812
0.0665176662684173
0.0681461963365586
-0.100031886390903
0.0758024811316028
0.101208069629239
0.100770821426863
0.102222536608823
-0.0116734112457146
0.079923925422636
0.243932274668654
-0.0406204910628155
0.00183162932938181
0.0915844621202285
0.0110809660165229
-0.0282138505893853
0.17087289469624
0.00752006099821207
0.0616943372005172
0.0485401543834476
0.0510420586592696
0.0221955081969799
0.110910145550847
0.194908522524815
0.244717684330713
0.0756753271401112
0.179900548413833
0.00624788442028262
0.174551826663761
0.241898545659771
0.176910021392838
-0.0327115054601373
0.309211973115648
0.0955407773649629
0.0698870876154487
0.209141308014152
0.0505866490954896
0.222453827997964
0.154287433580246
0.0489208495671576
0.0857946131774859
0.135755746207875
0.129391846632416
0.189044821181491
0.0803167459131687
0.195714606696027
0.0388760743654881
0.119918520463116
0.059363174975841
0.134296790972587
0.142515166124108
0.144853563852281
0.17102995069877
0.055116064386474
0.13461168288444
0.115406819181969
0.181143012603718
0.103048296565461
0.152937620874946
0.211297920777331
0.231507977541699
0.24894033566029
0.24868815552973
0.219589848476388
0.135134357229416
0.342253444134742
0.0824512679799862
0.0716792929727787
0.20253524198595
0.196015992904839
0.192247401128583
0.160965916152758
0.271134963387501
0.140326846126658
0.22371855978497
0.193187224296407
0.0721406432811134
0.36458041728064
0.261043891536286
0.238338291688089
0.146675818300051
0.162089396363668
0.240944955667203
0.349117006167329
0.360249484067479
0.349589694080407
0.195880621756135
0.246922981377318
0.275055859789778
0.145018636085203
0.210387321782898
0.302712464858216
0.313349945086531
0.296908723014684
0.284671508305104
0.259579550582013
0.211240597123952
0.223096348306786
0.342635844794014
0.183297180344242
0.166767497655895
0.185908130290321
0.0760861618240471
0.216304271595537
0.191085816857267
0.268987070558196
0.300825496210462
0.355136380514969
0.241366044344551
0.352160396271025
0.295550634461908
0.302340129080648
0.330161739273269
0.0798129678909239
0.231942096748856
0.216962326141387
0.135306858414182
0.37014064520663
0.30173726643896
0.360091154939278
0.31818377537106
0.309537134053766
0.274412023574344
0.349048550938593
0.403632829050455
0.325720950724151
0.264479384126074
0.304569764308554
0.32582305026908
0.338765081835325
0.290772021221049
0.327290772328517
0.267811683394974
0.33265818350987
0.282193969577322
0.321677162116056
0.137475084804898
0.307833084046045
0.413165135517835
0.30268566715632
0.395812996997301
0.309471073908511
0.263752305803059
0.308666753854938
0.29192825394999
0.264986561120391
0.424850422855365
0.242210026366097
0.178804540912821
0.301574999123532
0.382807356407696
0.347929895374833
0.244857753295391
0.393753853592522
0.471150777298498
0.358009005973289
0.168320510958224
0.378208404725274
0.300402080002595
0.489758709200341
0.35194165615845
0.343733089956071
0.343459235240707
0.529683681561382
0.313064152797392
0.411073183535293
0.4403723189094
0.412220881855201
0.389093036297284
0.436129933497464
0.488928393222117
0.415394123434753
0.335527978997506
0.338975303285211
0.462467241244555
0.40506385314259
0.478158298023171
0.466821746593024
0.385286883893648
0.525049102492205
0.41117539327702
0.35113183784377
0.416034121243617
0.367525448234839
0.45834726893605
0.409931625015112
0.362744285017342
0.540836190804127
0.491254081234314
0.362923367382332
0.459354978693856
0.281344434643546
0.542756943594491
0.327687070418667
0.537961044290687
0.399028070598509
0.307788666386522
0.441794548626997
0.524715926077925
0.503525889328015
0.36318192337492
0.465700984437402
0.280151500235314
0.348786651933561
0.493034454102609
0.711104498580777
0.309702742250671
0.514635424777014
0.517377704816125
0.495350599322255
0.694280918518841
0.417927364082373
0.560178706983895
0.616322822493271
0.48749270838156
0.4841817780456
0.475616068624513
0.614899410086937
0.55217806627784
0.528954890001492
0.591911542458387
0.401045328323506
0.616400391813912
0.482718109230417
0.598703223813882
0.543682933720947
0.454342681141968
0.536261829358902
0.454705986689091
0.457479902232667
0.63594813699988
0.488888442450868
0.544059284526697
0.579515246002685
0.55144029889575
0.550574814770738
0.459618416683425
0.68551325788115
0.545608335452111
0.47769757414594
0.678302188007868
0.503084426483944
0.571905623755568
0.607576873709251
0.61947709857331
0.459032174591294
0.559438496426489
0.566128152110072
0.564485940463936
0.528349256566261
0.392850435321648
0.603202873668223
0.599369097539
0.595301043084554
0.489612084959336
0.720426019785394
0.551553256835196
0.579804432865459
0.605016785611515
0.680872340143634
0.563424024018911
0.515626724094818
0.643202127762916
0.60654827722626
0.648520650580039
0.524427219644192
0.521939414134702
0.769194394083244
0.651068811304432
0.565980616848313
0.661970070237068
0.53322613510705
0.567216559285214
0.541685389050698
0.710494045148852
0.643876839770114
0.497689581367934
0.624843016870037
0.458850244854629
0.435663955548957
0.62778993737104
0.749985027821473
0.654628721635246
0.657234034272321
0.590534891237479
0.748745505759436
0.489340004512212
0.754364368259594
0.582310807601681
0.74327584465784
0.500903141593389
0.535431774154266
0.510848296753976
0.536524381437135
0.710278467384389
0.704111060056745
0.703212583552997
0.516331262410069
0.698606494491179
0.772665991815707
0.640502046306943
0.55917176703117
0.653826551042105
0.783033185573214
0.56457829871191
0.627221878101449
0.660823749129635
0.616874844210142
0.685980981676548
0.76359794113618
0.528307583838892
0.689854071014816
0.690019467809996
0.635445524952515
0.746421658414195
0.817017091699113
0.626594163416419
0.731329620197027
0.665733318795762
0.577550572681409
0.675289556053046
0.832010884506206
0.671189383233921
0.81896843710329
0.735732845352806
0.80675861990193
0.668338031211708
0.647955394105723
0.626482360996201
0.779348208757757
0.639886157575427
0.850076512224178
0.708452151748478
0.700605053351933
0.796604636394249
0.811064479677776
0.85092699824546
0.864377502079171
0.802237000713452
0.746510930804123
0.756072802692073
0.870305144369634
0.880542933669167
0.737827540903797
0.763899647713993
0.767607721079345
0.859270698756091
0.80783104478063
0.842121537462013
0.668143645875964
0.840882028676704
0.881036789374928
0.629086051942317
0.59416911183415
0.804489656152905
0.736999316087645
0.819534265034555
0.7388433944935
0.741959828645752
0.941293479501769
0.718769326106163
0.820724908997396
0.730444732738905
0.868681609615486
0.761723843907551
0.873705786164227
0.987073546360166
0.705271515455216
0.840673682084248
0.790662486944699
0.923960836572224
0.742361109610143
0.844874223070004
0.94876793230711
0.761577389095957
0.959552372484082
0.810038268085356
0.830427270045595
0.86595531457751
0.907238011944627
0.738513185760308
0.725635669502326
0.8138656885163
0.850805738654514
0.879044302486033
0.636733954156052
0.731346433585599
0.788363883199309
0.828422777738036
0.827549262345626
0.919029708800645
0.837977758445609
0.732653132289084
0.77765659921211
0.988727113282066
0.89426530110134
0.766697503259652
0.905864835951617
0.828702999238286
0.942929910965134
0.80483128217373
0.934440006194091
0.905795814376237
0.943943051964666
0.802557005804473
0.879970207172609
0.902001271674975
0.848583912999385
0.898398378750757
0.934228370693688
0.89811040080401
0.668599035499023
0.853042773458417
0.787275047112177
0.952731975765075
0.854859010557256
0.809122669179002
0.900698562257775
0.805541434221331
0.932308871399063
0.875328660206121
0.914166464467672
0.896249575936928
0.877005502489568
1.00577723836606
0.856811397584037
1.02032608784317
0.943368617757516
0.849056992956908
0.826740525226898
0.904406559057383
0.995856625579384
1.01390720826185
0.906283570787639
0.766534432499656
0.865582435656939
0.915806575256101
1.01301436973922
0.843841689974599
0.922397048425728
0.95020923224838
0.888182331676625
0.902084088637884
0.999696120645206
1.01573261963197
0.996407030971429
0.875052975729083
1.03308751130064
1.06964934401038
0.905035506827189
0.968338401537655
0.958214747520673
1.037090510882
0.929411174968046
0.976223733500522
1.07719167347269
1.06794397843726
0.897975197156681
0.966595769089076
0.976020751720551
1.01118167553769
0.812055326713161
1.0514343643931
1.06442716123759
0.983472024186632
1.09292487836447
