-1.08730568634801
-0.938786659632523
-0.890573165092007
-0.959331418807266
-0.946993033326254
-1.08425101285216
-0.982793170252957
-0.992479343091306
-1.13157135522437
-0.887732644860017
-0.927522244454484
-1.04430904926173
-1.07153554372372
-0.963280777864266
-0.981454604691771
-1.03172768938434
-1.03455430424362
-0.949753627611915
-0.865648128987286
-1.00711277340924
-0.831511099419544
-0.904873854879411
-0.870303654043589
-0.897987125034427
-0.891510939093206
-1.00607864814888
-0.908636203890112
-1.02031564484914
-0.956766496977672
-0.942333571951155
-0.833470530925295
-0.864698026289619
-1.1697409038067
-0.882890667953565
-1.02003774287215
-0.910408275612703
-0.984401545823613
-0.901914774397349
-1.11043121548853
-0.91621121399581
-0.768994065230519
-0.959078871627451
-0.929557192949941
-1.02292731809005
-0.879831884969136
-0.919810680234589
-0.867428572033571
-0.941859121016778
-0.902733870532013
-0.942481770534011
-0.963259095152764
-0.861860855551767
-0.855303748735449
-0.817730414196344
-0.771466157303421
-0.788918209154137
-1.04231263263982
-0.761697824862445
-0.789807736840573
-0.733425706642373
-0.974812248151809
-0.815000181735815
-0.905991167789213
-0.782260366003469
-0.900877674585149
-1.04414145951176
-0.779013125579679
-0.826161582377267
-0.754774968913372
-0.705775729287321
-0.710771969305968
-0.747905387144443
-0.884854539847982
-1.00969908421987
-0.787013391508771
-0.909383692081263
-0.835562225720079
-0.96711593688195
-0.795611763008111
-0.865057844253594
-0.819653818612738
-0.817511773063926
-0.94430713075895
-0.806412277827762
-0.803253803244532
-0.757175592417453
-1.03535710866561
-0.892775993391011
-0.872808372381473
-0.754132117852951
-0.649227049407038
-0.655471993007949
-0.780472698992018
-0.937324816070561
-0.769541554689056
-0.780471098924153
-0.885932412604924
-0.860974810624719
-0.797384239701306
-0.800738532564083
-0.825928859633633
-0.811691344354394
-0.831898748379214
-0.844311511736268
-0.760306311682391
-0.708635974066811
-0.883075845774395
-0.720419307114407
-0.746351420442638
-0.824509226067129
-0.60653872315053
-0.963698710378127
-0.695443302858934
-0.851200063901787
-0.772361780982968
-0.785439904304683
-0.870251071182022
-0.717509057032541
-0.735346641927864
-0.69700266511861
-0.75832386008454
-0.761259311128232
-0.796706353681337
-0.638445470760835
-0.733199871612431
-0.781375244262795
-0.570867541979471
-0.679259602071194
-0.803865248598008
-0.747244166710413
-0.537611356979122
-0.674132807720771
-0.790906435581633
-0.810103900126329
-0.675174961951105
-0.715295642090782
-0.675275540035483
-0.597958838983327
-0.707252634356338
-0.862169029065569
-0.724363094316943
-0.680246600991235
-0.593673445656236
-0.656266042513529
-0.670878706873885
-0.650517994721652
-0.607806729473841
-0.685690783399675
-0.793151630842294
-0.672100843748147
-0.775142856364695
-0.72353105889953
-0.673924451254755
-0.781721175596854
-0.542343487631796
-0.640068661122699
-0.781061271946984
-0.724125340518665
-0.653543446915378
-0.710180139366711
-0.786662487144069
-0.536290670312323
-0.680176724521266
-0.601481156055499
-0.81826690698918
-0.681015041665345
-0.677036158048206
-0.608370185077025
-0.653912927470288
-0.742538369818094
-0.742249501795411
-0.548411916231361
-0.684892105144022
-0.650718204444023
-0.48081020199347
-0.729418717356969
-0.580698965904704
-0.72078596298691
-0.554484485813124
-0.496720725346954
-0.576609819431543
-0.753217314494598
-0.520334595634195
-0.589090711810177
-0.589895669790578
-0.529666056812139
-0.70233082642192
-0.717713219303529
-0.687736390134802
-0.733603099652786
-0.667954649679323
-0.762250773619091
-0.588295447929391
-0.635061067367722
-0.435106892533588
-0.54401033108334
-0.618730249280331
-0.590280209774318
-0.55081700917963
-0.618354236579179
-0.612427396311151
-0.621055888791272
-0.62824066464487
-0.481205825276591
-0.40729422755652
-0.542637591354933
-0.706403908048286
-0.475574149572296
-0.560448226163936
-0.477684279207575
-0.566133148528792
-0.697739601006735
-0.568502619595642
-0.534897237436665
-0.605993116476561
-0.44040317681881
-0.45257699707457
-0.517478747869246
-0.648251213840084
-0.648955323736551
-0.632906481061681
-0.60226341815459
-0.62176341125024
-0.62778150382709
-0.591104781851384
-0.523930209731082
-0.653983437288465
-0.633138360175028
-0.593530405173767
-0.588941873199092
-0.681364211745982
-0.556723928039252
-0.518939197953777
-0.361895491785848
-0.58357527378592
-0.569165161379384
-0.264709912544478
-0.567049993000503
-0.4817537470368
-0.590397476077567
-0.591441653632604
-0.819999126742309
-0.499551800733363
-0.506718132579124
-0.524056302956368
-0.579820667942201
-0.490670417516584
-0.483497747159385
-0.496819649851404
-0.497439809815968
-0.429708720824454
-0.3607249891089
-0.57297261051379
-0.52057380567961
-0.38278917997135
-0.458102671395341
-0.481635156716691
-0.392908525785122
-0.46596996471598
-0.566749971885008
-0.471263791526988
-0.596460567358835
-0.481864341662726
-0.432825102062668
-0.453618017467505
-0.411463584154114
-0.566272385684344
-0.601209079368107
-0.319014954291569
-0.411079529729635
-0.396259987477065
-0.352326053373675
-0.403824218984294
-0.415912137385852
-0.359196035266851
-0.489387572296471
-0.461544814460618
-0.661448306053472
-0.524399855843188
-0.532960913158109
-0.477353851946998
-0.441349301153101
-0.418394602969532
-0.441964913888646
-0.465335706726008
-0.270166871281879
-0.352233362907995
-0.457826935554902
-0.413020906172247
-0.310880823323698
-0.406025399832655
-0.476704474801164
-0.266579149090627
-0.466054058025468
-0.396555619097389
-0.327626803930138
-0.434340072100337
-0.325282813599222
-0.422954909256387
-0.328014276522193
-0.378846819805737
-0.447807455790651
-0.349755989417341
-0.217851612579197
-0.191868670864418
-0.429521815747119
-0.367911735522262
-0.374210944170823
-0.41809711854155
-0.445303642829251
-0.32472393735859
-0.417405049760229
-0.156305044421507
-0.34454536826395
-0.264991028468153
-0.545596176653785
-0.355086473840128
-0.328564325771031
-0.457977558737853
-0.249341768125657
-0.372975961515191
-0.350271627105816
-0.327661765079807
-0.315798258527668
-0.340704585412726
-0.407070039421737
-0.373571161853069
-0.407967222770034
-0.323032660491176
-0.302459679621024
-0.388500133045399
-0.446738887099661
-0.352317993920811
-0.364443944731182
-0.365375965749071
-0.3401876807655
-0.420908408971837
-0.280776002578962
-0.272862733954109
-0.258156131046405
-0.340390470633824
-0.325144414094888
-0.424086779704454
-0.356064156434812
-0.378435102346514
-0.277242133198792
-0.352772040258928
-0.207611302253445
-0.220991972899857
-0.241072655106956
-0.34671609013758
-0.227373898664458
-0.212808407302638
-0.340296976485349
-0.307050080270113
-0.155297058541789
-0.228594331762489
-0.205020333710012
-0.421216442529525
-0.162766712393713
-0.213185701743364
-0.309365640531622
-0.211770302622582
-0.146254555194581
-0.325823741652659
-0.264289882005618
-0.210572243844426
-0.19316972819341
-0.388778397265638
-0.325685270457571
-0.238416912754789
-0.396936317131261
-0.28977167553071
-0.247011757945587
-0.423549805028785
-0.160628416782194
-0.26366724671274
-0.120456646456546
-0.177262337293239
-0.347326709736331
-0.308242183631698
-0.265025992993855
-0.31534621383833
-0.300437524353494
-0.188481242630085
-0.23815271980968
-0.32896083904782
-0.225094767301445
-0.289650669507689
-0.111884138291119
-0.250389492964358
-0.201970236096082
-0.172851063740821
-0.097404173562545
-0.0961931390083815
-0.120522723747655
-0.0866723567695509
-0.311518084848953
-0.187030827744038
-0.295015641895881
-0.334325176541688
-0.110419056627762
-0.263066764645256
-0.0955733145040401
-0.173132519663055
-0.203907871521151
-0.181905700323718
-0.124602474426271
-0.137080685737502
-0.274206883567754
-0.21532536681945
-0.105319257320082
-0.0549170890368124
-0.154099589348134
-0.206340736155899
-0.113616279317067
-0.198370184997931
-0.284620426330397
-0.1684283326205
-0.162706193569702
-0.140891335527765
-0.233878571315431
-0.102097669016146
-0.1403414519817
-0.248118388390652
-0.0572864911604749
-0.157926957678426
-0.228805157319323
-0.168797896215265
-0.175926814787218
-0.121946841093224
-0.197769561672669
-0.096922491077911
-0.195196010116449
-0.195129094588733
-0.0544173571209727
0.025302851704394
-0.106941605121152
-0.0516874146330314
-0.240512614012828
-0.158100028857551
-0.221968358371694
-0.126645178628603
-0.103590098034386
-0.218879632722922
-0.029031142778318
-0.0231558670655746
-0.204378005289584
-0.231735640398751
-0.301495125095359
-0.121684439614369
-0.0920809307066831
-0.184455905195468
0.0162262625358829
-0.0699366792525831
-0.115864929719109
-0.0869278207054214
-0.0200334676292458
-0.132544443815849
-0.141023612889934
-0.102289552180519
0.000655439732576393
-0.032526087487736
-0.0929660486544758
-0.0664841987067957
0.00416141065825634
-0.0489103713586967
0.0928201911521339
-0.226789484436433
-0.224600189771324
-0.104580914354176
0.0263822973308459
-0.121649658060807
-0.0666871168058417
-0.0864883846181516
-0.0764980229818251
-0.121926823010722
-0.0105497946519424
0.074351191373134
-0.196069739506012
0.0704337970598803
-0.195039423664907
-0.0736020756214939
-0.222150864637466
-0.0468169754203036
0.0749749560497219
-0.0911096443813481
-0.0777254648895081
-0.00515699547482149
-0.0290455912432256
-0.019260063578344
-0.0386472528822753
-0.1225358654735
-0.0338579536140334
0.112984046907926
0.152907123446169
-0.135574460791206
0.0207756952421759
-0.012635988844359
0.164232290563255
0.0654444108175111
-0.00709665298365126
-0.131619041734889
0.0737450306261877
-0.0194239961570542
0.0773707457561149
-0.0226565614631882
-0.0183651462873955
-0.0585354379882992
-0.0547279093690623
-0.149060508882269
-0.134856807806803
-0.0179402649805508
0.0315348379233894
0.0663978116633702
-0.0620766896434749
0.00553974797683373
0.14196473035016
0.132296451722759
-0.0156413834992492
0.0549635630795563
0.0845495595581594
0.0356572921508563
0.0920495056047201
0.137401086448239
-0.0214169759796977
0.0398093907474845
0.0668437676436985
0.0857565627912109
0.0611892652982234
0.0424112873659827
0.146619127256194
0.23323774513929
0.132167581338103
0.131316050578075
-0.0152690851666095
0.191974422093595
-0.0266264771623414
0.0540820359253174
0.157140155071752
0.0367262867208893
-0.104199548812036
-0.114564993995445
0.0691242608396414
0.0771530349123202
0.216216604367548
-0.00745282104457085
0.0430532121877197
0.130334915193102
0.153272512617709
0.11704885976156
0.0797392784781406
0.118664825477688
0.214213771207355
-0.00946508159186151
0.0285872151515077
0.289493842457961
-0.0583824167250016
0.130822822408398
0.220763043138533
0.0939496830464783
0.101098959719894
0.218704920058622
0.246858806720742
0.164345811109878
0.0923458680034633
0.136865610335996
0.10368146884713
0.238252524981707
0.173499311362662
0.090120748097317
0.27482438415079
0.0187743403226076
0.0884354070660452
0.178943878671116
0.116887865711483
0.167329563575946
0.0931639385199512
0.0754535820672889
0.139239676291525
0.137301743461858
0.0580559125040368
0.296454489641276
0.195431620531592
0.24781335588025
0.0302097834706558
0.0345189022380672
0.246005481633393
-0.00272183412254913
0.332066919674373
0.171464979314748
0.203011817157904
0.197753223367554
0.26005360967779
0.24056991030107
0.165650429119199
0.196376165844734
0.150510632597022
0.223642343936595
0.307663721841056
0.271665695952373
0.128060552803863
0.155186466872548
0.151296972819131
0.257123710518059
0.312303889682519
0.188094399806468
0.167075373328925
0.154304889136377
0.264087476439039
0.289884998650963
0.216436613592068
0.239630168105281
0.151705238117969
0.247975365819638
0.24766498864426
0.166541058959351
0.12955804619235
0.259562685650691
0.230114791977826
0.200672986328039
0.252054038795011
0.219598414174993
0.219080404384019
0.248983362775287
0.178182763881915
0.176930966893868
0.296243991442675
0.350021140182631
0.309520091145429
0.353988886410379
0.259752925335546
0.33558427880998
0.256578519465077
0.03253080200083
0.154858645249757
0.390450033385585
0.0726443297667345
0.262038956051496
0.234606466759373
0.257590547233697
0.444977633400008
0.340696797323394
0.398477860761869
0.287891361277311
0.285724431895408
0.272941234821538
0.262854967651419
0.304676054838108
0.344175680638028
0.525545196749003
0.439660136233914
0.28930339200241
0.171558800024093
0.231777290161069
0.205004810950863
0.411864452333455
0.293486870819087
0.280689369993305
0.272820076892383
0.352943830275576
0.297531878875847
0.355998385300955
0.365144493808314
0.248121248130089
0.277348075713865
0.311991464179065
0.340100709557052
0.302206793888878
0.187132551777863
0.224766389250008
0.362328526238859
0.329677524965663
0.221962648041917
0.542014916249673
0.320176577545149
0.269913189723754
0.396198985931075
0.326170685018349
0.351680040697764
0.456321158018038
0.380571774965396
0.445210979635597
0.118655420026399
0.3034675921883
0.486938218358646
0.245041122980231
0.39972428165347
0.47777088439522
0.390081705973235
0.406659046373263
0.283380128713917
0.363623861475765
0.309593859268753
0.40467818263558
0.5305752173027
0.239535506882568
0.272550079017454
0.391403004049366
0.374208679640448
0.391585011624609
0.362830573563215
0.37563104408891
0.420092625333429
0.276171474790818
0.475719305498059
0.399845525877299
0.384345974872452
0.306621867289147
0.419615838769377
0.335552857857684
0.393639570908282
0.42006263600782
0.407944334483296
0.478149337587662
0.435590354022537
0.388705432140764
0.467548395962333
0.646500295098938
0.568039624979098
0.398708561107423
0.40318009488205
0.464216974403536
0.479556106116228
0.478961735242996
0.411640491606047
0.354544378623379
0.341996080687849
0.586092055261627
0.510429560885699
0.607188808137432
0.295778791887347
0.543082753439482
0.460660996349672
0.391689848932153
0.5397012821486
0.438593917444018
0.448789834274801
0.42013066673074
0.454976880188594
0.565956220624111
0.501593082840197
0.484370174876753
0.547774204480121
0.391200864846799
0.455159762431652
0.432835548596923
0.553914695705171
0.38646209581046
0.421524232998068
0.442803825388607
0.418466515525606
0.427562054988369
0.505115397008267
0.370143588815792
0.528989911044496
0.604168798548553
0.573730240196668
0.57740122386121
0.481036425329439
0.581832591542896
0.483440589335033
0.517040505657382
0.508430026348542
0.706304741701752
0.511940016224991
0.510832874203812
0.459281623161505
0.555921806524374
0.559395010725196
0.526849754375501
0.531965232529433
0.592036733507364
0.60001918282246
0.738224044445023
0.636916504282027
0.464664117970682
0.401270514284903
0.706837967362284
0.474376432662355
0.445468795345675
0.599492644722556
0.510551486095469
0.638891349413778
0.542307525378707
0.633837748360187
0.636562580025579
0.620934567111149
0.684679944056127
0.60527288679172
0.543326198443044
0.616905750396933
0.560706733154661
0.485202878117631
0.653898689758606
0.618282790018549
0.652276789813869
0.680403460176348
0.628628056682933
0.488616514941763
0.52227275152703
0.618762343610851
0.551560986056841
0.51212805478278
0.531906482749941
0.636890773683565
0.645165544474206
0.677597910895228
0.59014674239287
0.540382527796675
0.79250311247233
0.608282457161013
0.723853740857878
0.684809661072908
0.724871281109139
0.647874114475912
0.708724047505823
0.513421108576797
0.68728813450055
0.587639384834997
0.477980267987198
0.618318658078595
0.420554682519878
0.503044197092677
0.822394665034678
0.562484682901668
0.78041961484102
0.750169673236668
0.588251421489666
0.558061967903073
0.590210950713116
0.693702841526453
0.753735741147081
0.562560446136904
0.713411645037742
0.435877859451643
0.703564616555918
0.706902897570247
0.705373272643976
0.688577233932766
0.805247043495148
0.662812879210652
0.783927082214024
0.691193950643882
0.587391693796506
0.635741409198756
0.73797196708928
0.740194839068415
0.651501360145753
0.769081320799761
0.590925577789993
0.582402177721081
0.66952747307446
0.666921591999748
0.553512565664705
0.700622796308175
0.644916105722974
0.758812676390196
0.652056078495781
0.718036314136682
0.72111760921343
0.793691366710043
0.683262812825482
0.543198697020737
0.669819605773877
0.733276700157908
0.604964320185665
0.593433954428617
0.678727543830316
0.784269110111013
0.848377228308906
0.714810456626566
0.652840349046949
0.732548907348261
0.679865363119794
0.642450096932041
0.76441312783324
0.778226428534074
0.755404994314235
0.761876437034058
0.965399599674338
0.712013498729003
0.898836709216835
0.846764761784906
0.498472068177787
0.699495425604538
0.850658497093512
0.792268475123395
0.793642732003446
0.837308393353989
0.579954034205071
0.724022424832369
0.787798721399281
0.662802060862483
0.809500654971363
0.8839675292473
0.856975903557372
0.782095528745133
0.713263303308902
0.942355711935473
0.95382095425655
0.639576443055105
0.996195650517125
0.935841640513009
0.745146343688193
0.755619993517724
0.843093631984043
0.957587905204961
0.800335736079454
0.882224703443107
0.870203752574904
0.940746248032838
0.897018198147617
0.92493211338796
0.74391811485337
0.79633620257763
0.921376970734782
0.913902943363617
0.844368320508093
0.890832325872114
0.814967141283278
0.69522059640137
0.850103622518313
0.78247307969474
0.933122723482496
0.786805823716729
0.752438725590257
0.786873307512786
0.888840595609041
0.944588395588509
0.820900531234036
0.747105229638779
0.928036692945403
0.865969689784635
0.931678417728591
0.945025264695278
0.904117114098319
0.792245622317784
0.920544057813205
0.765636399491473
0.701690628213775
1.00792830585424
0.944795766067913
0.835461428370705
0.793442499593185
1.05978860404282
0.900667534904393
0.904959691498761
0.953463139702806
0.861019336409025
0.87787554986944
0.972624572909104
0.936543718429285
0.933529586930042
0.768969016813147
0.928927785006666
0.868878847671487
0.861011236659703
1.07388219976632
0.893626522008213
0.895115676766295
0.87568892580486
1.04222925105216
0.922891845190629
0.916297505952408
1.01725364935435
0.986195928128143
0.977907752027508
0.851754693172215
0.93141875185162
0.749805976121918
0.94937478963717
0.84709544998318
0.951314383924316
0.936012636107863
0.84138785146317
1.07560528350506
1.05945318253001
0.913292719804566
0.863109922922769
0.775339920348858
1.09249308501022
1.04362158848159
1.00898645725003
1.04271903893806
1.02689453287987
0.855281338060068
0.986936594424954
0.869444598930028
0.992693450153018
0.852957399694148
0.977748176446209
0.944480541291895
0.944219311499213
0.910087766987071
1.06231857804674
0.993537015751425
0.990001697997314
1.03601957969063
0.959035704227552
