-1.0499027080063
-0.995014926492298
-1.00607931783994
-0.923697629220834
-0.919851751745924
-1.11687771636496
-1.06171794803726
-1.12137195719426
-1.09659086336854
-1.1016675759265
-0.914867398310927
-1.05239308445376
-0.947907405386751
-0.960082351750457
-1.04628994357698
-0.997540313722064
-1.03932571693333
-0.954491037464198
-0.835489510886789
-1.0894250196997
-0.861020354144529
-0.950368613815409
-0.988985334771146
-0.906717915964755
-0.915784499083993
-0.881609272965853
-0.935266337306996
-0.828956763264797
-1.00037579500981
-0.840648450396694
-0.94379292101933
-0.787471920614143
-0.995895208394831
-0.734306747044434
-0.988307555624257
-1.0186755142758
-0.908792852680932
-0.903211350679272
-0.741349708015601
-0.842409843681061
-0.872810275591716
-1.02580434250685
-1.01426748059029
-0.722765897578975
-0.808155486025695
-1.05623669052682
-0.899742912674475
-0.765128857564771
-0.755288739607312
-0.919071460020942
-0.966520859789267
-0.977519780339164
-0.960365752654265
-0.926345999512948
-0.988907518331465
-0.936462664660714
-0.869056391860861
-1.01725216421315
-0.83689538771234
-0.891318686598337
-0.906273653225284
-0.801010484459561
-0.934611262464268
-0.903327221376943
-0.883581047267042
-0.77233617929765
-0.929499612037521
-0.886916354899467
-0.849340845425137
-0.904831463883078
-0.958339984928722
-0.839312951358146
-0.773921487610226
-0.782918492403122
-0.689247863871384
-0.783541604575451
-0.783701876412185
-0.835230430016542
-1.00676626105005
-0.87983421665877
-0.820555635027813
-0.878529342464489
-0.778189967731905
-0.765478158313776
-0.861963667838654
-0.969333947570214
-0.723974128260333
-1.0104083551241
-0.815568102643585
-0.786779097382493
-0.930122575453693
-0.894167923570838
-0.779611275920814
-0.894215407031233
-0.934987110547031
-0.823013793387709
-0.762748818396172
-0.89199842501458
-0.684677597025043
-0.800565154890142
-0.794711086823511
-0.725092793902514
-0.816673870063656
-0.91058710366313
-0.924517358471076
-0.769868945122361
-0.883098104384617
-0.777799610944836
-0.773028646991181
-0.890149112027128
-0.68793355893533
-0.756965026742322
-0.8086434157665
-0.766340246585977
-0.783039043470206
-0.749562443256938
-0.724690257876695
-0.801636584658307
-0.719312699572551
-0.798446278479019
-0.842788784161188
-0.86611825529957
-0.655820832904453
-0.743960854608401
-0.676933205248486
-0.692439377859169
-0.841178062596291
-0.896850553829137
-0.791070703045059
-0.731649634946281
-0.834343180874513
-0.670336776920763
-0.650302557869979
-0.790160163022414
-0.689543551012743
-0.689914708361769
-0.86209011901895
-0.805489711207601
-0.710730492641607
-0.666721320102729
-0.763950072496244
-0.754384948253236
-0.72856755262648
-0.80660340612862
-0.744826316328023
-0.880190877210083
-0.693765464564899
-0.749849939041444
-0.748541476244689
-0.708324612058168
-0.755572715613194
-0.716939342554378
-0.557111482021418
-0.630342590430088
-0.578194648633744
-0.620932701476655
-0.612455885521006
-0.693514462322863
-0.725462849061052
-0.666814852520741
-0.689757313380732
-0.828071725342767
-0.714867808695138
-0.583863951645142
-0.604052912629225
-0.666423155452632
-0.578618876630174
-0.860184762083688
-0.60971222110717
-0.652011733853295
-0.719519924636204
-0.737900347187593
-0.678245169346714
-0.757685721573398
-0.576441360283606
-0.595066303426231
-0.616052259259917
-0.762519795313436
-0.650589083942808
-0.50846441973282
-0.455613850975826
-0.688087689386079
-0.758290577739848
-0.502089983449077
-0.645607998598019
-0.597147333977971
-0.753834245978151
-0.665988896776003
-0.734723756067315
-0.643846054530901
-0.658304817482746
-0.589377353765391
-0.480266981587028
-0.758415863423188
-0.651907666555583
-0.603334881190091
-0.706006873857688
-0.713899419807204
-0.607584255539573
-0.723796984552787
-0.630560350414958
-0.68745085891531
-0.506535751151632
-0.662192876192562
-0.671581118398737
-0.645164766103347
-0.447178902554232
-0.618793025175482
-0.695615114155982
-0.664983013915035
-0.625576086716421
-0.565438065987385
-0.558083821093024
-0.531577256325565
-0.636152578347496
-0.640141752089143
-0.590588900938203
-0.537251463421739
-0.439652086996884
-0.609181283487156
-0.59990293564627
-0.69715160325985
-0.392491146826504
-0.481447405919213
-0.527790023545759
-0.580486420274452
-0.565380830639046
-0.567733162372794
-0.408320981653395
-0.68926677640697
-0.636411459983334
-0.562482497712387
-0.441712914090606
-0.430090216066645
-0.408874709045454
-0.666963687666119
-0.275721182347778
-0.509073646450893
-0.530788578963011
-0.491265568836723
-0.558249700845698
-0.574485364150495
-0.411537399319592
-0.462567207163739
-0.532242582619595
-0.471094437974523
-0.527421096525205
-0.416860179510459
-0.365880778040214
-0.623788995552013
-0.563495864343316
-0.546799300091914
-0.531649468439643
-0.568156271325103
-0.483258782025143
-0.371492861486951
-0.531309047658541
-0.454598585108456
-0.560348490749677
-0.591646071833681
-0.297175173965361
-0.420306615926137
-0.426052907353042
-0.624818529206102
-0.440624307893216
-0.339743727755365
-0.452640156006549
-0.395262603546874
-0.511917573755037
-0.465527286268482
-0.53983426856491
-0.385754588034683
-0.499521148595302
-0.47950613235157
-0.424902472561402
-0.403460122451797
-0.527603581867643
-0.349444958998637
-0.515987844936335
-0.45760232130464
-0.411779368641194
-0.489474566414445
-0.580135037291079
-0.468689384588309
-0.20584388129313
-0.354958022607142
-0.40590716498708
-0.383499460489806
-0.533545382468685
-0.32105012126814
-0.558984088857605
-0.387786603012669
-0.388272084277707
-0.18876638199534
-0.43013519358129
-0.407158832982932
-0.3862569494522
-0.509387375208432
-0.435282800219269
-0.474049673595754
-0.335147368125446
-0.522779547370093
-0.493975580797626
-0.3999765355863
-0.472786618417363
-0.349462798462024
-0.442346462259977
-0.325483148477191
-0.494527457392865
-0.406834158064608
-0.496178464947386
-0.345209761941665
-0.382199102356992
-0.251538800601898
-0.420396950973102
-0.210242026953946
-0.545352823018849
-0.166608125036045
-0.294936794043121
-0.319190173907226
-0.375546775096447
-0.288095092778697
-0.28334396533945
-0.495962943349368
-0.266535636189103
-0.361623125107628
-0.307672085043439
-0.472922564675638
-0.246061787439397
-0.482470233691846
-0.345978669891892
-0.396800679637584
-0.315389152800469
-0.513903844362837
-0.222953949764496
-0.313960351604716
-0.172919458565148
-0.354424035510721
-0.240808413973331
-0.333431680500195
-0.290500054194886
-0.232605587860353
-0.323771638619464
-0.354860234160715
-0.20923307296353
-0.159889146432538
-0.304738279466006
-0.360059508760104
-0.383552541269248
-0.3448970278717
-0.196636977104367
-0.215447775520147
-0.219785109360758
-0.317501046730206
-0.173723165081909
-0.304034280424632
-0.251363231030515
-0.253492419959178
-0.279901307202252
-0.264775355432418
-0.243739763918669
-0.384340188999254
-0.251238419356095
-0.347476370465126
-0.302572369790658
-0.253436157880427
-0.337527186762756
-0.17245378170649
-0.295336174667359
-0.320165206765508
-0.174032327354557
-0.140753550648231
-0.37315794235972
-0.227192347414706
-0.274022318589954
-0.241120646262181
-0.270694453917792
-0.242188383146498
-0.310860896189589
-0.279058142392058
-0.142880006396613
-0.229145921339501
-0.386449802042227
-0.158730230761796
-0.23106609039117
-0.120040363315135
-0.180458484391149
-0.300174982614743
-0.155903153157802
-0.312111746182473
-0.195726694960536
-0.202139592051297
-0.331849427116321
-0.249559007147314
-0.257235520450484
-0.114503605213213
-0.265729523806046
-0.264247855375671
-0.3204431915469
-0.133113174076355
-0.107399921206349
-0.0165138470723052
-0.184882669332688
-0.165380057176957
-0.32615327830407
-0.312660010368561
-0.150262097755791
-0.125047029091202
-0.0791910314212476
-0.228538692168863
-0.189569839168449
-0.0777075296267765
-0.119982487076739
-0.28809298572176
-0.157414749464356
-0.234705880606921
-0.143209229504014
-0.0100926237106576
-0.0831809716471387
-0.144794022803598
-0.112789683333147
-0.114763046264803
-0.0856874226737545
-0.123502563056215
-0.119067959904787
-0.178702819194144
-0.0254646064226654
-0.125511225070779
-0.104267473825171
-0.254340435808991
-0.0234924179856671
-0.163077146246396
-0.161809490864619
-0.177920480906366
-0.0853877671256063
-0.173478389467046
-0.302535787204172
-0.0876432030787902
-0.0173859672812059
-0.215799008733332
-0.2072649252615
-0.222864662718999
-0.080106844674287
-0.0377312209881404
-0.234857990979205
0.0270091800342356
-0.0490482957732233
-0.00687663738917962
-0.256292745235178
-0.0735779724502098
-0.213889901730733
-0.100233696528321
-0.227173280046712
-0.131813134221052
0.0264750102010081
-0.118186436799206
-0.243997989623672
-0.0725171975209349
-0.0148628010328767
-0.00548565433735399
-0.155408517965835
-0.138163057286852
0.000309112068480527
-0.136057354161121
-0.149495833518628
-0.109989009220661
0.0274907298959527
-0.0682216939247138
-0.0768652495214313
-0.12114364245334
-0.0293862895067316
-0.185926314138718
0.0247054563286859
-0.0149658152115938
0.0399466277431724
-0.0862023452646781
-0.176175912320604
-0.0143716620498327
0.0307377862349928
-0.0854219188926948
-0.141308733779954
0.182926783017639
-0.0967245645492407
0.00271976356720158
-0.140311694657077
-0.0612493656927503
0.0909633649638598
0.0286066741955925
-0.0472133417774219
-0.0657386050331186
0.00468974938660718
0.0425827928348685
0.028199298168361
0.0197165207117413
-0.0875723994046743
-0.0340247214067711
-0.00896920691973959
0.0641793496276821
-0.0484559389400911
0.02091726828301
0.0342896277590466
-0.0756088207963074
0.115293806041521
-0.0444620508004496
0.140908364588317
0.115971754117358
-0.0320091326564645
0.056792076521602
0.118672180477947
0.0553469624357468
-0.00461057487385168
0.0311342293492137
0.0525025683134301
0.108064351078487
-0.110858428290415
-0.015459614107979
0.0612312881999362
0.100257056483298
-0.00546045165823095
0.0957745693608764
0.0259633415376326
0.151172494465492
-0.0741098808955232
0.0932049887214272
0.0117446044553374
0.157169960399706
0.157509874349048
0.0607723663980325
0.0683338118556226
-0.0971644408478699
0.15214655521882
0.0403555574116167
0.147678537047645
0.0945910225992969
0.100295473685833
0.0540337168958839
-0.0210934720137074
0.154686006388073
0.203830551214314
0.122426154302468
0.104267286662074
0.091751516697826
0.24553840044052
0.00969659092611561
0.158699516450267
0.205142646473583
0.118411155463586
0.245335188895983
0.0601220643988974
0.242095044866398
0.131912211981754
0.0266416854951897
0.206228511081287
0.0942159692356261
0.149507529778544
0.323306939128567
0.0473409643253881
0.114653820735908
0.303950890711337
0.0283598984129875
0.00153250381966686
0.114453283139367
-0.0230782190305529
0.22592423601192
0.218512243634436
0.138821804899886
0.0506078518819508
0.240859668378887
0.182985614670461
0.124777612130891
0.177634282000747
0.183337787471745
-0.0447916793456776
0.173949885389144
-0.0981436758202579
0.0899871440564926
0.222625178199849
0.207017667462163
0.226141835704043
0.332619451020677
0.180143142252249
0.327353995246365
0.210992396966537
0.196362218262873
0.164144569795237
0.19757667241239
0.129233607944602
0.131606244466787
0.165252934838766
0.199067031009438
0.186050058812031
0.282748131988345
0.184694475980515
0.189766387152254
0.232521578344862
0.105329002639491
0.267121308232852
0.257497504626359
0.279946531657079
0.249793508257017
0.171629096830145
0.365460867942958
0.157100746252664
0.365348264899825
0.322647733553106
0.0984288217193969
0.204292797264467
0.433158235453014
0.213437273314621
0.374857050208508
0.100010063193024
0.18863787236068
0.347657536835021
0.232711660006086
0.198560946873569
0.306538009674417
0.225882569093194
0.218607382479728
0.341996100635194
0.214209596647073
0.199033559802917
0.299986122456511
0.38303696866928
0.325708782843388
0.228618635918452
0.186253564283077
0.276177579819584
0.281409155077767
0.31485285858224
0.239450872754122
0.306708361036981
0.199731344325847
0.211256629339496
0.176794097691876
0.302591865730827
0.333620993064489
0.320647844986887
0.263982192439489
0.116044959066153
0.297354867414765
0.400045756229751
0.229488989905349
0.445089866609802
0.29664870693478
0.358238645169219
0.27342987097123
0.298749494801918
0.281742354488342
0.291331833551659
0.313457415652547
0.143332163609122
0.216785521749764
0.558355025597528
0.356360885928145
0.312133773055345
0.408647109489207
0.275166937015437
0.358500009881296
0.17272123428219
0.250831271664132
0.438467976731634
0.330381629469044
0.188071266112501
0.36347880318972
0.206098234699036
0.305705267916635
0.319118642963393
0.326496958073799
0.31024619314601
0.30314125762662
0.292500987033542
0.263791981788495
0.293294647786332
0.308234877051579
0.355080635936704
0.34351397810738
0.339785356967266
0.179266686112409
0.358365741272374
0.303496139548921
0.451379062167772
0.326407761114451
0.311067808379377
0.377644852436146
0.340098309027551
0.297217189697103
0.376942565595622
0.450444439366165
0.433203515484906
0.539581710179302
0.345546915152541
0.280567984020775
0.640202491479806
0.334602559629202
0.323716975765846
0.508943075662685
0.414706382686869
0.350385578450187
0.369040811077013
0.398687240549352
0.470477963257987
0.387568443131475
0.393057444911657
0.316190242284733
0.226035692378967
0.415686151195947
0.403543735185782
0.328186487244629
0.573122460806045
0.396945000453228
0.44065115170908
0.463887715230635
0.452160666068571
0.482074156159818
0.39237756368931
0.466314902202863
0.344423919853821
0.361868561848061
0.365551718469154
0.40569154097453
0.356868045227342
0.442290135236335
0.453715800673556
0.454208297206646
0.450817489572051
0.353418905967614
0.255898853298802
0.591923538914786
0.448610123180164
0.551143045557609
0.476710643337895
0.505456154779219
0.463158020519318
0.431808142144233
0.471403105911362
0.469176587790677
0.393763304953927
0.437456072587558
0.489247690821886
0.420372881259742
0.486830438700389
0.477299846406978
0.481104981432748
0.579193825416528
0.508286405178568
0.486418466734372
0.546443609413646
0.454262925447875
0.6249468612766
0.335723304584758
0.430438688231694
0.680546825674455
0.548805756427959
0.485433283561195
0.453394744795112
0.573608048065845
0.512625585861415
0.463755181787213
0.456978853436503
0.549372885155317
0.599190617269061
0.524146524171584
0.434209196099331
0.541600755494963
0.521661689943004
0.467881511070643
0.756616764471172
0.432178215460875
0.57123024674522
0.610314249347942
0.52862519011097
0.58954310398391
0.615469794143581
0.649791902438397
0.614182611066976
0.702965207757819
0.539745626705808
0.595201852124399
0.596367159825187
0.458629756675405
0.522345822316715
0.589910893351843
0.713636847471892
0.510333573758946
0.623783064169201
0.601068934952185
0.453920566238696
0.574833107503359
0.527193257593461
0.623610331795888
0.622153953519514
0.55259065831932
0.460706239638931
0.663624582431179
0.667526005045385
0.593006099227893
0.668775476073316
0.759671141512633
0.608931830773063
0.586004808883264
0.692312822272491
0.695527734704969
0.615978277334906
0.590657963055919
0.61444382250107
0.542351133615768
0.571371791355434
0.64454453957369
0.565053186958561
0.638998147482964
0.566898232880982
0.534411885894302
0.720154150336622
0.581636688915739
0.569383881508477
0.794295324571879
0.428205598982329
0.560336488566429
0.653163466467285
0.686833072916223
0.607989352235945
0.666160293636528
0.672078149931259
0.57190396149274
0.727513692706406
0.621935901548967
0.763639437123763
0.626254797015438
0.583649496254094
0.727057269393013
0.71634830107251
0.629734303337023
0.716752672480681
0.748880078718481
0.517111370842775
0.827542375233922
0.651500306552117
0.744187718796154
0.777756724520692
0.577457189746251
0.795564467929468
0.762971320738958
0.652891304670026
0.785807508383017
0.650394445760051
0.53410518697384
0.693321016019715
0.599895110442899
0.807860263205696
0.738728443520533
0.608840381644354
0.623030514139692
0.621932999181643
0.821668708830271
0.795377190675167
0.730629202814305
0.619444505850961
0.66909934375819
0.580891231688614
0.668738103622106
0.616365733336391
0.602913113768943
0.747388565828813
0.767004670625294
0.756302769310014
0.635776836331814
0.586279728511875
0.884116725169788
0.693978663773243
0.767475267887867
0.72856410338157
0.693842175648146
0.757750987295695
0.599112063384919
0.714022392091005
0.902221765147666
0.865437176367811
0.699908698093335
0.88248098423715
0.827702770343779
0.700246574781575
0.746675412895787
0.842333305395488
0.793742681287912
0.832324958620495
0.667039138981774
0.708108484325922
0.761049574812391
0.680240532934003
0.894915966874407
0.821831929175426
0.616171117341784
0.68658621569758
0.76441463460298
0.86529088139055
0.744229956283424
0.804865263649588
0.855578866163828
0.794808515026674
0.613850255745097
0.853440239788144
0.798754761812614
0.728240124728593
0.813313790480852
0.739238231796799
0.935706796693899
0.786410393716202
0.917825689202263
0.739378983245687
0.658005977406392
0.769741443821374
0.781566002495054
0.767550655907537
0.788682911831696
0.7539626698291
0.766795852065977
0.901818720048775
0.892231971195262
0.924873329610853
0.800566283810859
0.941575759642129
0.885537748836571
0.851896391705687
0.952207555605977
0.75755153451968
0.982298240769381
0.863295061960656
0.752340420845225
0.87289084443129
0.792052740815784
0.805161106233038
0.866638564034509
0.933487772372565
0.897266367319404
0.886275089904987
0.957229240558071
0.786598234671258
0.856551834185329
0.774939881689977
1.04102574600411
0.81625205787646
0.800847101043972
0.936991107441395
1.0349437129097
0.787904018775042
0.916402755514608
0.711319360564416
0.98931628105892
0.873509607522615
0.976337768478686
0.856871701102364
0.828812863725774
1.05621189376808
0.915113415148467
0.920635581626714
0.678656203641414
0.917723879479387
0.908384235372029
0.892512855424461
1.07974932340014
1.04045762610878
0.820409136488743
0.914277224253965
0.909879204314323
0.952099513050577
1.06002944764833
0.997817475878061
1.06095076712365
0.96943517911567
0.955788301356528
0.828146542882498
1.01845807287269
0.925637115303445
0.917164397879341
0.995330554877211
0.974364002627416
0.845777477977693
0.968021501435625
0.863492826499754
0.849539183917975
1.13449083707683
0.833220380763567
0.866016303157719
1.00898317342845
0.972423135123853
0.837615098581448
0.883047917742287
0.999985941127036
0.978028844162251
0.837354147042249
0.950896466849091
0.856535746444943
0.93763720755451
1.02383698364206
0.937512108921669
0.886333853110207
0.950085368600377
0.937447150197412
0.982012322046683
1.03735271510489
