-1.00964355066006
-0.97025401017753
-0.919297027792492
-1.20966103948045
-1.05984702043052
-0.912497757440359
-0.763505968755986
-0.886689038422143
-0.990659619403423
-1.01146167926875
-0.932471028382663
-1.04485128693638
-1.03450490688593
-0.977751027543208
-0.878344233837251
-1.1737507833856
-0.962321626102351
-0.947929698964185
-0.987962970305119
-0.867000477607284
-0.892059432744467
-0.876110881924934
-1.08942940482804
-0.888807326772157
-1.00810410411504
-0.933598354552051
-0.896905909094448
-0.938170793105812
-0.991670685843359
-0.899486722247227
-0.91147578429353
-0.91836239005126
-1.07145656095019
-0.755379183697629
-0.962878968925064
-1.08352775635961
-0.932235118407885
-1.03870767985225
-0.892245651069586
-0.978577127767366
-0.818184283559588
-0.97064767284059
-0.910452485782695
-0.876201377486794
-0.753628188522976
-0.854053035261399
-1.00518851639407
-0.94455618579551
-0.727621826579763
-0.936983371543192
-0.855905969970872
-0.886673641924129
-0.795696460884378
-0.969361153690217
-0.77373693386797
-0.943952520555561
-0.983496567226999
-0.904985772423259
-0.829293132847872
-0.976892730352027
-0.900517250712771
-0.947820952976969
-0.977538984391854
-0.928168276669001
-0.91530566129564
-0.656840616646866
-0.846568554776634
-0.913086852739629
-0.910593559519042
-0.868083998295873
-0.95337629395538
-0.797794731612662
-0.998619299278006
-0.866449914096798
-0.91334407920166
-0.843297954773303
-0.791294325655185
-0.851990468108684
-0.869396450512004
-0.811165343258808
-0.825288747472162
-0.77291604378458
-1.00484448419537
-0.780353796489582
-0.732394225450191
-0.889768321193045
-0.769558902833076
-0.745295473349923
-0.829849751692028
-0.878102985382728
-0.864659966093938
-0.7137760320975
-0.894868109659988
-0.726878632358445
-0.803606899700417
-0.732876744459974
-0.781423619934411
-0.784299242909589
-0.781979093315779
-0.78140531027764
-0.776590446681638
-0.72541662122282
-0.958001928284131
-0.842002349984509
-0.747524407248319
-0.832733842064945
-0.808716444082211
-0.791164506292507
-0.857804047083047
-0.660073315573207
-0.768756608016272
-0.690331117212375
-0.724689528375165
-0.706113989111023
-0.904933043513982
-0.775118695274345
-0.874334412284836
-0.682149893678777
-0.73620057752131
-0.611070168936961
-0.802012665517182
-0.738928859773379
-0.648883500529155
-0.684751922633213
-0.619158512781877
-0.635929916511365
-0.779123786795239
-0.68618887974153
-0.832292799440638
-0.722388216081422
-0.693836431204055
-0.832999992563276
-0.691119505996356
-0.64415371559125
-0.513512737738921
-0.654385214168993
-0.617181375091997
-0.632117214054709
-0.650739521929929
-0.636865219879177
-0.694479603136799
-0.735638704902738
-0.824205413732328
-0.707009550918292
-0.796447088334099
-0.710247128056868
-0.631810925254289
-0.779090339590033
-0.530425806391108
-0.747234646894109
-0.685522793386086
-0.867874286096807
-0.70890070937645
-0.676397803812187
-0.795851418620444
-0.688075570362178
-0.741625569963518
-0.781638422382766
-0.595153306054137
-0.707577500206221
-0.679989102799072
-0.730450393924865
-0.699336085542824
-0.614648604173558
-0.5767381619733
-0.759192795947363
-0.479959643500167
-0.889050762952627
-0.741739420331663
-0.628985847785572
-0.707006848476662
-0.744496254308512
-0.677064251397019
-0.847756694901859
-0.632788588798091
-0.515395754494751
-0.727676027086201
-0.727050449612506
-0.685962875618172
-0.627293899909235
-0.531848311149235
-0.526637124647551
-0.697992393528047
-0.651246524154097
-0.630786925288212
-0.667673464431319
-0.568428904918181
-0.752431050751145
-0.607284417228459
-0.687962878741177
-0.589429608688264
-0.685759957998978
-0.619062918370032
-0.602538270558118
-0.584588029350796
-0.63835558427088
-0.607303565203296
-0.699949544009917
-0.803701111819615
-0.697948899751596
-0.595029997858527
-0.684314742498159
-0.580558159444309
-0.47519985619671
-0.520564079329765
-0.565592833366193
-0.646042423081202
-0.73391993736099
-0.564572135866513
-0.647620804692331
-0.537113380484861
-0.516356215671495
-0.449226210989891
-0.760556837845623
-0.667582186172162
-0.585614680089237
-0.348247794858519
-0.546999182327687
-0.570220389910219
-0.647335552094087
-0.610286617719506
-0.513079567144258
-0.556016543253443
-0.502008307531992
-0.568283287889769
-0.418133207137708
-0.640706840005209
-0.614734551615622
-0.549070219970193
-0.584180852741734
-0.630978421975776
-0.631202797163359
-0.417828945434787
-0.602315145173685
-0.5159640930873
-0.544593294969743
-0.465385916879745
-0.751714224998674
-0.478046194901696
-0.574081518163989
-0.525850836913232
-0.541371706066788
-0.418904552048989
-0.37488156643027
-0.581275872005612
-0.396796205125261
-0.564040542979189
-0.448786245439435
-0.603251991855415
-0.435396507984158
-0.408173692460409
-0.426169403960408
-0.447117369219131
-0.352528039392764
-0.582975555702576
-0.622995631858688
-0.416509192680267
-0.326798957513248
-0.519004273045212
-0.52610818232929
-0.473649541092744
-0.397840090357073
-0.59651478618188
-0.490661073526883
-0.531920130512689
-0.499700607012158
-0.24727912687703
-0.575091645563454
-0.39101778169743
-0.533006203220678
-0.418224912084232
-0.380598649378605
-0.28768130536932
-0.295219896540817
-0.653597601967104
-0.333179907820222
-0.469405907234217
-0.512005719865052
-0.316714533311513
-0.466609110408177
-0.499169037706404
-0.440043792545014
-0.518398165342787
-0.395122400555147
-0.452532593243622
-0.443838740103518
-0.155155559130053
-0.537190630100362
-0.413219272236705
-0.321956386406921
-0.434072140550048
-0.452949612732579
-0.49184711862421
-0.287365878293083
-0.385585223534265
-0.339125009476191
-0.479372451094122
-0.325300976701503
-0.318961192062542
-0.334050872243612
-0.432790385717425
-0.406036734389723
-0.326701461892683
-0.374882979008366
-0.33551810026023
-0.280211493278526
-0.46662148827034
-0.399847438367592
-0.385113563910051
-0.372789807417229
-0.405623209912738
-0.476160952702282
-0.39822657936864
-0.389191213154466
-0.402278842010247
-0.556586694773698
-0.449234073646194
-0.337265795431823
-0.358396371818921
-0.387772467239788
-0.335888704295529
-0.343227037738359
-0.470938248092322
-0.323969690735861
-0.209700501723846
-0.434545152639908
-0.388425402713122
-0.230874032338508
-0.237607667480338
-0.35546544689734
-0.477653608560137
-0.388242140762947
-0.21133049651797
-0.385158322289178
-0.382823214874496
-0.274266978849055
-0.342825651234191
-0.338424355756083
-0.387779165256538
-0.344064604927916
-0.273203188409133
-0.516304517786425
-0.146421092500162
-0.26915230308496
-0.129567733685701
-0.287614707827522
-0.258534126504832
-0.268012783653782
-0.249086528447091
-0.263143821359977
-0.355605159854929
-0.280230285873305
-0.260336906975738
-0.280042584737249
-0.446215240222513
-0.254760567590603
-0.343434784567792
-0.275372114517086
-0.437444622144094
-0.375653306281587
-0.261495900036299
-0.33720849486295
-0.331586594644514
-0.130002166764593
-0.320493940482217
-0.261294874435126
-0.201958460459627
-0.333821865078821
-0.426431517895723
-0.301167270853963
-0.127824027871351
-0.34368434547713
-0.215663435577834
-0.269403725414917
-0.271329751768515
-0.256935667523147
-0.121974907980392
-0.3458759002042
-0.281424273329858
-0.239995530315907
-0.195158592828113
-0.16129427170704
-0.335622926809501
-0.300367657832046
-0.257932491156389
-0.265554897022869
-0.319238620543512
-0.204379023412943
-0.272752918179963
-0.311311292933037
-0.380285796034115
-0.281259778626527
-0.202157393976451
-0.171068176337009
-0.244250777092859
-0.225711778038608
-0.288484988391485
-0.212636046908833
-0.0763678114311023
-0.109084978512371
-0.230853137712612
-0.239628233767685
-0.175729224314186
-0.263364675784916
-0.306563121147575
-0.133061826633245
-0.264465858736939
-0.166308930163542
-0.175885516857358
-0.225671189020288
-0.224713447166111
-0.149456941532355
-0.259282010951564
-0.241199412236282
0.000516330724191343
-0.251209877664865
-0.23714904260256
0.0122597534796327
-0.272922431964355
-0.168811396196474
-0.100357131370602
-0.170532321945712
-0.181879756171839
-0.0286164942074908
0.0581893303501367
-0.0677567430252829
-0.104409094482045
-0.047925368174095
-0.289287285795632
-0.0611004926173706
-0.290952973492658
-0.120759577159557
-0.211059370384911
-0.0103478619739934
-0.108974616648862
-0.15541067169874
-0.177341911897924
-0.094474431267812
-0.107557719450683
-0.0896492658860038
-0.219065384918816
-0.0715400058969903
-0.0488324451465629
-0.216487926149227
-0.307572387141137
0.0162656478607193
-0.142235819817333
0.0337922754269475
-0.0929206415719852
-0.133523233328384
-0.125409602382142
-0.0673098611403695
-0.151629568279878
-0.151945889992177
-0.0925106694443256
-0.0954961957252279
-0.024111160000121
-0.0326743045010766
-0.0812152335240568
-0.112477459952901
0.00470230334838704
0.0364555798524323
-0.120842063051082
-0.0300593196886602
-0.0258528281017315
-0.0946025393135805
-0.0247806197237667
-0.0241146560398753
-0.0305183856175284
-0.0131741592717184
0.0351701529411423
-0.104388447368527
-0.114277171945491
0.0501168357682554
-0.0530269402990948
-0.158097414058636
-0.0579160674447404
-0.155198765571843
-0.042259628677065
0.103195312698826
-0.0388365479771088
-0.0731657341646937
-0.0203495838092909
-0.0280652613282053
-0.101806913169741
-0.0546938723810814
0.240937737513751
0.141938141355132
0.00162022403073485
-0.140197711066084
0.0479040434676672
0.0245280337916762
-0.0700680436775666
0.140711059042511
-0.0383299616029032
-0.0471101204834746
-0.0222372697428846
-0.0349902151978027
-0.173659002963587
-0.0225769218063364
-0.058965470956992
-0.0518816868182144
0.0786083529337167
0.0659426344950229
0.134638494150562
0.0786251907589855
-0.0456530380682635
-0.0602562342153898
-0.0128401314783799
0.0323871773119739
0.00498898706157498
0.118769871938529
0.0580060993113609
-0.0542745129427089
0.0469463515231666
0.0542227585124349
0.0519488739495796
-0.0133668686571994
-0.0809435683829661
-0.0479806081113512
0.00116644398196253
0.028110944094541
0.0227542605422456
0.0614651396819127
0.0587943732550976
-0.100631174481864
0.274219539420454
-0.141970619646688
-0.0424582843523399
0.000736967605557889
0.0915869741557678
0.0677033719537571
-0.0711374380223096
0.0670445129601397
0.14913057047783
0.0794743552039776
0.0831470990505798
0.0387858555005702
0.0547796588247676
0.152070841470166
-0.0289413486999384
0.178212738385864
0.253954202109903
0.038764185221765
0.0709621999243896
0.0268231097460972
0.133100329041792
0.00172578381838782
0.0979300771979757
0.0691100153591646
-0.00473199127504929
0.0652708513411691
0.00301408955457351
0.0921900488077344
0.0713208506777672
0.15922095703081
0.145244826309273
0.167313188687807
0.132001033757469
0.119989989057424
0.164301121781663
0.00599175385686939
0.0710711011949576
0.0995554807217309
0.174839599755502
0.227693869562858
0.218876987992718
0.186526536592541
0.102183729160763
0.13112262100033
0.122888835521732
0.0518471543814792
0.13791573202766
0.15615546336033
0.172007875863578
-0.0324759116261974
0.23098662400965
0.132079016807364
0.139155971694114
0.227796006144004
0.300531086527018
0.138497159243435
0.16086196295554
0.0918492125547805
0.130206195223047
-0.0204309115652921
0.293136973242648
0.396820685732297
0.121458068007856
0.218398537743809
0.0852297387433722
0.107024197109991
0.133349711250424
0.305959689333235
0.288772294971048
0.426938645970449
0.0621460323440113
0.255640578617322
0.259406509539282
0.113638481880046
0.143851271114623
0.231731819556949
0.232982966411138
0.18389575272995
0.130869788200885
0.258626464953327
0.337430113579884
0.306840749061223
0.225368062244831
0.22092996292032
0.210522633140322
0.222289707396991
0.123441873026435
0.336542005365745
0.293090247855352
0.312986470780173
0.374076736997591
0.278621298801698
0.137048973392311
0.229854693866167
0.219232567238339
0.296315805152769
0.303367051415536
0.410519407922634
0.166443839213202
0.309604492430561
0.192126808618551
0.169000892986286
0.218598836476926
0.207378660084874
0.277014816083655
0.25641907484837
0.30081179943481
0.461873528684627
0.338827327776986
0.328786358877883
0.230436551019763
0.363030223950771
0.297232547927043
0.298432519446888
0.198152890988112
0.367851367270231
0.300268309563088
0.305252481599718
0.293410202634376
0.153010219933509
0.234867901849265
0.350926792910833
0.496064317842778
0.310736989906753
0.374933320641973
0.227749991253583
0.317072773073134
0.217052732396973
0.282736886237273
0.341205700204058
0.313945073498874
0.262742154049638
0.381861031965651
0.446323564899103
0.326221957329436
0.293767282397576
0.430180750746372
0.365905181367732
0.370066769960126
0.396555964070635
0.334664086311531
0.271029186165228
0.179155627618635
0.389031305417816
0.478685519140159
0.362497179305111
0.407446166062169
0.47421838632391
0.349538893078429
0.318510964337529
0.3613450583053
0.309286785609989
0.267224733808113
0.490374069726772
0.353907663250874
0.548277446223813
0.434432627276265
0.291162405573707
0.23554982799971
0.338586192124893
0.463484867994502
0.340718658998401
0.418571722253714
0.338888363638829
0.307054964403583
0.532282140075514
0.473296365127113
0.477003670108318
0.342574610967858
0.411919236182887
0.384779740533465
0.58346291051118
0.37698347579224
0.405451780247754
0.392638090149522
0.4570422360041
0.501458563559781
0.403468213450015
0.351820360449465
0.459882215989275
0.276638982924802
0.331667955702113
0.458528954305338
0.45697656008073
0.379521252154399
0.486698304880035
0.442289281573178
0.417365426148329
0.271286574720202
0.37024972135792
0.371070047303706
0.357730264474938
0.469017122793639
0.455506941693064
0.485099521518262
0.330763274401364
0.293162826886644
0.372148527271816
0.489791599003529
0.579632623339822
0.455991434126765
0.561058230590408
0.488407481015947
0.515910934047739
0.473894830681856
0.404302812837803
0.55250030096492
0.416786199271187
0.524386801864231
0.493396717711543
0.506703593816563
0.588455759166124
0.58631422492561
0.504619289804002
0.491363672690116
0.403919653008549
0.381565180433688
0.505242706189744
0.531380709896231
0.529943301548265
0.509631553986009
0.5464598901349
0.54780111598347
0.465806171396177
0.599413741828129
0.467114366547686
0.397291504860484
0.440156882342602
0.535178494946933
0.639466022175841
0.491774784440761
0.439367407523059
0.560953742620122
0.641698276846248
0.499516241938527
0.416817762718742
0.396927145963436
0.529390226308772
0.57554750010809
0.554714701809638
0.500203868111964
0.444923943764993
0.431081455363612
0.422634201014771
0.373510853379631
0.550581231540657
0.451310835584709
0.694114502226816
0.63305668072599
0.583702272956518
0.629556070326568
0.543643419994765
0.588149613130161
0.494226350162205
0.515823143565179
0.550774218459729
0.388049247675764
0.776558423413296
0.638218213634613
0.567893371248643
0.631075906398857
0.823348675420277
0.584366389718293
0.582569152216293
0.750953753360655
0.759454199066729
0.718850604406878
0.500039911820653
0.606825487431076
0.59391826404496
0.55444596456636
0.653146317174527
0.648560926409711
0.556435039902845
0.725823335891344
0.552471299145626
0.779316816526573
0.582463849785027
0.587404458924373
0.688941447877591
0.622345121645662
0.708675361215512
0.446057250336713
0.681270382507322
0.593211592856491
0.751332597492455
0.613151805662135
0.555635814367702
0.543204865452201
0.622659492528953
0.724704824950535
0.682454329184632
0.620675483077049
0.756574851358606
0.740463942314128
0.445605805706634
0.622501024351317
0.701364885367213
0.722689116007981
0.547898785464505
0.563950912443587
0.612787330288428
0.532167938867074
0.645927882073142
0.737396006201885
0.688901494366697
0.587519948508484
0.551119003977512
0.605220791604775
0.739719357773414
0.703806988219655
0.706448148574383
0.649426087146774
0.700491537893152
0.584224991294352
0.643943865817808
0.763028223863381
0.840154493480617
0.568273753669668
0.725749708050359
0.727286830596845
0.764462793398734
0.674995214158593
0.631579356484861
0.701461826684491
0.660024915014503
0.786269318359068
0.563116557185899
0.750336663884151
0.59319726530774
0.710582423087435
0.626350466461715
0.690210743029843
0.640410424917127
0.548493161863655
0.519552439067316
0.80633734879383
0.593976812039703
0.700071266539891
0.876963717697187
0.800929299360104
0.809940936397934
0.691250100927228
0.754768545866955
0.700374682700188
0.711747477602347
0.720477513613588
0.807906348498922
0.751304707771452
0.757632136129384
0.79226001139668
0.747344175247843
0.743764557661515
0.762521580317483
0.895441817781289
0.912791359156584
0.869394454993669
0.776890055635091
0.8282810152617
0.781216763019145
0.65006969998209
0.732758032193241
0.910253002856411
0.988009846093438
0.603488950938702
0.733402397582649
0.755403795618688
0.795983286267493
0.745339713557019
0.864455565759425
0.876172296090536
0.588286710981835
0.838804424162561
0.878818210479
0.836539760056322
0.742091043819874
0.807557131393115
0.672540329784344
0.718643791907617
0.833627545208729
0.809850900061901
0.90746997364352
0.950291300655049
0.843822805365918
0.739556001449662
0.933382472650578
0.756984330912662
0.735130460807782
0.98739629267745
0.679235603939976
0.749893936102804
0.783402761499838
0.64371459734996
0.827672371518241
0.841105135293292
0.96189867224947
0.820338013588819
0.779550460600725
0.847077423047819
0.938824778586779
0.898935143951322
0.684242349489539
0.935340813013343
0.87388299486386
0.782226440627321
0.835407756991758
0.760227116156235
0.749594353067534
0.856033687372299
0.941377589938278
0.693357053152009
0.735871317561037
0.932751359089456
0.811921000831501
0.916856445639688
0.96982872387314
0.744291293989396
0.999878538361777
0.898156759394624
0.918397218078121
0.992966165885574
0.856651768840339
0.796642552219152
0.979560615381334
0.865816289723859
1.07906090207879
0.746820831339099
1.01490171533837
0.690964492739069
0.859649601850563
0.996721582355767
0.877642333902621
0.825561765850635
0.853110949659963
0.809295727219829
0.934422703232089
0.764662353110873
1.00255428814293
0.985326581439244
0.945807407181173
0.917791471513965
0.895525056650345
1.0420976623952
1.05931999931797
1.07048566589816
0.849412521731454
1.01539430042616
0.841728575048342
0.971541270063085
0.772208719728196
1.11837559067221
0.989646798376382
0.993350887124213
0.969713064035118
1.01085624194184
0.942903806349022
0.895891545110414
0.970743749476196
0.97937735935519
0.915204031936468
1.03661715077596
0.98264744790914
1.18322224752568
0.872295732656466
1.00061406970774
0.941843772700582
0.955425912155373
0.922135603123293
1.10620840447344
0.933571764587042
1.10257728175606
1.1571536833943
0.914082176847037
1.02850193220008
