-1.0534040680384
-0.97856088394034
-1.00879740158084
-0.922569178720829
-0.909683054186598
-1.11795796253486
-1.07893250893062
-1.14328071985013
-1.10531049320691
-1.08812912997752
-0.913756912392499
-1.05248853633979
-0.937190396679586
-0.956480118299234
-1.04375149012031
-1.02716103731416
-1.05590299422283
-0.973767945809706
-0.82065041843718
-1.09641919123943
-0.854966422363164
-0.945822818472158
-0.980813725559275
-0.922224014809971
-0.910943589550916
-0.873753585338852
-0.923347641025479
-0.848161938893408
-0.990369140300435
-0.856963430224552
-0.949604727988269
-0.770676312522765
-0.994617226405954
-0.739007311183931
-0.980209188635173
-1.03302817482941
-0.906404968257055
-0.900279832678855
-0.741070009889271
-0.84860364471605
-0.845060427092181
-1.04480321680812
-1.01775908376162
-0.723385779823714
-0.829049562446761
-1.05945446678789
-0.910451581332065
-0.778344490243367
-0.751248789321795
-0.915539950165886
-0.952582882553095
-0.976773292258002
-0.950076292508362
-0.933752231560489
-0.985648931459944
-0.950703830176741
-0.878000352214868
-1.03398522820501
-0.846976100271349
-0.89653768117192
-0.891682237456244
-0.802653957428979
-0.930715790717732
-0.892541377859765
-0.878329541794295
-0.763659448255453
-0.937160062009293
-0.873965200482244
-0.851245345955393
-0.879815463755443
-0.943058429343272
-0.84504045422286
-0.798145319299841
-0.782805555567598
-0.687862086571548
-0.801861420598439
-0.795389042016257
-0.821943819161094
-1.01384346176843
-0.887839341178808
-0.816733569740013
-0.886865700133185
-0.765115801349495
-0.773997860792812
-0.845013534087327
-0.965236662051163
-0.724961359313696
-1.00121085004373
-0.79715083989377
-0.783736745834983
-0.942444397172088
-0.914082207217129
-0.767796727146538
-0.866901551491271
-0.936596741179045
-0.831037415630954
-0.768788801315817
-0.907734213602332
-0.695754033447991
-0.770896316405227
-0.780367247433417
-0.723398062477615
-0.806328377610327
-0.908744696012667
-0.906515862648864
-0.778934885726804
-0.87232932535379
-0.764334999217279
-0.765699148295285
-0.892564604667487
-0.683475302267243
-0.736003686643707
-0.822101465039255
-0.777089972560309
-0.767091948464262
-0.750923179010107
-0.721345072539232
-0.793499142407962
-0.720635231304738
-0.791217285189004
-0.824999887414062
-0.891566314291315
-0.654484178683333
-0.728227540065947
-0.700250985235673
-0.695201151366896
-0.832733502365885
-0.898743579015193
-0.784518060886017
-0.740665640095978
-0.829445182362263
-0.666756865802529
-0.668759503813035
-0.796274298017155
-0.67347852511543
-0.677860698316597
-0.845019748199728
-0.844871257976449
-0.701117160952906
-0.67017864517899
-0.781792127967818
-0.768709862047846
-0.734025026544031
-0.787894754654255
-0.74572323927332
-0.868982025579907
-0.683413737662974
-0.726307653115569
-0.726539778146353
-0.679419704133192
-0.760758727473804
-0.70942629142635
-0.575382806513842
-0.63705118922691
-0.583642688555837
-0.607840297988413
-0.59403323840059
-0.6826221019025
-0.740693976361004
-0.67885926630007
-0.70627428561779
-0.836089655777549
-0.712108903039141
-0.603058334884858
-0.60587465190041
-0.646275632341661
-0.553155627855178
-0.857719103218889
-0.610896748112011
-0.66672613089753
-0.726099636362064
-0.735292055420655
-0.675654723980214
-0.743201427065774
-0.558002287522649
-0.590397873048272
-0.590586928237505
-0.763357471268328
-0.63625237589995
-0.493412008264568
-0.4526681543382
-0.686787288865643
-0.750231254866277
-0.480797441159392
-0.66095314099059
-0.58102046005296
-0.777175454161736
-0.670743726909027
-0.712302410221679
-0.650624706286476
-0.675483311823784
-0.590606195022662
-0.476833369190045
-0.736429726146304
-0.668385875974208
-0.600193660932788
-0.707385010472933
-0.719874921086182
-0.605524500082451
-0.732563291969868
-0.619841617203335
-0.664572237938641
-0.492443584014802
-0.659554788201183
-0.665181077521856
-0.632313555606895
-0.44675509377057
-0.613662151728558
-0.716017070775318
-0.668228190043118
-0.610930749595072
-0.563674856618251
-0.551954425213415
-0.558871106386163
-0.629918836395339
-0.6409671589516
-0.608891932289459
-0.53377046528016
-0.445066905630643
-0.584287720850032
-0.620505203402197
-0.698916668478577
-0.387514390548134
-0.465858407222875
-0.52911542266381
-0.588151559992349
-0.54942668784859
-0.573757173710031
-0.398401798486605
-0.682816084166975
-0.634753994115339
-0.568483046632587
-0.450959436475394
-0.415617543188749
-0.433248874889109
-0.677915526497237
-0.308476579442885
-0.514812954333254
-0.510976787094879
-0.477278550999243
-0.541048323593832
-0.568062194541085
-0.417648172990602
-0.476221368520946
-0.534785898268144
-0.475857364378381
-0.539831047678125
-0.419852347279667
-0.365968337408167
-0.632636847176491
-0.562890244254017
-0.585379356296157
-0.529127025955867
-0.562870473924408
-0.487173053086533
-0.383967325291393
-0.540456010014139
-0.445660394890881
-0.573577343875542
-0.598795827125282
-0.304557038724786
-0.432817304795361
-0.420746487735536
-0.622280742517945
-0.468486501639541
-0.32407728163679
-0.440596290289744
-0.397322719712846
-0.477130803516393
-0.473484451576256
-0.540353026388527
-0.396105757264898
-0.499516057315081
-0.473008955445916
-0.422138995783289
-0.404102822686641
-0.553925459359456
-0.357903319981216
-0.503243522178938
-0.427650961921005
-0.406391660936349
-0.475180280769254
-0.576023169007292
-0.491226824260155
-0.218696575746435
-0.372593531162859
-0.400749549387938
-0.357781903023153
-0.524971741237619
-0.315675157850892
-0.565363887931754
-0.385475796234752
-0.399267122815799
-0.173207148506788
-0.427831518832497
-0.387066898895391
-0.372259718288102
-0.496981454259499
-0.438961089442795
-0.483455574746915
-0.334555408530561
-0.514285112419688
-0.497682560410734
-0.358942144843173
-0.487027005120438
-0.356126457524914
-0.439300629904294
-0.34643209664779
-0.50023532160941
-0.405215936259248
-0.495085664260783
-0.363106087562055
-0.371373223128761
-0.259076946484912
-0.437410933340015
-0.220585616056087
-0.570486113520275
-0.145571305541528
-0.287148120525271
-0.321474395242019
-0.358665974142922
-0.28218274886901
-0.276542093887058
-0.490953260970735
-0.269370232883879
-0.360640273639663
-0.297782998612452
-0.476852745726935
-0.255148971316807
-0.485571486756721
-0.326740634585626
-0.403110709135161
-0.294117136014141
-0.504655813056738
-0.221198739288431
-0.300174447142919
-0.184331183697461
-0.331573728822974
-0.237113122870411
-0.325062642966561
-0.252734379511166
-0.241229368328617
-0.317297268151956
-0.366432601321989
-0.211131445733221
-0.169461413355614
-0.307323757578287
-0.358114966063665
-0.374220486624558
-0.337726977027681
-0.188186435985755
-0.196429858823529
-0.218336293883237
-0.329017987016118
-0.150305929744495
-0.317751000204581
-0.263179322921843
-0.270197341300426
-0.294898493619586
-0.273879164844449
-0.231444570874209
-0.350870921101625
-0.252853080655274
-0.36987426486001
-0.304941676095272
-0.260025561760719
-0.330607582125904
-0.166541387542994
-0.294665938087778
-0.308819507075356
-0.172329817852795
-0.132904968525806
-0.379899981234323
-0.210741303496879
-0.272180767146928
-0.238739002475126
-0.2667524684006
-0.25253759890098
-0.293347322899799
-0.278847921766695
-0.157261432990534
-0.196213496272294
-0.404310114615983
-0.161525788955118
-0.222762679212598
-0.129859878384689
-0.185783681215108
-0.293385228195536
-0.156697762721544
-0.307256528562087
-0.17066895107415
-0.206823623776295
-0.33333549813552
-0.254886318184998
-0.253360582555416
-0.126547012799393
-0.269984822848634
-0.264768085585314
-0.303790174437671
-0.132472691011357
-0.0901621954891456
-0.0401583668444682
-0.197114497914882
-0.145421499190108
-0.309048880066453
-0.331222557804261
-0.157513151633209
-0.111159693072359
-0.0987825848260879
-0.222629622165339
-0.190434252759481
-0.0756202399935185
-0.122714003968682
-0.293299113391016
-0.154356573423353
-0.244332030808033
-0.139717479852413
-0.0164228485789394
-0.0880436591430826
-0.144426228458887
-0.115433336559091
-0.122486612506774
-0.0843053453377944
-0.132736314959309
-0.106576286549497
-0.167848810299164
-0.0242509089194184
-0.114309764109287
-0.113220850119618
-0.24463138904209
-0.0447333802900814
-0.159493779004174
-0.155356726286508
-0.187232811305505
-0.0986644861971505
-0.162121974147187
-0.302644793916237
-0.106307999884929
-0.0269503156181364
-0.223808985348926
-0.208047764464403
-0.184257656260244
-0.0904190912456182
-0.0589869068330983
-0.239553484356997
0.0312541862431319
-0.050262833475935
0.00650444448412311
-0.255372272454784
-0.0769429850257029
-0.212957395532952
-0.106652057922272
-0.222099079714926
-0.122731624150436
-0.00568223392189316
-0.101739184594121
-0.223959552276541
-0.0904495775436914
-0.00849887014670372
-0.0108664455941792
-0.143721969191984
-0.163402273739036
0.0151580718105266
-0.140297459016462
-0.139121379790258
-0.113184490012098
0.0359435072935268
-0.103335886777851
-0.0651568650144786
-0.114244050663113
-0.0345773124824761
-0.191942579939695
0.0191905644604109
-0.0142715855101243
0.035487381745825
-0.0781761375186003
-0.163862031093562
-0.0303312850497013
0.0117375342856512
-0.0813595115735108
-0.154466987779528
0.198722346948879
-0.0723961968167485
-0.00769925571875308
-0.147678049446179
-0.0586834859828398
0.0829710978661252
0.0461799693765619
-0.0530110741228768
-0.0644627342078562
0.00070881267046706
0.0457003119018453
0.0473914830213121
0.0149668196522438
-0.0923276792295159
-0.00962170778194662
-0.00115074066341148
0.0798160055996164
-0.0545463760950335
0.00706893837736514
0.0273472331141472
-0.0940945933123011
0.114419247271529
-0.0222660401637459
0.130497761600874
0.111590312506035
-0.00490400286933934
0.0595008340227326
0.107980681443714
0.0581371287163303
-0.0107960499332641
0.0284580166474516
0.0558160365406549
0.103790806619147
-0.110680796851996
-0.0196969262383822
0.0636725762363186
0.102229853324362
-0.00652318445087364
0.0784010595156568
0.0433152961075182
0.11456834370372
-0.0816011225748038
0.0879308444100799
0.0116140264964744
0.143094095513921
0.140481672705665
0.0586005143279
0.0521956164974137
-0.077505017230887
0.149205455869973
0.0318034390270461
0.151668671508678
0.109840433741041
0.0880167994512651
0.0527925488986559
-0.0165953480637735
0.150585797576174
0.189621531268434
0.131189715500917
0.10119384834478
0.0989244604135724
0.235929392309282
0.02738253996417
0.173056365790535
0.185641135631971
0.115607049648035
0.242017951883637
0.0620999966599043
0.255248317522902
0.119388066898761
0.0197799653181209
0.19807218444151
0.102756134581675
0.154360853527686
0.34571489787522
0.0265325599628566
0.111113187275809
0.283264609545775
0.0167834015001738
-0.0107432129647096
0.116275461977611
-0.0443786338981861
0.222899991653284
0.214980267231072
0.14510875994028
0.0403953341671826
0.243227148592268
0.170670636448185
0.1133703868892
0.195108763883873
0.182791034511241
-0.046433841006472
0.149331575258416
-0.104552035029991
0.0781518334917592
0.199033175125527
0.228449707154006
0.247801427848628
0.334391122723178
0.163143118510493
0.334903140363443
0.217123206773969
0.200129242690673
0.166374241705855
0.179040211014251
0.102712413376087
0.138931811138153
0.159980994521564
0.197718178876052
0.198612758235792
0.25357002097584
0.187329896204051
0.195660188975128
0.231555328282711
0.112262335196323
0.281688738909473
0.232732248785416
0.281488228207658
0.253920387088457
0.194634683777581
0.36811786266929
0.159826652049158
0.371626869029667
0.339456639100821
0.0941171024585721
0.210298081699311
0.416546500128559
0.196221451917188
0.376040860371062
0.100543113581725
0.171458706673457
0.360074476245904
0.227336363404634
0.197442357289655
0.308750208006036
0.24748974597595
0.215778418004311
0.299470911811382
0.199751087662864
0.201604553928063
0.276498882720352
0.38966556508474
0.339027825567345
0.200696078424217
0.178253475487897
0.265748818855108
0.269319572983619
0.332382587557904
0.229154073734318
0.299359075354781
0.215190785276489
0.2050721183294
0.178999016009282
0.334195551710776
0.321235014853889
0.324944097693143
0.25523671365184
0.143584406619662
0.292537888797841
0.366937755318067
0.231337285307978
0.439257199283319
0.276180632270884
0.373304841363462
0.275618921455776
0.289617864818851
0.289009316265838
0.288176680687526
0.324167415706322
0.147787644041764
0.202771374588283
0.525230012115856
0.34532701117568
0.305734466396597
0.38957009664889
0.274840989457083
0.370457690773026
0.185547352858988
0.260250058672205
0.456668719684957
0.325712990329715
0.186256865640297
0.369770202684673
0.207778131144039
0.287326630268404
0.326332939386866
0.327057284005211
0.325825094542538
0.318194149583961
0.295939809045943
0.250975557246738
0.29432223735386
0.29340976082148
0.391730958852386
0.332334094879336
0.339748765271096
0.200946907613224
0.360516039921611
0.314628148344896
0.437102377224852
0.35448581259618
0.311692218542081
0.386502573875986
0.338862027015719
0.305493079677454
0.370010199266132
0.471322648584601
0.431744434495021
0.52830946280747
0.360634752835055
0.294026235674752
0.616431541178767
0.333952423732089
0.331650436350068
0.497255220465045
0.43308908403585
0.360720478727179
0.367359253815277
0.415420461304608
0.478538742800654
0.378642583309232
0.415718357063125
0.304219329578818
0.207023292473919
0.386316926966538
0.418389996198219
0.333123728271365
0.582805711531453
0.402321163994339
0.450499623994067
0.473707290086934
0.442515559479306
0.514658876232453
0.381998992496915
0.46786110585053
0.346830209420284
0.349318021239823
0.350662194867835
0.408610467584758
0.356627015009828
0.441896342638101
0.467423486223073
0.468195846729816
0.443602573600056
0.354458344268172
0.240734380664292
0.582287202006745
0.464886336036082
0.55006381870246
0.482282671780422
0.480019068130486
0.462278162352351
0.433842420998695
0.491801955916839
0.472327552316574
0.408620396485506
0.425273829228966
0.493502393549631
0.415977616814868
0.469217724257182
0.488478215166503
0.479571028864605
0.570297605377582
0.500901809931204
0.482654995045609
0.564256564555338
0.453712883117238
0.605160369872575
0.335328120675243
0.413959126520864
0.68077805105538
0.556544972896385
0.488094540287739
0.434244966638862
0.595275939850497
0.518358347211621
0.438899882147695
0.476901241559498
0.549706805319703
0.61692586745438
0.534743910451525
0.426769310360183
0.557357880083353
0.500445368917602
0.477378713556789
0.759613341604343
0.425314158446321
0.578785914541407
0.605303665435921
0.520842209417793
0.569191182857573
0.605927143234968
0.65939874918862
0.615168032131492
0.704997885483168
0.542828103378922
0.564415321915995
0.586237654969856
0.466010431252007
0.517436100662758
0.594245560469573
0.712513230951123
0.532119153538911
0.626717693608594
0.591367550740012
0.469334482507025
0.548746661328619
0.525412048339932
0.61909213497259
0.62906621957374
0.544234043768205
0.456716829166658
0.65607316787529
0.673948076471593
0.62640643319712
0.671889727816877
0.723885660735119
0.604638083030218
0.577413591651204
0.716445635177729
0.67124356116714
0.62011275021312
0.596732299686409
0.637626625390018
0.539038049589277
0.565887048465107
0.648532707429709
0.549952751594082
0.651836525735097
0.547525292333171
0.521051462586705
0.717388790745044
0.579698470189497
0.567255445882801
0.783409939078489
0.428004172779022
0.587552436039462
0.650519071878302
0.697615836357396
0.592365027789319
0.6513343740909
0.67130794485062
0.553829718795151
0.725490233255879
0.60949806241396
0.77125524513753
0.638745993167568
0.567132092871148
0.724690694211396
0.736534259087474
0.635734950638921
0.733608878040559
0.724999138136555
0.512418400110817
0.823294821450865
0.647667558442602
0.74445897766039
0.775735667874597
0.597761445382643
0.79557783275097
0.758464473295201
0.62105862107595
0.766316233283693
0.656609412861497
0.53229710700925
0.699368787952629
0.620563223613407
0.799251000943865
0.727578311833931
0.568457573253066
0.632040458376819
0.618007369423585
0.831122443677744
0.8209994439839
0.729239745061693
0.614240651174116
0.657597219042906
0.580769751365357
0.66570255273425
0.618587082341337
0.598760916374429
0.742230166054961
0.750549632855728
0.754380235290526
0.625881932939604
0.570940667947344
0.87703507247585
0.703941455726741
0.767687191334403
0.728870831639466
0.728065986549477
0.763486750995821
0.59254755048582
0.737825039088021
0.905996546015938
0.871657244088617
0.710979665100427
0.888045554496927
0.82076926293312
0.670221735975106
0.750820973124172
0.850324280372518
0.788479381054036
0.826540342730489
0.679245073632511
0.733358769916653
0.770763508221874
0.671228871533259
0.900834183663023
0.813608113971446
0.618161026415781
0.701644286988143
0.747954474228187
0.865385690900863
0.73389636120427
0.820669327315033
0.847107379828835
0.775385523763901
0.621261838040344
0.87633540952353
0.798369961091482
0.724953180539533
0.811248249991288
0.735191982666296
0.932083555688227
0.771672234828423
0.900740843715778
0.749739604024559
0.657036153740965
0.745671455793415
0.77377462196752
0.782656871063313
0.802442270022267
0.761998749940165
0.767919852625868
0.927156882138758
0.908930520143321
0.93501596457042
0.788666028475318
0.919302528423997
0.893226620288571
0.881636117457093
0.946235817014589
0.750798782192467
0.973132423534018
0.878539434074649
0.757053123941142
0.859248704294125
0.782595292564473
0.823866323233693
0.881283522828904
0.934608068413785
0.887820224586535
0.89012769244067
0.966912783872478
0.804664801416006
0.871343827384868
0.800649876101344
1.03898880793304
0.83294598809222
0.792898174802208
0.933295774628223
1.03369865232817
0.785851589490665
0.879836531477113
0.721215071882059
0.984544511921406
0.84508076167222
0.97010013805267
0.83824881485722
0.822992502894429
1.05428813137567
0.920517477815169
0.944209960096096
0.670607440988223
0.916926990528487
0.905035841597289
0.895110219249295
1.08017102640204
1.04746243885526
0.81005008710153
0.924242310175161
0.93670970448217
0.953276943363273
1.06097744080671
0.984531601388756
1.07617347678813
0.956818651030075
0.946046374433319
0.833788438474106
1.00422690728956
0.924079961834242
0.896760236006203
1.00974547748247
0.982030337260651
0.858613863655619
0.971737920469494
0.872498950726478
0.834930145594152
1.11871594558061
0.84087266161189
0.871248416667459
1.02038288214133
0.949501679644929
0.844966354424909
0.897578635580823
0.971986040741486
0.990042874468398
0.8591671287431
0.979536489161704
0.876633252202724
0.931342617931016
1.00743717826717
0.921605366052119
0.884278943833482
0.946320413947055
0.924177079412665
0.991393316548451
1.03586540980284
