-1.08532674849705
-0.93491279716496
-0.878623795643767
-0.953867881085156
-0.949789485398414
-1.08979767586576
-0.96707314814366
-0.968128742873339
-1.11218313460722
-0.886713729278535
-0.925685377931229
-1.06621372194295
-1.09903906635945
-0.953667982958767
-0.985337738151345
-1.05332472732721
-1.03224081392889
-0.956271948529664
-0.875452771981628
-0.991676760000902
-0.832974636016267
-0.902630517152366
-0.877901515229326
-0.89031334321878
-0.892180549826179
-1.02297635115045
-0.919155931964105
-1.05550035222569
-0.963776630614353
-0.943499293493761
-0.826673395054141
-0.845245303135305
-1.18641881305463
-0.90080958321179
-1.02825578415587
-0.922428677536535
-0.998359016227916
-0.913635938013316
-1.08931145341841
-0.90480986083182
-0.789819510954253
-0.948105311958164
-0.936000283967623
-1.01463477026771
-0.880901762328026
-0.926867511844903
-0.891639702632369
-0.93866648128039
-0.898028510771987
-0.930082189658882
-0.961178571743144
-0.858110968102446
-0.854004222389287
-0.831763869659773
-0.764833170683557
-0.813226562467599
-1.03559861305686
-0.771715759570768
-0.804891417832526
-0.742283313228722
-0.981827906601258
-0.808370121616358
-0.921801554139369
-0.780229766597307
-0.878636888423506
-1.00988740042742
-0.771080133483
-0.83310392801606
-0.779063791677813
-0.693976927400213
-0.689968443668852
-0.731740898694151
-0.856589079862294
-0.985018948296551
-0.767980632738413
-0.920879054100818
-0.822961367370625
-0.94236836106074
-0.788108006350042
-0.868285286527274
-0.812100652101803
-0.819720430267176
-0.976465929667778
-0.816246885522451
-0.785226772132203
-0.754396716618504
-1.01806176190973
-0.881156287580467
-0.871874733665305
-0.74272393440479
-0.633817687547085
-0.672099133599717
-0.780943400666837
-0.926297870742282
-0.75232372086167
-0.754629675537613
-0.896827523037037
-0.854350314351241
-0.789960737873084
-0.812847766412012
-0.826215723279641
-0.819890622407999
-0.838915163821058
-0.851044525071438
-0.782877607455357
-0.722529868129026
-0.869128246414004
-0.708664946756054
-0.746486649003238
-0.830469208690184
-0.625342098165744
-0.973304660047265
-0.711461262029317
-0.829178074327105
-0.762429947401935
-0.792627756760785
-0.867657946526588
-0.716804124586053
-0.746248685677839
-0.706940067996394
-0.776593284482875
-0.773921744044495
-0.784144064421889
-0.639705675870325
-0.730483098067161
-0.782693245659339
-0.562432750413881
-0.689240458486977
-0.808464336064339
-0.732282113305905
-0.504581508445356
-0.658958777534182
-0.78534994487465
-0.806407061430089
-0.667926833072111
-0.728989865937697
-0.649788954547241
-0.589868981418634
-0.719798442857963
-0.850129539221831
-0.717229411416902
-0.711112185586816
-0.58923324902543
-0.669944347938061
-0.677726090665884
-0.654626484647442
-0.605171769184601
-0.700168964154172
-0.826138901204971
-0.690953180953698
-0.76731712346509
-0.728699633718436
-0.684024087075172
-0.774437775085704
-0.518973285874242
-0.63373836714239
-0.770696156483398
-0.7266839660614
-0.655906127896526
-0.731721465677902
-0.753502900294088
-0.52793288815576
-0.6851718440189
-0.598875158103287
-0.836857562482558
-0.694778307016214
-0.667967192297603
-0.607907774748818
-0.631554342329714
-0.743506139565043
-0.761142644309895
-0.549329040094017
-0.684170643860684
-0.65756246460112
-0.468513067561344
-0.724004151439821
-0.594575900109432
-0.719548643605955
-0.548837024600688
-0.513101997896188
-0.57853776136452
-0.743362514471418
-0.523726510472716
-0.582307109909593
-0.585214630417372
-0.520846248352094
-0.713537537726577
-0.681646204631892
-0.676471472384546
-0.741485040978773
-0.656387645248933
-0.760891374770286
-0.585241950223161
-0.639722786072328
-0.435756408558743
-0.557452022111203
-0.611076438488824
-0.593257991301002
-0.56501568809303
-0.600121640977229
-0.581129727956272
-0.61820204617202
-0.638804153450451
-0.510043075845352
-0.429562353876974
-0.536776508887254
-0.691760488728941
-0.455537194358146
-0.568120682002627
-0.482990107037903
-0.573447878648073
-0.699942191277755
-0.55210551387371
-0.538603777780682
-0.589411745242966
-0.431623197305371
-0.447303786975694
-0.551207104471376
-0.657078551779194
-0.643110807910001
-0.616575990733994
-0.585308750623627
-0.619440748398459
-0.628176039442952
-0.553970726720706
-0.525963537054677
-0.64513854362904
-0.606289175053395
-0.577615719604052
-0.585197085806053
-0.659484628012323
-0.563716786451616
-0.51436913667876
-0.378279338314066
-0.591889409022892
-0.566197986358729
-0.249015375174823
-0.553856860471902
-0.465846276589459
-0.574595776246695
-0.587883489141718
-0.810182299323345
-0.513494158982047
-0.474178023571787
-0.51415597108258
-0.603830978277184
-0.495571273031241
-0.480003562028628
-0.529013169717741
-0.513847255696754
-0.405400811209971
-0.357599524144526
-0.587231565830763
-0.519086392130245
-0.388663513737954
-0.449655390203646
-0.491954845505596
-0.358722759980491
-0.451033771199765
-0.568022895665353
-0.489682974537007
-0.597419057069517
-0.489743045773501
-0.446556044083988
-0.461527269860882
-0.419780150671631
-0.556708615565015
-0.607841539201314
-0.313344750275668
-0.412048962981955
-0.377290199098246
-0.36900228363396
-0.405349326094213
-0.423975131202718
-0.363989887915081
-0.49811219152833
-0.442245488889545
-0.648123238205557
-0.484109231800445
-0.556319425537081
-0.485720459692369
-0.440539228372964
-0.406541816427243
-0.429298877313319
-0.487487770652103
-0.256481381006317
-0.351014160341449
-0.451446305336241
-0.433360561202121
-0.319993921617188
-0.418863777084964
-0.489765750587144
-0.298972970282412
-0.469125840011494
-0.382621970297927
-0.316173643011905
-0.435406481141892
-0.313508905274821
-0.405463014497123
-0.315922435652855
-0.400960158551134
-0.441675539939362
-0.373143236218947
-0.226020025034796
-0.155703765055036
-0.42179294980534
-0.36135304422844
-0.372053060753072
-0.427941657125795
-0.429777121403699
-0.303970817904444
-0.398402215019089
-0.159393345350941
-0.329564372652228
-0.283371304592968
-0.542511121942875
-0.363042304468253
-0.324387404721891
-0.456697762062937
-0.256434045987012
-0.381235778769121
-0.348606653837571
-0.34417083636845
-0.337834003820999
-0.343470408908336
-0.416128024137692
-0.359122082061211
-0.440644064044231
-0.322224780969826
-0.301987136955947
-0.382922978566651
-0.447021314740377
-0.347905640045566
-0.384269841774997
-0.371202000162563
-0.322465859558084
-0.422836507478633
-0.276124595677421
-0.261164590958189
-0.275809861886187
-0.358457943242857
-0.32898768336108
-0.42198213247214
-0.366490512107015
-0.386734369397703
-0.285298930136408
-0.37206186941514
-0.197971029485488
-0.253147812158458
-0.233917521306542
-0.360558855133408
-0.22208805724871
-0.198977081364928
-0.341618990342566
-0.320917366337922
-0.164651259201001
-0.212674080874682
-0.20023989934396
-0.408144766640652
-0.184991150405251
-0.211806656150359
-0.293071548650481
-0.216162028175896
-0.163931617320853
-0.307784762799641
-0.276038190183988
-0.200326499447085
-0.187915559491286
-0.389906239116055
-0.316943854729093
-0.257315776120696
-0.429172735265287
-0.304119645769256
-0.254917254862026
-0.407827030316857
-0.151991424759776
-0.250486911625281
-0.142642548883341
-0.199849581863485
-0.334094293097472
-0.30465755183085
-0.230655434405102
-0.341270456451728
-0.31334989689653
-0.218904818910438
-0.233312245973418
-0.321250606563245
-0.216733892114495
-0.295850405170186
-0.122075991247639
-0.234829614813917
-0.22801813464334
-0.158592247297346
-0.0785570146624443
-0.123103971737578
-0.116081844335601
-0.10156037062884
-0.301893018513494
-0.188234158976702
-0.290053272335602
-0.333819931468993
-0.087595494896421
-0.292502811996803
-0.0983286036736116
-0.167603546116496
-0.195811724700726
-0.174140582671336
-0.120013323245261
-0.135702658724513
-0.28424886264745
-0.213604503424629
-0.119567181484844
-0.0709036092800053
-0.153149991323756
-0.220429916963397
-0.0884690946784251
-0.199455557481402
-0.280886519952393
-0.160604106142695
-0.164029406725037
-0.13884706518979
-0.231758176702842
-0.123986189775858
-0.141143831922368
-0.274531844836105
-0.0736943793628859
-0.143496471647328
-0.249551345197131
-0.199003223725126
-0.161385066665461
-0.128474429807009
-0.1838342064648
-0.103449241576494
-0.181539281105945
-0.166272312061817
-0.0435028114912293
0.023387386912968
-0.107968507002292
-0.0324974834767199
-0.252430260191747
-0.142122034552598
-0.219519045226796
-0.116654178655017
-0.0795322297546548
-0.213007179037382
-0.0322614191703422
-0.0209546166281004
-0.19868369323226
-0.250363817268489
-0.299811899507522
-0.1037061418738
-0.11045228332785
-0.184491156314952
0.0049941816600533
-0.049225464958755
-0.107344295162879
-0.0725908450709982
-0.0215824836560768
-0.147591826150176
-0.149807923108792
-0.106630665308471
0.0146212227664759
-0.0431127365420878
-0.0891561162597038
-0.0796218385993733
-0.00348812524415529
-0.035448758844215
0.102536503904424
-0.221519479156979
-0.21067979510496
-0.09105421982164
0.0202104328511677
-0.122100732592803
-0.075976572598361
-0.0969102883752444
-0.0720064605912683
-0.0759950474984162
-0.00956340026408314
0.0791104414878393
-0.183232501017429
0.0508612465535642
-0.189683776980473
-0.0858118030647739
-0.202515903623968
-0.0248597779970253
0.0796016511181264
-0.108190589907255
-0.0839938546680807
0.00673471293348589
-0.0347642930933386
-0.0272847459440596
-0.0311580177711671
-0.140825595060027
-0.0312062366304114
0.104210699136356
0.148278187307855
-0.11867885193465
0.0294876699319146
-0.0349525786460779
0.143321749572853
0.0379484441570586
-0.00136975639774495
-0.121215849588528
0.0801881372949417
-0.0321500516924381
0.0698894273103724
-0.0246586308275014
-0.0171932857930628
-0.0664869891218622
-0.0373795928217598
-0.135980708546294
-0.144401885879587
-0.0258716240104582
0.0123231698595201
0.0754371049958975
-0.0421176854967231
0.0343922073446024
0.14342310445292
0.118651947154953
-0.0220700301339549
0.057800264398864
0.0799540827238123
0.0462893248117997
0.0951465198455346
0.123638579206159
-0.0316718644413014
0.0525699982278088
0.0659989007607433
0.0804602884667613
0.0530049788912728
0.0385873338751459
0.141001016568535
0.217585669706924
0.136889520271059
0.145695727441282
-0.0125460166865385
0.187521623928457
-0.00710461735184461
0.0746212763110325
0.12674567914143
0.0314989958609324
-0.125637937403375
-0.136667683177474
0.0688512759922034
0.101105761665576
0.234117142008835
-0.0146593480728818
0.0393058111520109
0.121974835483415
0.135675202779731
0.142641385745222
0.0803798446456545
0.124986960948654
0.221459114824154
0.0124553594317526
0.010642991472686
0.266776520465358
-0.0499366949247657
0.135561875350126
0.216027016302903
0.0944940813420136
0.10343946479968
0.22456828544393
0.264606620604774
0.170160079474683
0.0972204015058947
0.137798653678589
0.0949395407503964
0.222055098488781
0.160680268291257
0.0773245304615148
0.288080786019138
0.0247064561177684
0.0943077368478073
0.200851207773562
0.122795335266907
0.147606125760838
0.0974210923584444
0.0865113070278438
0.137662253857648
0.133854269785233
0.0507881247506633
0.278323991203597
0.201106990259833
0.261468634843827
0.0324733403885092
0.0348277866174023
0.218347685821183
0.00365947879376026
0.32025666079936
0.160852239581084
0.197686137671675
0.188851322225947
0.241285431851723
0.238671487171186
0.158439912377764
0.154104374366424
0.152285038933664
0.207384609009618
0.317386932859178
0.298370615855044
0.119215459292051
0.164079365553843
0.147354280071998
0.23722654898168
0.308475998601633
0.212478957650889
0.192616781206512
0.145832973952705
0.278165229728489
0.273353494093171
0.240353419754148
0.224736691501626
0.140432225777706
0.290032383213505
0.246811030293146
0.15297041749456
0.133866887618049
0.264907746647837
0.236049349717483
0.189445943571065
0.260538108443788
0.204229840359764
0.224761191923388
0.250027048379239
0.202207312073899
0.169191943193059
0.290829298494362
0.35831923519876
0.302719875007625
0.356698911878973
0.257232941648527
0.337998028625982
0.234821244145275
0.0249999534908129
0.164653669694107
0.388065252511424
0.0555486471431589
0.266257157144679
0.205243189399331
0.257197964677568
0.430915206257536
0.370173101915037
0.40502436934374
0.33303369563539
0.272040507113149
0.265139712222365
0.277062395154314
0.281511107917723
0.348116926143784
0.516893935274994
0.425098853288494
0.300866137260084
0.170103740713514
0.214602903037509
0.21588652331405
0.413863443340457
0.281992891264775
0.276131549884703
0.266571286702108
0.373226663798853
0.297714596135908
0.359197216966148
0.351294590316117
0.249586208369733
0.280151701395543
0.323294093149657
0.356663260113804
0.296625579388116
0.22627881827706
0.214046722204211
0.34958220259705
0.340296466829463
0.222914501648147
0.518822300812837
0.320255375574136
0.246209017893722
0.380936841051267
0.311196865738779
0.336800828092793
0.464826913840429
0.382498143276769
0.419359813855522
0.118749384873241
0.329269675074555
0.504891184298734
0.267726632736784
0.408504789239625
0.478353753088176
0.380939277886494
0.415607138552064
0.278877204692316
0.347417846593588
0.273480248127418
0.403037336759603
0.533027058833512
0.247366785468929
0.271105256138685
0.372743203816155
0.354434433426037
0.4185075943485
0.361265267309879
0.378501397929862
0.407029852066978
0.28771041612068
0.477239543524985
0.401756476083366
0.401301756645601
0.298131905175603
0.417061135047102
0.330502283389187
0.366480776495026
0.431585172850759
0.439835888507038
0.483183304590278
0.43861786033344
0.381752187972145
0.463333007376351
0.655144617737152
0.542966957298181
0.391127967901402
0.402379949544746
0.438587116786215
0.486058031578301
0.489606620878512
0.424924716527232
0.360415767959229
0.348545453226225
0.609603618359071
0.490075553306661
0.59895525228732
0.276366791835607
0.537891063480127
0.454403154919492
0.385289307964652
0.529911169646696
0.447100235551638
0.445652238424437
0.41121581096008
0.463686651485672
0.552130224235201
0.503740061818562
0.478313722014256
0.557137248034975
0.378287852791381
0.446164280101877
0.41828287842296
0.564237959081601
0.403790667756283
0.414446651048107
0.437862587899519
0.420357608664525
0.44416071502785
0.484333875291636
0.345087302947739
0.506340946687794
0.605209381353575
0.577562800961945
0.615370527276818
0.501955300624054
0.550255911080798
0.471314209600777
0.497256794223822
0.530782946168012
0.719267640099731
0.521351232716791
0.52864355728948
0.472073254236814
0.530235449998405
0.565100614948044
0.513166223022243
0.521154192609257
0.596650184465852
0.597059564639345
0.737596602067786
0.654469749487235
0.466543539423764
0.415710710515971
0.717262514794545
0.473283725370324
0.455696834435684
0.613355864779207
0.506917092505525
0.605275656726544
0.565429487887254
0.633901321398088
0.626705052872974
0.621401575076333
0.685597119844693
0.609711051996777
0.545542129279427
0.587458713912768
0.585433447214952
0.463424762693588
0.661872103658994
0.622768758300496
0.624436424314881
0.687096359855343
0.611813204736093
0.488420210946395
0.515825665327348
0.619082230473739
0.557239723937559
0.524688690207386
0.508818555152055
0.622725398715319
0.644636776963645
0.686320276638627
0.588546710092418
0.545961636015783
0.797688720390033
0.620484669803877
0.704133901337528
0.666373099833195
0.718012618005603
0.630115398609317
0.681888080913866
0.514164290338683
0.692728881520605
0.584924603214969
0.480585799072762
0.637923050409843
0.417405937742447
0.476651501109058
0.80968439028363
0.559687137679599
0.796260283064077
0.739117951074924
0.587765296102569
0.547785078038892
0.602934327686137
0.69099212112265
0.74688179196288
0.536834953517449
0.711527484590553
0.438384026254001
0.724838115192655
0.722252488765252
0.664740830491087
0.693747995030882
0.828149266970776
0.644629674499767
0.804583912322473
0.692206002963821
0.568689088551394
0.633840730041544
0.732772756800068
0.729212654398982
0.663727336717976
0.759116078054487
0.597358240002385
0.601766720942309
0.667256321715019
0.667424182671788
0.539067180134084
0.706668857813504
0.670156289393504
0.751202522485982
0.636541204015328
0.696144954724112
0.726529246121385
0.794595756523563
0.694170869601595
0.56293786717375
0.674178190546852
0.743399034314094
0.620513246214973
0.594532913450632
0.67045642088121
0.780409986042708
0.865142668252238
0.686177938326445
0.657376798218974
0.747808668221195
0.676490325338984
0.638194257786594
0.745405867619741
0.778099685953964
0.742141603563508
0.749447099293031
0.966763561021649
0.710796792357898
0.889586222105049
0.825227073381598
0.470472589681064
0.696784716533823
0.873473923599363
0.779074444087519
0.77200984407105
0.831377468817851
0.619126767762048
0.703411537047409
0.792053227155906
0.664631179770385
0.785756426772439
0.884470530353867
0.840131385006949
0.7784251524904
0.724509990125343
0.958446148512283
0.974024661161407
0.627129459857448
0.984306344256812
0.92571018264807
0.739460023932827
0.761511175757928
0.841321054988127
0.961154156902857
0.7813652671287
0.861206325163424
0.865064112762754
0.900222658528176
0.893239370378886
0.901851613707818
0.771789566188693
0.801972167537376
0.920339098588682
0.929502970212674
0.842792661514716
0.902602948911353
0.819477092863316
0.687600740992431
0.851623173727943
0.779149497911593
0.936237973613931
0.795653546896964
0.7383277789942
0.78535106820678
0.880263239513979
0.932100614924588
0.842387789419065
0.730222694384702
0.933972511102766
0.850914565936504
0.950366441619978
0.952096565758047
0.895984687987504
0.796426668842453
0.926999431796144
0.75763056131193
0.698490532200415
1.02737488878596
0.95801373540906
0.842175475447471
0.786084410475112
1.05105331181181
0.910845168631657
0.891524160356996
0.928556645586314
0.849337553662614
0.87269001808168
0.952172071075687
0.933652397776611
0.942459128607774
0.757123588041513
0.896627552915376
0.86038499349381
0.861772507336778
1.07935791559297
0.88749416630777
0.894786246477224
0.870893004258298
1.04223060778278
0.910442518208571
0.870333618965314
1.01456486699161
0.987227110805545
0.983452070034976
0.840539738707187
0.929234297497391
0.761533221361899
0.940498696785164
0.859040458306084
0.961266549452813
0.922824950962873
0.822657893196178
1.05174161819365
1.05061101721012
0.920174527917266
0.879968459981236
0.765751968703485
1.08014923088382
1.04738431732883
0.984933402734447
1.05076400187779
1.01987559518744
0.848173561789054
0.978008696800842
0.843669090903646
1.00801289450498
0.851267432977093
0.979599684654332
0.932044673929636
0.947528589679708
0.917216426159318
1.09596468888813
0.99553830072906
1.00104516515208
1.04714031983015
0.971821348030919
