-1.06534873286626
-0.987832271562022
-0.981830775763241
-0.932102272580501
-0.912608289254111
-1.09280811761994
-1.06267721625342
-1.11260787701656
-1.07733114750415
-1.08963746736034
-0.910728230205006
-1.02376845558901
-0.934404872257043
-0.960994158900283
-1.03344882713803
-0.995210718106408
-1.05102981454119
-0.956810678054795
-0.836587991799269
-1.07562353500205
-0.866134433963411
-0.943640872052386
-0.987451008485221
-0.907021917736236
-0.908467954999664
-0.887736600450538
-0.925371814765123
-0.823048000051443
-1.00502916024854
-0.844424421940792
-0.948333359644543
-0.770019598263007
-0.998858521475687
-0.735175793380275
-0.979888066699869
-1.0212546921873
-0.924033774419044
-0.880240647627866
-0.745776134650409
-0.851685548294871
-0.865721223029795
-1.0362558227039
-1.01955151850514
-0.719891067748249
-0.816864052617137
-1.08327033246054
-0.916217253337125
-0.774010576880857
-0.758836312902346
-0.908279398045759
-0.950925761427959
-0.963113378923743
-0.956838064100871
-0.913818993880692
-0.976496957636439
-0.951126445837605
-0.869691900740508
-1.03297509099734
-0.841415473293866
-0.903818598970706
-0.897692644044171
-0.782404002416541
-0.948363405393432
-0.876869204762804
-0.881950413831038
-0.772875946223502
-0.893333654765063
-0.863675858677058
-0.861109677845198
-0.872988607428668
-0.92833138669143
-0.851248107794302
-0.782002602445797
-0.773147685911207
-0.683206367153527
-0.802738680601789
-0.779149615833274
-0.816856100066523
-1.02997870288211
-0.864266302428355
-0.823411116371252
-0.881071540622071
-0.755051168451021
-0.750279692229731
-0.837169424106451
-0.961663828633421
-0.728065304112069
-1.00539416345532
-0.804941120328067
-0.794723087630833
-0.957582874601193
-0.904533175292979
-0.752716304250496
-0.883861511939586
-0.933014989354474
-0.82160174889996
-0.777918037202818
-0.897697595252639
-0.698098645798935
-0.771790316566542
-0.802499460847242
-0.733168557920505
-0.794326013817393
-0.900727321358399
-0.900362243196407
-0.783377928378554
-0.882810788093213
-0.758945688947018
-0.797244962238023
-0.920547332909745
-0.692079196638078
-0.73318430162436
-0.80900695234101
-0.768125893996777
-0.793182005267891
-0.765958326101988
-0.71169733437351
-0.788461302113892
-0.702620242734444
-0.79902573591596
-0.840701541446229
-0.882129153200266
-0.664568745710966
-0.737445369725655
-0.687189939525966
-0.686939017073099
-0.831933887116654
-0.896323067871223
-0.798698402777204
-0.723550979177653
-0.821428197290733
-0.674178733818441
-0.648048163248776
-0.788948025001582
-0.69022184685777
-0.698480252955765
-0.849289461790647
-0.826188455709674
-0.71324992447685
-0.661303879303375
-0.768807189226928
-0.751092754029174
-0.742141550056009
-0.776047597302053
-0.765876078773802
-0.881655439050746
-0.664952531718595
-0.753868065997518
-0.733069470327118
-0.700456531316017
-0.738919151624145
-0.705134559804901
-0.565503082670576
-0.614974543244411
-0.576762546870109
-0.60756943373203
-0.605022589200538
-0.691405416711153
-0.739537877308206
-0.683965822491176
-0.721201972697664
-0.819442198500974
-0.708332612894606
-0.566968973008819
-0.618196899790144
-0.662414418998566
-0.57416234846971
-0.86232803515828
-0.607393125270276
-0.649935694556803
-0.734091838303761
-0.754575929252694
-0.688029209723935
-0.772703603890069
-0.553236026114712
-0.59520545856037
-0.592703823338764
-0.762499419069788
-0.666474906578657
-0.490149210491655
-0.480156983963912
-0.696646700530409
-0.7372943938413
-0.491416657849747
-0.644000623330671
-0.584190617922081
-0.767320939121005
-0.654463449541228
-0.716153121364049
-0.635222528123934
-0.671562066569812
-0.601211370245836
-0.481704276710054
-0.75358158912795
-0.673620971070043
-0.594689240721694
-0.674402188596299
-0.709657572242585
-0.598908457114667
-0.721612283660456
-0.592420977277652
-0.664460611434452
-0.503227192177581
-0.638695288066317
-0.671327676477972
-0.619666521673694
-0.459989167066758
-0.624688076823454
-0.678787936608195
-0.663178192107977
-0.605149573508578
-0.565098057711541
-0.535542171387091
-0.535290098497093
-0.615728680670597
-0.642089070463841
-0.572999431064615
-0.554551202568046
-0.456310899288576
-0.591406187449217
-0.614224659551231
-0.7003661584984
-0.394039452652337
-0.472541437896781
-0.502078341965478
-0.575816572193688
-0.533268830263028
-0.581304310278245
-0.426402953284546
-0.679456583254563
-0.653032682966744
-0.56930039702545
-0.449484065693663
-0.424538340982698
-0.432544260587184
-0.672342959079703
-0.294514203984792
-0.511472806861292
-0.526192774538822
-0.473261666484191
-0.531344609683825
-0.550204319052971
-0.404334004274012
-0.465031784272567
-0.518811901446589
-0.480730861918522
-0.554035529189047
-0.435639048221014
-0.350745013232157
-0.627588521939364
-0.565043076103325
-0.557647641662638
-0.520077479925066
-0.559689686641999
-0.48092747338096
-0.370313796415691
-0.529278854524628
-0.460585238752365
-0.573649738671065
-0.592061184574567
-0.271321714127701
-0.432768822547945
-0.434514220803432
-0.629253296476225
-0.446065162624051
-0.334402335713449
-0.436692973959466
-0.409043134143464
-0.511348243367989
-0.476358832925829
-0.553223557534684
-0.382717928650796
-0.505895710036599
-0.488815412286099
-0.41104106065704
-0.410646926090263
-0.531492699766444
-0.356766444176088
-0.488002792215455
-0.455341842701731
-0.416990586297515
-0.457863091723609
-0.562598432680347
-0.487300882957105
-0.231489544021256
-0.370746008567826
-0.398444015399631
-0.374872770494649
-0.51831805502287
-0.334077200304382
-0.578441881065296
-0.3921085716364
-0.395620774405997
-0.175215018479004
-0.432792747583617
-0.413858832968585
-0.388359178983201
-0.520779248120677
-0.4282472342576
-0.466690024906364
-0.333775922539947
-0.518500944840687
-0.494745898466103
-0.369804644631701
-0.466146562815986
-0.345353663639092
-0.437645847880849
-0.336465790365409
-0.475107552920144
-0.400368668234729
-0.504508596905238
-0.339071605660679
-0.396315595440547
-0.255594467751535
-0.446352347120766
-0.223606930841805
-0.576941685321072
-0.143353405321483
-0.305513198230059
-0.309124619653827
-0.370128096631638
-0.29452569568149
-0.279446507609527
-0.483059611442588
-0.276081354528599
-0.341888215784278
-0.301412819937372
-0.487023192648703
-0.262831545630963
-0.49167906172729
-0.325211340173883
-0.407022642252233
-0.302201032220547
-0.524999812400783
-0.22634488321118
-0.299163464307577
-0.168409522786175
-0.351968198016121
-0.240008831543842
-0.330527809991694
-0.26673668107177
-0.239163823889383
-0.315066756261828
-0.342324518288798
-0.211016302580769
-0.13823430802721
-0.32720529433366
-0.345181294000209
-0.362596208415504
-0.323490279723238
-0.204577239322042
-0.191435574842644
-0.218937878911531
-0.330032694230749
-0.147488139132713
-0.310384622257724
-0.248178512906241
-0.26459203334889
-0.299421140599203
-0.272011035662739
-0.226756688232355
-0.392000979436691
-0.243512764339262
-0.368577886812901
-0.310386998799983
-0.260369418373729
-0.331214437145413
-0.165471652738136
-0.305332496202265
-0.306043321132063
-0.179157735442103
-0.126482407855731
-0.368370568193608
-0.22933671089503
-0.269839526794012
-0.227720453112332
-0.269160820920612
-0.24635315973119
-0.293548102761299
-0.26721787926069
-0.147452980699544
-0.201538141113947
-0.391446557765354
-0.156438123958881
-0.221831945077696
-0.132408143772101
-0.18259398240992
-0.31594814775233
-0.162321734037862
-0.320364207691005
-0.193856357320446
-0.223854339097826
-0.324008980542568
-0.255577829137562
-0.241755761572022
-0.130460840818038
-0.248207009499302
-0.25970500549546
-0.30905000050011
-0.135645242191729
-0.0851378396931282
-0.0140541714972514
-0.20244884454129
-0.158043616825041
-0.333123375190814
-0.319227760778899
-0.166907379903764
-0.137564718589623
-0.0775721765995192
-0.249159944568311
-0.190572240869457
-0.0741784274760788
-0.132094361403849
-0.273502953417032
-0.150974778282483
-0.240138037785379
-0.126334128161231
-0.0110854908370593
-0.0905987382009744
-0.139737224025434
-0.104497928407497
-0.115643219328214
-0.0683313479638198
-0.149036760886587
-0.119295231873429
-0.174575875775715
-0.0536150261161253
-0.126338339890024
-0.125536377486037
-0.249982227231027
-0.0269527183624789
-0.170299993698567
-0.140363625590568
-0.181829927114197
-0.118193779327142
-0.166211474093351
-0.294954722666081
-0.0850660015527323
-0.0304886272570848
-0.200610581012094
-0.222443184654359
-0.202992747470975
-0.0713014934224475
-0.0640358859824823
-0.248874674793189
0.0133149753615191
-0.0427022680010039
-0.000820448474805718
-0.262120075848282
-0.0742526761547992
-0.211305393220101
-0.103093431957571
-0.228524444026471
-0.110544649730224
-0.0060291833952209
-0.10075597168951
-0.217132414066223
-0.0890320272323981
-0.0242741220373215
0.00531085945954024
-0.144143628711529
-0.147871093824226
-0.00332036499223783
-0.125249697115208
-0.125776839684513
-0.114747103301826
0.0464171908799185
-0.079981697227659
-0.074804368129092
-0.1393450265862
-0.030655873199448
-0.186043463126309
0.0308534793342465
-0.00608990558801596
0.0352789751323509
-0.0765882800168538
-0.193793215490028
-0.0269361528635419
0.0149693703608242
-0.0724000924678141
-0.144778870106212
0.188369974676484
-0.0734277370709491
0.00777547961778865
-0.143939451683712
-0.0643526988407677
0.0696940323624747
0.041498360237526
-0.0618084133182534
-0.0673154304334173
0.00793925701338587
0.0300637016932226
0.0522501022408591
0.0298324469347491
-0.0932232688741425
-0.00205698964274835
-0.00805206548758868
0.0697101184880161
-0.0515367814215947
0.0292293607220629
0.0189986927745628
-0.0783672148205489
0.100246481222403
-0.00917504300014826
0.136521876388645
0.126155263600781
-0.0295691407774033
0.0599639432507052
0.1130943176732
0.0765497608174356
-0.0024276246525008
0.0342420288874566
0.0358165360755599
0.122416961216778
-0.106161294374412
-0.0319724583698794
0.100033673174062
0.107377683832
-0.0206627821970511
0.0971729413196659
0.0478332687742151
0.121507000377776
-0.0640646952237115
0.0649371142746242
-0.0018673305383627
0.140288792871966
0.145869434338288
0.0426990478731127
0.0464111743376429
-0.0842879479410676
0.140121203722907
0.0294669047404176
0.13845541194295
0.112020388565756
0.0882348358573983
0.0544929945240489
-0.00719412832144024
0.153059079248562
0.174070564506148
0.113512864753457
0.101819553375102
0.0802908974233288
0.250454960430635
0.00594828859641285
0.151505612156183
0.18527999959885
0.126814728956216
0.237329446578658
0.044878921436589
0.24385250713372
0.120004062523954
0.00720574114793716
0.210623577548424
0.103626264132148
0.158326370759489
0.324717368305003
0.0501092723119175
0.106873424589003
0.298653072237722
0.0142705750967039
-0.0118390128591681
0.114824101827742
-0.03483481491898
0.212983731631576
0.202457987676318
0.136611535289032
0.051780376962178
0.238205589416604
0.183254027756137
0.11489602747954
0.161813993632544
0.169903737801808
-0.0361642513372381
0.180595939138231
-0.119190732782621
0.0847604140162836
0.19038548174996
0.189895878635396
0.243944321695118
0.318645596876816
0.18298314709805
0.337303730047248
0.219250414180507
0.183342531001412
0.183850108926674
0.179292571273511
0.124247812647523
0.121380420397988
0.163393452342197
0.201721199272878
0.196975423563496
0.263544457426067
0.175811479149958
0.186436263022916
0.24307357898355
0.109039808902661
0.260282677927115
0.260907111458195
0.285844602706872
0.262409046571563
0.166069340071946
0.351043152291168
0.156651710112404
0.367657724226016
0.33460686605705
0.109975978693262
0.214206051921971
0.414591951367914
0.211452810568568
0.377023430780247
0.0957874206584336
0.18815627917031
0.359879825457124
0.238989864179743
0.224864235280233
0.321794002946373
0.221261696661704
0.239463650227437
0.326395169950494
0.207818300938721
0.178642886580033
0.289852367548745
0.373229213863915
0.344191351692677
0.213877165893522
0.208871902785418
0.269331225027011
0.26771551139413
0.328803572830551
0.227661081486635
0.308752804553659
0.203053364332053
0.212321196458474
0.176484549745628
0.32197562555468
0.313039482547376
0.318560619218646
0.265163707719513
0.133062464149225
0.282791714084393
0.377577261241161
0.244047953560388
0.425730399849405
0.306794894764403
0.371401812507546
0.257700812207291
0.295091452840647
0.291452463161761
0.270232643135177
0.338375548357188
0.164743982871945
0.216068070998282
0.53753281848859
0.356522542411443
0.303248054815818
0.415876193433376
0.263427873613879
0.368371173976575
0.175092651454353
0.246809538215969
0.427032544020276
0.323988908449713
0.199366944368126
0.362526349098214
0.220713984013192
0.286042870943812
0.328033035249938
0.316989475040367
0.311899417037398
0.323337998585995
0.288415528292929
0.269020357819248
0.279292168699985
0.3100897447414
0.365668398522824
0.327648519974023
0.345277133319436
0.202296137721565
0.374691016284428
0.331055177320276
0.42902817283017
0.350256239270031
0.2945687906331
0.36147964802157
0.33278028307166
0.294364718798144
0.387869910645619
0.468179442334742
0.439595049204417
0.52479052665439
0.340961479121086
0.298712378528219
0.612436782488158
0.329028049712787
0.315564833138487
0.512082129035961
0.399937734655274
0.362609105799841
0.356306987533138
0.407769651997566
0.475237798815094
0.403428582199587
0.386882138329505
0.310645969564618
0.234893875389147
0.400595167464363
0.422521311038237
0.33762622390401
0.576926158792692
0.394730723208762
0.439211034624903
0.477299440620892
0.445953389823432
0.494902424269653
0.387480388125001
0.460814503853201
0.346700445384595
0.349658880585041
0.374879602039649
0.413217939113204
0.337822765798717
0.445034702243033
0.46473918757389
0.478077649600249
0.44526276354621
0.331384788568825
0.232354674646475
0.607099042078716
0.449896141704408
0.543824813724898
0.476516790425374
0.487519165891436
0.444581920811358
0.438378681401414
0.467561659527113
0.474238800186981
0.393322719216691
0.418214309250681
0.491577810114336
0.41896427215499
0.474682026815358
0.489749122083896
0.486770423132979
0.562125115171984
0.521842085027431
0.481854049758874
0.561763230110755
0.480158730285142
0.599582460853338
0.33687664790683
0.42739330590624
0.692359633779708
0.555309970459571
0.480635957356901
0.457121047305951
0.600282811000391
0.510828616869163
0.438546831821494
0.463598720652656
0.544014374472733
0.615465387541501
0.526981733108748
0.412028410178998
0.564889931967457
0.493972948063291
0.464995586385431
0.762592784062584
0.444895696950163
0.578945774848365
0.608440026617664
0.524010103229484
0.566835567983612
0.612969144506532
0.643565870557798
0.608565425647427
0.708523689544789
0.543198196374439
0.594244566520256
0.584150193146566
0.458701385568586
0.532313098482991
0.610516506486613
0.708396623610223
0.526370003921401
0.621812398893598
0.612718287345232
0.450132970528209
0.547479038735002
0.509021794200661
0.642488088053412
0.635203419999317
0.549003462186844
0.470394581846385
0.67917206169385
0.677325908312138
0.607342799484861
0.674967493533778
0.750070685392265
0.614390805763954
0.579742440764352
0.701570441639472
0.674941741444687
0.605850776634528
0.608138040595757
0.619717663434321
0.544792578018001
0.577114066869538
0.658471008899448
0.581506917832302
0.643962753613323
0.547891560836859
0.532477817108582
0.695670753341665
0.580980139481187
0.547913086573318
0.778798504165792
0.444232449492276
0.57560175820575
0.640048983677
0.694264404759826
0.593015241182413
0.644970788373393
0.680251539576285
0.566049529532645
0.714867816905635
0.638641184461681
0.765317907184148
0.637483064424874
0.549811083820511
0.727446382334868
0.721887676822692
0.622491324496584
0.739441920495169
0.735154405283186
0.520150698047193
0.820522131433692
0.656457415280915
0.759838813208279
0.768839003644415
0.582679996870624
0.801962349182252
0.776997444121604
0.648169453397085
0.792240704181773
0.644551054810803
0.522038824072813
0.687606989847189
0.635550654596606
0.817893497399612
0.722386039100981
0.596842022781599
0.637614934968501
0.619169534291991
0.813220430555349
0.802993184273526
0.731764985550188
0.618726288957974
0.663007452166312
0.586669185072237
0.677342815230995
0.646683073433504
0.598350674092787
0.747739300836369
0.757523652945534
0.753348443323315
0.629451125993362
0.568939438592275
0.879360036152751
0.705154313981484
0.77541828964674
0.731976967220952
0.711533780687927
0.775218171522963
0.579714669541695
0.737803044170275
0.908426644709861
0.867290648181798
0.695403609462056
0.897027756750039
0.810528331516024
0.655961561010132
0.722785176650591
0.823923100167334
0.798031278249493
0.820718634415761
0.673683416901635
0.710876441232807
0.778000790233865
0.704129857084384
0.903610518601737
0.806436484430842
0.6074895624645
0.686488412119762
0.750038024439393
0.875086359727553
0.75766695457411
0.821340347483768
0.840408473657749
0.808597649102971
0.624600771507921
0.884382643001167
0.81347837482758
0.721012630399487
0.789180275295512
0.746794047334071
0.939645255882121
0.784363426370254
0.911547814769566
0.756889618003186
0.65106831888836
0.755476033375879
0.785310280839061
0.743989096825928
0.79332028674934
0.739025114665504
0.775063499526584
0.919323703646587
0.909266404102672
0.916902570376352
0.789893134785056
0.931659271105954
0.887835205577276
0.851256873271985
0.949836491911112
0.761700110514863
0.9676748200506
0.882090432969767
0.757165713408667
0.874939223630996
0.805812275283543
0.810282313789297
0.852057250058572
0.91625960230465
0.886197950488546
0.90234377154802
0.946813353880584
0.800582847892905
0.867244106162242
0.793822849247469
1.03303417238911
0.824020677265963
0.808186789983682
0.932869836034796
1.0322966874183
0.775029081429422
0.8935675320593
0.747293702353146
0.994829381448087
0.868874856885155
0.97148562451
0.831356762531535
0.839788031484573
1.06010317668873
0.90595003978214
0.945321917204458
0.693354168409885
0.911495264317166
0.927819915494643
0.887568190951041
1.0613570345141
1.05004235007718
0.810122110319696
0.927200854868979
0.925973542682324
0.964324783183479
1.05716302027918
0.998107118131943
1.07950704167762
0.961523354358304
0.945467716863739
0.817590946451652
1.0137325139408
0.937433648709389
0.898160431573986
1.01195961104286
0.965491966534556
0.844116070359009
0.955964113247707
0.878462230352466
0.831623852816736
1.10700017787299
0.843008744093729
0.856326398696116
1.01645350112632
0.96488266543046
0.80722293272423
0.867282193067553
1.00800495610831
0.978633000919593
0.856648230031554
0.969100621742801
0.888636352378273
0.937539603283379
1.02723256766591
0.914656828754636
0.870363788131665
0.942409210173761
0.913802341210492
0.996970422141387
1.05374259151539
