-1.08546127119399
-0.950407888231117
-0.890296572415327
-0.982657314188954
-0.960920384190661
-1.0752958497264
-0.963752714789386
-0.978264256795161
-1.09919648768861
-0.882072036800445
-0.923614571308676
-1.0594184216981
-1.08104677023704
-0.961897788427808
-0.983094965261156
-1.03948516132541
-1.01870086610596
-0.938276763768589
-0.895449868627946
-0.9797188587273
-0.822163229999225
-0.909004306093667
-0.866301608269518
-0.898973637582731
-0.892862774679438
-0.99507011201632
-0.906987872760691
-1.04676405334629
-0.957684323946688
-0.941241835183567
-0.814082192622832
-0.869232354842284
-1.17736643312757
-0.888529969756562
-1.0261142409533
-0.931138587047273
-0.991963544635383
-0.906394446939519
-1.1068770574968
-0.908497144744288
-0.794163486941206
-0.939915070438682
-0.939624418334864
-1.00272895297537
-0.880440635595454
-0.893960332714013
-0.860976402379409
-0.934432943050646
-0.903806282384239
-0.934511043099013
-0.984477500121939
-0.89463329841033
-0.845252136060186
-0.828088819338585
-0.771638340274647
-0.797721046377383
-1.01897285445568
-0.77063592624099
-0.791448480765184
-0.744097629628033
-0.988226761239926
-0.792729192896355
-0.911924549334535
-0.773492188425411
-0.86555128093559
-1.02943839152869
-0.785000491354446
-0.822102722708412
-0.783307520473257
-0.703329647409992
-0.705854566655689
-0.749075121769329
-0.849153189499242
-0.986827740529393
-0.762867875825885
-0.91997381565938
-0.833075330124595
-0.943655949434451
-0.788876454662549
-0.862014334876801
-0.787688232596785
-0.842503627719156
-0.950328029857185
-0.808495477298181
-0.797034933628272
-0.762307933875613
-1.02899726317898
-0.894271103298874
-0.886496977666463
-0.75731556726325
-0.641686493901626
-0.676548979195148
-0.79136890260502
-0.930206009897511
-0.742497379753905
-0.753141134046608
-0.891306520228492
-0.868800161236155
-0.807078754126415
-0.804433039161339
-0.830103848512893
-0.841673654036529
-0.839401191137722
-0.84799368848942
-0.772650401853954
-0.714548323151336
-0.871484756461536
-0.753943935271905
-0.75403866799119
-0.813097670886365
-0.625066820776761
-0.943196222232052
-0.682191135771832
-0.850403370287793
-0.768073836239011
-0.798305155962446
-0.870504117666992
-0.697474705321449
-0.723416270732248
-0.70741202025206
-0.780199546950591
-0.752449563610185
-0.777616726347227
-0.630611278496493
-0.726129408454968
-0.788795435152647
-0.570653768635787
-0.684610551302965
-0.796409049170108
-0.726336023863325
-0.526611686298674
-0.66186463807058
-0.782671071615062
-0.811599778855337
-0.649532463669633
-0.736383715836581
-0.67338621515813
-0.588828754253916
-0.709622918898245
-0.8585220767326
-0.713289539982668
-0.690807237115496
-0.597400586038868
-0.665640116708852
-0.669784761696772
-0.674424163722768
-0.634744479878638
-0.677546542984467
-0.80201268913941
-0.700207735871009
-0.771423277375339
-0.747833913627781
-0.676149894638936
-0.792229587624188
-0.51963653179506
-0.648729250475447
-0.767580228844938
-0.731446374470046
-0.639912151178407
-0.729304266230946
-0.749852932360646
-0.524696527339954
-0.688350695206485
-0.587764536945401
-0.836535900076385
-0.678106191311267
-0.671197229022634
-0.613849389962487
-0.627456015671488
-0.748782803609228
-0.737188345895941
-0.549105651292267
-0.691966721630243
-0.649987736458452
-0.446361134177813
-0.724913514254464
-0.591875008833058
-0.730819428114438
-0.545772002789152
-0.513515618738047
-0.588473751971684
-0.767325854762451
-0.517403884977345
-0.584878712089902
-0.611142198002626
-0.504820114682786
-0.699936833873188
-0.695300780063581
-0.685310608330398
-0.748383554345625
-0.660467493481436
-0.751260197058371
-0.541141207317619
-0.624437186093317
-0.433794580943689
-0.523923144113934
-0.60982999303844
-0.576883915767817
-0.573447754695008
-0.628603351225279
-0.610515948588859
-0.617416941338277
-0.663722777618661
-0.507425370763538
-0.403190465333777
-0.532753197064911
-0.705041205904182
-0.456446125891947
-0.582496221778523
-0.473887306339321
-0.559126081504804
-0.708640158213453
-0.559211094137925
-0.535272473347248
-0.606809508994433
-0.412859048984938
-0.472000194037182
-0.550560334456491
-0.676252355581123
-0.658494540240783
-0.617426796024188
-0.599344880281651
-0.622700849393854
-0.628437180590501
-0.583188406687633
-0.530548007188919
-0.658041443078487
-0.621561700114778
-0.594143433014664
-0.588732405756739
-0.680127599532077
-0.567580361476272
-0.506879901593626
-0.363248765989043
-0.585980709026364
-0.558950288191425
-0.266111596670754
-0.557200581672907
-0.474618943896412
-0.588382715615854
-0.598270318781664
-0.797969396373753
-0.51572084788442
-0.531720726540425
-0.52161626709506
-0.582457165071284
-0.487463309964935
-0.479934620292427
-0.503810340483269
-0.515064761120063
-0.421417797014696
-0.357640431144932
-0.564341567284675
-0.503663512330531
-0.395899836526478
-0.435891273839892
-0.49175035124823
-0.381957275928551
-0.46825604094263
-0.549708773893585
-0.486030819567993
-0.61490026522094
-0.493223495060089
-0.450744141492485
-0.479888196083129
-0.424761864171396
-0.568108602564985
-0.607949171059588
-0.31144545062318
-0.412502360254714
-0.399576567247826
-0.359751381725829
-0.394908535279159
-0.416152844886521
-0.35876629232295
-0.502322583174205
-0.450826830069362
-0.665004746060334
-0.504965738630153
-0.535692587534812
-0.468739684259522
-0.469059803572295
-0.439334329813275
-0.447674519644993
-0.478910520230335
-0.253547276051951
-0.357072481955857
-0.457676573829788
-0.429333196024245
-0.310737236418128
-0.415798512417487
-0.478345439897623
-0.28194039402287
-0.470586393894331
-0.379661767617375
-0.328830753853113
-0.429462211497794
-0.319286130295706
-0.428672511449731
-0.319459649188726
-0.406332040834842
-0.449493352911829
-0.343660174676098
-0.213338592124218
-0.168904231483444
-0.437270989003438
-0.372939270050686
-0.400492368183158
-0.416537749423038
-0.436803986104087
-0.320174927326505
-0.424113368438825
-0.18347237064513
-0.351764913668812
-0.272586942691512
-0.550327160216044
-0.365135486733077
-0.346101237599126
-0.42533556325016
-0.250116240584928
-0.37050564821051
-0.362076422764801
-0.349325937163472
-0.321890593151589
-0.335930135276225
-0.407485059897023
-0.363836848507181
-0.431346164367884
-0.342610594535387
-0.294682061111485
-0.382916234578365
-0.414626375257801
-0.364238047299726
-0.394585153891174
-0.354996339687418
-0.329943512093241
-0.419548505087568
-0.281050749403118
-0.263884398298717
-0.269148217168312
-0.345109684245795
-0.339076371662152
-0.437581991450881
-0.36337287638546
-0.398790168708045
-0.286728028967991
-0.364951621492882
-0.20235907725101
-0.231464165298578
-0.229802958304096
-0.365657999580858
-0.222876994720002
-0.210479743383165
-0.358408761427509
-0.314199859769587
-0.167555899378211
-0.225656737970573
-0.221479258557209
-0.416469171847434
-0.184060197687731
-0.22273883157765
-0.317405610164052
-0.20486332332704
-0.159901735547821
-0.309552076559652
-0.248080225144722
-0.199460044735944
-0.201900777323174
-0.375309704378397
-0.287428558107965
-0.247916052848334
-0.420647046832598
-0.299845791698572
-0.250053132115009
-0.41608637339536
-0.158110706949166
-0.27631493548048
-0.127240516009426
-0.20968296107265
-0.312992096005426
-0.282130766830593
-0.24338950284868
-0.331192220501292
-0.303198933288419
-0.216964707438392
-0.220865531021591
-0.32492841975369
-0.207028238384769
-0.302311414275682
-0.125792217575856
-0.227835909665754
-0.223484168398888
-0.16600528799978
-0.0792499917811141
-0.098407150700396
-0.11144222703573
-0.113049202229758
-0.324579296277481
-0.176724585968794
-0.297822785230274
-0.352412703517861
-0.0968881257120441
-0.288480771371114
-0.0963088316450927
-0.178989329421704
-0.182174564509497
-0.176346661774322
-0.112889011578001
-0.114848471089322
-0.27402065468748
-0.203111489651703
-0.102877449262903
-0.0503938767166459
-0.185304349353954
-0.212912608471011
-0.111377498543847
-0.197282525646482
-0.269833669171936
-0.170723209588066
-0.132817764157945
-0.129250791187868
-0.242845680307988
-0.11819003592143
-0.130279825333148
-0.280256157486973
-0.0670872717336222
-0.144963280250827
-0.245884761246588
-0.164228529096831
-0.175374793604967
-0.130177356973606
-0.168452993267522
-0.111974482876634
-0.186712810986919
-0.177688895169018
-0.0642965715672193
0.00667111261150124
-0.0992218391277981
-0.061530435034681
-0.259112684394632
-0.150194697838658
-0.223679704459064
-0.126106761903069
-0.0927005620403031
-0.20665003992278
-0.0340592150407106
-0.0148102401210613
-0.19912118362955
-0.227817904252743
-0.299403418951087
-0.117643614339274
-0.0977870942043964
-0.196388183222273
0.0225040876560287
-0.0538700088731298
-0.105443291543738
-0.0780535995637543
-0.017991843017378
-0.137314812519704
-0.134106818502689
-0.121680883507813
0.000956699332453543
-0.0424458257068577
-0.0884185367066903
-0.0931281789320049
-0.0187375801725667
-0.0418939965788168
0.0860343636038111
-0.214170673112285
-0.199381099016731
-0.0976738748675932
0.0223329145668424
-0.124791075813364
-0.0550041093258217
-0.0861795319481307
-0.0612990496836436
-0.0924550596470412
-0.00448682977163432
0.0702961911879013
-0.189309347340912
0.0602543257679656
-0.184847629074494
-0.0840481438632912
-0.197589796301272
-0.0419428818144576
0.083732369827649
-0.0979951501514057
-0.0609281614892768
0.00622121272189448
-0.0379477292511398
-0.0129562874889532
-0.0245310235011095
-0.121389919655622
-0.0312377703917865
0.10875558524282
0.16602298303049
-0.127345676184185
-0.00965319562989502
-0.00920088136077928
0.164745522386313
0.0598182146765076
-0.00495110922129379
-0.122625569189157
0.0581721269784963
-0.0491381152989534
0.0555864090928984
-0.0240218962180733
-0.0286204411043998
-0.0559479350560156
-0.0399914712158395
-0.139333062208775
-0.137231387075331
-0.0176269110734858
0.00550845730208277
0.0512822275301627
-0.0534557630849231
0.0323365422407029
0.153993184850071
0.12083148829008
-0.0281679541482165
0.0786268757973906
0.0712677204506579
0.0437732818844726
0.0889614616493237
0.131784901556227
-0.0228866604688155
0.0458088277642909
0.0819973699473871
0.0808442133636933
0.0606192664614652
0.0496261574121646
0.136534889792004
0.217674022877753
0.125489168051119
0.133343250953706
0.00475532270659174
0.181814859712758
-0.0127897570900659
0.0776987622207133
0.14901947846793
0.0229692040384625
-0.101423311650475
-0.115538879202229
0.0723602766767954
0.0852722888113829
0.241274248059101
-0.025477866053342
0.0474313507103453
0.128759248307781
0.141884805429786
0.1388424882767
0.0722480943959927
0.126591926071083
0.227078121190206
0.00262956699104634
0.0295994135711608
0.264543828207427
-0.06139705823436
0.12272830397226
0.216782114742644
0.10066262577526
0.111884184447044
0.235528736635969
0.247769889872319
0.167675391465112
0.0759674291541761
0.123604687542387
0.0774803864829857
0.227232658646021
0.168897779288637
0.0890919422690656
0.275648228885818
0.0199325923851915
0.0718689505472682
0.1839843285226
0.101490026868984
0.164473598520177
0.101549115175217
0.0784209797132509
0.140779087510537
0.140717980527155
0.0483910254689449
0.280058376503206
0.190513677442248
0.254427628361734
0.0110319087092202
0.0396508128452898
0.239542417482331
-0.00600108311297323
0.309099499816035
0.17714906242484
0.193554293992447
0.207038501711482
0.270542128756149
0.228816980407652
0.193848767392776
0.179288204558739
0.149516171506548
0.238340077841197
0.315891559879395
0.27707044324526
0.145698014995154
0.159550994959599
0.154826559968702
0.262133272250647
0.346703193367138
0.220592759248437
0.164654519231404
0.133471678778925
0.27076357974356
0.302630377743457
0.244249362919921
0.230223319287349
0.141890649694
0.265694230696369
0.249299861742511
0.136893604314359
0.125666987452719
0.239006777875568
0.23094626972097
0.198541300381928
0.244200202276421
0.220033642125733
0.216855341460312
0.245272439091539
0.178983249292088
0.162628576262819
0.310153372343187
0.357824009295171
0.295550376555792
0.353127984883697
0.248642364735639
0.333892499323588
0.227640206142648
0.0264728774274681
0.164074130283319
0.388759797054501
0.0511993819904046
0.275645299424313
0.223179969626368
0.25843397804925
0.429720484768642
0.36532217990706
0.403352526492522
0.329383418748795
0.26928929594925
0.250877564622896
0.277317945968066
0.323390790360153
0.361457119303456
0.52071127604203
0.438030066520256
0.28960976993551
0.176038912813117
0.218568693459639
0.200205753111032
0.419444575664202
0.304055678012219
0.258114146682947
0.256854988073025
0.372383178714048
0.300339567075214
0.37129344265178
0.367540536085966
0.257121001305908
0.295296105375907
0.331464784450653
0.317319861166306
0.29095439662802
0.207521539504405
0.223574852203704
0.37865776756562
0.343210413014578
0.222981842530258
0.524298618815003
0.296784303913646
0.277282064747069
0.399023951926898
0.3100559689026
0.371926414476039
0.425938205585886
0.405388774850049
0.445720349977866
0.126707713234087
0.328169332748636
0.490703144953207
0.24417634023416
0.396177454250209
0.462944135126248
0.375476558244023
0.43274292931586
0.26442980908854
0.360056630398924
0.283183044996509
0.406226963888555
0.560493587651401
0.239358557642055
0.279497892406038
0.380018368907279
0.394120056284829
0.398794750242118
0.363646904892912
0.390815762119203
0.406401553751345
0.278997803347268
0.473107386945127
0.40377898546069
0.379041740462514
0.320114335677772
0.425007374495533
0.341052392958489
0.381435236781569
0.438258223292488
0.405580087677509
0.474061539162423
0.443639896090626
0.37292968040316
0.465341662958392
0.663046541851559
0.541957822295551
0.405110596406639
0.394649508115423
0.467242243458581
0.482493227571008
0.463448612086093
0.437807496484788
0.372615622238264
0.343078304318468
0.593194365481291
0.478767626346902
0.586364799275018
0.290649408343274
0.558919530153753
0.470072123214998
0.37629127355847
0.531915521271989
0.444016420143538
0.435676073147684
0.430699644129251
0.459342586896867
0.5797056219118
0.514313260317714
0.470213021720903
0.553334838871137
0.38491679483082
0.46162719948721
0.43370120395677
0.539100633593851
0.385489354943096
0.416571216711118
0.455493763927546
0.407521230018209
0.437337910721688
0.511220453441083
0.343879581669051
0.533974043266388
0.611866460940071
0.563026902104946
0.575751846319053
0.48181356286332
0.590394642188401
0.474879497344089
0.523333755570223
0.505737257384478
0.686636176043517
0.531388257238523
0.546235292334352
0.459140177697775
0.549772135421381
0.558948053172577
0.510950178882832
0.504270616968889
0.618589804772759
0.592406322317923
0.713612628082882
0.627118843617116
0.458808141589585
0.393334972577831
0.719269732169208
0.475175466080287
0.465418431292989
0.603412545879435
0.493966126112995
0.622570237539791
0.580970840309235
0.631497724598594
0.602424791648043
0.616608627773239
0.692573859386133
0.604439979770443
0.568494715027682
0.609441617863375
0.576605089936593
0.469050172314668
0.646436902127011
0.629162925825928
0.625658268519987
0.678833063209124
0.615866735498226
0.498504677220122
0.514997940676851
0.618846087728343
0.533715154753054
0.522575274048554
0.546586242337892
0.618189874481636
0.655742608438112
0.684284802052828
0.603664677459758
0.563705814523221
0.791543263437265
0.623301630904388
0.700539849578264
0.684968179834931
0.720941092196003
0.632675870002868
0.699180030425773
0.502742636243322
0.708839344715
0.591873959527756
0.459818238066435
0.644673010180466
0.428903032772123
0.502491120573819
0.81354672234904
0.569196955800421
0.773447590756981
0.757149619380311
0.578976471772357
0.582086579940988
0.590694308251107
0.693969356124636
0.764080609908809
0.541591308323315
0.728154076310479
0.424203135854255
0.716670026972515
0.726147159966876
0.669367476554241
0.703689227631666
0.791983910395466
0.649051896400173
0.810038274157837
0.673906195014114
0.569580412135027
0.621074755675653
0.726377733239171
0.743141643516929
0.677781246009935
0.764260600720306
0.574357213489201
0.595126134354453
0.662794208100177
0.636364223149816
0.546184547005692
0.704936607810589
0.642293016082792
0.763410505201368
0.651201664354269
0.694485402614037
0.734764271000432
0.784592556339186
0.694243724234283
0.568713476586103
0.66860015303655
0.723498149332536
0.595824994254814
0.60145796027674
0.676924594708071
0.786312869611463
0.860611394599249
0.715736466922701
0.667215105591745
0.749910235677887
0.70110543677929
0.627348836948347
0.760741669857947
0.771077884703488
0.767302416705272
0.740501942015072
0.969753864766524
0.719751422053691
0.87960984838321
0.83007435183972
0.490918081950358
0.687180053191143
0.865260283202309
0.788801189546679
0.803740194194866
0.844249882428223
0.598703358337555
0.737288268964992
0.787119941445961
0.67134525989792
0.80714859866658
0.863399721062984
0.848446274891482
0.778708449396027
0.706282943017363
0.938790119688263
0.982113329137776
0.62994172814768
0.983334940611856
0.938882309764893
0.732818223472464
0.768484443367842
0.848269636828466
0.955703608146606
0.791077303154219
0.870908922050143
0.869598364147342
0.920643084514542
0.8974813322177
0.926620163950371
0.759152578554368
0.786204136059377
0.944625700096468
0.912650867360605
0.849066871255991
0.899012295052795
0.821437422826489
0.685934597735797
0.847436825695062
0.790318586010416
0.927794418226193
0.792540725729615
0.742363501286034
0.784430951196688
0.875678658372132
0.927031759320994
0.840534857740516
0.738523912030813
0.918351882068294
0.862019340359331
0.97491242098485
0.940425124545892
0.899264161868913
0.809893381129624
0.920078950547637
0.764899755840153
0.690331250649308
1.03203832058104
0.965715157796226
0.850740055186851
0.792757929568062
1.04361162808312
0.879544423230459
0.900040118338973
0.959815288309002
0.865620670705368
0.896279652942108
0.980457281380373
0.945912938499897
0.950859416534404
0.768696606700208
0.910573276229621
0.854713095254577
0.851479262073515
1.06819183659896
0.87933660503971
0.880369835455081
0.83853238652462
1.04488832400366
0.923123949992555
0.900889503331528
1.02790297270843
0.984532999862517
0.986279959778965
0.84074605995716
0.940077136220888
0.76466059476659
0.940981579366546
0.856156971599375
0.955807515521107
0.932853871695056
0.821199718128637
1.07417586604633
1.08190489879269
0.900637780284134
0.855574918122579
0.773480620366604
1.0857563472135
1.05989283816578
0.980190490136534
1.05424899395955
1.03459057458211
0.846943464932516
0.987366489409964
0.868404804806197
1.01521627674078
0.869531755089655
0.960959894376824
0.936530722618042
0.952426601272259
0.916365348099351
1.05739165205963
0.982511573664032
1.00634499407299
1.04566783247068
0.970685854053917
