-0.820625245953656
-0.931785157354656
-1.11669817395391
-0.963203650564676
-1.08246318350145
-0.949886705770899
-1.00881252448852
-0.994825864465946
-1.0661536398786
-0.884725651827197
-0.883147483748888
-1.17914553591736
-0.950510664310178
-0.897722161157071
-1.04023670251399
-0.987083069792803
-0.956528348097139
-0.954129960296934
-1.02097601309084
-0.978159634555585
-0.943609648815493
-0.926911712408518
-0.81613422830506
-0.859582043519346
-0.978093468544535
-0.936508161137445
-0.865647847383946
-1.0386767195644
-0.90976345586657
-0.888645927368736
-0.877930854555226
-1.04694574096597
-0.766554753678144
-1.08202579432285
-0.935734542106841
-0.872473634457616
-0.923643312213127
-1.04539203046344
-1.04781305773189
-0.863818682187052
-0.95191488666521
-0.82948440058001
-0.950991132671348
-1.01548368329312
-0.83605038480371
-0.87115246691548
-0.910141624927679
-0.92613194395082
-1.02420153072027
-0.816911919167045
-0.913070712274328
-0.913452445759935
-0.885555344651563
-0.849292458931577
-0.71823297363251
-0.913101666974658
-0.902642108348624
-0.890870365367808
-0.881637838681526
-0.894157330598439
-0.79613938367867
-0.964061141794052
-0.945952652030752
-0.940092979759069
-0.968171632504606
-0.849099257287221
-0.920060199875735
-0.836479245221381
-0.868121616215142
-0.910533802795075
-0.940401002536465
-0.891434369309369
-1.00820112351994
-0.909359972128507
-0.832230254179778
-0.917714153588159
-0.83675291643173
-0.956162661217054
-0.859739104062463
-0.866228759975755
-1.00678822610298
-0.741567352772104
-0.877413494100141
-0.788102484219724
-0.834861821447017
-0.699552941328085
-0.800094626528525
-0.863736258187941
-0.819772072780118
-0.885986821229874
-0.761663343658104
-0.831587242824535
-0.681656665140818
-0.904494809308971
-0.790228086690106
-0.716788531556337
-0.80044446370316
-0.863552765702563
-0.897522379921332
-0.76949931279743
-0.711407408092193
-0.697582991058268
-0.67586387268569
-0.761916417748751
-0.783222966997378
-0.692811134069283
-0.78157112758405
-0.737026324162295
-0.7183195914654
-0.769370646185086
-0.672484477284549
-0.672557702848769
-0.857777469703046
-0.639198563249939
-0.835556285450651
-0.596084865894254
-0.806067704464583
-0.768399605164107
-0.613091805645145
-0.803464159684104
-0.752590161200702
-0.715977333301926
-0.768603396159485
-0.737877080910201
-0.570574145406852
-0.514667050501243
-0.844172363078192
-0.669605721695872
-0.721855311656081
-0.580408432682739
-0.740352878744167
-0.629040652577549
-0.659478227825263
-0.722704455008366
-0.881182917300614
-0.766499815346453
-0.866267293007332
-0.505746886140657
-0.687695779410346
-0.859837120775277
-0.6999164001251
-0.639520923157802
-0.673946573590134
-0.708231111173834
-0.839481851281965
-0.761406990806481
-0.729849222163472
-0.764980893120916
-0.661158506951022
-0.792586402346064
-0.604633811396059
-0.924202632952727
-0.746595959118909
-0.696883559620873
-0.646655643794703
-0.745556176710555
-0.521406873772639
-0.513271837156748
-0.699914925021969
-0.690777270245292
-0.760547522465015
-0.649540997806832
-0.659353478579284
-0.586023612619168
-0.709237191179043
-0.549759955889213
-0.602073449026751
-0.554416845567053
-0.722866903083094
-0.572389240157975
-0.806847304653487
-0.628228647094363
-0.742977799551109
-0.607686457451931
-0.612643996162393
-0.347811640490161
-0.720120367212963
-0.53822555122052
-0.558093067017955
-0.62547387811321
-0.789366397839602
-0.60804242622454
-0.693150541907524
-0.556690875394622
-0.725864227164992
-0.633937675247357
-0.487938812152472
-0.623618231814723
-0.634145317541336
-0.64926086710556
-0.49952146936099
-0.59665565493164
-0.587255764792347
-0.733585494028958
-0.693033920011697
-0.609737117964432
-0.730499931765735
-0.596209165796373
-0.44740002533458
-0.636950291070738
-0.580546680657922
-0.626908232857485
-0.571106562826754
-0.457665740368364
-0.665127822830504
-0.566389882331511
-0.629079784412544
-0.639427161076265
-0.605475026271145
-0.554445136888763
-0.403304841913918
-0.664983176561905
-0.613008142905797
-0.348347644491447
-0.574987544509076
-0.635450922592136
-0.620495735792345
-0.594751421199263
-0.61927142476303
-0.65026912890699
-0.545718221497484
-0.456966407913992
-0.440141922645767
-0.492699240264172
-0.544829904991006
-0.612552373200999
-0.550874289020421
-0.502769461916926
-0.572054800327824
-0.658096368878405
-0.495573130915129
-0.415893072078474
-0.507958712646296
-0.239006905694787
-0.459524617352052
-0.6032780052509
-0.456295191359515
-0.512716473730142
-0.637060135181794
-0.445032383935496
-0.47017345056274
-0.605544736880784
-0.705361945905041
-0.520235809807848
-0.52380387317254
-0.530726947386219
-0.548471629261942
-0.52011745443327
-0.529440918140737
-0.337493131509877
-0.455791231579686
-0.520433862219389
-0.578619687368468
-0.510867133425551
-0.517580166916789
-0.339261888641192
-0.510245208437757
-0.485352673022541
-0.639065707789136
-0.476761817510637
-0.452353467892576
-0.452627433206285
-0.447616526399476
-0.501649370766022
-0.47005537007539
-0.499811222753563
-0.551382662771626
-0.417708578185418
-0.427317150169931
-0.362120638228204
-0.553346934176477
-0.496544015200406
-0.420360098707118
-0.477257140975798
-0.395322155420065
-0.289616475240052
-0.352648311717163
-0.669734842606795
-0.384680472051477
-0.443041148148213
-0.315931841950299
-0.573390999883698
-0.443109343014502
-0.496747515219406
-0.38705797406274
-0.522080128438408
-0.266691392283441
-0.522337756903851
-0.517888008757682
-0.536985829241843
-0.347474787302675
-0.399832594950723
-0.478546987386954
-0.295175788540845
-0.439133906489916
-0.395447422363095
-0.40698915742104
-0.337271418482383
-0.298397453001711
-0.29748730596558
-0.429642151753261
-0.388390564036122
-0.351908971010256
-0.249461585630092
-0.366445197920993
-0.397305858226918
-0.373092147645672
-0.414068523431337
-0.40975052926187
-0.446961584996741
-0.329334430780303
-0.317110684894196
-0.359189142866311
-0.329608414051976
-0.449411021498583
-0.419272517934153
-0.363988375280488
-0.316834262047581
-0.360765463386515
-0.297774525953473
-0.200591073122941
-0.42775807730876
-0.50945788262002
-0.443219066857567
-0.267155520647944
-0.401685292669262
-0.359152867534893
-0.402047324241122
-0.292337376433064
-0.388457830074976
-0.377574225840631
-0.26874782970698
-0.242010394374822
-0.299615380018482
-0.382604682986296
-0.313987439437667
-0.210623668041738
-0.424524917638716
-0.286043206525768
-0.342793042241529
-0.314252612873145
-0.299848095381287
-0.246986254366952
-0.266092039964914
-0.20486319836568
-0.173401274985058
-0.180435918650358
-0.348580161996531
-0.31549068920338
-0.256468869782539
-0.381027589441996
-0.258539617570423
-0.273482379221871
-0.343356411767604
-0.247947602756548
-0.179912316022426
-0.165778489304344
-0.347551538756424
-0.178418564498264
-0.182277212236959
-0.143712195535703
-0.319269153876443
-0.340444767410481
-0.331411521256064
-0.275984948839422
-0.30581073665237
-0.298584349106768
-0.119669711364783
-0.118080954320706
-0.32171866729808
-0.23927723212828
-0.0555442631040927
-0.291861301966423
-0.265339174665229
-0.113910194904073
-0.311185664099499
-0.240321251801321
-0.338306038044658
-0.293021313878579
-0.149391519937059
-0.275668198060246
-0.310728852918451
-0.165217626714341
-0.150303502307932
-0.0638554171723218
0.0405287880694006
-0.32075570247552
-0.209801200013871
-0.193965360457314
-0.144004153932703
-0.259935320307409
-0.121086097399988
-0.281510401239301
-0.319078615928846
-0.118472926232613
-0.215070714957215
-0.126893529626443
-0.17263026458056
-0.421048608672312
0.0113521815543665
-0.224908700013193
-0.106723390115328
-0.213077941315046
-0.260467805487827
-0.165138374868043
-0.333140788196543
-0.161827200126036
-0.139543165728211
-0.207623533821893
-0.255011242083521
-0.386306063284365
-0.192122453204521
-0.15998070094678
-0.207948562863061
-0.120364877799107
-0.175819802308003
-0.148066020295221
-0.110759319996638
-0.0677948712435029
-0.230406141271331
-0.237904697969532
-0.0474104762970103
-0.190751350746044
-0.0430394552172157
-0.130129978353824
-0.114294966249814
-0.107353380378528
-0.120370386053126
0.0681759021191848
-0.13846593375411
-0.307815129022456
-0.190813338136504
-0.110423260415351
-0.133313090992341
0.00946661488715164
-0.0833980616918128
-0.211999147226757
-0.143957984983658
-0.133632738498469
-0.0877969759873732
-0.166702570440426
-0.120973230373126
-0.00529735890830491
-0.112859996198178
-0.0906730279897043
-0.0983008456137899
0.0382273705464833
-0.163293111848003
-0.114004094260392
0.0405908465511035
-0.0603972243769922
0.0663083568040903
-0.00745878941359102
-0.150906989362187
-0.103364553040967
-0.0890394424275165
-0.158132040781492
-0.0294924735005115
-0.120737529255442
0.146982184347908
-0.0295461179911437
-0.161399379611729
-0.133918373770985
-0.186177526128417
-0.0296051884951565
-0.00892514653761863
-0.0125276982652365
-0.00503204237812096
-0.0683493669381872
-0.142745401095007
-0.101404949593907
-0.0551981443345772
-0.0601029637693389
-0.0666888358436504
-0.120764440776412
-0.092981886185265
-0.00380488992548993
-0.13973651256117
-0.0286962057877027
-0.0939212894839763
-0.209797261472272
0.0491510596005345
0.0347279122473722
0.0804569277540965
-0.0386486397806066
-0.186492449630777
0.0765812136384722
-0.113635145924554
-0.0496383435487688
0.0202493669523151
-0.130405963764277
0.137881621016321
-0.0170188911484303
-0.00832526506654459
-0.113961735566498
-0.011348973376243
-0.109779454487665
0.0132790343563416
0.0328801310884446
-0.0244966692562094
0.206708290711087
-0.247674665436928
0.0773705709331389
0.0245304743925205
0.117515261724626
-0.00330672489399632
0.114698995101386
-0.121833879221772
0.0912533826524092
0.0412047509563431
0.0716036297594524
0.0668167019307544
-0.0950924537337238
-0.135213010904131
-0.0568930833499265
0.100709385808867
-0.131167434391959
0.120226074475768
0.0667408941940128
0.0162207066324314
0.050381621511289
0.0437567002338927
0.0482381480051341
0.151591629453877
-0.134248487125491
-0.0426213387283018
0.165014812878753
0.0694542454985616
0.0797267793827341
-0.11327117578942
0.0234162255305456
0.162898254103515
0.0641788050396009
-0.125599771755636
0.0343619319944631
0.10315065925519
-0.00203131897396725
0.0417605034643719
0.0812544798025148
0.129454380452381
0.186131961014097
0.144270046498122
0.0973317246595826
0.128660570488321
0.125949784423917
-0.0815600215779274
0.213635622754773
0.0774683014467996
0.026037755657864
0.0696396061943086
0.196287009012091
0.113747765163238
0.165010759905068
0.16005035879338
0.115206913962786
0.183185463999229
0.0531693056119585
0.168570554475915
0.175535648303696
0.252497695587285
0.140929753634586
0.235309989940622
-0.0289832644024413
0.184882359260311
0.112497195316747
0.113037579125206
0.117214353130424
0.0237772311543201
0.0725204977833967
0.216350195554816
0.170797445433085
0.166744933684372
0.238830854306567
0.240850600987928
0.0820276982264238
0.162478342529645
0.121406234444699
0.0750304185867042
0.142279645850315
0.218526380896237
0.266504986676233
0.110726555827847
-0.00532625351929713
0.151980710530414
0.0920479692079309
0.114526902566531
0.116854083186192
0.16707036407799
0.167109335781929
0.201048409151389
0.306099217129829
0.0885161774685168
0.185959975880484
0.301641885911563
0.295916219673213
0.203334616488852
0.0720351859503435
0.130933012509571
0.474468197066667
0.255209791555892
0.143208198081475
0.101285429095876
0.193834141398403
0.152617257821634
0.191887031877121
0.296839560194682
0.155037825601647
0.305407113026834
0.232753642721037
0.305815000368809
0.0688730973060238
0.164460091048612
0.130056773431193
0.177794705835892
0.166004913216131
0.10784720254678
0.380996233477639
0.307276981474358
0.260165479912288
0.323560138881256
0.200875555174146
0.310770057146286
0.324877588131761
0.264691172280675
0.278826476444966
0.191431727030732
0.218683532054328
0.391783431355358
0.229582303497302
0.318341277355163
0.323769638025548
0.119925454483111
0.294550182814416
0.240773728952376
0.312437769382207
0.155640823693574
0.222634637051971
0.140557413570389
0.342091005341954
0.144104723263249
0.325157666430202
0.287344851813279
0.375586806198223
0.264563195325575
0.442579343695127
0.429395022327165
0.316991358876743
0.297157479971132
0.210621392294414
0.323609643752669
0.367012851913071
0.174919105847917
0.226115096660586
0.281275560653513
0.297944433604276
0.309207351748024
0.300372347601764
0.155007308668733
0.374162425797731
0.435589775888402
0.254263897866346
0.41192561542185
0.195731794322036
0.234639303573493
0.193310443102503
0.358012499178332
0.558178143868671
0.271175160975771
0.24260558143177
0.349206000924573
0.379949172259618
0.364759556407998
0.441033449182497
0.361696787590028
0.406989932730122
0.24739476610888
0.274797748372309
0.443911580873215
0.302644346894894
0.275913005553916
0.467565714924041
0.459160471566769
0.329259021585829
0.306629570618032
0.298456106391653
0.297131467773218
0.422732219675738
0.362412409731614
0.359587948468897
0.335732306308052
0.337693815998918
0.290102832255676
0.38492498098145
0.362199681798917
0.239199549605796
0.33980716535035
0.316848812919002
0.218477247711695
0.510826859968863
0.454133949211966
0.439586821809831
0.472958797678297
0.585940328655009
0.371122429026314
0.245200129213873
0.498329526270534
0.44898659686361
0.346192805290789
0.490295576302801
0.396905994893613
0.607682520061696
0.348705337991467
0.380383884226243
0.47015369065713
0.406112986799601
0.424464852979507
0.454217761897903
0.45197749882239
0.402001272036797
0.400355349516429
0.413625374707032
0.66681829965343
0.459035404434216
0.561809834047323
0.518203248868216
0.397413466110772
0.622849783571307
0.61116184496032
0.429731004169793
0.538095908042004
0.366314507997468
0.29170588467158
0.503983494213634
0.492253721474052
0.576019001240706
0.357529541671989
0.364917748200814
0.413565301813604
0.371843279707855
0.365422441704815
0.559003937811128
0.479809897702564
0.54275838593721
0.49969725639395
0.444453182614443
0.515913523773635
0.577504052196371
0.545926772829522
0.671713361500458
0.482021165534317
0.440470371907929
0.631773687791673
0.546116035085372
0.470664137930299
0.512058843161318
0.472069631827581
0.468094873510776
0.439752641652083
0.603772587996624
0.59519071188717
0.651911893239804
0.602229588117404
0.580341329980843
0.533004215874306
0.600772174471993
0.623362075244094
0.55774632420309
0.563965533758746
0.579179204071903
0.491600450149358
0.57396827309399
0.520372224686689
0.545294084604653
0.498700287768986
0.464690018437342
0.618350958914716
0.567254924370218
0.632852757497648
0.57270585632938
0.568701339432452
0.555716997595732
0.58515581455529
0.471859653841631
0.610620392296729
0.539578494874768
0.602142793285411
0.57816921980704
0.505534578819384
0.590458876655957
0.497109550618883
0.558100882366323
0.514541169444235
0.632072845610398
0.66177978412802
0.603517808109347
0.490526371585587
0.498815484301904
0.537242266179668
0.50383608233725
0.768424806738038
0.677505384833169
0.415459317739147
0.493947741665871
0.691569072086243
0.621696431097795
0.433331796977112
0.631668497020546
0.62862237344427
0.564344287826543
0.57275804807383
0.592147727774377
0.747001807794588
0.561242751605608
0.563951609983786
0.6211710131288
0.642071975581922
0.535194753522576
0.586426449650348
0.723455788700942
0.648290368258598
0.55229557429028
0.677446053275917
0.703970092033912
0.722630447436463
0.603931445029203
0.708272719413331
0.695350688406242
0.493450266322176
0.566009967382055
0.535391464734471
0.581063241707436
0.718477567732338
0.555832902215702
0.772127923093909
0.729789739646467
0.662828651618031
0.858177217860353
0.635554657832302
0.78416560211634
0.628379535980667
0.723228070153812
0.656586856316335
0.865166827812221
0.634266139571118
0.484648127275598
0.742187395442473
0.818735887348231
0.644293949631747
0.739375948959653
0.586681358645185
0.550439437375355
0.802966218378023
0.67170420274337
0.621574327836413
0.714569288176846
0.93782764716953
0.65272069343825
0.794583545157268
0.754285754345137
0.761686830783245
0.868054758422392
0.63143782819693
0.801569591100021
0.793388251292582
0.636341833411916
0.657030738304001
0.741469743552882
0.591612604691566
0.62373675674279
0.715511439448119
0.558137375626701
0.699335921852337
0.827117413487405
0.748605783937359
0.934302594870787
0.795445743363616
0.755216330152073
0.698030844844949
0.920660807373531
0.905910837806351
0.697630018321724
0.824937421531388
0.740163406334063
0.773910168333246
0.769321145890993
0.709495798657304
0.748110584922736
0.877297694417836
0.67030188552132
0.654024009036715
0.904614778767009
0.856077601655352
0.751382258542589
0.825672751108084
0.778305399321339
0.737829361366513
0.889114558723054
0.824617767903265
0.893561957176043
0.808447446198356
0.709437722058487
0.694473765912277
0.802112566997179
0.846512917793106
0.857377560559354
0.976477918131275
0.890568894560589
0.802705422813863
0.806606517504956
0.858148981739399
0.851180210273987
0.779146826898499
0.704638433265397
0.898513130714801
0.95095709995768
0.976369392746583
0.862527990720445
0.946483826768999
0.885686358057137
0.992872634748104
0.766347738174172
0.958857728896966
0.953357185520256
0.885296846449231
0.856076828902257
0.85078658508129
0.794091632150323
0.85056554262771
1.02392070261789
0.858694228122585
0.916076362002117
0.788645397612995
0.831743125549256
0.990807126575227
0.930315698088021
0.853641782041179
0.953547629689351
1.01282590201087
0.874716334225974
0.946213031662342
0.956056067057853
0.845059757898451
0.884329794998803
0.953750887662627
0.90677402780912
0.825577036388864
0.952469811740163
0.890600545233599
0.879543354340169
0.866824969707346
0.960215424760754
0.805582640104232
0.966331619309153
0.880525861241155
0.82800322549771
1.00149027115103
0.895221827991169
0.876733178186565
1.09220868142211
0.924453252156194
0.992489634412727
0.880746985986869
0.884669454199739
0.857415173116151
1.08686972618393
0.97452655318068
0.729595629082347
1.11497275057947
0.998808477227639
1.00704547647869
0.980393096709323
0.924396173893463
0.904042023792527
0.930473506059189
0.855024023082383
0.879430654774907
0.85991638916898
1.01453928571313
1.02871459399402
0.887999266328232
0.794887788412349
0.926394535029398
0.985838493410037
0.896945749187382
0.966281917541992
0.923587682570999
0.958100516552513
0.948737994911638
0.834200871551659
0.962162439457608
0.995787269080684
1.03633546581254
1.06016723576654
1.04563655238333
0.972385512051352
1.07109227853123
1.11922154411174
0.949049380839727
1.03339023836593
1.16069402351644
