-1.04853984303184
-0.980406857500554
-0.991260651488949
-0.917313622466503
-0.919343735763855
-1.11788305092969
-1.08604657503993
-1.10712619057383
-1.10318239968671
-1.07633931773229
-0.938981939795613
-1.04146175652572
-0.9510619237354
-0.971108560248501
-1.02700391336446
-1.00145327835141
-1.04297408551646
-0.943014832218475
-0.821538756210273
-1.07810283879989
-0.869216623189469
-0.940446388716432
-0.995288488980922
-0.92961993131838
-0.890199533312944
-0.906494887469519
-0.935951314561642
-0.851157833528667
-1.00218624726305
-0.83719808058615
-0.960740935217997
-0.76880467114958
-0.972519896823218
-0.73690684464543
-0.99698043030286
-1.02770728273071
-0.917298635251559
-0.895340732149938
-0.738543217038104
-0.814661054236663
-0.861978590568578
-1.03864377193871
-1.00815476432465
-0.716223043274406
-0.808782603294657
-1.05334154148446
-0.903210859861371
-0.786482904187871
-0.770869080688585
-0.900306550643159
-0.952981454560627
-0.964798457297823
-0.977222752554651
-0.914556505044553
-0.99281316286847
-0.947257760476874
-0.872709200641592
-1.01789921812024
-0.818862162795915
-0.874152157576631
-0.897070399839747
-0.790058649446089
-0.944542890835561
-0.895850235476847
-0.855173914353165
-0.791396057340776
-0.91358124609068
-0.883370933902915
-0.838327975763981
-0.86740217485726
-0.938761932057223
-0.827207110577251
-0.788577463236659
-0.775993877814654
-0.685576965060762
-0.794131954176727
-0.802338238267892
-0.849526150562126
-1.01892112203355
-0.867570084541857
-0.800503963018153
-0.865637925812662
-0.762769912366689
-0.759188968958503
-0.845217085110825
-0.950034319310125
-0.715721636964174
-1.000949256784
-0.794195561729166
-0.788988745858871
-0.947733252033923
-0.890271676272057
-0.792156703350684
-0.882453408936264
-0.9322543627557
-0.812336153454109
-0.770246193318054
-0.90254889893491
-0.695699012669093
-0.802855593191346
-0.797609997748516
-0.743231077703252
-0.808164438629004
-0.922623842400392
-0.907819144753374
-0.772458449199737
-0.896072910452579
-0.763238766421964
-0.786249355130977
-0.921797853272208
-0.689906630062568
-0.74103242182833
-0.807469066461229
-0.781851710562061
-0.762720904292811
-0.754953122260203
-0.69897234693011
-0.791303315775264
-0.718627434037127
-0.801780532008112
-0.844006696301941
-0.865295282908483
-0.652731960786086
-0.760983671126313
-0.682599552312019
-0.700020955192663
-0.85062155217608
-0.902126907906256
-0.77996735432391
-0.726420209711211
-0.82613385250944
-0.686956812318478
-0.669053153246854
-0.796061781004804
-0.68451061273426
-0.701522295265185
-0.828539169523311
-0.826341961264722
-0.718937720870144
-0.677985343954348
-0.756279919773085
-0.776822422161589
-0.733467560456374
-0.800448930166566
-0.773203673079977
-0.867465117030265
-0.69194940196839
-0.762839501104335
-0.738776497497023
-0.701913265575346
-0.745310430723717
-0.730695850320013
-0.553666936906971
-0.63856435941753
-0.575821314558027
-0.621305961496103
-0.592751343715386
-0.674155863734597
-0.735608324123432
-0.671155579740113
-0.722719172824202
-0.839841132660544
-0.72612931774813
-0.588420862533329
-0.590377853728472
-0.659422938953852
-0.56693962765688
-0.875156104331737
-0.609071570872555
-0.666791648622228
-0.730023400029327
-0.725086061159674
-0.683478240898812
-0.765791383218339
-0.560347549917768
-0.59713236385597
-0.597979340274488
-0.771440439911742
-0.633067850262682
-0.493148130282508
-0.451995393968542
-0.689874479064106
-0.747199054183466
-0.508836128286424
-0.635240504039657
-0.589346905781568
-0.784653660398799
-0.668638088420127
-0.712908942170432
-0.63835169770117
-0.682200586843225
-0.592759592876511
-0.498832958206237
-0.720197939128474
-0.663445288079888
-0.607586655336613
-0.707537631489711
-0.720489813854133
-0.600755336279055
-0.71584848977226
-0.612355861659649
-0.677803341522086
-0.49033967681953
-0.652630507370953
-0.642195558689412
-0.630747086221012
-0.44842027728513
-0.615570230947137
-0.685846405415846
-0.676936429336706
-0.618475230137643
-0.560523671894849
-0.535631575342659
-0.543154670925816
-0.6257598540965
-0.640048093384102
-0.585508634230521
-0.526165684565984
-0.464249276915236
-0.588815832882364
-0.603283359681265
-0.711783181009777
-0.387210412164155
-0.494081177905522
-0.513275389104082
-0.580609167911337
-0.561263182186732
-0.560507500325738
-0.429114908366816
-0.678289946490934
-0.633135065469182
-0.557873673543485
-0.444442490652543
-0.428962405840136
-0.436900711667609
-0.666866429247831
-0.296954079939733
-0.501288924661757
-0.513179534482355
-0.498899333478304
-0.541700424594499
-0.561965913610628
-0.393287241369731
-0.474552843526792
-0.531762177746355
-0.48987585776837
-0.551078490883369
-0.433641162395679
-0.365127078675887
-0.604209860360755
-0.57542281620852
-0.570229922024523
-0.518376678149231
-0.570209737029925
-0.491806415560574
-0.364059518837007
-0.549287467951088
-0.456132578521479
-0.558915101013587
-0.580774947987535
-0.294643179136205
-0.421030700084229
-0.398855370123304
-0.633426648965854
-0.453864681734274
-0.344774719562925
-0.458677184094212
-0.379284193382362
-0.486045799030023
-0.457970673819738
-0.525531138220197
-0.391278269771603
-0.477933465772583
-0.470345298256532
-0.445004493334669
-0.406601185589216
-0.540324995629703
-0.36498435216802
-0.481340973387972
-0.450717500439405
-0.401757844387282
-0.468892673165474
-0.585282710656917
-0.473522799980929
-0.240281669856627
-0.373853280752862
-0.404284818237543
-0.362176391238339
-0.53133115437778
-0.332343911607663
-0.520829084527226
-0.380778152395375
-0.389861820960432
-0.179800397800386
-0.43738048718124
-0.409364909468691
-0.359976195354066
-0.498274572237355
-0.434327520619039
-0.517145935862374
-0.325578784957355
-0.515952979209266
-0.494122708927122
-0.383346762741113
-0.46027523941524
-0.334870741860298
-0.441703649498208
-0.333951502783195
-0.487681276435046
-0.377450563585522
-0.500915449197106
-0.342451982630898
-0.385665690014207
-0.249631889443828
-0.431787406114882
-0.226988191334181
-0.549238821697322
-0.163927794038439
-0.303412567622368
-0.3194789744278
-0.360945259883351
-0.274799473129138
-0.290139642005753
-0.484973388647421
-0.297602278543523
-0.359209609092386
-0.300465644392892
-0.467955436525123
-0.243475165830885
-0.477585207011318
-0.33148700099071
-0.390392643341797
-0.322498453297462
-0.519340838816557
-0.218674027322937
-0.291065769982547
-0.201885081562933
-0.345217195894994
-0.24211479894076
-0.329713146827875
-0.272857487325387
-0.231452787763304
-0.317528691349108
-0.36676591408084
-0.215205560258154
-0.141404883521215
-0.330113279659793
-0.348325772173331
-0.36412701450974
-0.301315921987076
-0.197065684036299
-0.211427405456718
-0.221130734046694
-0.318507886039148
-0.153887959550693
-0.303646183205637
-0.25026142708659
-0.260552287969691
-0.281327376510412
-0.265729362677007
-0.227012338889757
-0.365722924506552
-0.252257457163475
-0.357816697498923
-0.31978000583558
-0.257043968695294
-0.314550053796941
-0.156579842600467
-0.301377810485766
-0.315595590882685
-0.191536676046167
-0.139678512060798
-0.373573967594649
-0.21932972216806
-0.26943947461795
-0.239691605140998
-0.267949904558718
-0.267034177694664
-0.280488118436566
-0.27756366417697
-0.147540207302815
-0.19920294617831
-0.399404854893689
-0.16949289780205
-0.205342357893718
-0.14788477916533
-0.172184320767995
-0.280138477324638
-0.180901709937606
-0.315282447153874
-0.166367174812278
-0.200167485543445
-0.326733341927012
-0.266850404400375
-0.243044881922672
-0.123924771964346
-0.264974231631205
-0.251556481902616
-0.332206972678712
-0.134889671678369
-0.0858281478373171
-0.0285086227735149
-0.204880859686365
-0.161228131207161
-0.302558930729397
-0.316379625442792
-0.160736715516548
-0.123423582837234
-0.0952525161839866
-0.233947403822852
-0.19264332817557
-0.0781494165247273
-0.137716472482764
-0.273547808681745
-0.140456086053596
-0.223093578736368
-0.131923708839958
-0.0025340136271502
-0.102077049373739
-0.143353009847503
-0.10598381942478
-0.133781925201749
-0.0806308866660379
-0.137447523967397
-0.119158341602126
-0.164717905270456
-0.0521489054862548
-0.123126882739987
-0.105288066296726
-0.265475155734846
-0.0367434703174175
-0.167000282101747
-0.132244666628318
-0.172972259397019
-0.0724730323021166
-0.180341828529487
-0.299357550763822
-0.0909009019614064
-0.0218913153588481
-0.219159555291136
-0.213113896018206
-0.211854696244047
-0.0906469806735157
-0.0554983349173284
-0.236465089946865
0.0155006955072528
-0.0564886571610551
-0.00822011327258948
-0.259265524716497
-0.0716763141159517
-0.196259304417245
-0.09871500434951
-0.217250560916675
-0.120599500417165
-0.0115352787830203
-0.110093511685858
-0.239365682304758
-0.0959630726249141
-0.0283254127534252
-0.0146135661971797
-0.139123953667471
-0.159544608568959
-0.00745658855404428
-0.13353830831348
-0.124632264708106
-0.1103895446569
0.047594131993459
-0.0850365489188168
-0.0647263084651518
-0.140838517547301
-0.0549592085282162
-0.211211870102224
0.0324692887555095
-0.0126569725659774
0.0372088455306262
-0.0617623110174304
-0.172304710925348
-0.0285631308896505
0.0221435951304558
-0.0567470566107098
-0.161026003924514
0.196108035851852
-0.0812594706667447
0.00582540220919904
-0.129864315753089
-0.0437712894851959
0.0765517458433073
0.0366617570004991
-0.0547289598173181
-0.0423732452030651
0.00530268866130513
0.0277446566463356
0.0390467749910235
0.00778844908575961
-0.0857913478435361
-0.00200556081506663
0.00233275097046468
0.0622340614436665
-0.0559323624985043
0.0208256724998306
0.0289955006399844
-0.0822883110357321
0.1056249525718
-0.0306585042816856
0.134072562605915
0.119747207289139
-0.047822816168143
0.0688268220307325
0.129714852857524
0.0620460516392621
-0.0414771022412601
0.0267566475393083
0.0729291856470413
0.12274104821318
-0.108029748640548
-0.0384292536100604
0.0646336974931141
0.0914675076205655
-0.00800206360411936
0.0832309841863201
0.0438285295783263
0.123591368026996
-0.0760485805664869
0.0904012199049562
-0.0193956959146257
0.142952567029608
0.15885361870115
0.0629567199463856
0.062226479390325
-0.0857529177119601
0.167251465802637
0.0292258668736207
0.139304627978167
0.116134210571118
0.106051354419645
0.057672122767291
-0.001281291640216
0.17758268079432
0.18557988522843
0.125442563560613
0.114875145079262
0.0908362336467431
0.253192174853395
0.00185574520602002
0.170739286362604
0.192992423026297
0.134844995057204
0.244395900080365
0.0504497025679289
0.262357107852019
0.121533998434145
-0.0149576465782886
0.210523908686804
0.0755435150174767
0.139185391891258
0.34306800699094
0.058840485284298
0.123306520922335
0.291880628891078
-0.003749854396729
-0.0119852810959488
0.0990998793568736
-0.0236257259807683
0.232695896295715
0.236435099677957
0.141131714845226
0.0418759179012983
0.237297356882449
0.183997164297162
0.108100048856974
0.178289729134389
0.179761289226523
-0.0604716634732308
0.145197277965422
-0.108931766340879
0.0732767861154884
0.197258477773939
0.227905781057946
0.237003348248946
0.320233359719579
0.175000926127345
0.33265425885285
0.206909205219862
0.197823662267706
0.1785798741217
0.20406675665821
0.12707336092052
0.126667964722983
0.179835239762476
0.191546907741572
0.203468351188501
0.269187363378077
0.201806216622758
0.196734017673418
0.245320736338694
0.110836991056668
0.258767393239185
0.232674935453421
0.28928037131819
0.276697879460578
0.165437450611433
0.372463969264111
0.153152782354551
0.372467447798961
0.315725511718299
0.0766500372126378
0.217113476673
0.424369513452051
0.196176728487567
0.379062144146017
0.110717614381512
0.191854888878886
0.343318959913871
0.23615736664269
0.247083471619827
0.31117270430892
0.203348664375207
0.229914446787915
0.315491068309344
0.2136576822136
0.198803555097643
0.29073861487879
0.378214279457117
0.324633639314636
0.194141684782007
0.210758907192119
0.274056016131872
0.278003708108012
0.335998184298919
0.24669859098801
0.319722177391313
0.205879285987775
0.195471499748962
0.177565265326586
0.310638251023922
0.327349656037208
0.319681756760194
0.257541924234683
0.134309398111001
0.295270815120167
0.370511867384815
0.224576305185709
0.439915273424727
0.310679675846878
0.378192501262049
0.267830039670372
0.288329302477575
0.273609442613615
0.270986109229994
0.325920644686381
0.157548510669658
0.224578371345202
0.555384885149745
0.377889043999919
0.298660451855364
0.386631834311094
0.28358438964141
0.387405405249026
0.202299024173288
0.249626631196893
0.467382882748882
0.337032096577091
0.188314020648447
0.366985477933383
0.215670865175366
0.296619615398267
0.3169688559135
0.302330328271567
0.312522024063236
0.298249356875991
0.281106537787302
0.251368650592995
0.290042787631603
0.313458439152617
0.39245388049405
0.322591575148306
0.356165836127859
0.199800106424402
0.370656338035738
0.333030548721784
0.43116074845365
0.359375579252274
0.304894591316814
0.367660785506861
0.337951580702439
0.304064770718112
0.371800756497711
0.450288240795798
0.446969157298093
0.525450124595885
0.337391656633124
0.307200265057789
0.628965085646858
0.3410228286777
0.3166223734216
0.509957262989872
0.414205326078472
0.332882077973589
0.373494414008397
0.403100655661868
0.45880317833658
0.392187082772228
0.390677086798114
0.32868064368187
0.211616124499375
0.399754215780038
0.408627156724428
0.347479045135681
0.574426996207156
0.383349536590557
0.444006413556243
0.471407358589903
0.438455455534894
0.48501923074891
0.387005378006872
0.475137695698854
0.346254285080795
0.360208837921415
0.366089564958283
0.40600492570506
0.34968023872556
0.449755395385445
0.461383000655978
0.475815345351181
0.444119010962827
0.348882983289422
0.242732528737432
0.58781499353736
0.471037193266515
0.556034941655332
0.457130424861203
0.498340557593834
0.475001825892382
0.443162087126232
0.480421002765863
0.480891675951216
0.397501490208447
0.42439640626057
0.486764473897264
0.430596481179419
0.465196645115201
0.4798518161034
0.49790525308757
0.586096629554737
0.514406565902623
0.491034763626447
0.566879811826144
0.456330170601915
0.612157861343946
0.322385803283919
0.429114754017011
0.679491100855365
0.54219740192208
0.487560537174017
0.451555666196501
0.593249498995662
0.519269189561964
0.448306381559529
0.477472224089892
0.534793631769208
0.605237970028693
0.540355981867719
0.417748953635742
0.569700129379658
0.491495630672594
0.476436298826854
0.7643331110911
0.436675278124888
0.585848247348914
0.600850531058343
0.529216025712386
0.561940044889811
0.594498322644964
0.640127960874087
0.614550936865078
0.714832674766707
0.532160471642121
0.589218112973708
0.596573503705809
0.452405638383415
0.512965312929887
0.617755028806933
0.712243133811631
0.520032044796287
0.624228261182061
0.60052394014261
0.466340259936212
0.565071699280323
0.522069000589811
0.628438112968146
0.637120420508563
0.56694820906464
0.455165350411938
0.688047978072308
0.68520971200587
0.598657048399468
0.677586050706487
0.733087951169731
0.602864114537899
0.587109227523143
0.716942620948383
0.695843111430758
0.605179143418021
0.583880921726356
0.635397214000641
0.55102482774456
0.579541869496622
0.644321573755643
0.565952889789179
0.644131240536633
0.548492877322814
0.518560534681168
0.704080915089276
0.586870951274003
0.572503714247381
0.789382771660479
0.414839740710103
0.580239276265475
0.646240445624411
0.714662878419442
0.594148851089772
0.649279683602821
0.673348156037894
0.569896404790273
0.712322205315596
0.625309906670968
0.764822438328234
0.632564354147861
0.561393145996707
0.726862779471363
0.73193263130309
0.628260231934204
0.738711795393446
0.757187967400139
0.509646084124988
0.814040395729552
0.66347377167552
0.744178595615639
0.764071152770012
0.601326999096863
0.8032887008783
0.761982827686214
0.645404728606645
0.80472492733247
0.652481223733796
0.527296595048936
0.69165879731407
0.62406504803395
0.796477989857674
0.724982484683095
0.593063352702483
0.622832431050605
0.614691937296602
0.818570589669399
0.803205674042643
0.729800752906441
0.617210940585444
0.666740913977556
0.595965450028616
0.681230236593184
0.635056062828427
0.597136297883036
0.745017791377831
0.76354783276723
0.752136234288754
0.625111610014193
0.576376811157396
0.868509755933509
0.666685881783402
0.756718680031396
0.721054555523923
0.706067470149316
0.753907247777855
0.603187060362356
0.711671227804055
0.907722192415695
0.868891060476453
0.698382533443992
0.902644147001224
0.81414216742183
0.660714204007563
0.733958715514167
0.835589450949082
0.803602717838086
0.818064430094238
0.674848911886853
0.705543955368174
0.786013384824755
0.67409462520753
0.896141107702334
0.806537021632321
0.602897227787387
0.698186525999687
0.757811238676288
0.88109861305985
0.748938861767223
0.83082267461565
0.842839450215797
0.79622229636956
0.612621511688619
0.858480085896115
0.803521145601454
0.72072160140563
0.785499282749345
0.756950533687021
0.9516444526071
0.766867922378258
0.915634142551272
0.744556451794472
0.664455097062535
0.760321561082367
0.773931363493071
0.755024661958945
0.805110961170375
0.736135427606266
0.763029345943707
0.892532110530627
0.913197011842254
0.924855861419992
0.790286664869067
0.929107684976574
0.900622839807176
0.887243124800407
0.949427603313061
0.76569141280999
0.97346207256517
0.884405837758808
0.747983919539114
0.856621791563673
0.808086759029572
0.82959103528897
0.845324074895488
0.925295408785344
0.870234861789515
0.893269213200605
0.953680282124322
0.783505165840338
0.861709612739062
0.798575864340873
1.03784602299878
0.797381225128082
0.823855312419738
0.927837823526868
1.04967928269694
0.774169125013964
0.880565373372012
0.7281396541531
0.983631573706342
0.862463810228487
0.964598235690967
0.839542664459507
0.829330086770402
1.0478951302826
0.906563246088561
0.940470381837989
0.657539188992052
0.907503754827655
0.924788715527414
0.895684832364967
1.07991509341431
1.05677349222662
0.820442916430652
0.930382972134962
0.918549660662735
0.945166272721718
1.03325878136957
1.00341481716543
1.07015025322922
0.966820360084381
0.944034454568957
0.817114948601886
1.00734203705836
0.935150725780327
0.905124334285532
0.997480971972992
0.970424532764396
0.866170106672485
0.96604146621221
0.865686525275836
0.838444070043499
1.12763959950293
0.832595949860161
0.854229150884607
1.02520832900527
0.96474060992621
0.84974185702196
0.883346520929902
0.992908510514074
0.981411699069095
0.860899655154551
0.946700159116263
0.855644250174282
0.93010427209907
1.00925471089675
0.915256781766181
0.87563217705564
0.943960536702859
0.913961938885737
0.974552495331975
1.0404914341591
