-1.09332902778497
-0.96383849788085
-0.904308864867472
-0.976260453139899
-0.949430196664175
-1.06696503730456
-0.976263178447229
-0.973313478466536
-1.12187559611237
-0.884598076453497
-0.91970996072077
-1.0371840908628
-1.07847870129361
-0.951069126809761
-1.01231663022383
-1.0352947329645
-1.01168312379095
-0.958205433633853
-0.881575605715811
-1.01591198093218
-0.846383297729672
-0.909576695253237
-0.864682054283855
-0.901149589626884
-0.898765287260877
-1.00462157213688
-0.89745406210332
-1.06614645604913
-0.957997791240009
-0.935382498927398
-0.821777988842183
-0.854002521806746
-1.16286030962019
-0.881046056146931
-1.01778075011467
-0.924486732088732
-1.00428083729549
-0.901476484071542
-1.11248128084144
-0.92579975025288
-0.785163878973358
-0.94997171462965
-0.949707064225169
-0.995560611251852
-0.885940355471015
-0.919017117772167
-0.872309190397974
-0.95338815030153
-0.898202802956734
-0.953884832136258
-0.963728907953087
-0.858610064213191
-0.864505592552093
-0.832031951176754
-0.771010186788242
-0.787570058441348
-1.02220364513797
-0.782475445882346
-0.783224305860652
-0.754050750485701
-0.973637919266375
-0.799326490496889
-0.904808003544143
-0.787007173277738
-0.871421735624159
-1.04491234042052
-0.780892751941932
-0.842261332971293
-0.790405973441049
-0.709782873157142
-0.700940242364123
-0.738176095708963
-0.84265546207839
-0.975465360772701
-0.781132036696602
-0.918635635931771
-0.84752233124966
-0.949481898914175
-0.784301656905468
-0.86368206984838
-0.797094893217934
-0.846793819964364
-0.962216477190001
-0.817954432332718
-0.801847870314717
-0.770009790781524
-1.04229754567601
-0.898325713637798
-0.884450725645585
-0.730946559649955
-0.647331768488495
-0.661558747795299
-0.762921709425564
-0.918284930676749
-0.7581167362152
-0.791773581476714
-0.886737432254561
-0.874478747938949
-0.783230317344589
-0.824659843324371
-0.844171036452208
-0.815194390041595
-0.830551253487401
-0.84048384505442
-0.796456140945768
-0.702799480175613
-0.88463151308027
-0.721977545801141
-0.739934852816448
-0.815835747870189
-0.615623270725363
-0.956456343715251
-0.696818181847256
-0.822237093173849
-0.785572091218005
-0.786351689890174
-0.869976213475074
-0.697953324418436
-0.735522345727573
-0.704885441918408
-0.785330121215744
-0.764962175783443
-0.783752127719279
-0.643185610045891
-0.738600175208189
-0.777594143198378
-0.557028979523248
-0.697784018154743
-0.801456209301951
-0.744590378789987
-0.523290078910917
-0.671851458501932
-0.772477126156441
-0.785768836083635
-0.648702144702098
-0.72646607479055
-0.677695660817958
-0.607103356346075
-0.7085125173934
-0.872012753275027
-0.712561726445213
-0.704089589788062
-0.594348881986405
-0.666422643105468
-0.684301102926529
-0.662858051401559
-0.597799028084411
-0.6818776573525
-0.820298774846013
-0.706312437024181
-0.762505692034105
-0.723971009047722
-0.661622246395766
-0.788680384987497
-0.551519320064386
-0.642681200438037
-0.781972187591424
-0.725528284286363
-0.635337388416198
-0.721038262425808
-0.768456404332418
-0.523382293238789
-0.710025063298615
-0.588979458286123
-0.824106258196162
-0.691558692918123
-0.669885527591659
-0.635802394381836
-0.632194066046546
-0.759509763798573
-0.742044940760736
-0.543688076014973
-0.669873714004889
-0.642861028553775
-0.454028213129594
-0.732701580204246
-0.582505680196415
-0.72716410035038
-0.544666096924027
-0.526923542592527
-0.58784826877066
-0.753859647597033
-0.513811039561508
-0.587950104512708
-0.594813542551562
-0.538947403166133
-0.704471751093366
-0.698153418577504
-0.679787555510756
-0.744783991255006
-0.66569364183055
-0.76371961340717
-0.586107691212037
-0.62118552699368
-0.458088527204166
-0.540483336382222
-0.604158454895102
-0.593682571220279
-0.580613477628621
-0.623398096345669
-0.584978127785807
-0.637646334331258
-0.628406311857996
-0.496144387825427
-0.417897719274754
-0.53651597302606
-0.696402033430436
-0.464087496139786
-0.556970765371717
-0.493537092791661
-0.546205964780907
-0.69966646659455
-0.570643423011175
-0.547964165696628
-0.619744167655334
-0.412445480937437
-0.44920228177507
-0.541431535024835
-0.664809364322461
-0.633715055684111
-0.635869385769911
-0.578742650091074
-0.621848406047946
-0.643749197651764
-0.581248355222061
-0.531598413120652
-0.662820236283737
-0.643368207921186
-0.580983330333714
-0.569255339329863
-0.658822539720543
-0.566482398969938
-0.521532037698494
-0.357810360405196
-0.594889703428245
-0.571397713154348
-0.267175921276551
-0.563561111372334
-0.457043048938242
-0.577664901283973
-0.583244543096868
-0.804950972196046
-0.499380968057413
-0.498803319720444
-0.558833742349144
-0.567253468976253
-0.482006616301843
-0.478231106078528
-0.515907749775368
-0.509325600765142
-0.429638090360161
-0.355940533287671
-0.581266974796156
-0.507955709390011
-0.385931398903904
-0.442480497236902
-0.48794349149167
-0.365360738110519
-0.460000984392603
-0.549743008039025
-0.496710055780286
-0.600046739333358
-0.477636541461377
-0.450263058593654
-0.464156897213571
-0.413107423337098
-0.577941058169908
-0.610688898767242
-0.317982517408074
-0.417157322917748
-0.391296517257268
-0.35190994737199
-0.416552275104019
-0.435757103491311
-0.379800787365042
-0.50938607825253
-0.444641224249472
-0.665446049841265
-0.515999074185917
-0.54815850560572
-0.460050762902462
-0.459086262110358
-0.402939263902478
-0.436713283092336
-0.489824181100416
-0.267321872123313
-0.352392876894104
-0.448887512276095
-0.420390057780172
-0.295662386895973
-0.419950199406596
-0.480930968381634
-0.274564365336795
-0.43999143086929
-0.372226676702247
-0.315940468404431
-0.431304181515591
-0.326189529715317
-0.412333681912484
-0.323913091533969
-0.371697009990982
-0.434167262544503
-0.36200285881877
-0.238046315615972
-0.174640191199071
-0.439225826920879
-0.367730374292033
-0.365970190139267
-0.4240353040349
-0.444390781962038
-0.315263730491454
-0.409051420992933
-0.181131650552614
-0.348921439489643
-0.28755600024466
-0.552328508694794
-0.361858818923515
-0.352889164861914
-0.449319226603605
-0.237231398215713
-0.371118194332924
-0.349612089551936
-0.340335319044917
-0.314617833410126
-0.33453136678279
-0.421484314346026
-0.393551015080181
-0.43037500167666
-0.330151443209985
-0.295950172897908
-0.387953689233147
-0.467288999629065
-0.344907936341762
-0.374530233128388
-0.355469630344359
-0.34345340294956
-0.398969268452165
-0.269702971657062
-0.26586548088556
-0.284050464715202
-0.35414803738049
-0.330477713391772
-0.421945225557375
-0.364148348823001
-0.395662809322406
-0.286801832954558
-0.384962434275649
-0.186612583169372
-0.244356619151295
-0.238150942346754
-0.367007548047592
-0.244555896174643
-0.199624113643417
-0.332111203783201
-0.316383783588396
-0.179070459523559
-0.215912116479292
-0.217174783874755
-0.426445709417799
-0.185500116651212
-0.205744559838221
-0.28240111046426
-0.218434859722076
-0.154247389192525
-0.30699750356831
-0.246196364276148
-0.220937261904903
-0.202515773386781
-0.385176550896968
-0.300467031291171
-0.252566933427856
-0.419442727272572
-0.28478423999344
-0.239346475780281
-0.406787549418282
-0.154415542512296
-0.2615777529534
-0.121622397066615
-0.201687176158128
-0.327117683081674
-0.281915067086969
-0.250817107237419
-0.331135052273054
-0.298472406933867
-0.212928043081024
-0.243397961070748
-0.300996512950288
-0.217058453110744
-0.300951369448997
-0.105549289608581
-0.247826289652343
-0.220072356040126
-0.187800873077106
-0.0779615065649762
-0.111388536125358
-0.114403907813747
-0.0869485931814068
-0.300016898448306
-0.173772416581492
-0.312142530569671
-0.341765458131293
-0.102412806971468
-0.281472322475212
-0.109132779838202
-0.186988697660783
-0.21303723194161
-0.169715351574339
-0.116869896890403
-0.13862772192966
-0.280948999414745
-0.204575499676603
-0.10028378414892
-0.0502241074280862
-0.157356626344671
-0.212786291831235
-0.0806880857810253
-0.191038417423865
-0.259653169188183
-0.196363021130525
-0.157808603394582
-0.155440705327202
-0.230574404446898
-0.111823178806418
-0.129866526346544
-0.254284278378162
-0.0575159476917623
-0.138730546760699
-0.239653957321379
-0.202811271918983
-0.142483489091403
-0.148307920914211
-0.19446775152862
-0.107825663911318
-0.18959167285208
-0.186814601400578
-0.0474915806450638
0.0316916491448497
-0.112306899704634
-0.0235403401142774
-0.251930666898887
-0.149868167556871
-0.233810055224341
-0.135023583774944
-0.085056058205879
-0.207965217131293
-0.0186597403474729
-0.0301993012163311
-0.221241078092702
-0.238357246725637
-0.291020526360156
-0.118426362805244
-0.100657549443924
-0.191225999260914
0.03133007782671
-0.0708691457332242
-0.121246597533651
-0.0793822744012137
-0.0172945825270436
-0.13548711011426
-0.149514018037633
-0.0949731739924203
0.0272659090679466
-0.0353862812416136
-0.073923819179234
-0.0920600688310893
-0.00778761589775498
-0.0523438441360085
0.085918703611042
-0.227837049743762
-0.229397499700538
-0.0893639605109882
0.0311886001569642
-0.131698738829128
-0.0759921553389679
-0.10408521745373
-0.0772912774853111
-0.0800614066141835
0.00942141036546726
0.0966183810741926
-0.198601580467861
0.0663891111908176
-0.184750048386777
-0.0690246746630706
-0.203361061863481
-0.0404202777797019
0.0963228338247288
-0.0866203843758908
-0.0783411001808784
0.00564833314309717
-0.0457870757822941
-0.00904717495171755
-0.0313913896578185
-0.130278514181028
-0.0274426895604204
0.103140628151169
0.163535002838598
-0.116290751164549
0.016964165035219
-0.021266552244605
0.146960485154663
0.070352431531306
-0.0250576550442572
-0.13020188974115
0.0793456515320491
-0.048037712752834
0.0726421047881584
-0.0146946392903463
-0.0268858259179962
-0.0527849871193987
-0.0447623176671526
-0.163333570889979
-0.144857501897367
-0.00178237472284779
0.00375441692318888
0.0773414623278573
-0.0222352887194616
0.0317829099056156
0.148639289738549
0.111950048374531
-0.0226048607544807
0.0435478561982388
0.0632161907447045
0.0234206180953343
0.112042635359336
0.133189941958188
-0.0185792185964991
0.0391356540775832
0.0796349590819325
0.102323036714593
0.0550186302770505
0.0368379753663751
0.135316861788098
0.22216465948175
0.128781773078617
0.126945828495863
-0.0183709273964717
0.175616101271285
-0.032495391404505
0.0524896590891258
0.136678280630204
0.0253121604512069
-0.123589312747183
-0.120059893857314
0.0863148869361688
0.0617892001582442
0.218214237780097
-0.010470228744878
0.0242453126872347
0.12365167703524
0.160066496785014
0.124273226190553
0.0727834925291951
0.123889873525891
0.228337442910742
-0.00620649146573926
0.0157553184463352
0.253216804994937
-0.0425051505802887
0.145654267039083
0.228155018472278
0.0761194212323215
0.111666114213252
0.215624947215595
0.255017133145654
0.170244793173467
0.0914474142224095
0.140718610769016
0.0850026232383212
0.214953465839912
0.167157890171726
0.0790206982758494
0.272941056512759
0.0190986334759236
0.0746817125013689
0.177885569598874
0.117535070641168
0.177438545786179
0.102644374781443
0.0831552592113085
0.121847920354052
0.147942031600034
0.0518471997232279
0.287357957054607
0.201349610570519
0.256437478181549
0.0242308241101223
0.0264463426933462
0.2260879222421
-0.0310249426931316
0.318278580651231
0.160474233554835
0.198707805880308
0.20812556676473
0.257126989676481
0.229559872062279
0.185008464032603
0.192079782910032
0.166629033328387
0.230006554845793
0.299084065350324
0.283594329196502
0.130510295605362
0.160748270936311
0.135999497852861
0.2493986481207
0.308868309969392
0.217701187467776
0.171755414283894
0.169288119044409
0.273256047779922
0.295534641953796
0.229435022144055
0.22784645910436
0.145060865652252
0.272892669405497
0.246165822998597
0.166825871446161
0.11481826072566
0.244879240333183
0.251391138306398
0.202179321805881
0.236513509581224
0.218253479838766
0.217246254569704
0.245851104186632
0.182549642571989
0.181524920597718
0.313916951536512
0.347822123088395
0.307374594018541
0.363541879701641
0.251634722211267
0.330940421005071
0.252783013836224
0.0506904135193244
0.176035776935062
0.398757768434002
0.0407751254129473
0.266709232006097
0.233387540137912
0.265545882939039
0.414519688672318
0.35550134599296
0.398653289677647
0.291783628791069
0.256682188656667
0.278532679762946
0.257502849043275
0.296055884671904
0.337753644047693
0.510139594495815
0.440571652045038
0.295548701724446
0.1630421421428
0.233904034491998
0.20481419849516
0.427700791303208
0.275097789895967
0.26520396459112
0.266498022537496
0.371742585719458
0.30030326758698
0.349689550908053
0.367008656748112
0.267423649092852
0.280364409193036
0.324992180462692
0.327417810960849
0.307421393946485
0.229721130600795
0.231057236474171
0.358166246943391
0.328055255660563
0.212212658459675
0.51830278052372
0.322294691459313
0.26755208732927
0.385438948947724
0.319407464739283
0.366561244728456
0.41811973187061
0.375200746553849
0.419307646619149
0.108516822050649
0.318066364795234
0.477134254876836
0.257694598916964
0.414932728038248
0.471773660083858
0.393661809993707
0.422904117642127
0.278323242909639
0.370270887543018
0.281660499751617
0.409243446107679
0.537118181707197
0.223703566414936
0.277009327500986
0.368530689877873
0.382734511985316
0.404201201929628
0.370301099592491
0.387551159070858
0.432028209369173
0.284725112999662
0.470449859844505
0.410536755712116
0.384176161271862
0.312336417950999
0.407738182633882
0.344560633606708
0.371953006803642
0.424658888524073
0.399514526251856
0.475530467495702
0.446290346142566
0.368291875740335
0.481103297511005
0.670056378376243
0.54515365888512
0.394997088748417
0.419401061495568
0.459788649383557
0.505207880842006
0.475889438926645
0.435156843673527
0.371608208345735
0.341543432726869
0.589432935170895
0.488699715712863
0.586370122481162
0.300719652187835
0.551842953083645
0.458565627152754
0.382063200177047
0.517531991508853
0.44658970743478
0.423694303426224
0.427050445625988
0.4596863016344
0.585513258281333
0.527894873821011
0.460906062596788
0.558218792494584
0.401788003695755
0.449409588884718
0.433564320682398
0.566281313511625
0.398895324671352
0.418368073727589
0.452027625684092
0.436169007244282
0.423510851266226
0.50105715007681
0.342861037594228
0.526030517217805
0.591415591264887
0.566905642808794
0.605703450783816
0.49364235128434
0.568725380926732
0.473728200742225
0.527883388419544
0.500863620007831
0.70584559468625
0.541431532634151
0.522205927310914
0.469543887860547
0.548885708632879
0.581465773673436
0.513938524617634
0.521747446608915
0.597112895387928
0.601431976609382
0.730559675665418
0.628989917480514
0.448149826315565
0.39964112197198
0.723287281848269
0.498998309630491
0.467608168338899
0.605285636530866
0.505205839033786
0.633479949318675
0.557089228746048
0.640756507255403
0.626172825505616
0.626663092338835
0.66793148396041
0.595485563770731
0.546343222892638
0.585259419728069
0.558792147388016
0.486878070417806
0.659289238110819
0.632438631058359
0.633435596595912
0.690258153471074
0.602037447721475
0.498136120751574
0.51871198701577
0.627633569792256
0.541089596144419
0.531327520545949
0.527075056193514
0.645566258270829
0.636068692991165
0.678297606040528
0.589093399295537
0.557651503798589
0.787873453465791
0.622520424328482
0.69308525297163
0.695431833343198
0.707562599033632
0.645331546566298
0.67632893238047
0.518071851184608
0.681696371506734
0.58035408385464
0.477305955259101
0.644919201998828
0.43449911704607
0.493891743042648
0.8275281002484
0.559150578033562
0.770938964701577
0.721676316965813
0.574809754714751
0.545322739954047
0.601827456305254
0.691751176671475
0.755022898991667
0.561332255775211
0.71558362485494
0.419702379532622
0.742630054653593
0.720844247550236
0.671670615333225
0.695779418826117
0.798489011665497
0.643043945492924
0.782899710059785
0.68822799271691
0.607009912367978
0.642718351474571
0.721115158897202
0.729719383967337
0.663577338318263
0.760904918343152
0.580636496842621
0.604012637517482
0.642228079452663
0.647415777066469
0.549500969363715
0.729174601282065
0.663994469176375
0.753902888858663
0.644096651060395
0.697830772855811
0.723058577376891
0.796333450635727
0.670103225913919
0.548580624310598
0.675596921275768
0.736665280790471
0.603603473708391
0.599412808145259
0.671943857219218
0.800833741708249
0.861355297551317
0.722670301692204
0.683363193072859
0.754557364008231
0.671353231482998
0.637923836082619
0.750635825435126
0.75870290050351
0.753926620164829
0.754063525832492
0.955776872903787
0.729416282891982
0.897948663055026
0.846605921318158
0.485670239802662
0.690112501427782
0.86208723906419
0.798557084276872
0.782670059933091
0.812978930274494
0.600028697778089
0.713541996549936
0.811754255341781
0.677855744911023
0.786416926295631
0.859793435010014
0.841448726920021
0.759811150771399
0.71127999350794
0.942396105449474
0.988523406955543
0.645719911125087
0.972462470858685
0.929654613073899
0.766318088700343
0.760846108646135
0.844479503580113
0.956877402330487
0.774900343254085
0.859019461918385
0.864346989190239
0.91314534463896
0.896650283915374
0.913024436091148
0.766883491465506
0.790342655864063
0.935000316636185
0.942292247631169
0.840258330010001
0.898425089917076
0.825108813132731
0.692221725124707
0.824101734352842
0.793247240763383
0.911256180315925
0.785444268572685
0.755769116036686
0.790902500664497
0.881084500877925
0.948843511423927
0.84649345485514
0.728746816270374
0.934406041721653
0.842750130893642
0.945860135160129
0.944113983370705
0.895301353015915
0.792139546542009
0.903879671357707
0.776950760691703
0.690824428070706
1.00700572542436
0.949801958993165
0.842230504239443
0.775448954580677
1.03034987634831
0.908070172220023
0.903500275589077
0.922961551278486
0.848613068902106
0.864797631258002
0.942487854625168
0.936621094443093
0.954646912451547
0.767977089428743
0.896089092934572
0.856423782605059
0.86145131806734
1.08837412000388
0.884704447054539
0.897403227897726
0.856333501036716
1.04751038512073
0.896923769032223
0.897764439554885
1.0094875002512
0.966835057031984
0.997086510972345
0.851843968207476
0.941238777671796
0.746048696593578
0.942530886302454
0.86605672409362
0.943795135635432
0.91669775922636
0.822045893788992
1.07089159550482
1.07399255498398
0.908758913708402
0.852966963497946
0.779561691602188
1.08846130936157
1.05364323350677
0.990422942657948
1.04281767226592
1.02997055045471
0.84441507297162
0.97719741215218
0.881653079460394
1.02606529869693
0.846613753547179
0.95644416823416
0.933629129802127
0.950486365766247
0.90205996630976
1.0602170391557
0.987187543549346
0.99164185073982
1.02364159645664
0.961876940716123
