-1.13945844254868
-0.805718165859297
-0.998909823202824
-1.04157749805913
-1.07464507324448
-1.03521866072446
-1.03870061393124
-1.15234267272535
-1.0928528410078
-0.821328464380743
-1.08363602167733
-1.08945805513117
-0.882268839356687
-0.96544423134851
-0.999347695891424
-0.973891113018054
-0.940988091532299
-1.08372280564695
-0.991413355282278
-1.07733567017853
-0.893457350562143
-0.947548841736808
-0.750057521581376
-0.927218445984957
-0.897476979762786
-0.983321499733131
-0.943586009239297
-0.982438307707177
-0.997738683544642
-0.97539041065414
-0.74730263889208
-0.951357971189818
-1.0459895954656
-0.890120535834204
-0.845051240340623
-0.853754119034498
-0.858036115187848
-1.00240318140942
-0.935160539347336
-1.10193283772834
-0.728239964139954
-0.955030182813604
-1.00672395641387
-0.899748698450942
-0.979653106217547
-0.968747277165828
-0.874622651599623
-0.805276600387728
-0.870530244599288
-0.897570714193763
-0.860130430792286
-0.980415245187751
-0.743018410854545
-0.829057329640663
-0.876265766179848
-0.898072989211195
-0.94631303278424
-0.846842013610912
-0.783812255055847
-0.857652563177313
-0.923123121978345
-0.919595093959884
-0.753455202889103
-0.999687063004752
-0.769657014244098
-0.935543192914685
-0.868280052877466
-0.95753634510444
-0.716159573328746
-0.82194776037573
-0.851099797060312
-0.747031491004201
-0.904858993964098
-0.767361111419294
-0.825286321172226
-0.865336427629508
-0.878507168380552
-0.931645387081973
-0.798963449706077
-0.726366714042547
-0.869663586168715
-0.764722708998013
-0.801986477149409
-0.880220902406526
-0.897420731162504
-0.77560190225943
-0.837627354420083
-0.852206871391827
-0.84091577645722
-0.852040612109807
-0.845629135249602
-0.838919056848795
-0.886585685885022
-0.795215803736556
-0.808364596073761
-0.817961114036207
-0.775739968435523
-0.890307786097341
-0.839552936478349
-0.711502924543802
-0.826718707865994
-0.841199062462644
-0.839789524658364
-0.653687517621564
-0.679552280118038
-0.97313852960745
-0.934300613264731
-0.582599420809541
-0.83869437866267
-0.698752501176297
-0.739497307009284
-0.870810520026561
-0.767893145601398
-0.596774831942368
-0.72355782267348
-0.855997334805157
-0.753201163010643
-0.722184557264128
-0.935295961889467
-0.756240691973548
-0.647407616974241
-0.867137913410392
-0.859773887684481
-0.717798428002477
-0.621489555376798
-0.851197042207862
-0.802310886076278
-0.577280019276268
-0.724992109724958
-0.607693281778888
-0.831797245397666
-0.770039234845639
-0.764101832187684
-0.695694350048989
-0.738861110593538
-0.703921914995516
-0.618625643140918
-0.553404144978325
-0.538946042083785
-0.76173461300522
-0.776135256258646
-0.690838477981249
-0.782705365308808
-0.765876328511431
-0.664921009585736
-0.753509386111006
-0.745314043408212
-0.813031842631909
-0.757528232545701
-0.556000227665675
-0.668730865691265
-0.790219761542019
-0.746164068147887
-0.754392061543802
-0.564344775649906
-0.642839896601062
-0.768462973859467
-0.751329230076875
-0.849671321299405
-0.656280563082265
-0.735493708166521
-0.642075165235447
-0.801667838749212
-0.572675428254125
-0.660947183777671
-0.670492005893515
-0.701935707358666
-0.534125886370872
-0.753955590014821
-0.805778038447632
-0.733764147392027
-0.587086426469789
-0.633179054577206
-0.54801804521052
-0.580165661555473
-0.620545304597827
-0.882136155646362
-0.582679837483767
-0.563478719312238
-0.728623294370655
-0.564953992207089
-0.452589191808175
-0.51292438354984
-0.722335629484241
-0.467893701195357
-0.53692235623994
-0.538070283492463
-0.623811033082471
-0.667940854498399
-0.563795854868442
-0.597266306654925
-0.596648263566993
-0.562490671104637
-0.598174164734009
-0.557634678573458
-0.617531979916533
-0.729141577316325
-0.612305725293957
-0.692784383620666
-0.534607815050794
-0.67429139552319
-0.479164879395587
-0.740851301765894
-0.518027238944661
-0.552545426054833
-0.548101162927842
-0.59910294919782
-0.478973594606589
-0.47544328900413
-0.585118199947221
-0.608924402133231
-0.663010592414972
-0.492148602951223
-0.49789951745653
-0.6671822921448
-0.517825307437134
-0.498053585425956
-0.683908999358273
-0.547962590170409
-0.561391347224282
-0.480891727100651
-0.574751866609121
-0.534763328900965
-0.639750206989568
-0.617544027045286
-0.550028358028607
-0.611897521785854
-0.706298486607251
-0.579442451764141
-0.572742295495506
-0.617825997931583
-0.74654370288882
-0.495531268445255
-0.459695253549392
-0.444986530135602
-0.471291844908781
-0.429229282103593
-0.578067613830622
-0.539686460803352
-0.570845929083077
-0.711697007047204
-0.302355670135214
-0.461700545337955
-0.57943777027061
-0.452540754942801
-0.444588637473161
-0.555911173326679
-0.492789403534469
-0.464637055844337
-0.435970966183045
-0.526892357041939
-0.514905443397922
-0.435384221456852
-0.62845658820618
-0.517798875458567
-0.498880439763821
-0.40261834064883
-0.481860031541128
-0.503203087479208
-0.450276211054337
-0.630197384844229
-0.354038674160673
-0.541315637188061
-0.432896196332107
-0.43754869289954
-0.59678828827658
-0.522163207090086
-0.488654155483217
-0.363012737285288
-0.427726399523819
-0.51788180175759
-0.48216266220582
-0.421358540828427
-0.287772991778053
-0.551507698612484
-0.435975472278798
-0.595250549340438
-0.5051590220311
-0.497437029807475
-0.37013276016411
-0.289483819709992
-0.422673944238859
-0.449290955156526
-0.426152275336896
-0.38316048459952
-0.342081553532446
-0.435448136276807
-0.302722575701584
-0.579816172037196
-0.398624904908612
-0.508648888249568
-0.585367741479074
-0.421918175677605
-0.371759068156823
-0.582108534452752
-0.40466200749447
-0.46308033964874
-0.329027275216675
-0.294168706328837
-0.326571695375777
-0.404425666315395
-0.415033011425331
-0.318740961246056
-0.366276260408203
-0.39786518743299
-0.475746220112639
-0.426242203007096
-0.376409808528342
-0.404830902010236
-0.404693713868844
-0.236681786875871
-0.276118923293137
-0.366967719618334
-0.423425518882538
-0.43191931102291
-0.48959110106221
-0.261623702626954
-0.446319578062222
-0.334210295353195
-0.378352336188015
-0.320377778856514
-0.392616302149302
-0.378907416908964
-0.38171486910739
-0.301323666395322
-0.344813762410489
-0.413813717497295
-0.356449074747412
-0.42877122653483
-0.411064754268284
-0.31065052301717
-0.356936530478781
-0.2117337463043
-0.18642071578881
-0.347012961090483
-0.308552065876829
-0.254936955041693
-0.294543108128958
-0.239155879226052
-0.273880246061266
-0.360505393100993
-0.24254769867619
-0.283206264361591
-0.346355168933576
-0.295133283508765
-0.28234137677286
-0.437689525436802
-0.465312713170742
-0.298376837897665
-0.216211277865163
-0.361498324484
-0.308186163873882
-0.38332837784076
-0.34142511340283
-0.37391884575379
-0.343215103728132
-0.196681589562531
-0.307812995364127
-0.361576658103862
-0.252043103006002
-0.248608704919375
-0.199479849892692
-0.283273720938264
-0.187659227269311
-0.161169873151344
-0.159853797907777
-0.178739007781199
-0.30205957655494
-0.21176543277298
-0.284913186670733
-0.38959045117062
-0.240283643446531
-0.14387563621399
-0.168427141238457
-0.332425453164682
-0.381936853996037
-0.304516076428605
-0.346746015365609
-0.306246636727829
-0.302726080007875
-0.286877000765982
-0.334662302646835
-0.212814173225041
-0.245763201324782
-0.195706794604658
-0.234667473275935
-0.254150676037522
-0.241883855341186
-0.225718371221929
-0.206385414874501
-0.173320823451018
-0.245824364525811
-0.271740617227014
-0.187011938118797
-0.198736691744852
-0.176303733897087
-0.311782837739977
-0.228640271850517
-0.186592942352048
-0.133665007975465
-0.231712359951703
-0.119957232924787
-0.182062909185216
-0.197969962733537
-0.262754079275903
-0.148705880407057
-0.207822221685878
-0.26904620598312
-0.138444394693956
-0.0540007832695955
-0.185035752485583
-0.296429891107276
-0.151695395692815
-0.193510658936919
-0.228232627707276
-0.167481737669256
-0.134518415324999
-0.17183394770517
-0.202924884686379
-0.398469313380991
-0.297026998659339
-0.215143187326014
-0.0709666876089932
0.0111998314810275
-0.0810129400869978
-0.298556655908696
-0.0450362463820235
-0.241425753579513
0.00962213506767805
-0.0871607558514942
-0.234635974063522
-0.0883243790279296
-0.269904574289032
-0.10587601134293
-0.116611287869201
-0.0530624078407416
-0.27113424734575
-0.082550039499434
-0.182774760373159
-0.238675599146552
0.00800690596632006
-0.265495890861873
-0.0895902361038962
-0.14314074156745
-0.125226994756965
-0.0739590661677233
-0.2065000362218
-0.224215262491613
-0.0476078848962567
-0.272601155428776
-0.111077205749561
0.0813196494153758
0.048140219491867
-0.110904764661964
-0.0831625471894838
-0.0763558202791313
0.0423240854932409
-0.0192665988468781
-0.129034774896825
-0.186381003321037
-0.192708670227082
0.0484467648268991
0.0353860362489503
0.143263278707159
-0.068579205411395
-0.0837145272305783
-0.0619914696914576
-0.200410457326476
-0.163051522938274
-0.183272465032571
-0.0506240040380755
-0.0567623043667248
0.0243608800287286
0.115387221688118
0.10556661713563
0.107588230426035
-0.0584582324629771
-0.105700781181026
0.13230796062733
0.0449307303657199
-0.140646034418638
-0.117446472421955
-0.00770904851907182
0.049339037451963
0.147998377854968
-0.00274083723426777
0.195408825483596
-0.0237189902893678
0.0497115886199825
0.026454083522753
0.031918351284308
-0.0311810106545692
0.0606648195297841
0.000476524875878592
-0.0509084445701633
-0.126425934808235
0.0600679875353231
-0.0177121392405419
-0.0631592568191793
0.0695906765472169
-0.121927568131961
-0.013329629443038
0.0253630927965741
-0.07384681085888
-0.0826234164097985
-0.118628369560216
0.0473011077650216
0.0151050102546905
0.0464594428052849
-0.0229768148546177
-0.0430548425283029
0.0972321595848196
0.0868543091443608
0.0164776890355654
-0.0814477176973174
-0.0393421427779332
0.0624385204953006
-0.108399353430479
0.0318948008985104
-0.1157889992047
0.0529465151267388
0.0954577249563556
0.0400912849133349
0.0144535769250574
0.0320156834154106
-0.0632620949765523
0.0693736870108919
0.0934877578697159
0.0626065656281383
0.212358231019279
0.137316399452036
0.0642475837402723
0.114594289624345
0.233299907954791
0.134881455984979
0.0640986588672213
0.0682852927792951
-0.0678554614685021
0.0656186010700533
0.0973754704942179
0.0969396805677606
0.084816749385395
-0.0291945446320745
0.0733154992696161
0.228388217166119
-0.0438191056529139
-0.00508639849614503
0.0940204823667743
-0.00694932836046892
-0.0368364143629935
0.164485130759453
-0.00926906323896368
0.071811660154
0.040223576961318
0.0420930522625262
0.021520247871083
0.134232294013704
0.207695710570714
0.254542621657614
0.0368025117031593
0.199508372542082
0.00838549528586256
0.170972160998578
0.239046320803243
0.167586403569898
-0.0301441056966321
0.303306013868743
0.109352736951651
0.0715675778173083
0.197023431688715
0.0379347073795917
0.224558173543316
0.173350715425729
0.0502761496444594
0.0774369424609643
0.16117199854303
0.122107224475678
0.171513974892708
0.0593243046752672
0.192515758123142
0.0446877314193158
0.112284192271561
0.0646463216883834
0.142448849974645
0.132554673527059
0.131053477039645
0.158529588429653
0.027390128595573
0.154931578029504
0.120770013274991
0.212399687318001
0.103153149333976
0.145198387688907
0.221603870014488
0.235722105035102
0.227325211804498
0.245873245416965
0.228385593238167
0.151948285200238
0.341301226811278
0.10219528056735
0.0451524711077156
0.202834349681108
0.192870993200331
0.188345774697864
0.152552083731423
0.242307379341633
0.132960069796722
0.197666913453906
0.177601546915113
0.0881700404166025
0.376502306767472
0.275710828121199
0.251214160101311
0.117447192573945
0.155871172959403
0.244133136090129
0.35917435702465
0.330987719523447
0.345683127259291
0.192056113411573
0.236110164396165
0.280389012882178
0.151633183372622
0.239044765463397
0.287587282745885
0.297514475450715
0.292308610992328
0.259500300815225
0.253260561031929
0.193533766032344
0.230258573560352
0.320358582399585
0.180754550310526
0.169598373552644
0.186500297093672
0.0712856826975102
0.210609793875437
0.214194461373003
0.279858939844225
0.30416860278823
0.354963123322313
0.237505090769411
0.352049706849451
0.294415907157504
0.299064404364187
0.340418163718035
0.08103541417913
0.225659173347101
0.246166971855962
0.135681529924984
0.355590739490514
0.304358560462661
0.349356453800553
0.317953849477276
0.318162639133061
0.277434270503055
0.337889707429508
0.398230773467944
0.322390311900014
0.271761100677595
0.315772509551352
0.331113357903784
0.34251109209916
0.294552298822983
0.319788184697217
0.305617839711513
0.31902195635067
0.304720486616837
0.30203966596008
0.135769885417774
0.305683078298756
0.435736581262603
0.304068681681032
0.43411961833822
0.29646411131743
0.283823140312779
0.323062240232621
0.304435280924413
0.260718587132412
0.411311989136962
0.259736015825195
0.169685423346023
0.285411843198658
0.362883734025966
0.317650782160511
0.254494532905095
0.38640241649945
0.486523749903634
0.376182731587123
0.174815020931183
0.360140718466015
0.309612445671209
0.4833725202433
0.360487686301787
0.343250485097493
0.349869266096426
0.526474090832882
0.305121529975917
0.405646673128569
0.433882963085649
0.404501346047229
0.388350279308787
0.471676883136355
0.473330703005122
0.406404514892242
0.335864543409938
0.325243658742165
0.434819236273481
0.413315885785162
0.466986783765754
0.486113597891461
0.388291882055913
0.501585771574181
0.424462697469075
0.351596147869589
0.428990366361241
0.369009725737933
0.464820463340032
0.404641228804926
0.374663344625387
0.536451504606624
0.505703606933704
0.378681331100162
0.459200707518924
0.285125115657576
0.521038540819684
0.315249061831483
0.537405114126698
0.423097214480673
0.323080736389627
0.449429280291576
0.545856704717598
0.483900479047577
0.367404356954451
0.473401920669501
0.283263206710652
0.337084437662532
0.480078612677636
0.693453601087643
0.318515209406135
0.503880610938957
0.503843264700134
0.496115539305376
0.71027664157565
0.443175120912557
0.56854321805036
0.589029459906905
0.492023946661079
0.492826381705676
0.470541208561955
0.620560553009842
0.553278497465838
0.494164323657401
0.608465913903398
0.398446996554674
0.611468012696239
0.500188126098359
0.59230008618032
0.531279152021252
0.446206665211941
0.536761918095058
0.437862836864855
0.451834953541424
0.650248968118572
0.48181594474138
0.539097012612811
0.573116481649197
0.554422173713522
0.540368759463434
0.482620086280193
0.694294881898333
0.553222054394364
0.469955844589758
0.67941045837938
0.503579117458528
0.54865756832485
0.589702970044061
0.624535424867075
0.464571320079106
0.556410710917917
0.56333121507868
0.564143994390975
0.492548889410488
0.400765584792932
0.60657884805841
0.603917186697023
0.597864870843011
0.500640543585497
0.715645000735461
0.542994111382701
0.569076210410566
0.596542384039609
0.677837017636372
0.535418622765587
0.527022917238977
0.599707067009942
0.604613293171073
0.672278252976456
0.523131359872838
0.531198584910038
0.780756672032602
0.641275294313043
0.58814555117896
0.647443926988787
0.523963927718884
0.546770583650562
0.530519714883161
0.68545136846381
0.61879302889232
0.491307316709303
0.613021753241328
0.470419582833749
0.417475284068507
0.654363752172672
0.747868228219258
0.64706399504559
0.664715176762662
0.613550171637687
0.780925309370001
0.49494529126801
0.760862692243984
0.600549031649397
0.777747926429113
0.528294435725445
0.546987409857332
0.503650766837125
0.552406147020235
0.73015635392562
0.694079733381501
0.723566612779069
0.515010929399047
0.686984260725969
0.771790821550843
0.648860934037914
0.53844969287474
0.669767258737449
0.770219548980383
0.554195340245512
0.617452621372064
0.672230627996291
0.602821001532758
0.683846603374275
0.781058529504763
0.52597316975913
0.680794868000637
0.695214948147232
0.643904826557545
0.745919373471792
0.808361163883514
0.606759298939256
0.731679566068782
0.64760531195251
0.560810937155463
0.68810180294908
0.843439352877504
0.662785711836281
0.823161319544918
0.735099114846596
0.819457228065929
0.658154009958483
0.647984583966837
0.616971110946128
0.765186697644162
0.63389180757822
0.846952639182387
0.700190976016172
0.711903438153141
0.797397438073976
0.814916247994377
0.858049101249378
0.845693703075145
0.803742769185558
0.749869895321303
0.734757297471549
0.8949535629317
0.874325606752505
0.73785416401718
0.774900490723369
0.733037549720585
0.85439709073335
0.804068138071829
0.832160669621972
0.659397916631218
0.848462939752917
0.857789844683987
0.622488955739343
0.592302644154303
0.814332492923578
0.738297184695706
0.82850725674295
0.727888547281659
0.746928731726672
0.931031189511145
0.69211139053481
0.820464195613609
0.727730541005071
0.854075535433901
0.774758167068422
0.868000749859687
0.998055359515354
0.728179356456337
0.824814879967978
0.760877143285168
0.923322145073713
0.758247591895748
0.840968839657426
0.951244139413275
0.750450129011854
0.954243125131228
0.791194528859325
0.816279170628587
0.864238713763099
0.885809644797711
0.745883667233494
0.717273953944185
0.827035162416433
0.850477146312003
0.89195929759426
0.630704824622572
0.729414265734178
0.796913296829222
0.831435162621234
0.835475368675194
0.924826451406879
0.830500713376851
0.743416948139506
0.773807812926544
0.986915721304239
0.903416202224328
0.793246928078343
0.905976571945862
0.813288667665649
0.923449102931144
0.79939463255031
0.928879228500502
0.907950482895603
0.948452881079337
0.821691625653593
0.894598528963505
0.91923191374769
0.84227576375888
0.885587888082209
0.933162349218442
0.886268073440301
0.669276324008021
0.828390863674428
0.812057514147775
0.960877387197897
0.843450287692495
0.815025971051139
0.900713889368303
0.817923627965412
0.929124775675202
0.890062289642521
0.897488268064042
0.888989112573234
0.90244161738359
1.01701381674152
0.851075718771277
1.03852406962414
0.954821336047526
0.841113628419112
0.825674273601957
0.898071478835736
0.997704676639462
1.00803562738347
0.904606909190474
0.775171430689873
0.876581194898761
0.907177889972131
1.01535602891417
0.85639076796782
0.918972134742509
0.970703661883618
0.892639578327168
0.902692836399671
0.988709178883023
1.02021036121221
0.9996041242173
0.85663948890872
1.02638732862522
1.085284637399
0.888352010171932
0.975219940446033
0.977282773641853
1.02444058553252
0.93755153744929
0.959667685585984
1.0553244649645
1.05549421150481
0.891451371495679
0.959071456367669
0.99040411560886
1.00916031395674
0.836601231834869
1.04359616155396
1.07117455000616
0.982783110060489
1.08868606174271
