-1.16472048882878
-0.790585891111583
-1.00010072954356
-1.02550669543712
-1.07716302336342
-1.04199671253309
-1.04943179998018
-1.143184329516
-1.11493765637524
-0.796203821403395
-1.07731824314188
-1.08430846334086
-0.891149426299699
-0.955137936358127
-1.00487454570562
-0.977485353040777
-0.936453990560512
-1.06046325732069
-0.991782965283666
-1.04338454884552
-0.880642891345225
-0.97237221696039
-0.742182629032226
-0.922614022235207
-0.886041463995633
-0.999102142193467
-0.952455309143346
-0.975462399853123
-0.982381710938579
-0.959816220047459
-0.723009787493906
-0.972698645871893
-1.02839379266761
-0.901807792291266
-0.844102219262303
-0.852695939872338
-0.868312594467583
-1.01078319607111
-0.923119183346097
-1.09583545104723
-0.73583341228865
-0.935471764511671
-1.00346236066523
-0.889978878094066
-0.960517364582695
-0.990174661058441
-0.874636568192115
-0.810971172397928
-0.851458216641332
-0.883184150487737
-0.859542015927462
-0.958086980457982
-0.726987510906024
-0.828907240867938
-0.8823070157994
-0.914183751450097
-0.937491641804991
-0.847655749599456
-0.780496015001565
-0.843965083297893
-0.911688985594292
-0.916241578369944
-0.754900705971108
-0.99310133361429
-0.761663164299039
-0.905652932327482
-0.864241377238977
-0.949052820442157
-0.742301208400302
-0.831501204034722
-0.847443078039865
-0.746511989628297
-0.90829246820096
-0.771891975530241
-0.822354051087863
-0.889817811185733
-0.847426196783376
-0.923684902340577
-0.793949450243329
-0.728643187236258
-0.882613332608899
-0.775446859785929
-0.796914587074579
-0.872603278912837
-0.896775691611469
-0.796276907753936
-0.844466909266094
-0.850939554096247
-0.838988150891765
-0.866418778727423
-0.859644095908726
-0.849405007932694
-0.883584979289104
-0.78998858737642
-0.798775289097544
-0.823898699872822
-0.76845422859279
-0.869458261354032
-0.841821592835804
-0.697921951443254
-0.834048470133365
-0.851106774722449
-0.852126641494016
-0.662650925308438
-0.681689999486942
-0.965841769426441
-0.926414996199166
-0.576052132280087
-0.855297812339162
-0.698414364705522
-0.745389969382843
-0.863605750221806
-0.792906604494984
-0.624923229553028
-0.71814237063177
-0.835185448201719
-0.762224026974925
-0.72444116791395
-0.938260960493693
-0.775188059700705
-0.628764756319606
-0.857883392716938
-0.872447548725089
-0.728242498034426
-0.618611062785056
-0.850459472613639
-0.814413514809529
-0.594324172747298
-0.732259825250653
-0.622708317698688
-0.801843124530347
-0.766224516357668
-0.794754470807856
-0.701822029115132
-0.741098772484183
-0.695937187563414
-0.637584199061956
-0.560122625942146
-0.541426170108446
-0.764841479691296
-0.784764748722481
-0.699155396921828
-0.777403910603851
-0.752161569741354
-0.681691238978997
-0.768206194671965
-0.740978378368986
-0.801025508095285
-0.761979105945405
-0.593226848596226
-0.660616544840956
-0.770437909715453
-0.75284303921868
-0.75157765461231
-0.580885015703487
-0.644028735338912
-0.770298015087302
-0.738586029735203
-0.839921682732742
-0.673379940665175
-0.735835548378393
-0.646630139406775
-0.793378207813821
-0.58232068161475
-0.657286554448435
-0.667877775322531
-0.699750629843704
-0.546318365001423
-0.762719031439011
-0.832738301859016
-0.738004874312585
-0.585852387018941
-0.641408488550314
-0.568181781867053
-0.557773110207181
-0.603641733953541
-0.858670448914335
-0.599189494208844
-0.561739022548739
-0.743119155085349
-0.569522131310709
-0.43439795338346
-0.512235978997845
-0.728538974280519
-0.470502024391864
-0.536995126579251
-0.540956545610945
-0.618488779271874
-0.676459805843621
-0.592518790307679
-0.599040969671719
-0.589891775591838
-0.567822843545024
-0.593937643559456
-0.526007022804146
-0.621048547191962
-0.712013009507863
-0.609296999816652
-0.658866891303046
-0.546635046252624
-0.652996617258111
-0.471744090128488
-0.747804305497532
-0.510522025738739
-0.545483022196745
-0.555705928631978
-0.590094973620749
-0.483264480402341
-0.480979884946465
-0.588937249901105
-0.616392590582629
-0.676458368448204
-0.456246110023396
-0.53521338596752
-0.66401396054656
-0.514319855776564
-0.504714439474046
-0.691797668375818
-0.554750730452893
-0.574541245996997
-0.514817411394175
-0.583223345566483
-0.533489002897484
-0.668449581141224
-0.614196153154385
-0.543850937820232
-0.605428566784969
-0.695358570796548
-0.562706177235706
-0.575162297367636
-0.595606713904616
-0.734136333000954
-0.493684613674814
-0.466514923751089
-0.42523253717838
-0.449104525639432
-0.417593671674383
-0.597688806539591
-0.540786737730905
-0.55772297746318
-0.72314767959735
-0.311410729921135
-0.458704181350832
-0.569206266694834
-0.443013940877651
-0.446256485046818
-0.523131241615356
-0.474813548781855
-0.475957437904498
-0.443319694217437
-0.513466690645822
-0.497944103939258
-0.474328280070346
-0.625106738343136
-0.508932253295037
-0.491639456304308
-0.388406892221573
-0.457588927470664
-0.483389060249359
-0.42937146228227
-0.673709759426007
-0.337965262222635
-0.564653794909906
-0.439021913325978
-0.42836074832231
-0.586943375600619
-0.536686736140799
-0.491790006030878
-0.387664691692373
-0.429089508758449
-0.509910505255059
-0.491377020940663
-0.428907709953485
-0.307429993828866
-0.548334745243819
-0.419919064841319
-0.577998436544592
-0.493579565779025
-0.501271397874464
-0.402986871663007
-0.290637428813955
-0.433526242029255
-0.461211651383764
-0.414317780354832
-0.384883709342505
-0.359156628423446
-0.428352061495964
-0.317452796589694
-0.559209950855647
-0.377011823564591
-0.496580748115959
-0.582490308339155
-0.402272859585312
-0.358754356052808
-0.571880437905985
-0.393731986662309
-0.466342207506626
-0.338656384085619
-0.306833379327918
-0.340936227163868
-0.41847718450757
-0.393886940040507
-0.305044336088445
-0.376450949371657
-0.406264794997718
-0.468795305253637
-0.445565089540362
-0.384854672944273
-0.391653033142761
-0.404939039068302
-0.220786928820357
-0.257179798233158
-0.370878175466996
-0.430139775942345
-0.423281566006781
-0.510767843315739
-0.242940151228574
-0.460986931149541
-0.32780910205902
-0.368084440233779
-0.298965902435688
-0.39109571152763
-0.335153239581764
-0.377423743315344
-0.299342912880898
-0.341575905713593
-0.436505693643073
-0.355916618252158
-0.416022263135585
-0.415563733733251
-0.307456572498418
-0.370384314823731
-0.236508551770348
-0.166131229668376
-0.330058095443559
-0.320846951092619
-0.240105360556606
-0.300344870944465
-0.203589248149145
-0.265892339410539
-0.374938215457946
-0.259799633709475
-0.263984105209448
-0.334669551570659
-0.306476565744261
-0.296055695533967
-0.452567244401794
-0.458653005658064
-0.298685007271762
-0.226628912219641
-0.372716629862193
-0.338942762564817
-0.379178428619341
-0.35292438612203
-0.390173396752947
-0.341279596418091
-0.207400403809782
-0.318904950168116
-0.347131972250474
-0.252119238067977
-0.236366007992277
-0.216431696602655
-0.323628424510358
-0.199271166885542
-0.150739150681984
-0.172294489688847
-0.179850071922808
-0.312007133252559
-0.213466237808016
-0.265645337527434
-0.402817316791804
-0.224641376024429
-0.111836536320905
-0.15941128978717
-0.340060313738544
-0.389162782842435
-0.292949411002232
-0.374662685891755
-0.297967249118016
-0.308630403570582
-0.280031871393916
-0.34219426197282
-0.180201190696565
-0.235188436037818
-0.218017236661375
-0.244890862377726
-0.260744289219533
-0.218822697214421
-0.237921843075065
-0.186830668447845
-0.160303133037793
-0.23429575965372
-0.277886864257593
-0.174879143591941
-0.184612893018372
-0.187098125370071
-0.316202066649433
-0.223598688244718
-0.185204192843643
-0.139001741899806
-0.254266177965144
-0.109110662949713
-0.175460364641622
-0.195598237376366
-0.258933875889889
-0.158754987923792
-0.192858148955753
-0.246324554670129
-0.132473421978843
-0.0519872799433893
-0.17262144228965
-0.315071857573154
-0.168764223392219
-0.189160539756907
-0.239647586208311
-0.172621087710237
-0.148732958189807
-0.148207399813946
-0.19167557660319
-0.403038817927287
-0.29915180687827
-0.190400074313698
-0.0760537240697771
0.00537442433425002
-0.0797586400079628
-0.286813178168193
-0.0378840094231719
-0.235447112227591
0.0270101340130199
-0.103942957278954
-0.238895205985346
-0.0746365839228135
-0.281400148451199
-0.0754573421160868
-0.131004078561694
-0.0548443230725948
-0.289612430758505
-0.0985053097409851
-0.19761991061479
-0.236470024535869
-0.00273935356621226
-0.247432413007639
-0.0749442816852879
-0.145811943176034
-0.121223087436132
-0.0673469671039602
-0.227085354431853
-0.226278547207677
-0.0751830547908091
-0.279861220722294
-0.11191152753481
0.0983566260990456
0.0191191710714465
-0.115123307002168
-0.0821579764966597
-0.0604736461145347
0.0579719039313117
-0.00139122161193366
-0.117862632928069
-0.165308274760772
-0.19050553031546
0.053948407755617
0.0208384581414132
0.128072420082029
-0.0749622583545948
-0.0896428688382026
-0.0768593291749039
-0.2017949464473
-0.184752367830411
-0.197614537312517
-0.0604438846224697
-0.0868653814777022
0.0380960454934713
0.0976729222280115
0.0960353439560683
0.104264923814333
-0.0622084029219542
-0.109953119903224
0.130781472428038
0.0543456176094224
-0.144738020820681
-0.104355342270237
0.0193427317010773
0.0788651869659502
0.154487903108182
-0.0227472316598128
0.203484815161703
-0.0276245977404207
0.0472217326110146
0.0203947088577547
0.0361064350089683
-0.046939996390868
0.0518480206318848
0.015872394396011
-0.0668371816225677
-0.145961728252709
0.0877141077510252
-0.0366444108586239
-0.0811804271297691
0.0578521254237539
-0.109242864257111
-0.00735216095402978
0.0148617848740905
-0.0621701760911876
-0.0814328905724292
-0.125010234460309
0.0650170867028803
0.0280892854126803
0.0477794167806786
-0.0196150350409988
-0.0600878278595307
0.101647111203432
0.0628663427676331
0.00778475834477864
-0.0803377880390226
-0.0283553878988673
0.0598959572831477
-0.145236920635736
0.0268046295236901
-0.0973188111153028
0.0661750004173344
0.110387332780501
0.0234617334000826
0.0196756446515244
0.0265187252399633
-0.0668833324027772
0.0580187793450058
0.0762590708811866
0.0634288902590066
0.17661883815154
0.137350470626984
0.0484059789286462
0.101029351157204
0.231773712065012
0.117682024512699
0.0733605096318627
0.0890803951546348
-0.0772947578066607
0.0865400255034899
0.101045765031466
0.11166849880493
0.0936264310191497
-0.010648877650484
0.0569442706066796
0.223471908996503
-0.0527531607898709
-0.0294838883632322
0.109739593870589
-0.00790406552218699
-0.0195462767787585
0.158809984367306
-0.0137953791386833
0.0696636190623671
0.0382109790225157
0.0624577920527548
0.0214838060390929
0.137107183576115
0.199592897580543
0.254224850303402
0.042635091947574
0.192670907128031
0.0281045053853935
0.160278344938742
0.217885769772185
0.165439971695469
-0.0212477849910581
0.292717088112525
0.113790501557872
0.0783747193970514
0.213711096560022
0.0565724380163835
0.220223442983451
0.143231251495851
0.0599143082826504
0.0909629243974215
0.151544184191385
0.155386224948442
0.187161641987743
0.0621201289373125
0.184381513742996
0.0270289727247426
0.107897309182158
0.0937295440309734
0.13639988335962
0.136034900982633
0.152459868170967
0.166401173675869
0.0556452677807068
0.14016083422637
0.108227230264354
0.194630193322428
0.0942818686408923
0.159388986814794
0.194099824374147
0.241379130392936
0.230219946152991
0.247721822774543
0.232223058003947
0.131918766634129
0.352655245527684
0.0844594160719249
0.0458798838888238
0.207858034117836
0.180132600099821
0.202414648152957
0.177188165660377
0.234436170784323
0.130176105733477
0.203195775135951
0.192842635244248
0.090164974902056
0.364344642932619
0.261718825084258
0.24486596749583
0.127385192134221
0.154045854084965
0.243330965962094
0.356885311578816
0.352776533150794
0.353653099933276
0.176972062281962
0.246387851769904
0.28631745638628
0.122613009494245
0.220395748071383
0.305318516032219
0.307318455259618
0.282549570937445
0.289445752951497
0.247293429000044
0.203219765013713
0.224357072903495
0.337781100438673
0.18729425353099
0.162141755211661
0.178547950278388
0.0831386219283497
0.221319265962693
0.229014324587189
0.261361164599859
0.29439809558172
0.382077731329441
0.234459517693676
0.345910790632543
0.294210254588186
0.303527098568449
0.337753031288521
0.0822688255615231
0.217967259212815
0.198974893518074
0.141781850966727
0.357364039277331
0.309916692562235
0.351904748948497
0.311156411092792
0.307970857391975
0.265079865230782
0.342897695249023
0.373501332635748
0.318416117084356
0.253189779319352
0.311037601295408
0.334344506189246
0.335479444638891
0.298090620731903
0.317427010992599
0.287917309213927
0.335606184659366
0.268815005028317
0.321033621698745
0.121928387682702
0.286269729140836
0.422369388638621
0.309137486195791
0.42368561569799
0.295218238098675
0.284647911547825
0.309270963680506
0.31121912136019
0.248437614152478
0.41524203501269
0.249345398938982
0.172895713839962
0.289865902989042
0.364126070971031
0.361958541209691
0.253061180545838
0.393669396044948
0.476051699168332
0.359887980280405
0.186472624210375
0.38951867088944
0.314534383782964
0.496375690098757
0.345197837820035
0.35366288807567
0.351600179492017
0.511973566328515
0.322605527620441
0.398801127930468
0.424301827528462
0.395660505726245
0.395924929084217
0.473651787575868
0.482369649231588
0.429401496156484
0.323634459200302
0.319462055031772
0.440061015984648
0.413966992289636
0.464766774240189
0.47444128704989
0.378242765330773
0.491678327398441
0.40872306647169
0.333582744169709
0.424773866486944
0.370522566262975
0.467840954839813
0.405558406373432
0.359105727298011
0.533730170879194
0.488651181668058
0.365709936121479
0.450500948203005
0.276529839431433
0.524091692134019
0.335106807104971
0.518942255955669
0.388991245716444
0.314475457307302
0.44495116444124
0.516128118007861
0.488231275219282
0.353151144712033
0.464024479826059
0.311898548686892
0.348825279257944
0.471742751141221
0.696837976557763
0.329048987763472
0.508302268571702
0.506720536836262
0.493592793402566
0.699949323776002
0.441149560570105
0.557935324782707
0.608713809501503
0.475915148870682
0.473055134040491
0.472902152786358
0.631253874207034
0.56535192438256
0.51463836687691
0.614024740270066
0.400421208392862
0.606819594667821
0.505825692474242
0.600750536270092
0.513072724559378
0.447137618362313
0.539171976537682
0.450619062614648
0.437391613480622
0.640572218269915
0.482022213276287
0.541455085228878
0.569341403024443
0.562726193709278
0.562611679652555
0.48038437138461
0.696955837377141
0.549636762040365
0.474383109370294
0.665567775042933
0.490199005475509
0.568070256580739
0.616851453042043
0.627645046696316
0.455760197248238
0.568082839179657
0.565588884736559
0.57278446487097
0.547947378199387
0.413259670494304
0.63437889076923
0.61200211741063
0.604741127880214
0.498831939748428
0.68879794583186
0.574247121167979
0.569659939093659
0.591804836259498
0.676455696299031
0.569332111974209
0.516255575160602
0.616090244266908
0.596376923867805
0.679287658585619
0.51948467241067
0.530124741084781
0.777934524807279
0.644404095533575
0.584110227801397
0.65587183815422
0.548460249949074
0.565147217199226
0.53225719932117
0.696260862605522
0.629721697802923
0.515467394386132
0.623409675889486
0.479075459493121
0.422213415531273
0.651633004955347
0.741965372484125
0.645214590158764
0.679410602700947
0.603785025160353
0.768735534608484
0.477648673719454
0.778880134446024
0.610553147420483
0.748623032266827
0.508097371559908
0.540336603183698
0.518334755010372
0.558466076266778
0.742608452445683
0.697716389956851
0.711802840252205
0.486938995256338
0.695820666370347
0.760759980714702
0.651186533008472
0.53716447081294
0.656603230341624
0.778042047661442
0.556013371069877
0.617049063237946
0.650751601663595
0.612630176689187
0.679776738223223
0.793403717713606
0.539535725516983
0.671481421042673
0.705123468298736
0.639009656949848
0.748750159157339
0.794425890466153
0.636862339549355
0.726241395544149
0.648396581658051
0.571775828049719
0.694285849655906
0.828478472829562
0.673641910863791
0.817573237714323
0.737812526992522
0.835766644501498
0.687773679889602
0.644551132908068
0.6083800306121
0.772616577860568
0.621342827439394
0.843088335413732
0.70168013006818
0.701718014576969
0.80487560511728
0.822305426721046
0.857793774568175
0.878510961173573
0.792937697352188
0.74506844317823
0.739156955210374
0.858989604147744
0.847970621130945
0.752407220343368
0.792904869310875
0.765694770462295
0.851528883047858
0.797612343713068
0.841391646274036
0.653294342180936
0.841981358975267
0.843650948176334
0.639842574951352
0.641477005966427
0.813470085110162
0.755694655326687
0.83116206959705
0.731367173201469
0.7506866881245
0.9180853942894
0.697101715841848
0.80976403212813
0.721314111320406
0.855809528324963
0.760097002970496
0.881057353276755
0.995340928030365
0.700983957479956
0.846957753946564
0.774608761443142
0.936361195758953
0.739767898231972
0.840138815675769
0.956906715152097
0.768199898933178
0.950663623793145
0.79617172557938
0.830339300048097
0.858684590436522
0.909888318862465
0.749209550708262
0.712718841575068
0.820895077352849
0.850818858993092
0.901784088685958
0.631321031986479
0.747092046546304
0.785100190717344
0.84562830547255
0.848746221534941
0.930802747250735
0.817414986762924
0.746067105548689
0.749470688911676
0.985181203016526
0.896963911829472
0.782584526620178
0.924079384194795
0.823914308377226
0.934839986035576
0.817740170847424
0.940147526110196
0.906357586431873
0.936857987067394
0.78930213860739
0.880965277239533
0.912017249733878
0.842323480793074
0.912576566487546
0.926763647269218
0.916753408719498
0.677518524921533
0.836638715833033
0.781108465600304
0.937431555601033
0.837189069605596
0.803251339046029
0.869725430403187
0.809872764154247
0.914852876017941
0.86993841495877
0.908648476853476
0.895293670775672
0.905934445344383
1.01486714688616
0.83210842824729
1.03230250188353
0.926885915715774
0.847332528047076
0.82134364875789
0.905258952344152
0.995906567431601
1.02427171411036
0.921934805001706
0.773473757600487
0.869291713983087
0.901674011575493
1.03275752542499
0.837387919643269
0.907960679126045
0.964686031199212
0.884780221184316
0.900426514221735
1.00101599560871
1.02088120295198
1.00191600256702
0.869774141567054
1.01085182164192
1.07186712435635
0.893868277534628
0.958288092994723
0.954472365742036
1.03006673906785
0.937356397373227
0.96693767721815
1.05985189277198
1.06727298131784
0.905706735537239
0.992724496476837
0.976668011534613
1.02202323945204
0.81994589157988
1.05152938774897
1.0686825139384
0.999107004043986
1.095414109235
