-0.823058649098756
-0.928109447722857
-1.13554193700593
-0.945965102250687
-1.07024223564591
-0.94547521480585
-1.00925640534875
-0.99922700257203
-1.0697504020194
-0.880556596525626
-0.896778698803341
-1.16682130752174
-0.981556193954576
-0.902696090902793
-1.03720644430822
-0.960868417019975
-0.963782150497372
-0.943089928593169
-1.03027064096751
-0.975093754903573
-0.940420568057848
-0.933309276550254
-0.823079103880329
-0.844428690559459
-0.94774409684126
-0.922941522057983
-0.901462578006026
-1.04419996228939
-0.918027015069927
-0.898306553685849
-0.897131175514494
-1.0570667435158
-0.782150955039458
-1.09992055089567
-0.937923777011128
-0.863515121740137
-0.90690222099416
-1.04875553662399
-1.0524658277812
-0.847415548262301
-0.928478827460084
-0.841425647885992
-0.938713893584037
-0.987702074172919
-0.854017436067007
-0.87754186114735
-0.929233855957113
-0.923360075099796
-1.01505113428915
-0.833022125663939
-0.933143527097579
-0.926356671732219
-0.882641134106937
-0.867645263925411
-0.7262863927134
-0.928402549859838
-0.903660374079938
-0.88023802473966
-0.88289659703388
-0.883498969774946
-0.784812179341538
-0.967029220914091
-0.950870706488774
-0.943830209704836
-0.972298349273995
-0.851272539198692
-0.939559659468045
-0.814453740036551
-0.862097952573107
-0.911181268195053
-0.940216330339152
-0.905616859617748
-0.992599706044139
-0.929936187216034
-0.839195036447662
-0.898721891745259
-0.836199952220704
-0.927974752118841
-0.846291818436603
-0.861617764887048
-1.0070729360033
-0.734600041245144
-0.850323651491602
-0.774161738204388
-0.836633550426155
-0.728759721315818
-0.80990661102313
-0.85138375453534
-0.817860861322609
-0.892877942672468
-0.767720801351476
-0.82346479611946
-0.712060323015708
-0.918952805327546
-0.771619375690394
-0.713886080773607
-0.775449306936577
-0.869608271513933
-0.870810495105664
-0.776848161628184
-0.708358512305557
-0.705693044226671
-0.699484869795242
-0.7469965888123
-0.784613252210634
-0.709692145160159
-0.762641522163938
-0.763092829918787
-0.721900846934997
-0.782170701006688
-0.644398829634553
-0.691660186568336
-0.829944583084912
-0.657190158347046
-0.854294847333474
-0.597263374109923
-0.78630698162893
-0.760063174635176
-0.607152711813539
-0.820574441984176
-0.734765305556883
-0.744900083121391
-0.781335189766313
-0.735958028575938
-0.606407647967241
-0.538937828864941
-0.842732306650799
-0.699839184903457
-0.761549034754375
-0.569089189236081
-0.740154112230834
-0.637484527328473
-0.652557397916242
-0.71763226125863
-0.88883359332807
-0.774576820277265
-0.850456643188976
-0.515515566104513
-0.68861344376055
-0.856338998246311
-0.705771380637643
-0.657514622993653
-0.689121239907053
-0.720475038380711
-0.80935206288601
-0.787112383702995
-0.710833187701403
-0.742756106733898
-0.67316214202834
-0.773908885958879
-0.624067906524976
-0.902834992280052
-0.743525199972187
-0.699448698153109
-0.651920776537107
-0.744510150502104
-0.527492377034922
-0.514416092316973
-0.702513979797686
-0.668495319208907
-0.74047201108618
-0.672005204149197
-0.66701497472679
-0.568551709082793
-0.710727069538405
-0.5585521032843
-0.602457618222573
-0.556304830156427
-0.687343096498169
-0.564545939559216
-0.811804803218591
-0.618354977085595
-0.748723655205
-0.626255023180142
-0.631790058375751
-0.357618521797656
-0.717799031681055
-0.532035601547782
-0.575357237696676
-0.636870672863256
-0.826230322915576
-0.587799865396289
-0.685096628685084
-0.550317735777191
-0.712138427199032
-0.65947467302794
-0.488101182028649
-0.632180614841243
-0.636837902346218
-0.660787293893852
-0.499359472191919
-0.61081880649521
-0.573297415941817
-0.740954646569388
-0.694944728303764
-0.573971034936466
-0.730429746663305
-0.609047042836415
-0.456971738949466
-0.628920668251455
-0.58108851547061
-0.652792747381736
-0.598310518425532
-0.468704107472869
-0.650178276136342
-0.57563688965388
-0.632682171469571
-0.655730190512477
-0.576817780744408
-0.585353565810568
-0.430550334557545
-0.633653982495196
-0.621188143032693
-0.353097999837277
-0.56067247217127
-0.637876881249164
-0.612218197869573
-0.572273607249319
-0.639065695673183
-0.642298788981483
-0.557079243216906
-0.460375890645411
-0.469244056582821
-0.481090674615671
-0.549116912974821
-0.605419337185859
-0.543283386007985
-0.483681309854937
-0.54784277780356
-0.653237905124993
-0.50838626880461
-0.425843203499504
-0.520824077952564
-0.224483127998159
-0.461778802952281
-0.58127451747265
-0.453212059298271
-0.512325421421377
-0.631280332271907
-0.436198730613062
-0.473864735562954
-0.620874795941436
-0.698952542366861
-0.524970863250514
-0.518328946040984
-0.531513944883765
-0.56765627761221
-0.523389864856317
-0.533583458355505
-0.340170499839642
-0.461047401599788
-0.515547828644267
-0.565356876618669
-0.501492213650693
-0.527234154833506
-0.353314041119006
-0.510413278333843
-0.486661274825532
-0.630975261433091
-0.478434586549847
-0.446902943860094
-0.447422376484739
-0.436316710444792
-0.506146662945103
-0.449729420147929
-0.486322276156361
-0.56449258727792
-0.411290884482332
-0.445022637122773
-0.368676146716024
-0.549016370076154
-0.487803599805797
-0.407758843709905
-0.455689186515528
-0.408411570823733
-0.295107649430216
-0.336264631041294
-0.63986913105811
-0.38344410030821
-0.449971101856943
-0.316336150216705
-0.559182853623418
-0.455955409984654
-0.502143372636589
-0.379815439646832
-0.510865191279099
-0.282304330763223
-0.526860275653574
-0.520015494548667
-0.547350895632705
-0.348766326767704
-0.405935358979163
-0.483467822871306
-0.309996169623574
-0.432159350954055
-0.41357661075139
-0.408989318099293
-0.328567369241302
-0.302016979317256
-0.301240926835457
-0.425442151082942
-0.391834346725461
-0.353827705125939
-0.235781610336959
-0.41505943958504
-0.41021473809844
-0.353862163511882
-0.403946538349896
-0.418673367393641
-0.47244124187352
-0.33723516239125
-0.32506845992576
-0.356519830058568
-0.332746362032658
-0.469119693509134
-0.440226733705709
-0.362593109409052
-0.330979686697011
-0.367097684804058
-0.323054043640464
-0.185287356892388
-0.421845521253478
-0.514857170386805
-0.459495906664017
-0.269282510168188
-0.392339351116196
-0.36585778933142
-0.38755652409336
-0.309277392222594
-0.385268176337296
-0.365152507710619
-0.243875237205384
-0.242628627398537
-0.321479579356118
-0.379030353519127
-0.307252693670241
-0.239848165438913
-0.429413716547701
-0.283292911684416
-0.340604415237069
-0.306952383669688
-0.295381777848968
-0.236743073955444
-0.278613969073703
-0.198456182377551
-0.193353965507776
-0.199201284279828
-0.333421715675238
-0.298799544236662
-0.256670788819786
-0.359780814047045
-0.230944607729144
-0.258860205853733
-0.355760815596817
-0.215661212593168
-0.167589496282003
-0.164178871922123
-0.351632877886996
-0.174217387885463
-0.198322760250356
-0.143309587473412
-0.31386718580379
-0.338704916882035
-0.338773883147026
-0.26314018204035
-0.320361952044954
-0.287595569508983
-0.123714312700146
-0.0924446618138587
-0.322250662406065
-0.246684881877543
-0.0467165067844532
-0.279693232087912
-0.262705785363501
-0.119290481724748
-0.296505765718039
-0.247423716403451
-0.352560331098054
-0.295569268778831
-0.12082123859598
-0.276040642959436
-0.306457416781472
-0.161005751554586
-0.159442197648652
-0.067298823919711
0.0453161163407221
-0.315367698550774
-0.208683097869911
-0.197843949906622
-0.144809612485088
-0.263211325622267
-0.120799592903585
-0.267244401142373
-0.315798765403098
-0.0836759482931411
-0.217321948111527
-0.122228355649249
-0.169472446912895
-0.420358433228343
0.0168219455163761
-0.21510635392085
-0.121896559228731
-0.227501213939571
-0.252475236872703
-0.156501857670174
-0.333237193724588
-0.152167786200238
-0.14629689090568
-0.203287572643277
-0.258537177125431
-0.397261066837423
-0.213955899967492
-0.152250600280431
-0.203733126653187
-0.117697610539919
-0.189215774991571
-0.149441104543131
-0.112919266754645
-0.0693155301083171
-0.227443567228051
-0.2340734357554
-0.0540939253471334
-0.181007903441654
-0.0364457846564289
-0.121074478611963
-0.10947539607865
-0.106466198118763
-0.140320916277043
0.0748226790821247
-0.144502192021793
-0.318312090678008
-0.187764391963455
-0.124441128011185
-0.142796480877417
0.0103019383995243
-0.0917619246425571
-0.251347322986296
-0.1350435595828
-0.146155796820566
-0.0850509892768953
-0.16710600914978
-0.1182997072534
0.00643365821073459
-0.112564323666689
-0.0983766629680798
-0.110070462927906
0.0268174723553582
-0.172750682296657
-0.10517529862595
0.0514476615985779
-0.0648527424152358
0.0655983080108777
-0.0129099659962249
-0.136221853020623
-0.107445467978679
-0.091453850936293
-0.156944757475903
-0.0559301005574547
-0.11426702171757
0.128964613945084
-0.0351108196157046
-0.15363348129625
-0.143373288769182
-0.18454863958792
-0.00678561850447978
-0.0148117260585697
-0.00286459434701245
-0.0108708298283513
-0.084202483333845
-0.129813168196506
-0.104658837607316
-0.060281277208901
-0.0673945434778144
-0.0553900053455907
-0.119878725727442
-0.100948413330393
0.00998026409247924
-0.111360705558024
-0.0293790484925851
-0.100405166471662
-0.219108807342077
0.0696629139994574
0.0566591768810511
0.0574110804718193
-0.0562309838164614
-0.198384279983382
0.0748509506041797
-0.129997318702442
-0.0616190120769789
0.0165796020718695
-0.128544480600907
0.130180448399408
-0.0181151427207995
-0.00122176879400111
-0.10625539782597
-0.028670530447439
-0.101393771259675
0.0184667641088816
0.0463701651197038
-0.019410142826508
0.220868734688734
-0.244472553708748
0.0682483069610937
0.000994831048351574
0.135516417501563
-0.0174628774565366
0.134161383433139
-0.143554607060145
0.099662251843414
0.0380328653307716
0.058232897764561
0.0599259157359406
-0.0673548206440599
-0.122456950233466
-0.0548681585835384
0.104892635029272
-0.156241099290636
0.102694896146852
0.0538277643686671
0.0359857719646447
0.0483457069432025
0.053487089229227
0.0555210856362638
0.158878638985553
-0.142938566211913
-0.0378040164624667
0.14364044450529
0.0400966378900644
0.0579602602959435
-0.105813781239983
0.0418423815868621
0.171417251336181
0.0693953554870229
-0.130660662849104
0.0270185530745934
0.107046760209391
0.00435570434557922
0.0505748342949111
0.0879941195221297
0.121258412213828
0.201027769517614
0.146068273909154
0.0958522706623346
0.110609944130672
0.114786666610532
-0.0905994908470428
0.214260214616744
0.0782967208392064
0.031986149309842
0.0773528073732162
0.194482573786628
0.102225314599226
0.140772104262034
0.190454569983406
0.100863536625269
0.212029695121334
0.052769817365249
0.168583211646864
0.15874810360312
0.244997380376851
0.120931936225823
0.227657063870391
-0.0290629403863651
0.183164030628108
0.088849083972483
0.126263695186093
0.153761213030491
0.01766212074819
0.0570751915840564
0.220656499563361
0.188900612928129
0.17034246265431
0.266001501778989
0.270121937360604
0.0633383840911548
0.183231261047048
0.128927458191001
0.073281379149854
0.129677558201189
0.238157167937402
0.256761275277126
0.108875862900579
-0.0180684315898551
0.170791021801246
0.0780160799663852
0.116696777852621
0.127259418787352
0.160412800053964
0.15959294437434
0.20410046989361
0.286625729528475
0.0885667761700708
0.192073665283308
0.292757036494691
0.293523055859441
0.206653793187062
0.0392080187841917
0.104516618916328
0.463629424033814
0.268516392242112
0.143075375457258
0.078991127983242
0.213732245267368
0.145171906062916
0.1850674012339
0.297355793634076
0.156784599083616
0.28644723906774
0.240863594555089
0.304034771474141
0.11150669981841
0.160086017998881
0.104640345832694
0.182798975738413
0.142304208873751
0.100488005386777
0.396478827021202
0.290216139640983
0.246754938909156
0.3359656531625
0.221615846190803
0.308561077241839
0.368018854974403
0.262709684355339
0.278217235304359
0.199717321274564
0.223477361439618
0.38285114210615
0.230503104348362
0.306743123303805
0.310861109019727
0.110476747027533
0.291447595672757
0.243733287856612
0.328330983394953
0.159077885873406
0.207637550913479
0.155105116837011
0.355002873352976
0.143265809054414
0.352767984124762
0.273345856191791
0.358476214584955
0.272668239268255
0.435786756861407
0.409313806906918
0.310153459048365
0.300618354142457
0.197573210201377
0.306589383350687
0.356882923485264
0.162412423884487
0.239120277052944
0.309240392492212
0.310315800140052
0.331488173912913
0.308145055779115
0.130928477366334
0.381487535958219
0.425238501721441
0.255642819526868
0.400097039232999
0.156641165932735
0.223084221614217
0.198530823826098
0.383735883924025
0.547796376705264
0.276580773410891
0.214667501043338
0.343808437968718
0.381721354822359
0.350741172357218
0.470063915759491
0.377565713838835
0.412460077887043
0.225848396951418
0.270382081968268
0.439597192447155
0.326051121393213
0.281635011612826
0.476922939383514
0.455125240414531
0.345150485195937
0.295108795401867
0.290109368539016
0.306899687606617
0.427388597129747
0.389019380525703
0.346035224759526
0.312741911377761
0.338944307561046
0.286277209115673
0.376972877895426
0.378597213563533
0.233509764371061
0.336666124441202
0.3137010124114
0.229292210888821
0.51049458915797
0.434039246588566
0.436084345954099
0.45377790354247
0.582929419235854
0.340151844024441
0.230445100810865
0.53155567244724
0.462913400222113
0.353101237897516
0.503024600779509
0.399663312300162
0.590136526563615
0.334201491164493
0.375776240320837
0.45031844828069
0.405273592507654
0.42209760723887
0.465459755835543
0.461890877736968
0.406057137813097
0.369415819881988
0.427087980782024
0.65540736027419
0.417045810123465
0.555876156477783
0.484088719375311
0.396512020434656
0.61633611616927
0.593680090973606
0.426995172457137
0.538525092033275
0.391009799748771
0.289948732622274
0.498347427461094
0.485075078763531
0.594765578235925
0.363864282946587
0.376804353693806
0.417448690846671
0.360430156470174
0.353587745149166
0.54700024742945
0.484624990503609
0.557211881496679
0.498692010397288
0.428894270208015
0.498697895671587
0.554131410760223
0.538091253846314
0.654595820848527
0.480825365663559
0.434944041926678
0.62041284675504
0.555905599669947
0.454317470680482
0.532474684294806
0.457691172997065
0.461355720679313
0.411774818538268
0.591917270419504
0.608029613682355
0.654826164579029
0.605306929191513
0.578323615152772
0.501878290994436
0.600179304437591
0.610636030465575
0.577682081075888
0.565486675099272
0.556996618595835
0.505042622580016
0.571434823481154
0.540109446134848
0.530569169212564
0.505396618460274
0.445588959816024
0.617886211121457
0.58615495004443
0.635899018415392
0.57853553087209
0.58692800607487
0.573879570848858
0.588943624388823
0.471456293693049
0.628313019605756
0.522071688055819
0.59536615619188
0.573918429410775
0.500097537383062
0.596881806052025
0.505236319170843
0.549944074921817
0.526679739703398
0.628380001083935
0.631390100934677
0.623958190417078
0.477539673937393
0.486377513848689
0.542134354166478
0.516199571388203
0.781858265423422
0.6636013003802
0.415867183298771
0.507996137080772
0.660225744582891
0.588643891031407
0.426989207239431
0.624454796420244
0.629481850237574
0.558882702334368
0.566355301376895
0.581618378195683
0.748364748150634
0.567291952495135
0.573584614130967
0.626530892853815
0.633945023979378
0.562699486864052
0.604152121335201
0.756005839320497
0.629504726937279
0.557311018969748
0.693536525058988
0.709890248077896
0.709465410231549
0.579747514973117
0.694533938315364
0.678076784446078
0.473445852889982
0.557333001314388
0.535986876646516
0.576457463206473
0.730438847157101
0.58277932038876
0.756323662692669
0.731257513427857
0.651041017550786
0.854465555010244
0.645220844165555
0.821619943552978
0.639908148414969
0.732926744126957
0.658370104718459
0.866921424887038
0.631784597249202
0.500250369679747
0.731915116298617
0.785032446119772
0.632063059297731
0.734418089533655
0.603897317592489
0.564111884161331
0.803382494006884
0.679760456562586
0.602679561238453
0.710839316884072
0.923631328246514
0.66067546057789
0.787823705701144
0.746758918401751
0.757066029915878
0.875054317457397
0.639391459254719
0.792037820296854
0.784057764941906
0.647626357418301
0.653237628227136
0.73065065700345
0.594220689199807
0.634534216535459
0.714161194768619
0.562505250849672
0.682704366050376
0.82720749783892
0.755138116302944
0.942101589902898
0.770021466560693
0.759599781426191
0.689814929766244
0.902581692617254
0.902346703945178
0.69587439782993
0.809526117460869
0.712112145352536
0.796706497398529
0.765147635996378
0.715185030217089
0.753798334478018
0.887847625459501
0.675182364085029
0.653475423898861
0.911890705095118
0.829263674291721
0.768861247771097
0.848587542574472
0.789537241776879
0.741996919965253
0.889708866419775
0.836446726641766
0.906026947799276
0.811821512176883
0.687271684870006
0.700354445950517
0.803596844649371
0.848508846741944
0.883867157420541
0.969607989847861
0.91084133803913
0.805227888493797
0.793574225187917
0.844185988342862
0.855204518482132
0.774746114479044
0.708355700441537
0.892450543040669
0.956140065479118
0.994224226127562
0.862998051702133
0.957676645655248
0.871853153426448
1.00881248015562
0.775652437029261
0.971396033347492
0.941262355046862
0.877439190533784
0.828404094291901
0.86733841879212
0.808216792801788
0.825643668143947
0.994943469652185
0.863839178835599
0.930850364065734
0.814742861552158
0.820565600711744
0.979796297324785
0.937048078075232
0.821115328546335
0.927729848724842
1.03589132813527
0.890039484922128
0.972278391910618
0.948424240954698
0.839290383719869
0.884507368701509
0.968384817784384
0.897377232966421
0.843983403744403
0.945817106262875
0.886796900137951
0.860046461494751
0.903613228221956
0.954815109015629
0.824155847708815
0.977092210126176
0.873508451189291
0.814702256942106
1.01585982910328
0.902422923205579
0.873505640954167
1.10371169375852
0.901634588125727
0.990372535548726
0.89205235827198
0.891710428945947
0.873168260393787
1.1224002532559
0.996474211529888
0.737477882190914
1.11396563911183
1.01438694037532
1.01834660407161
0.966704703826934
0.930276917327582
0.911108452048952
0.924803273779656
0.883519936114641
0.872606272150977
0.860989351255493
0.97907878959258
1.03282156196873
0.901227925096143
0.778855338900577
0.92078946698562
0.972950428144159
0.874226555053476
0.982783423495212
0.912102629113387
0.974925467223039
0.961825833761975
0.839865780694922
0.980493894323067
1.00136925949482
1.06141790653254
1.05363008272234
1.01858794292983
1.01619019850779
1.03516359067808
1.12775095101508
0.95172993563153
1.02009690725835
1.14075636680522
