-0.81536198938661
-0.938103912584334
-1.10593538477394
-0.945815673411282
-1.07828716191458
-0.960275501247857
-1.00623536077004
-0.994616522566527
-1.07143668225783
-0.891013914286123
-0.895442574622997
-1.16690971315239
-0.976301020378819
-0.905755305653218
-1.03693295333816
-0.964652177678913
-0.980007646443118
-0.949241653597364
-0.994790477942062
-0.954949590857299
-0.946773112180556
-0.931051125193559
-0.82669807822179
-0.861497098580445
-0.949364076328109
-0.943080781733167
-0.86902473005972
-1.03444236592537
-0.910266616814942
-0.905812559988327
-0.886906756333763
-1.03988138915269
-0.790057407886516
-1.07991987702131
-0.934802889463047
-0.877180417005682
-0.922211143337934
-1.04287313829694
-1.04698113497899
-0.829709197985971
-0.951840585701887
-0.847618515789843
-0.925235090518364
-0.994959627574374
-0.839504403638144
-0.867453213507834
-0.928488691216912
-0.935463597738623
-0.989666730916066
-0.847761216494881
-0.886926033330694
-0.908735870656714
-0.880024686893737
-0.852900992571555
-0.735937163822654
-0.922344588254507
-0.907108157058722
-0.865210579476382
-0.873051265037309
-0.892803072333668
-0.794420509951631
-0.965117724587003
-0.942720715837649
-0.952322345445596
-0.998054280146329
-0.837909278016682
-0.926166161574524
-0.821946850648832
-0.861773652633344
-0.908760977938494
-0.943215140528841
-0.893466543303928
-0.987106078123769
-0.911907257486598
-0.845005629360002
-0.919477015854284
-0.809892174488683
-0.951715388786869
-0.847396277236244
-0.868445795648229
-0.98461548482267
-0.744555783743723
-0.854853691806306
-0.776799726692875
-0.848833136106934
-0.705110137625778
-0.801051793358194
-0.863624991818245
-0.810470796781468
-0.876206460119257
-0.775421382092154
-0.812469127747795
-0.684727306401951
-0.906248446007004
-0.783563427268696
-0.728131507981147
-0.791267054207678
-0.87374600746542
-0.888543549724977
-0.767748598641522
-0.701038531540144
-0.709460493138057
-0.680885547282846
-0.753466893803975
-0.80349426824733
-0.691069504447425
-0.753674418298682
-0.742449058109687
-0.714834071019359
-0.780769198102823
-0.636571161500313
-0.690886140257811
-0.856486808493374
-0.649387711009483
-0.849440982426488
-0.594914627346807
-0.78887727089209
-0.766165380042321
-0.609527209121726
-0.825433499795676
-0.73912122437879
-0.751733723597072
-0.78576349470731
-0.726868133412699
-0.601250257927622
-0.543177129433596
-0.836819550433739
-0.684345211565111
-0.730272899770584
-0.589789278121647
-0.74860982283532
-0.642357161140888
-0.653574939709096
-0.714046753964441
-0.894948597850971
-0.763827512360288
-0.868387474326515
-0.529063281601249
-0.692920564856314
-0.862777836323795
-0.69539427955508
-0.609981068700267
-0.685896079568173
-0.713766182417397
-0.814264222750242
-0.767859433697679
-0.722823027005446
-0.762690418297061
-0.673296291748171
-0.781152058164446
-0.610075073511271
-0.914202520661904
-0.739101789342291
-0.68941658283123
-0.617638861289242
-0.744382887019399
-0.503042730994695
-0.518805309669625
-0.721473016574774
-0.678158296762729
-0.742378520845681
-0.64730184091457
-0.67227067701041
-0.575610495140382
-0.714522837260092
-0.539937243671709
-0.593283195311205
-0.551902003752044
-0.68556918283447
-0.575985002761929
-0.807109124692287
-0.635879457784827
-0.749453508821457
-0.617060586457571
-0.621765676478167
-0.347915014642688
-0.709904458978754
-0.547826388059301
-0.551597148906714
-0.629632559564976
-0.806246096954184
-0.598396073602342
-0.677943731438758
-0.552072145758542
-0.711391335292053
-0.648409642563331
-0.510158866731675
-0.648339943522115
-0.649534121983432
-0.647869891379804
-0.512168251121777
-0.601871356548781
-0.570798292775485
-0.742638153500674
-0.689875632261056
-0.596256999065564
-0.731901024821744
-0.599374525282456
-0.449798822152546
-0.612524254606554
-0.585964509093272
-0.631157168133916
-0.595998919419977
-0.483017325758108
-0.648898625870118
-0.592092011395551
-0.622997797047506
-0.652272459315863
-0.598623745379227
-0.562077166014774
-0.434889068406153
-0.683691244445326
-0.634134142057897
-0.354789262288654
-0.554519022358717
-0.644349766839929
-0.602959170095116
-0.594385974182369
-0.634147641261162
-0.624702056156531
-0.584170724511591
-0.431838441222997
-0.452093362953526
-0.488422967332969
-0.551141731843899
-0.624536292285951
-0.559993580958889
-0.492225028987181
-0.554107508462351
-0.649612181424651
-0.499079410363499
-0.431813947219065
-0.510757667595474
-0.234375114801491
-0.457265932594346
-0.612584209117963
-0.435718934317784
-0.518133094788915
-0.632589753398455
-0.420950491025366
-0.468152705234333
-0.639640193900115
-0.715088445988908
-0.530315357283965
-0.519470890961058
-0.529067347812336
-0.558178000531656
-0.532413694344575
-0.525424502244623
-0.350463786744472
-0.442079119079315
-0.513807362264809
-0.569309582375208
-0.512428116455399
-0.540735453316622
-0.339294721435181
-0.491367756530041
-0.488193225145159
-0.61007420118935
-0.481459824853462
-0.445799064217683
-0.447701991827587
-0.452704762865163
-0.505736866312173
-0.471504552736124
-0.503000629771031
-0.551693967258027
-0.412653178240539
-0.4330247052685
-0.347601150659003
-0.560039085343056
-0.496142169065993
-0.400297522816846
-0.461611457822136
-0.414003265070018
-0.284262828195798
-0.34881402932945
-0.655825812099221
-0.368968306439168
-0.445681091685697
-0.310698409124086
-0.553917847988248
-0.445845897246034
-0.511286826057767
-0.363736376041997
-0.531830503436505
-0.268939467765817
-0.524332109947741
-0.495503777624062
-0.531231956511375
-0.333017483237634
-0.396570407898048
-0.482476252263395
-0.28869331623466
-0.45287455178797
-0.411788108576089
-0.410364085195149
-0.33598610166683
-0.320716032213782
-0.310420771271674
-0.428673982714942
-0.393168504191427
-0.362255429764891
-0.22017764561027
-0.396575316723824
-0.402698160901235
-0.370619441046126
-0.395383291277486
-0.424593274472959
-0.449610418700465
-0.325581218897407
-0.30814192486554
-0.359426508260495
-0.33109443653119
-0.450308513754326
-0.423625022291696
-0.383699551229899
-0.313454600228094
-0.347225671518774
-0.313099896584775
-0.198920414161232
-0.416114077864646
-0.526034920855401
-0.448532043924362
-0.262909454459938
-0.431000125350352
-0.373390432864747
-0.367607198516331
-0.297574321802094
-0.379958787740376
-0.380752826470766
-0.263535373108901
-0.237981535796873
-0.311782185103829
-0.388520384858317
-0.311336328379729
-0.211725266058917
-0.407694895115754
-0.270702926486761
-0.348132742355593
-0.306856633363034
-0.276685818348476
-0.267907915940171
-0.284586921759603
-0.205912648514474
-0.187631648913303
-0.184994048178574
-0.343731074137721
-0.325008520827651
-0.266943312904737
-0.372415242608674
-0.262383217598056
-0.282640645122962
-0.3453566388405
-0.231836369005935
-0.171122685367769
-0.16784318719013
-0.338280490769847
-0.172607306361096
-0.201063388088098
-0.151427336272489
-0.286705575760489
-0.329553979972932
-0.333372127095154
-0.287330531255931
-0.316433887486059
-0.292990630369322
-0.112368368696895
-0.108242332508193
-0.320942834008986
-0.235213732892098
-0.0590532120738386
-0.283956947737459
-0.241128895054921
-0.114392196538765
-0.297642457495729
-0.239745376532751
-0.348482311261169
-0.289232244270404
-0.12538611606958
-0.313890936710405
-0.28515043583005
-0.162150659015665
-0.1573053712592
-0.0611628867688403
0.0276002142549973
-0.30958017699155
-0.218083193506871
-0.179670884794002
-0.119715459347273
-0.255143060492069
-0.120017599154124
-0.280401432731551
-0.313229701338845
-0.103674317228876
-0.19637930805573
-0.128958166539192
-0.169748044013925
-0.414139064550707
-0.00154677781646392
-0.23681803681218
-0.0875689745412803
-0.255374267492719
-0.266544537882321
-0.174446703988253
-0.305336038779678
-0.152132543077784
-0.171087634340524
-0.201023823391872
-0.244423458517911
-0.403218109826068
-0.183694197437048
-0.153516682921985
-0.198359189796659
-0.0937358013534711
-0.190023387704199
-0.162928699459327
-0.117147853268797
-0.0517921632117684
-0.232080127531026
-0.22019091616901
-0.057688209721246
-0.201484057116622
-0.0524816411015838
-0.117375445061479
-0.111963492164385
-0.11985210642066
-0.135938814318131
0.0724241071599373
-0.140909509936107
-0.293598683869472
-0.195444654272985
-0.127354253726449
-0.139286875932441
0.0101703814819154
-0.0797181848215624
-0.232896702800243
-0.133922364688349
-0.165169292308153
-0.0899692047685937
-0.153983976715688
-0.129018817524626
0.00595709916027305
-0.0986031574284601
-0.0914460558001962
-0.10551208640256
0.0401449001247577
-0.159398767602322
-0.100816541324033
0.0590256874253231
-0.0566687386966375
0.0706665770958541
-0.0280656391934198
-0.152822803780921
-0.127661578824236
-0.115423750352648
-0.164448525777216
-0.0443499473895808
-0.126400270171963
0.15277562294468
-0.0255586173412216
-0.145317930054518
-0.135908723689912
-0.17851931880221
-0.0163969819136613
-0.0150746778499998
0.00929080928840107
-0.0167472376148948
-0.0725789375277204
-0.118728607339868
-0.105856769039155
-0.0557891072907655
-0.0732018822182592
-0.0664724940233495
-0.130059542576818
-0.0896996798454261
-0.0224722304207664
-0.116950597754205
-0.0350982858553469
-0.090247834460796
-0.22957597000168
0.0466957018566566
0.04315389010265
0.04563163932519
-0.0416737345259978
-0.175126592188889
0.0583378879595643
-0.115826723376441
-0.054548401134368
0.0130859157825988
-0.117860754116397
0.137812364528943
-0.0163706620638931
-0.00700340573921221
-0.115143027869868
-0.00945227386287519
-0.107041513199328
0.0112922541870996
0.0636202512453312
-0.0126519486387365
0.204466711992806
-0.250159226315066
0.065139471700883
0.0115770833116403
0.123314280397442
-0.0128275869724834
0.142902531115586
-0.13472441698158
0.0809702703350969
0.0556747394589511
0.0721535246698793
0.0707004049558336
-0.0824667764334723
-0.129758620606052
-0.0355370278393957
0.105287365351679
-0.143108839216382
0.128967777210137
0.0525769037909198
0.0263551141070618
0.0468257117633481
0.0444343536165709
0.0664411396245028
0.15320211373988
-0.127644033881058
-0.0467770236658923
0.145201814397784
0.0504751721097613
0.068894927368233
-0.111163368570031
0.0366584475421669
0.173581526621715
0.0799290506579155
-0.137324146568895
0.0341227278321169
0.116059406374198
0.00166860336763253
0.0693276415367147
0.0928942362955413
0.132683099635619
0.153108182133277
0.153163742551032
0.0880698474982933
0.132928595435469
0.100000750875952
-0.0597938559136606
0.21988848348833
0.0919071535257495
0.0122904260117894
0.0726935346767126
0.208167999840433
0.10144930905539
0.140552155782669
0.188096787839712
0.130317034186794
0.191222106258728
0.0675871549974365
0.160035623805209
0.176446951495941
0.235917585247337
0.145004112870757
0.231722012388365
-0.0364514023651408
0.17399828782633
0.12057562626797
0.0951883660519027
0.148644418878006
0.02027060175152
0.0564061485025003
0.221497338270985
0.194187152811898
0.175597362772524
0.252763938518831
0.246722846696554
0.0617487768891189
0.171683022627629
0.145877793433304
0.0743972554307733
0.130173425334715
0.262940057312009
0.250959879695849
0.116160802350446
-0.00299132522654268
0.172456686759599
0.0742062480824044
0.110664288647807
0.11256327363086
0.153787756213082
0.168152524882658
0.188252938944689
0.305661441651991
0.0869182340417418
0.193948607514023
0.303288827768118
0.311658196866091
0.20467692580678
0.0415342945579305
0.118208422716853
0.455568073763477
0.28162869256465
0.129141940899169
0.0969899058011664
0.215197201823505
0.130207357582507
0.210773930388211
0.274944585193932
0.153029571661299
0.300455709756021
0.241788378350339
0.303307480460344
0.0774941444540611
0.167347805332226
0.125792392170503
0.183942368963925
0.18573598631068
0.100134568420262
0.386626025074803
0.301783197958361
0.235426453286949
0.324023229694453
0.215237582620513
0.293179544808115
0.346644484835638
0.242279240057531
0.26893540070064
0.194085834027272
0.228734501065542
0.371638637088095
0.212657160812235
0.318471009581178
0.312449893906644
0.087144080609922
0.287288005103181
0.242098483854726
0.330399616567368
0.126883848174733
0.210157866802941
0.154279420079836
0.361092690617336
0.136317065350435
0.342994993536472
0.293159899460255
0.356472114057626
0.253112590959894
0.439109860901289
0.423669905987618
0.302581730693161
0.278290219983175
0.193451986599789
0.321296064189277
0.36760660245326
0.144983706064636
0.256298320065521
0.290640977818507
0.312127290034229
0.310948191027531
0.294520217979232
0.159286430576636
0.374698661081867
0.426487646513704
0.262867758912218
0.413621261865557
0.207445631170929
0.2505497828555
0.201881967883757
0.377577274048549
0.567469989816991
0.281660477593474
0.267745434156257
0.340679087319933
0.396912293230082
0.384218364195744
0.442869949234384
0.368509681358851
0.442033282917932
0.239836899086341
0.25895151695538
0.430423892251951
0.336569146793998
0.283943998107504
0.468592041380974
0.453952225533289
0.348572827845938
0.326438114739219
0.297335000568348
0.299075756282036
0.428904851721456
0.400042308320175
0.353592543566524
0.322845037629391
0.330584492691184
0.278351432780091
0.361578967431286
0.377912317193841
0.242711850717261
0.363678510477704
0.342995756375379
0.228282814807927
0.523582231677098
0.417881094799783
0.433838674451986
0.453422720731706
0.584612500585654
0.33563303116466
0.239546450954537
0.519743658134221
0.438752539340094
0.365167589297841
0.500540933681975
0.403021987702748
0.58966754575593
0.331261333693154
0.390554722257503
0.451922370010158
0.399269221873289
0.417258652702265
0.45374077007744
0.45478875313709
0.396932868667158
0.390804814656138
0.432347230370036
0.666216989642675
0.440045312229041
0.568876159975728
0.501350478697267
0.39946152104656
0.626532309756015
0.574397922251774
0.44072235065833
0.548690851227757
0.369014829530773
0.271925516023931
0.508084389007227
0.484523740488076
0.567155757854899
0.354501166898492
0.382691749538014
0.419383930652653
0.372426601446802
0.376184967765371
0.537770066950343
0.49098544866791
0.56470893945931
0.487467594123418
0.427478858011928
0.497078686879526
0.556560122856056
0.540120358490854
0.64842139048399
0.483987360637249
0.437196301379159
0.605709784840699
0.561946520412421
0.451788455996451
0.516243618940595
0.463674410345192
0.469229813676179
0.449862330201371
0.584586077857099
0.620685739438508
0.640400472809275
0.614350160644887
0.566208794836547
0.53450522131289
0.611342220495051
0.630547484796007
0.596968882925757
0.567526819462654
0.568159082077802
0.494975529880267
0.562156268806444
0.516161372843177
0.527669888230595
0.504996671011736
0.465736022730152
0.593359125404954
0.577293311808109
0.629103516230531
0.572920615583144
0.590042269460602
0.557801183438532
0.593160225562648
0.494559696605627
0.596708257564345
0.534545962183335
0.594031266415717
0.573251575023045
0.51291082951679
0.582416393495402
0.507225495033516
0.546979513450061
0.53967507924367
0.624559712854043
0.650229897582629
0.621630257238741
0.490791154555999
0.496429411895382
0.546113852313524
0.521160180489757
0.782594115167272
0.677139768874517
0.405288102037317
0.509864001682783
0.653280772643537
0.614630724129776
0.43436888488239
0.606979593747408
0.620385566588852
0.549097200199712
0.576816636310265
0.563087330479259
0.732640170618875
0.566225760761408
0.560698805229292
0.615532952338722
0.64684125844371
0.531021690135143
0.584971289266462
0.734248947723439
0.637000622469584
0.558768151998786
0.69763727357829
0.695971233855938
0.698698232851563
0.570273260653828
0.714877050665482
0.700325069672874
0.471278666388441
0.574205723585558
0.543297821873434
0.569946854646216
0.720569038501765
0.573152472043238
0.774570180518806
0.729421377105964
0.677448671090464
0.849710565707427
0.659701742550975
0.789103416779545
0.643509068540806
0.734918954072479
0.66386005493145
0.863349651405091
0.627748185501791
0.478746066907561
0.716582996855451
0.810958698279146
0.643090869260073
0.74218238050513
0.604996041507384
0.569436920655299
0.804349318469431
0.673199265787184
0.607581147540583
0.714643274402816
0.941303271414341
0.641152769455738
0.780991017839901
0.762327076865407
0.789039004773786
0.877172653619093
0.633672810386428
0.800538527783612
0.790023131262842
0.641515329377269
0.665223820231655
0.730463611295215
0.614569806951083
0.608170688500041
0.715545991087099
0.56398745422147
0.677050865984428
0.824919353528005
0.739374988046431
0.906083572572228
0.77269583196038
0.766375065877815
0.676242300567776
0.917744724994448
0.885204444072637
0.694369314730371
0.811017630369855
0.707502812992507
0.794202966892858
0.78120042456247
0.70367744573275
0.766597458877757
0.870500095698246
0.661154240388424
0.642575979501456
0.931755262839869
0.830014791748896
0.777930754112119
0.843772096844562
0.76987202911671
0.734947263382938
0.898915550971528
0.862598660074631
0.906866670682119
0.810062439094334
0.702637507835611
0.682589170435483
0.798518129894559
0.839374265485352
0.866469443958151
0.987486222737591
0.901345716603788
0.812720418704928
0.800152240092382
0.855618949204088
0.858808154088594
0.757856057017995
0.689361843158642
0.904602469566381
0.935576488768078
0.980879169840373
0.879757566440428
0.938092472348143
0.862023403921203
0.991315168284193
0.779305734338455
0.955468569381075
0.944783598288982
0.897123480330383
0.853472893934575
0.841175850402581
0.818225676700906
0.840330159595609
0.982384547020974
0.860539159182309
0.92835089964813
0.810248175398214
0.826632544072107
1.00016964515886
0.914689129010236
0.824006978029758
0.936840702904626
1.01754657333567
0.880679361553252
0.964862759156528
0.942747555790699
0.849384653888216
0.853093303530151
0.963986466084325
0.928215856175348
0.836576998919783
0.956371851426013
0.871246112157147
0.884313294112439
0.89449309483144
0.961245973388672
0.822331210121374
0.982792192261589
0.877297349362188
0.831855639705985
1.01363556991134
0.912399374765357
0.862193884611916
1.06602797065127
0.914352367351373
0.984188458264102
0.894692672737558
0.885691016876465
0.860891940254764
1.09219852368206
1.00043065818338
0.730938375583541
1.12833578344186
1.0003430359178
0.981164889947088
0.984277418199721
0.928878817170883
0.899449741658547
0.934390862117302
0.854215820297057
0.880995514986491
0.84780374905047
1.00703969771672
1.01086188169607
0.887676970355477
0.78084291417703
0.920916353111373
0.982056482924692
0.87333628952262
0.963351875683437
0.926755963023827
0.975280892987847
0.953756846396542
0.83171625257979
0.98368338974754
0.999636171167367
1.05704473639323
1.05103317065712
1.05268735800323
0.975582443162349
1.06087773430396
1.13488603959107
0.965235670156789
1.03975926106323
1.1395734333192
