-1.11284451618588
-0.941822345158078
-0.88034363916
-0.972481410040105
-0.955791261679939
-1.07397711330603
-0.981067719643378
-0.98492649010603
-1.13098822387661
-0.885342866625184
-0.927404833323412
-1.06725681262898
-1.08349331485989
-0.958696249592421
-0.984246680339763
-1.04058020867532
-1.03539660056668
-0.933693186770971
-0.884557615622774
-0.988804600214447
-0.823223506231498
-0.90570828905399
-0.865926311519343
-0.9097508861509
-0.903130610826541
-0.999926860745143
-0.892187118063189
-1.03692692672226
-0.953084129500394
-0.954096154344814
-0.822485678866882
-0.856103083304039
-1.1999003114218
-0.882873563446834
-1.01777143413371
-0.918937938956332
-0.975945184738604
-0.897419058563034
-1.10918423318
-0.911730604138718
-0.798450903907307
-0.965915679344361
-0.948437131956422
-1.00934286982109
-0.882935700888648
-0.908284725433532
-0.879156004242059
-0.928324584321588
-0.88420257777953
-0.922940884328046
-0.965259866021044
-0.86324815960644
-0.845070807501224
-0.828687808197275
-0.767102478941879
-0.805176755993688
-1.03332188665331
-0.775058082779794
-0.787126775493705
-0.729614877203653
-1.00478556379913
-0.785220443212499
-0.898086160317131
-0.795468168277645
-0.881248436970844
-1.02875033719325
-0.798836772243278
-0.812733132295643
-0.787232203582946
-0.697071208312877
-0.704150521795338
-0.738874469740101
-0.856956451148759
-0.98657556603448
-0.794312935343839
-0.902241379126859
-0.822190918039044
-0.956583695842952
-0.797543715527881
-0.873802877679168
-0.788488870199009
-0.844167456259035
-0.946947082065479
-0.829240967993095
-0.800383401059147
-0.768415505528852
-1.02828680165496
-0.886341827424469
-0.868420174826531
-0.762877973383663
-0.628462482861319
-0.668933536234312
-0.774348764271468
-0.916912666614284
-0.762299006977548
-0.763716160109053
-0.8710198041234
-0.870209006782558
-0.783411686474791
-0.826538137587406
-0.842095619972196
-0.813192063625459
-0.83011607823173
-0.851536200623098
-0.779957874238646
-0.708808304724547
-0.883608174807039
-0.719956519369749
-0.755206973310599
-0.796770831915043
-0.628533205891298
-0.968612968483334
-0.694021572028499
-0.844563715002017
-0.76311767537313
-0.793172750659876
-0.862881978966647
-0.700699817891663
-0.735542536322868
-0.714094611857254
-0.781130911427185
-0.779763368237019
-0.794628194028639
-0.627352571641057
-0.736683024012712
-0.791593020687499
-0.542895784776694
-0.684669681829239
-0.784786682125187
-0.743549851765897
-0.515373765376393
-0.667766621540818
-0.771921755720618
-0.801763317884218
-0.63646936862122
-0.723579875535975
-0.664162583387648
-0.603907879499617
-0.717521209702071
-0.859703764870084
-0.705739233938057
-0.689551444942249
-0.59189622112088
-0.677992713262502
-0.68446694423684
-0.664208075819081
-0.605573965059834
-0.701799992635796
-0.804653257289543
-0.700714425941352
-0.77402069364567
-0.760485626970067
-0.662802732935197
-0.79123450638949
-0.533452316621184
-0.643560815490089
-0.764163935929223
-0.703543113042462
-0.639543867082798
-0.725918382266133
-0.768900853493917
-0.53882361898621
-0.678626394568182
-0.604909883839913
-0.836225983777456
-0.669439313211119
-0.662987056953562
-0.625561871365371
-0.647177314353662
-0.755384516794834
-0.744776318415285
-0.543070317788492
-0.667253650413539
-0.641077681314084
-0.45819551700866
-0.737300886661807
-0.58963496034259
-0.730942893176469
-0.53752231557459
-0.504761231105633
-0.582513688225065
-0.756531083968949
-0.510948289649996
-0.593559074979166
-0.591190351361309
-0.516931863385493
-0.710427293335479
-0.698956582017007
-0.673591126991124
-0.746791739639462
-0.637629503026901
-0.772264342494444
-0.5776075560342
-0.636504492382206
-0.426307497171295
-0.563158136958746
-0.627184530135423
-0.586772170832274
-0.560235336727195
-0.584732480703269
-0.595892301236729
-0.622161005026981
-0.628182605037398
-0.526376154210522
-0.426313872311511
-0.541352851755131
-0.6808515114434
-0.447727750493929
-0.536136737007742
-0.47733699636618
-0.557644723883047
-0.683129602747876
-0.578858051821289
-0.530048517185024
-0.602813657352976
-0.438417700199212
-0.451418558500134
-0.522157256626196
-0.669520830183798
-0.64660793071077
-0.647208382996549
-0.596920912624984
-0.621970189972476
-0.644091525888949
-0.567368469439132
-0.532825121501415
-0.646560285252828
-0.6217875703428
-0.5910747093371
-0.56481076136182
-0.677506368035058
-0.562639203614683
-0.537457365391063
-0.379052143660474
-0.607576568144479
-0.552904528861675
-0.244206765385474
-0.576322445061339
-0.459029688715724
-0.579317800935413
-0.606896386350015
-0.81343916138286
-0.505130208990773
-0.508274827161713
-0.552659151981439
-0.588674187141949
-0.523855231732825
-0.482559212655309
-0.5002526781282
-0.504964101091912
-0.411712727425202
-0.366729215581845
-0.589134934510045
-0.518361110894517
-0.383396569929103
-0.438813234191822
-0.5007652113763
-0.374511741555113
-0.46488328471164
-0.549279053341963
-0.475380681282923
-0.617028450738186
-0.495444229918648
-0.435067772047756
-0.452957410945139
-0.413471284227332
-0.574964583967134
-0.613133793723776
-0.330936492034718
-0.395899622797155
-0.398895711328341
-0.373129299132514
-0.407701101459617
-0.43172198439956
-0.378050621747626
-0.490803318602498
-0.43464166954899
-0.655571841652138
-0.520537599145651
-0.532764168936359
-0.442658314549649
-0.461040292020477
-0.392286996499109
-0.443989964843567
-0.480329568116642
-0.261551728873332
-0.368091084220236
-0.4472106534167
-0.44385688518675
-0.313106227370953
-0.422541823262783
-0.464189680424218
-0.294743998023085
-0.44651356685474
-0.398219624531556
-0.296647531801367
-0.435579222687161
-0.310889477035834
-0.405142870143422
-0.327713614701962
-0.369444285233155
-0.431038973954846
-0.364457265671865
-0.232808080845902
-0.189883735703045
-0.437321579307178
-0.374248525448091
-0.391347948512961
-0.428132687836788
-0.453440337571323
-0.316240183282439
-0.410252618299732
-0.167544559507006
-0.347681703963607
-0.275488429373546
-0.546182613850458
-0.360762038246957
-0.321920643143053
-0.444442670724871
-0.264461118118922
-0.364326798984682
-0.361703268936482
-0.336772931493342
-0.324735562708054
-0.327209500332064
-0.428643459237226
-0.375763528476034
-0.425280764242098
-0.323198183958127
-0.299142859867553
-0.389889417556579
-0.45775157853899
-0.362633657915402
-0.385789531375906
-0.366815399222334
-0.326418822316948
-0.428720498929158
-0.262765335078202
-0.262733766942732
-0.26725965969417
-0.335907447663423
-0.337926193503985
-0.434027167052654
-0.376538827663504
-0.402445864559732
-0.256251028550938
-0.363082479802989
-0.201654296128282
-0.224652492746614
-0.24436870771556
-0.369259809627047
-0.233472735818473
-0.217091515553995
-0.343896205578247
-0.302707638334995
-0.152029574422266
-0.218080994552144
-0.192963449453453
-0.398841398552427
-0.183540961097924
-0.219440330755762
-0.311334314163094
-0.22336720111403
-0.156584718283305
-0.312719559029446
-0.254833448438067
-0.206957275964196
-0.194370234891853
-0.385291822049497
-0.327250173645659
-0.234261731308474
-0.415557803228752
-0.300296506214355
-0.25215558073093
-0.413706937113933
-0.139877753966169
-0.25561994984216
-0.12887802250787
-0.199261987336755
-0.355535273128747
-0.298317114215774
-0.252919637453659
-0.314197102302772
-0.274321207771486
-0.225005524810292
-0.25193739837896
-0.301612923858127
-0.221150367850661
-0.304542206234914
-0.0881016626885195
-0.241316269895303
-0.216921372616497
-0.189509758558141
-0.0733304970222196
-0.103806455065677
-0.0849254336479501
-0.0917378112089694
-0.316949844469794
-0.167981021769906
-0.314409799880132
-0.3409845093966
-0.101011647289102
-0.282540188469139
-0.0787363799813039
-0.192396933773754
-0.18550857304282
-0.164981878396053
-0.114362149089021
-0.123711331111582
-0.288489230305037
-0.199260869284537
-0.110167997974563
-0.0727784505767203
-0.15687547700481
-0.220138213487182
-0.0945920561562282
-0.184401450192555
-0.285605450724039
-0.169184421784156
-0.15699671367575
-0.164401297294852
-0.23507923767395
-0.122153000776217
-0.146201725313427
-0.253351232681747
-0.0584293983380051
-0.130686125514764
-0.236873372855112
-0.1799737847619
-0.142543340638475
-0.147260466713182
-0.195438535687361
-0.110205428407104
-0.187496988612417
-0.183707972651945
-0.070988395898413
0.0211574460826901
-0.118223222130834
-0.0409439888607972
-0.247501966559019
-0.163708984397162
-0.217860980664726
-0.132891726043109
-0.0832674392468038
-0.212885588962121
-0.0148098005089566
-0.0263752812579067
-0.227700133705622
-0.228863129834429
-0.294833507348892
-0.104344386407858
-0.0923720793055138
-0.197689037181321
0.0237811245800257
-0.0661316800675772
-0.116224715960709
-0.0868525149212818
-0.0235898133510483
-0.131165880477261
-0.148662199661943
-0.115371584482455
0.0233072285369111
-0.0311205152957374
-0.0828557259367969
-0.0849650450730232
0.00565370868829639
-0.0332270577800429
0.0834251648363008
-0.228869869718001
-0.20750013418983
-0.0952509449372844
0.0526768471151948
-0.136297692167023
-0.0680326367539674
-0.0947893740811447
-0.0799073093925746
-0.106175433696012
0.0118289346409678
0.0943817875140175
-0.18405176239007
0.0769728086403477
-0.192514701603272
-0.0758832928585307
-0.219634523220779
-0.0468734319256759
0.0832710590932378
-0.0878929437982107
-0.0969033786176058
0.0156465635105116
-0.0417758553948073
-0.0165691589670949
-0.0209739594638395
-0.125818399574534
-0.0283253353709375
0.110976396193008
0.156237167023428
-0.126399172297079
0.017826767284697
-0.00533352333387088
0.152201974267215
0.0626075998343565
-0.00131863076028776
-0.127502843517236
0.0833823093470783
-0.0304720691626039
0.0764748784438723
-0.0340444222793425
-0.0293162890684396
-0.0500275088896156
-0.0482483638993065
-0.140936687771148
-0.1469203576538
-0.0209853724398339
0.0127887118365221
0.0775796194982135
-0.0608085741774698
0.0230903306235419
0.144887445335578
0.129411453785241
-0.00619352061386018
0.0521046399602231
0.0668408487607009
0.0306257064884171
0.102605797437221
0.144842516706389
-0.00341491959993344
0.0311232078926488
0.0842586419505784
0.0865711231493869
0.0651582490745429
0.0456125884906527
0.146568024921337
0.212590891846067
0.143018911205917
0.156110785286308
-0.00565630004170776
0.177748256384054
-0.0218138044823738
0.0748784063777548
0.14006674737717
0.050268945739106
-0.0931483911320363
-0.12890864405409
0.0608754763475275
0.0722027397542377
0.223069528229224
-0.00940488646567919
0.0271484546113754
0.124926917681544
0.13443115894046
0.143573664058134
0.0628546702908518
0.149014194369371
0.231152977467223
0.0153764787821667
0.0266150704821019
0.273998035421158
-0.0558143852161105
0.128634947833093
0.229738706944131
0.0923445237513631
0.11922910423946
0.229779203804901
0.248798349254737
0.177118046726111
0.0876049435837359
0.134862449351349
0.0697027220222711
0.246447839050231
0.180301004513091
0.0714422321695664
0.266609761351762
0.0444454020837999
0.0787500873574288
0.187520885180892
0.111099162576051
0.134584408664875
0.0977370414749514
0.0753079693070055
0.141105372268029
0.146194772306506
0.0490212336664784
0.297530293521568
0.213767990064797
0.251128310697629
0.0195010621664504
0.0284961226741503
0.22778248172551
-0.00308197376420276
0.324661949866066
0.158626836966138
0.182502172049004
0.218741981824147
0.246306864860502
0.241483731901453
0.177306050933504
0.171567632793773
0.158539765663713
0.222452786247664
0.312572906788325
0.291185304210969
0.15210147313969
0.139438604259931
0.129415252537685
0.257042015190442
0.32536819552532
0.212977063114733
0.16193427146475
0.153426869415908
0.2716272820872
0.285988712216959
0.23020486371707
0.231337290599282
0.142514197265899
0.257041843235376
0.253600994644891
0.157315188691428
0.131849505251675
0.24504444621246
0.222513624315647
0.202330379694058
0.257073598945176
0.200958654736528
0.223349348058342
0.233576970631131
0.167953577002812
0.178314920572562
0.303480381695655
0.366873211013637
0.288784117868063
0.358736566308633
0.268006598569941
0.334764454222232
0.256394999953114
0.0344988313438127
0.189551021089937
0.395132377832345
0.0422546562482044
0.278740334553877
0.237740838817792
0.260905975859434
0.442274340268177
0.367599064712732
0.397394630755031
0.299384694041246
0.274137489103466
0.278523897478567
0.271800276284832
0.296176663442312
0.35357008049073
0.515299172085184
0.432762171224611
0.283157506216705
0.172184581165602
0.221882713154967
0.205339538013741
0.421743842986688
0.296265678600991
0.27125100485668
0.279332227858413
0.35205219695861
0.321654070283546
0.383549878649078
0.352332676206637
0.244716741092244
0.286894702612438
0.331969353639608
0.32546597048666
0.296782633702048
0.211428356738403
0.223515123015022
0.370862179865762
0.330301057355446
0.212800527946847
0.505660234685512
0.321338401061939
0.252548352014449
0.392505238549318
0.328141687376732
0.355010473606908
0.453148054973583
0.39409125544497
0.431167143122297
0.105719249718806
0.334482146025444
0.489075841272376
0.247512832322039
0.407913567676661
0.492856294356373
0.37599313357007
0.411149183564809
0.274001420831961
0.372340876739774
0.286850782453612
0.401736222594681
0.525719442364668
0.236028541359033
0.287487489569364
0.371810200404327
0.378039122732407
0.406865211895092
0.374007353624197
0.375253301864483
0.425490304883347
0.304570772539241
0.463661286553595
0.401692859827614
0.407261445910205
0.311316542293609
0.42738835567884
0.336618936176473
0.398711755553616
0.427034337840575
0.440897321792722
0.490526932733225
0.452385829680986
0.384054228368909
0.491220115875428
0.64965717816417
0.545058840709806
0.418640363084505
0.4135810575771
0.441117293061106
0.504628190094041
0.469096035434716
0.422005199250451
0.373851733238666
0.335557431222845
0.600564530076459
0.488806475786286
0.626273252370554
0.315248323004775
0.545446722840263
0.448069961341985
0.377723901272524
0.53305752431393
0.440638427187807
0.443028533576901
0.42598750212044
0.43786591298009
0.568256334276509
0.505436255660295
0.470416489285864
0.536799007354182
0.375784058078415
0.44581491372022
0.438155402922092
0.5624873944669
0.390140183480415
0.415304649642204
0.453853549517289
0.429128758913078
0.430296772297624
0.488145761794487
0.366801147500632
0.516759095783136
0.619609653842197
0.57038879919701
0.582304743508486
0.487601943099454
0.560925683226675
0.47248454439457
0.514033228097804
0.511596490091426
0.721814391696193
0.516721592453545
0.52763646231838
0.458707295286465
0.550392932817928
0.56265149855342
0.509681678934011
0.502482582400401
0.615063741328686
0.587961895018787
0.741626661665385
0.635753102384422
0.4595730492303
0.414769074311648
0.716003572359339
0.479047521452184
0.46064222808009
0.618734035745136
0.508283652689013
0.631211645425327
0.555457352912558
0.617847815518091
0.61826572834256
0.624053789071691
0.689512612850514
0.612511760368314
0.540570183848864
0.60300593744113
0.558157332553982
0.479595720824207
0.661359921650628
0.639489555643956
0.626075149569365
0.695308409637223
0.614109086743352
0.482820794553034
0.540349226035213
0.612092288861019
0.555415728470648
0.515743353640691
0.519897966329308
0.61877741056239
0.624641363557238
0.679084841675282
0.592298298901397
0.555881362891312
0.812844170943409
0.636348558766508
0.712661723433698
0.677741614840389
0.706107469468789
0.644458346183739
0.676373628055569
0.508956416083231
0.697018039373626
0.594875216719713
0.477931074498871
0.632060931053949
0.426783890497991
0.492086834880844
0.830445233281692
0.563223360496557
0.779238234875818
0.731327472981726
0.595183681951835
0.5539696547604
0.611592572991819
0.678864549132224
0.759899095842172
0.549373458291421
0.707271663181299
0.435592510790146
0.711876126953049
0.726027588994924
0.669776974490977
0.690108831367959
0.792540501859765
0.66702753014552
0.779400282829282
0.688266012210645
0.573222671268016
0.634498237740045
0.721101081917727
0.748384673899148
0.65873304551354
0.765452230738338
0.587952952792373
0.608854850136455
0.668250482179497
0.66075064319954
0.531098762949864
0.719095628191244
0.653500144226773
0.769493627549252
0.649678576188635
0.698387997107846
0.724501536070083
0.776737225296842
0.684304840686612
0.559122194033414
0.66193190177974
0.728458312622713
0.622873083612041
0.604325827929827
0.680971192195965
0.778384589870324
0.866365460707633
0.708058994870381
0.667991409208591
0.734554234956586
0.67446295668308
0.631865992185843
0.739245268214168
0.769034409545077
0.756593237296836
0.751836396640965
0.973579402816645
0.725616070768586
0.896502329854192
0.828207840069924
0.509561249658232
0.68019654371732
0.85415183208148
0.796474643888476
0.784814138267586
0.832021523622609
0.598423018507522
0.716307752728638
0.813897037608373
0.678586797193336
0.808131884464642
0.868733180863708
0.84470875793602
0.789696855419164
0.726073015674764
0.922199069556488
0.962759262503631
0.641012095306124
1.00266174367494
0.943513890666308
0.749725746939022
0.776657184751663
0.828662124096003
0.960864531233189
0.778825060811211
0.869131295151511
0.866590945497715
0.922267264681564
0.88639171885787
0.892175979449224
0.762841284949676
0.782632127322826
0.918505295891731
0.914596197617382
0.841767137578194
0.88525079994533
0.812803601986829
0.685192534727813
0.835821140354986
0.779851865408
0.926212287182389
0.777589117317328
0.729044599055732
0.774845095370178
0.881207831947825
0.93421881025526
0.847361575563748
0.73427226973855
0.938156235400155
0.857902745085911
0.953767766393776
0.944759100937049
0.904091906553443
0.799258479673906
0.930543488014703
0.780764187810871
0.680439885592979
0.988759943371482
0.961857256617782
0.854574875502466
0.795861422688366
1.04524286355219
0.897592673748024
0.922576156249982
0.948528302203002
0.841650584308788
0.88320556890067
0.945807929045399
0.945779984519542
0.953773373049539
0.763655187823869
0.899560367546371
0.870305861394037
0.869225082055501
1.0718375268777
0.896310814830636
0.891640286515679
0.850812497723994
1.03851288425092
0.893990832523282
0.882394209517834
1.02007146629536
0.969966874399144
0.973582351324447
0.823937034688639
0.926315553018379
0.760718556993608
0.9472476256102
0.868439491875022
0.951969452325181
0.924694675061932
0.814345409067986
1.08326916979648
1.08377147712214
0.913438712716651
0.857094485117852
0.778064041790234
1.10429875051156
1.04535666389106
1.02436715413083
1.04562195695997
1.020841026354
0.855772952472193
0.976676751644438
0.862449146762121
1.01451486660198
0.862626985536251
0.972528066114108
0.930677966136264
0.952951314696092
0.919699863940039
1.06951956655503
0.985327925919989
1.02253488648176
1.0437540804594
0.96665442215068
