-1.04382822752653
-0.983072977280459
-0.991907187119009
-0.929498055904802
-0.913651618784468
-1.1190033085612
-1.06970526666238
-1.1193916583537
-1.08769815065672
-1.09597923788097
-0.927467662247945
-1.04854607874001
-0.964442159020967
-0.949529188806975
-1.03108103269195
-0.989622104399985
-1.05602228948298
-0.95124207090316
-0.844026369871662
-1.0912034149498
-0.870310871098459
-0.975455683166262
-1.0017171420952
-0.908918764410177
-0.899638305783199
-0.88534795032286
-0.919048615370745
-0.845689596101435
-0.97939611556765
-0.843920458351436
-0.950847830217872
-0.778006599829072
-0.989117559064112
-0.723793554720606
-0.997340887744532
-1.01688316073887
-0.912766556257212
-0.898659256063416
-0.73472311553881
-0.843546556296975
-0.875567877732458
-1.02426353528823
-1.02034833084334
-0.729346742830903
-0.820715854223929
-1.07510620657611
-0.914875988322725
-0.807981285103482
-0.758897071865423
-0.900965850378921
-0.94572565663549
-0.958954070420122
-0.97188016417536
-0.925588866315795
-0.985209450613003
-0.969038757870413
-0.869999009083889
-1.04386275658707
-0.825004008501728
-0.897532783878203
-0.914886976051139
-0.820668055410889
-0.950263367011792
-0.88017239333323
-0.858511382999704
-0.79123319098459
-0.917076468350113
-0.880312707846521
-0.863327167527776
-0.901718494187557
-0.948751702639341
-0.837589553131247
-0.785937703550169
-0.7846748191939
-0.674642886592322
-0.798657742178669
-0.799972762979579
-0.838432668600914
-1.00562155961692
-0.880407153052963
-0.812250320981538
-0.878220450918182
-0.755070144870218
-0.758421705538616
-0.874391110454683
-0.965776785743985
-0.7278538138618
-0.996237797959942
-0.783300340237987
-0.796707386771579
-0.958322792351712
-0.902204148202377
-0.76984178112447
-0.896075714914682
-0.94945698999833
-0.819123693423952
-0.758687842211573
-0.902608748685857
-0.691045369279079
-0.79467245262415
-0.781475984269081
-0.714159408755515
-0.816052567773999
-0.913825694199991
-0.92739686783076
-0.774947868635617
-0.882907278848629
-0.76540510030554
-0.76848121336503
-0.916621905295269
-0.693619039968936
-0.758926865468871
-0.811966313713444
-0.760999257245953
-0.768400348477151
-0.759329622428169
-0.729218960812181
-0.786067977688732
-0.693241662844866
-0.801634790495953
-0.843409293612886
-0.873882452862858
-0.648128025500319
-0.734175426284604
-0.675345833643195
-0.692775628951041
-0.850158171584809
-0.899325515607643
-0.809192506613084
-0.739453708692849
-0.819893265387602
-0.683682454550583
-0.658764321156134
-0.790337549404022
-0.675826189010543
-0.704191655094786
-0.844581018207794
-0.831127167468789
-0.728147852524067
-0.666227445445652
-0.773813758938801
-0.781815391300321
-0.750535094098221
-0.798078759284598
-0.746749816515705
-0.865550782394107
-0.679122672644524
-0.764040859083699
-0.726025476638966
-0.704568647965164
-0.75858827316021
-0.719615305959155
-0.55373044807802
-0.611060432087751
-0.590760937653694
-0.598754542470097
-0.6095119830599
-0.668280204091566
-0.74382171406541
-0.672514931721742
-0.696578441614028
-0.830718790899603
-0.723434229842814
-0.585124646109758
-0.602476518854507
-0.655425383256564
-0.558631630625544
-0.865826558425732
-0.612994470975744
-0.662384751234778
-0.730061178904905
-0.725075638958301
-0.677975263099205
-0.766177598798038
-0.553561379206558
-0.586825949488252
-0.597229293186356
-0.771153749333519
-0.648776957667789
-0.513958605030788
-0.455090566400949
-0.698905746863984
-0.758034445538878
-0.505731170662124
-0.640220921221262
-0.579538168851632
-0.75407907007038
-0.642213077838474
-0.706809369876139
-0.642050614352767
-0.659040788313234
-0.582665544021561
-0.477777875023869
-0.751913409608221
-0.652612602850771
-0.599667406389623
-0.687622988796259
-0.720170699299185
-0.627679132126895
-0.722034705626307
-0.618826291828954
-0.673972543426169
-0.506033277795522
-0.663620588904243
-0.655914970570686
-0.617248919052393
-0.460823787737349
-0.619450035164207
-0.707638456303275
-0.677538546426832
-0.627702514399979
-0.553191622063707
-0.5353917061101
-0.515755385955416
-0.631885244134867
-0.636778283464298
-0.594019436989933
-0.53557983444717
-0.477528009892471
-0.585154169872013
-0.612283998949968
-0.695784428521578
-0.396592029295954
-0.489990864961156
-0.510263999931113
-0.565475512230851
-0.547242620730734
-0.561253377813046
-0.418135301731258
-0.68258020121252
-0.635539940376264
-0.567709536612914
-0.452965785015912
-0.425316201830961
-0.430281320979832
-0.664311354361472
-0.292911100240021
-0.515947281926512
-0.510488766521705
-0.485676032215176
-0.550359916765028
-0.561813059984771
-0.396173261995516
-0.476387268463223
-0.529231553212112
-0.467188529868778
-0.546987669736618
-0.441728061820498
-0.37721663594535
-0.632378835554871
-0.55167244060595
-0.566061863877818
-0.537179371828606
-0.569395809426677
-0.464162778831432
-0.363885397413601
-0.543701655904137
-0.431127993286341
-0.566892357556073
-0.567949905016095
-0.302008130869306
-0.421245738668085
-0.419565807606489
-0.637868293060012
-0.4485364377652
-0.333257749429822
-0.455945255795541
-0.398720832707411
-0.481016112529214
-0.442919829473751
-0.551961135945699
-0.414360704798408
-0.507723288875195
-0.479866067467259
-0.4375451302897
-0.409465245783555
-0.540537150272679
-0.368398873545594
-0.486144602995856
-0.444613944188281
-0.406253413469423
-0.477148559035447
-0.568888889968043
-0.468590411389849
-0.221441447398125
-0.360061382730444
-0.399968108339444
-0.359556131238732
-0.542128697105217
-0.33384830911984
-0.544995907281198
-0.392304950987708
-0.404942167773179
-0.175344822368754
-0.452130924729912
-0.412242501930479
-0.375664345018815
-0.524704648346129
-0.444555175264548
-0.478070829993201
-0.31235834875481
-0.494222213895629
-0.509881306924612
-0.386456938262058
-0.47290628676173
-0.342778110729182
-0.440394497524745
-0.324986457931186
-0.491977148820351
-0.420812893873674
-0.481254025781441
-0.348356021757226
-0.397102817185242
-0.257458798215662
-0.458189827978456
-0.200631474484528
-0.572687925089136
-0.15813459051652
-0.292887486070751
-0.320679096695879
-0.367040270484929
-0.281864803728325
-0.278624821411217
-0.50410834473383
-0.282220743611295
-0.360938729922179
-0.311818778078766
-0.464298145154285
-0.244535876248343
-0.479003034998862
-0.334462844665641
-0.406714136853227
-0.32067724390042
-0.511909324818824
-0.22398870294903
-0.303474409993325
-0.164164831247418
-0.346098421162505
-0.234885082256247
-0.319394750032109
-0.270034202707518
-0.233051177675876
-0.317461332680053
-0.368685054672711
-0.19658069252034
-0.146061221037969
-0.324145076460019
-0.341889364811767
-0.371249723318659
-0.324013711860882
-0.205741338304171
-0.212090937488616
-0.237940948018222
-0.311176051506583
-0.156377907243212
-0.330654358265709
-0.23317419664762
-0.272150251344278
-0.277448880474096
-0.276613499158652
-0.218476963119757
-0.396342629257014
-0.236614585908647
-0.371734358679738
-0.314265990449061
-0.261521907163698
-0.330162412533337
-0.14827366619756
-0.306357620461964
-0.32352857738946
-0.173721088910559
-0.156917377720827
-0.373568452290727
-0.223958642920313
-0.276645908678532
-0.231483201067616
-0.281349667488591
-0.256655250675328
-0.280705052144977
-0.284790655538894
-0.156784995054685
-0.191686857549391
-0.398681914967241
-0.182992288293785
-0.224476049319555
-0.145359816386341
-0.181405640358662
-0.30752946900736
-0.153359412535638
-0.317938003962955
-0.1958992520167
-0.203493207652313
-0.337016138110565
-0.257172325324454
-0.24050984858162
-0.118876433830292
-0.253159900133696
-0.254826611917093
-0.332320611018849
-0.12937177485367
-0.0874486631785785
-0.0226137744744187
-0.200915469592035
-0.146164087261373
-0.301187262833068
-0.318265755690683
-0.162727158736204
-0.131561984345828
-0.0811618412933275
-0.222980225388603
-0.190500813801105
-0.062836601480188
-0.129982653186186
-0.277314348432774
-0.151872900528814
-0.230299427572564
-0.134659618715965
-0.00829315715727843
-0.0996328031205712
-0.162974626816823
-0.0930301516662921
-0.118389023493654
-0.0872051360766589
-0.131637124098376
-0.11416485696202
-0.174358925896086
-0.0193865361163904
-0.150722999779319
-0.0979509033697742
-0.25984384185305
-0.0220111618709131
-0.177398662139166
-0.164194121682909
-0.187304534850244
-0.0909112412235143
-0.174924866386892
-0.311051563548378
-0.0943392500987784
-0.0140859804567146
-0.21889787352934
-0.198136368344877
-0.178318284874761
-0.0954323639080839
-0.0604280951096912
-0.227301488645036
0.0119400308253346
-0.0717501973695688
-0.0147314312822275
-0.264515034318843
-0.0792807026749306
-0.197792348949458
-0.0827604323773521
-0.223379587068261
-0.106552101066725
0.0147354883162717
-0.12011505226073
-0.251958478778507
-0.0732926794518931
-0.0247252557534792
-0.0307375253866671
-0.15515942518558
-0.152672734848654
-0.00827418491671137
-0.147861599645089
-0.12725841672167
-0.111137542722011
0.0352097031869681
-0.0826302509969311
-0.0784090380785787
-0.121832436254978
-0.0459529168982314
-0.181096695360859
0.041300573860112
-0.00232481751384163
0.0448739823184502
-0.0730535823659602
-0.169150557354647
-0.0185099224571822
0.010649405870864
-0.0584769619944629
-0.149694914046993
0.190408489461442
-0.0821642491955236
0.0189026548377015
-0.154499054727246
-0.0588955495073754
0.0877206202936634
0.0439421339013311
-0.0723348121759094
-0.0802018089664159
0.0112684484651393
0.0225912287349388
0.0546076352302471
0.0135180323260866
-0.0969034668524706
-0.00487161867879896
-0.0302406176981553
0.0585214658820347
-0.0547238479505024
0.00626059412172638
0.0316527921638158
-0.0728630903976264
0.109764949999861
-0.0303937185568575
0.150583861220391
0.100821316124772
-0.0370560935121346
0.0540568084619373
0.117961164245871
0.0733915758697731
-0.00728165811575027
0.0199907971264842
0.0499219161232655
0.1056779096064
-0.107825976326699
-0.0256534324387879
0.0602920457454934
0.0859589307190626
-0.00676626879314038
0.0808495595332394
0.0424515723678026
0.13491315270252
-0.0658660267785049
0.0918232929635571
-0.00385499073664
0.153496241165797
0.145505434197637
0.071331124338408
0.0680962625213051
-0.0885366372481978
0.143413426463645
0.0396251512762622
0.142411626619067
0.106939887301205
0.0980746628911357
0.0450685769812475
0.00147224175154003
0.167536449024492
0.187331441910605
0.139295291564708
0.101744837219632
0.0848928787681742
0.244279684930411
0.0017224785515919
0.166779724354892
0.193797663224513
0.113193849106626
0.255841150750234
0.0537011845098317
0.266180073818342
0.117556005187249
0.0235301056468447
0.220155355812928
0.0874147297404312
0.133040752004284
0.346901964763975
0.054376660062567
0.128288654325868
0.273303519901513
0.009337556577524
-0.0129607245591202
0.112100362193166
-0.0248332266504814
0.218844312017977
0.219252112992439
0.12648229247331
0.0318110108057851
0.262757995950436
0.175466186266514
0.0954805259860433
0.171967995776368
0.189252490610221
-0.0341934517606105
0.140826916989538
-0.123750306371697
0.0972572510539686
0.217327661459291
0.218793421163863
0.245110404712163
0.340195641612889
0.194633485618336
0.328551921761967
0.20182326998253
0.189758345776912
0.182406625722735
0.180341962619977
0.119592767933721
0.124114675528333
0.164183473337729
0.198197745987415
0.205953956841893
0.285029480588081
0.181743195326024
0.196012629234367
0.241331512779995
0.115522491050691
0.276356448373723
0.253913812887425
0.268375705281276
0.268240902691213
0.176323774382148
0.364464267102398
0.162974381729748
0.363924678273545
0.331660696365215
0.0618776446088084
0.222312307440112
0.415143302228922
0.198786683343773
0.369887904076379
0.103879499363225
0.18800242186637
0.361920970356243
0.225883646801038
0.234959505524326
0.333102500745632
0.230473355483311
0.205713590837598
0.308220570704246
0.209382526622401
0.188390017478986
0.293037923532489
0.386036548214452
0.330261756755439
0.202113179372866
0.188635951438369
0.267707662948363
0.261057396193488
0.330162632746346
0.226956071888457
0.29210657204208
0.197619481040552
0.219364473107717
0.169699678164138
0.303485594894644
0.328084212114607
0.317433931442045
0.264307184328231
0.126012588795169
0.318784129918735
0.37649919315058
0.254188027345925
0.444806153532921
0.307735957569096
0.348407525409278
0.280523241709726
0.266475088761848
0.260159230562991
0.281507230934066
0.325993577887944
0.170586391098079
0.229865462048528
0.528898618443158
0.37397806657962
0.29868862720472
0.408377819240551
0.27007602742392
0.354738767366603
0.178874335683725
0.26237898638484
0.448317461133033
0.321683565914851
0.177442765131878
0.370507454210582
0.207094294211859
0.30340242983775
0.332667915143774
0.337086098524241
0.314788733470433
0.320607481343402
0.283802670637105
0.263395736511583
0.29364579399497
0.320540675736401
0.378622828155445
0.334802314498179
0.364875982656904
0.172433567920667
0.349841754081159
0.313924782341128
0.442958268236515
0.345864661112135
0.297264881886592
0.378798136220949
0.344412495513777
0.276085363464901
0.388115631741592
0.464604433351716
0.438192238508863
0.527262575722503
0.344477721033938
0.288744657527331
0.610338585012744
0.335759021725026
0.329161936513752
0.504766464767762
0.428838557992313
0.358569296937813
0.359100954260328
0.41220321492067
0.468825268873433
0.380411904492765
0.388715170056884
0.306150425325116
0.212311900842431
0.395237175745822
0.410021703105981
0.329726744895577
0.57511604586458
0.402180879008074
0.458697252420492
0.453440348815366
0.44672646273393
0.515436398382533
0.359323551751619
0.463657712158193
0.343139747279576
0.360163645700256
0.371504349225977
0.397325908688577
0.337765867564499
0.45133543570017
0.471142927567791
0.464742336030465
0.456508854282459
0.3579819494082
0.23502418892266
0.605483866865374
0.46235072530705
0.560944546406508
0.481083680824298
0.501880937069389
0.471047303942078
0.428715739535526
0.482813091401592
0.474024563107233
0.403466134312269
0.439685972193563
0.513780009668134
0.401289224883207
0.480621779671628
0.464887652574924
0.475000753338
0.574267571449325
0.492161972380367
0.498444084771797
0.56388820608017
0.470063710280591
0.611794110841355
0.346371846769468
0.408951209833083
0.677772726652452
0.555602419614889
0.485527672832432
0.456481722949257
0.608179163048008
0.528480219093998
0.454958801199132
0.467671355454445
0.545593968032279
0.627860750556921
0.522575749593936
0.416423374180468
0.562968148468259
0.489391339453325
0.46439471929502
0.758020816317902
0.459452680741025
0.568026638706087
0.607648139766251
0.540000210597518
0.574088929813052
0.615416415766009
0.642011201257689
0.593456176760742
0.711846553311269
0.53853956290328
0.587441786223758
0.610272660146077
0.456842006113726
0.516337902126272
0.59849727267158
0.715302759269035
0.544636793253524
0.623808506606592
0.588055751984586
0.465757710767043
0.550750786990096
0.529739597846714
0.63249189579646
0.645426115099852
0.55716384390365
0.462725844944971
0.676521914480948
0.676717056597892
0.584563012810042
0.675852891211873
0.750710239983754
0.620132820172658
0.594141542686832
0.691580082751636
0.677845274339725
0.586589148511813
0.580816898994294
0.61351590325808
0.556329706159753
0.572297414771471
0.651571850608774
0.571710721148918
0.63377291197507
0.552290981499765
0.535201171869964
0.700782719719404
0.574024999282431
0.565911117552817
0.782815235285586
0.433223665016002
0.580322567759496
0.642538583140852
0.689638210859037
0.589224685924865
0.664627234860951
0.656914065655721
0.567846554182051
0.72488073208253
0.617218064929466
0.768517794906787
0.628404304662985
0.56410791828173
0.741927615531219
0.728166826885359
0.612344915246019
0.738877642124207
0.740086379989044
0.513660157266675
0.82468799848988
0.645870122847119
0.751409537697975
0.759413354002128
0.580606698863333
0.814670926028375
0.760602109017063
0.647169860360262
0.781189776312311
0.652944633660263
0.538408012405092
0.686021493094203
0.611756609283187
0.796676526310276
0.723994184309285
0.609811594355736
0.612750972369682
0.609385423467144
0.821056754599571
0.808461062014162
0.735252766537333
0.601936753139808
0.668510243724886
0.593108949954121
0.681573057998638
0.634888015619002
0.599519841112474
0.744327651198437
0.758443373971576
0.762871739133906
0.624660925387636
0.54783123259158
0.87524161590156
0.702393302290325
0.77034445316865
0.727637070834965
0.704439876660744
0.751686926729506
0.579108600931019
0.721517079726733
0.906768661424061
0.841785031870937
0.705720902798596
0.90863384786267
0.814024754181238
0.671899263826625
0.728417578174473
0.853914990564114
0.806681557528935
0.807833592970363
0.69196244318043
0.723638502317066
0.765924210708165
0.671428149787681
0.894709930402562
0.813550676971213
0.635960626789732
0.693329840244114
0.738889915277078
0.8805711414516
0.752883390711724
0.831297715383928
0.845805955917268
0.805681653150071
0.602411770748312
0.880024138394014
0.783598513406897
0.7290974494891
0.814509298667986
0.726863034864325
0.961153113693993
0.798760508559344
0.889160118198593
0.742325208760249
0.661723792857019
0.758381117125199
0.792213629143037
0.769013075319615
0.786515761271003
0.742077549208801
0.758495906671042
0.93114765674884
0.917986442430025
0.930357226622165
0.781124979832952
0.922601976396129
0.891653675089292
0.879726944970221
0.930987722417283
0.766377414547459
0.986140503009269
0.880759248716073
0.735551385246503
0.851321307355225
0.81130484310861
0.826143686544515
0.863800522995817
0.935035686126493
0.899339575946826
0.877916985897087
0.96155724846684
0.784641948289171
0.879555508721992
0.792132002240453
1.05552461477163
0.817271519593722
0.822172903684308
0.945865076396114
1.05589782240197
0.78159177162345
0.916068462844631
0.72236707449597
0.975573309074235
0.889265564078255
0.988427722502084
0.861076811067838
0.833199220422805
1.04691444706736
0.913474128353995
0.915606648825789
0.662594593455124
0.916490408243126
0.936288852315091
0.877706585617314
1.06850345058268
1.04002342975414
0.797943000608213
0.926896724649063
0.924504368948866
0.930253295815443
1.06171496398647
0.986089745029021
1.07822012907389
0.967643400196717
0.936239979785638
0.833640867958109
0.999103101439794
0.919435291132311
0.900940105075213
1.00230939764396
0.976772867175057
0.868573360396975
0.981845997572965
0.851527836884916
0.843105508595701
1.11863666100108
0.847237296767184
0.853503766660285
1.0162915245076
0.975088794923984
0.840939941010573
0.891702658175571
0.979244628084144
0.985174784084419
0.86048509760702
0.959669288481252
0.8637499854552
0.909146821178166
1.0132715901246
0.928242322060306
0.879646136328553
0.937231392618081
0.933269083236145
0.978670180616938
1.05527387880313
