-0.820879362110143
-0.957834608407043
-1.10213494225291
-0.959433246402921
-1.07252658829744
-0.961684556606842
-1.00260986361515
-1.00408104983779
-1.05980439526588
-0.887914344807942
-0.900517191057255
-1.17113762900746
-0.972308662200408
-0.878751199209022
-1.02805785723286
-0.96612670886015
-0.975089022355563
-0.918332504015511
-1.02001222695793
-0.987861059085078
-0.963431217602195
-0.928328695841229
-0.81131177311375
-0.856437805657177
-0.949743908680878
-0.931064490228554
-0.872254203887616
-1.05209847463633
-0.930407238073956
-0.870353025701722
-0.893568835597585
-1.05179395672742
-0.772141267129585
-1.09804428365858
-0.924817142218889
-0.873082945358191
-0.90903823908233
-1.06342844606752
-1.05852919106948
-0.857398232438953
-0.940682778857933
-0.835870516379191
-0.940147102093756
-1.01206985120297
-0.845191600269248
-0.862485404075195
-0.934887384095285
-0.921639826550562
-1.00671214278499
-0.861033920604184
-0.896738960193512
-0.925930363502561
-0.859629698941664
-0.870301837012327
-0.719585902257127
-0.909950009021829
-0.902961003924903
-0.872741451383651
-0.889238947721538
-0.891506843948875
-0.776605560352318
-0.958502851920765
-0.93884109934064
-0.928786089821459
-1.01395889700967
-0.878312594097149
-0.933252030305441
-0.823688533525967
-0.849375041504564
-0.900047683204059
-0.937701932378936
-0.883639773923323
-0.992372681944971
-0.923044022070517
-0.859327011821086
-0.90364045063746
-0.826627028159473
-0.940265985073762
-0.865362492095864
-0.871604299943052
-1.00448760484394
-0.755117710580842
-0.857559210285001
-0.78765730872429
-0.848384069527447
-0.703206360270004
-0.790563051900127
-0.856929172322729
-0.818211866912743
-0.868892556286382
-0.730795106774527
-0.820246019896499
-0.701007177815835
-0.91473593419218
-0.775767163587262
-0.713089315185814
-0.806206984741916
-0.874728854699764
-0.891618216928587
-0.771390548042253
-0.717749480095495
-0.724782104497433
-0.698372646096583
-0.735070228658307
-0.789486413162654
-0.69690878436904
-0.781008531780911
-0.733129070932434
-0.725930026676693
-0.789119040743956
-0.642851687593786
-0.679553743142737
-0.83036917148361
-0.652641462946445
-0.845226763093547
-0.588114388106293
-0.799074345520508
-0.782812233091093
-0.602787558626493
-0.805901046039382
-0.720635198844079
-0.730084383147376
-0.785188696667026
-0.750771515894525
-0.590017072109476
-0.545189361815386
-0.819322191495462
-0.671220649424364
-0.732983638123373
-0.595913928069494
-0.754369710511366
-0.63357429531228
-0.662850544086131
-0.723930285436241
-0.879179018802951
-0.775540015996934
-0.835630137851218
-0.498238353945695
-0.678589424754485
-0.85217874586901
-0.708862166667936
-0.640198842700814
-0.677680083214901
-0.716482295568124
-0.802662722407428
-0.77544824409474
-0.7020087417483
-0.765903965059862
-0.654872984045799
-0.772840934368067
-0.609337692716604
-0.92654543202226
-0.735453036739725
-0.674913864669288
-0.652685315114836
-0.747559494642538
-0.535269721772314
-0.529969355432325
-0.703358864213259
-0.677762149364071
-0.746194020790325
-0.643587744422877
-0.658871420184174
-0.575680370096476
-0.711831591812088
-0.526958916426529
-0.585473186108282
-0.554125406537503
-0.692927716520775
-0.567184232766134
-0.811393344816867
-0.619587537058233
-0.748680436276586
-0.634301807544048
-0.616455819183333
-0.344383453806961
-0.723575189548818
-0.558473107983251
-0.565453416566483
-0.635626244450931
-0.828731943457987
-0.623306087701539
-0.661562138261724
-0.554521738850012
-0.706018096667375
-0.65028380696408
-0.518901498023135
-0.64887414142543
-0.645068212344151
-0.640533109517318
-0.515756772368419
-0.590308007553645
-0.577702292496333
-0.749415155414753
-0.707070457336701
-0.59517631223403
-0.724477888160901
-0.604755403937153
-0.45189765348514
-0.625524137382419
-0.581383101857111
-0.642992633512015
-0.59885887363888
-0.462096242189813
-0.66452859186236
-0.570360884459453
-0.627580305192411
-0.634598439145838
-0.590968058976077
-0.547812292112172
-0.430254892422742
-0.654744559355417
-0.62882027954382
-0.373261217898627
-0.577140370060795
-0.624780648283567
-0.618570835246691
-0.568135891715781
-0.639196985227092
-0.630603704511759
-0.562248173117944
-0.464927714373096
-0.464625303561776
-0.482748550283096
-0.55475158708388
-0.597257854873263
-0.55233523024585
-0.516106902888857
-0.570257756241299
-0.647313415287479
-0.50059706886068
-0.415854925080106
-0.511360975249818
-0.227951317037364
-0.457545179889588
-0.589094826821995
-0.451054453399882
-0.51123780034399
-0.619059458293415
-0.422358481973428
-0.474850214959953
-0.622455131823209
-0.707410845323803
-0.52338926146441
-0.518251359423957
-0.522666874579583
-0.552795640123085
-0.526540715570807
-0.51160043797068
-0.346654218314725
-0.454380270880809
-0.490199242814951
-0.582376449791869
-0.516968983799716
-0.515890665731677
-0.358772383517157
-0.508974405678111
-0.475785864925824
-0.623459920534817
-0.479615983602344
-0.452479391838334
-0.455314109069256
-0.443607623034837
-0.48374270762648
-0.456307501475941
-0.498988891117673
-0.543033028419375
-0.404293747356901
-0.438852562917844
-0.354952054760291
-0.538264837625106
-0.502211351045984
-0.38361246172103
-0.452544815952165
-0.413446038966447
-0.278621172809534
-0.328633267149006
-0.651746063600842
-0.375149246622363
-0.445792902673678
-0.287186546417596
-0.57679489737626
-0.439623213647713
-0.489219039612889
-0.362565309350201
-0.516725178785648
-0.262334983728475
-0.495357584342723
-0.50242769952887
-0.544911182224779
-0.339851065883661
-0.409815579198171
-0.494962747868453
-0.316554293271406
-0.451821473467293
-0.390216981274773
-0.405786196203655
-0.349151358133642
-0.323775684190713
-0.307185877681244
-0.417613429713497
-0.379169189665199
-0.366535182883975
-0.224246229750582
-0.392627038229781
-0.41328320460111
-0.367251153345385
-0.393524586695968
-0.413071782033846
-0.438493878523043
-0.321405597729291
-0.310467416469169
-0.370210416329289
-0.322939176731161
-0.456921346648544
-0.427672789045714
-0.364957996578915
-0.313336947968964
-0.357354666600033
-0.300036851764706
-0.210475283201886
-0.429730034812043
-0.516010597566334
-0.439371473667061
-0.262475997115115
-0.418984913853507
-0.380597490654422
-0.371424245959508
-0.318896186606697
-0.399257052717457
-0.375963643440114
-0.245306980045829
-0.248076472024796
-0.30091552591922
-0.37341438693151
-0.30343401095233
-0.220115001813076
-0.422655265842322
-0.27953503282411
-0.350650603534217
-0.29662669532558
-0.282468013381607
-0.260021695900464
-0.27311035669944
-0.197290552807669
-0.192679437542933
-0.178004930108595
-0.346228896646357
-0.31271494647336
-0.263854328248035
-0.370363615242319
-0.253734912984183
-0.262917838696862
-0.35092988521838
-0.234196665964388
-0.191817250369237
-0.155144718826456
-0.3412884874696
-0.170800790916733
-0.204522498318283
-0.138691341481844
-0.313123600982316
-0.338502416803689
-0.329729495161985
-0.269089993756004
-0.3153009222936
-0.297669849923778
-0.124308229285627
-0.102275784377171
-0.331036602941334
-0.247684147578408
-0.0352901441304672
-0.280605932002954
-0.248109534606137
-0.113922015948307
-0.304335040499477
-0.249408974939043
-0.350668210403233
-0.282694655598256
-0.128948166317841
-0.297009780037744
-0.285086208131408
-0.168852374288152
-0.170655866495121
-0.0499810823062452
0.037735503368829
-0.31562622757066
-0.232928532890232
-0.194630908605212
-0.130067680836917
-0.253803551330283
-0.128259845201873
-0.262255177824603
-0.305519331958263
-0.116680236005213
-0.212032028970034
-0.130731315093022
-0.171534262816364
-0.432608232812212
0.014447870414026
-0.214385031154998
-0.102097862040109
-0.228336898200748
-0.2488905487509
-0.159227107269683
-0.313934003734359
-0.150650131868096
-0.160728358159071
-0.210895220293272
-0.244073903027141
-0.393442816212034
-0.198443719384888
-0.125335097745854
-0.200640443912667
-0.119179131287752
-0.172905682790355
-0.147042973659542
-0.106422084623974
-0.0673768634072577
-0.225090567065379
-0.222964807309657
-0.0461956604673291
-0.173503619416619
-0.0491737913298649
-0.116498866486351
-0.101350093987263
-0.133141463699725
-0.13419478734576
0.0741352277512571
-0.14478381668333
-0.307623074007211
-0.188660911557433
-0.113726729051014
-0.13718932333249
0.0178707152770594
-0.0714304104922524
-0.229976770620157
-0.118630007052485
-0.136337781887463
-0.0829826002246594
-0.187661328288431
-0.140594169170672
0.0085607525622236
-0.110864422714139
-0.0944768641312011
-0.116454203558958
0.0281740885525601
-0.171465539374166
-0.103465425437436
0.0514566432293708
-0.0625297327714132
0.0405762632956449
-0.0144648512421544
-0.134947385458839
-0.104398695699487
-0.100088577025186
-0.158493171675257
-0.0359701557840884
-0.124875005338455
0.144203793814629
-0.0385671874529343
-0.172891316845182
-0.156973909456451
-0.16875918278185
-0.00738200844731903
-0.00513816755403018
-0.0299258792215288
-0.00743180429828238
-0.0707014849178986
-0.14860260368323
-0.0882337108900711
-0.0434630122240876
-0.0634346485234215
-0.0479232561032922
-0.126291442942388
-0.0882458299147819
0.00955976993507726
-0.0991810737386922
-0.0288488013319837
-0.0971499920295855
-0.222396011875409
0.0504700595425351
0.0417706957721583
0.0557063822720993
-0.0501894662964135
-0.194289382153514
0.0816537229401081
-0.133514556740902
-0.052587174367425
0.0100423758685288
-0.115027216854563
0.116131318465807
-0.00279826963079767
0.00154324542152902
-0.0868134349336897
-0.0129734652989446
-0.102055333992057
0.00424153557614111
0.0584238088690618
-0.0173192445907007
0.201993371698779
-0.241645213779064
0.0795277332622236
0.000450218478138284
0.133159040874934
-0.0244533667210103
0.141285483239349
-0.133215918645511
0.0756602681095418
0.028028368072426
0.0583954027765915
0.0760159098951115
-0.0989541226876416
-0.128092031931921
-0.061869085899856
0.0944302511939672
-0.150249125572793
0.12620125807387
0.0490078529637355
0.0237597383787423
0.0573592895509673
0.0459247125758099
0.0641727152105538
0.169345317686227
-0.134371922128381
-0.0594985468273674
0.143063799541819
0.0461308626243158
0.0681798852717328
-0.117251013242063
0.0374842908715118
0.176107289664446
0.0636509944359132
-0.117894283970849
0.0335240045260045
0.102937524014877
0.00131435788100428
0.0481963206856635
0.0819871470605047
0.111305472656382
0.190661144742176
0.163069569946856
0.0999885547310317
0.123599878507937
0.106206579760662
-0.0796900992988802
0.221771370623373
0.069544563121247
0.0114875966925671
0.0600811564980155
0.176269255003754
0.107453047347172
0.145819843368666
0.192272970761077
0.118977447548835
0.188421343791391
0.0583945384188942
0.159471398196514
0.187860423775959
0.24949850725228
0.124469196643554
0.241787878594728
-0.0229879083260356
0.188058489991065
0.102453227907708
0.110623334751866
0.140945834529453
-0.00110289210672989
0.0516414425428021
0.21877213155175
0.18310888656961
0.159190778480123
0.234676712700245
0.231117073263484
0.0720374207135928
0.169960567586734
0.141433890268157
0.0685746998668253
0.131276701189907
0.241156275117331
0.261636615661172
0.122766501903669
-0.00612876226496278
0.168019995505899
0.0933888849673657
0.113388871211267
0.103074652255364
0.152760439213082
0.172627191418525
0.194482030809096
0.309141156828491
0.083618926271544
0.192122832230522
0.291051198722892
0.293120761656098
0.202571935010647
0.0618980704360982
0.131667073647207
0.496093055939533
0.27388418943079
0.122082898534924
0.0949451892475519
0.202047531105129
0.132967798940293
0.208570639507222
0.245383261370131
0.152282028033572
0.280346698972758
0.223443907033809
0.316275346045659
0.0764341128006845
0.167456066650671
0.106069905960992
0.165141434751894
0.163169388551857
0.108508210168542
0.371695593994061
0.297751567632099
0.262786896712719
0.329532894626975
0.237445029417996
0.297758988794533
0.352018238058693
0.245896170936142
0.271132614938468
0.206754340875823
0.238974568019859
0.368379839772031
0.219612508178798
0.329941195264848
0.32448079049788
0.103178492660384
0.271738697523413
0.256423952642112
0.331967673012388
0.149585188251724
0.208613207801221
0.143070940608767
0.355315014054904
0.148657335653433
0.343605865582184
0.30248657660454
0.364891343785686
0.274993734625875
0.431671115316219
0.430531622701775
0.317711770998087
0.272629041510935
0.201476877091655
0.311981032746046
0.388283186375301
0.160088832080036
0.250337350572792
0.297863840885319
0.301764304986014
0.302460687153266
0.322472753891577
0.153320883458193
0.389910493926845
0.43114422854433
0.239502790226525
0.393011741057279
0.201508114913573
0.235764868095364
0.189576889863107
0.38608754951071
0.552504874397978
0.272355665253834
0.225203347427989
0.322732175728641
0.374283288474727
0.36772744280763
0.452577537382017
0.389083838555532
0.422256415109857
0.240365093711878
0.263859897486681
0.433131851648761
0.317099135806715
0.278009572688158
0.476004164218673
0.467118283530142
0.334512109881624
0.286976105887267
0.287804504928794
0.309109070058906
0.418103424526818
0.394961470227447
0.366698992693548
0.332372250387225
0.340050357221529
0.275477459413598
0.373613045159835
0.357585067697227
0.250978258453729
0.351022347610596
0.324701416217121
0.230825442949293
0.499791952697838
0.449727824269576
0.435752067032825
0.445924763753884
0.608794876389679
0.373786129759242
0.221686424833623
0.5369964146227
0.467724248911813
0.342304149205449
0.485593812533436
0.398735717843405
0.602910902032794
0.344019459192495
0.398351921678723
0.465437594793165
0.393634754784991
0.420150102675296
0.449379259356676
0.451075749592999
0.413275109909495
0.386560041052252
0.43750529551206
0.65311521260447
0.4497556659626
0.566000149155664
0.512342077596972
0.385430993831938
0.598172201372559
0.591012078103577
0.43143190151157
0.545398082619655
0.38286970724867
0.29184912192065
0.494168939881717
0.488206475932202
0.583125241853496
0.344873541292611
0.377957350570554
0.417940201646894
0.35133855294837
0.35518448658106
0.556392837833032
0.48620335951248
0.549573780573461
0.489483279252251
0.432391568878373
0.506486965617587
0.542728855413802
0.546021478941111
0.667369396488768
0.489353176909218
0.451750235422866
0.641443871382528
0.568891563357277
0.446101974661857
0.517614003498438
0.498289443082401
0.457186573772746
0.430884431285662
0.584969011630709
0.593726487522765
0.651277708804899
0.605161994221329
0.556639418123982
0.535369330498843
0.598666459741313
0.631289074972024
0.580186310049819
0.565649890134622
0.570140151560901
0.506951916687026
0.563250407376284
0.521237024269739
0.539076397223934
0.493828996245408
0.454100590587663
0.600366600903285
0.566619336946377
0.639759994340358
0.581142371482383
0.594385868056605
0.536819614734554
0.591878014923273
0.489238020003423
0.597377870480291
0.508606336943285
0.590468536194375
0.567808114276344
0.508751302472813
0.582147398741858
0.497382114730549
0.55083895296227
0.508583641985607
0.6246772751433
0.617054391134459
0.615817277864268
0.469984763687155
0.492822314114811
0.555096300724787
0.507552504047804
0.792385064335091
0.652640774840895
0.408527666019149
0.512416803224103
0.652589635048081
0.591436473247713
0.438478869039897
0.62536913261485
0.617444702106255
0.558214586571848
0.56075323312315
0.578997178003993
0.745884894362578
0.573560270590441
0.536363776892009
0.63562260458764
0.640311950155232
0.539557544536508
0.579157166523819
0.763188449722781
0.632871821494161
0.570636640398333
0.676455114523601
0.699569609614343
0.703850622610254
0.582365205431299
0.709457421193324
0.68675363137285
0.460672607038143
0.556942084739594
0.528103762747219
0.595504095016182
0.712482259648062
0.564603995327568
0.748185951568986
0.738660761692768
0.654006735065785
0.838129531150411
0.628453282614963
0.78211925014629
0.630001893832015
0.728356250159542
0.648285012914524
0.856366881275033
0.637406810399895
0.500385284203594
0.718221221038864
0.813570860687651
0.651763116827706
0.731736673057557
0.58075168805026
0.548792244298664
0.811283266157528
0.691419491178011
0.610327170553873
0.716377642504509
0.944593478563527
0.662647465990089
0.795064705654715
0.781076292836679
0.759374557274551
0.863484219773524
0.646139814771315
0.790309766198934
0.775479644091767
0.642660748397286
0.671559245154995
0.73066893175079
0.595677938237446
0.635994793808444
0.720534552128311
0.576318851658538
0.681346180207959
0.815203900007008
0.734995803544638
0.920800521871818
0.783505578298458
0.75806107153183
0.676033104775085
0.928610325975194
0.89636693473696
0.674280901469532
0.817132358228414
0.721611796704295
0.780280137474549
0.780045918396559
0.708062566363366
0.750746806752601
0.872228042024759
0.658618743057198
0.653159660794557
0.911242549230664
0.858336425576505
0.766550115053559
0.813042468838613
0.794033952983301
0.739850823122582
0.891189932938281
0.840118487278233
0.8893683113918
0.803544651232474
0.707953599185515
0.68914386153561
0.805843131393769
0.822709105652432
0.896023678429441
0.969294844210318
0.913279523953197
0.801024359158573
0.797036929794316
0.875723545206946
0.855678743626422
0.781694571293995
0.681394052772518
0.910427902935613
0.952341965944695
1.00226592168542
0.871465803333462
0.936183060728215
0.848189525340435
0.97532147895964
0.75609070028701
0.963909882795105
0.966029567340525
0.885785161978674
0.829280133010938
0.842727055375965
0.806429708202955
0.818140269875013
1.00850998407682
0.848457956833691
0.910948695914453
0.81074405455714
0.830990897102625
0.973491116361008
0.912392625351834
0.84380499042395
0.931980188457448
1.03390263298173
0.892458985677927
0.967952526498612
0.939594889200763
0.853685963232729
0.870335837430641
0.988799815829971
0.917214000057524
0.841147084703466
0.934316860453827
0.875336210154488
0.894095530751196
0.891879342852967
0.962493664057798
0.80428942765228
0.971360987774279
0.885044783254854
0.842062485460832
1.01061452755688
0.899383895139054
0.863886827065568
1.10188392641896
0.893676084489809
0.999668450114804
0.893938160968718
0.874555338796106
0.849369211264228
1.09542237946446
0.999907742702829
0.740259454628089
1.10446803086504
0.988749895063031
0.993456678134333
0.968740459824466
0.930266224636039
0.925389036695664
0.922984483106667
0.852282835318799
0.875398244407703
0.879118010457984
1.00544448314021
1.02957039802984
0.895521895560563
0.790822682589994
0.927198332618084
0.96439624759845
0.897002375221102
0.960283331846012
0.917168023649528
0.97693542034654
0.94606304141351
0.822182389614454
0.962858750614249
1.0098782968452
1.04048159248086
1.04583553141092
1.0454651974909
0.97210471900928
1.05404497232714
1.1119434041165
0.965857403604998
1.03891865898691
1.15251311706665
