-0.820309943375296
-0.930980140651925
-1.10871560895368
-0.956888890140222
-1.08336361436183
-0.955466574417386
-1.00681654471966
-0.996835306039485
-1.06351891443611
-0.911619178398447
-0.899632420705168
-1.19241139838352
-0.957152620376354
-0.908981873426308
-1.03399208553773
-0.977936943680639
-0.971965358730677
-0.927477444860906
-1.02780988928726
-0.976965744020998
-0.931902761332107
-0.928572681929653
-0.808029321440521
-0.84552981487601
-0.968270609231383
-0.952224596319237
-0.877297769272337
-1.04866709815088
-0.920645430961109
-0.904707506828652
-0.870861251145727
-1.0584206016288
-0.775584810686689
-1.0891333585134
-0.938866380901185
-0.858617018057682
-0.934354555252463
-1.03946206164747
-1.05476617382507
-0.845378431029126
-0.938184574197897
-0.839756420497836
-0.935520847040459
-1.01248914739619
-0.843177913483679
-0.877207900321481
-0.923764632954033
-0.922217254080648
-1.02181962996223
-0.841568096859427
-0.910545194633187
-0.909014895818488
-0.873164210425901
-0.855428718156131
-0.725264617331639
-0.906735992596435
-0.910325326862631
-0.87377070905625
-0.893015761510698
-0.911017966215255
-0.781772712989302
-0.954164643828628
-0.944338798004312
-0.935918276033863
-0.99577314097315
-0.844465421222822
-0.942124098238299
-0.826178914251642
-0.853455077050433
-0.902395747492969
-0.937818844217156
-0.896715796381151
-1.00004807652052
-0.911147120540322
-0.844741884306309
-0.896482560358592
-0.852112652269433
-0.931153046715685
-0.845064310748141
-0.889665916214225
-1.00238817367976
-0.737048074427127
-0.837867244670382
-0.799169580374417
-0.847342481106874
-0.717022471791661
-0.780819295391422
-0.847579690365352
-0.821612284307297
-0.898670208818364
-0.745319864559696
-0.816714871050304
-0.70268897370344
-0.915304651155969
-0.780263162822221
-0.717602007126409
-0.805712142657808
-0.878684353262673
-0.864685114757547
-0.769440790433173
-0.716056570832506
-0.725556252179429
-0.679571127322037
-0.735993436767501
-0.81201178238584
-0.708091069869362
-0.765234457327453
-0.759504827217512
-0.707158321048779
-0.790256241786268
-0.683234954513742
-0.682664490450551
-0.8433897431673
-0.64637998872668
-0.867595981572052
-0.594793333344925
-0.794110601467281
-0.756469697482101
-0.609525679315813
-0.820036977672077
-0.729177709575507
-0.717721322535433
-0.75240982084934
-0.728676130872464
-0.589533463019207
-0.542553774701901
-0.834103900009565
-0.685174519237556
-0.726691705922244
-0.588318314075208
-0.777953605529841
-0.640928396044182
-0.639492886329332
-0.700321188759027
-0.91122839402947
-0.75375337995271
-0.851625539372586
-0.517855021862988
-0.696939255404769
-0.843842314568031
-0.708464914815242
-0.635715179699316
-0.698357663813301
-0.699151271330843
-0.830447047548726
-0.768938732161045
-0.706188149882995
-0.752327324163167
-0.663394694358363
-0.772757382646259
-0.597926986490692
-0.938927631537605
-0.749216443422834
-0.697293693565406
-0.646863631344002
-0.728319862124396
-0.530501792429162
-0.520147354689717
-0.721875288988864
-0.671677871773061
-0.765658754024912
-0.647239206238525
-0.664368697118675
-0.577313298903747
-0.704190529452846
-0.547887603459673
-0.595482178998453
-0.560083618482504
-0.694979030500185
-0.569768197050072
-0.79127934061364
-0.616210727830057
-0.743311489800812
-0.619707326050918
-0.615683654988563
-0.360884282264096
-0.687773217308955
-0.538391030983543
-0.55708126879824
-0.610804047393187
-0.803498241654504
-0.605151236945169
-0.6823978340644
-0.555536026294716
-0.713371697878925
-0.659374377789858
-0.503029094892794
-0.610794790779352
-0.650658420028229
-0.658541273724179
-0.498522564653082
-0.596572291067022
-0.577806042760003
-0.729875578964936
-0.698500826459163
-0.583270753717787
-0.711231441164451
-0.6118016185064
-0.447692073197017
-0.615966060779246
-0.600694981992143
-0.619642412591753
-0.574658494223693
-0.471649687091509
-0.667052310798778
-0.570293426233161
-0.616849435117674
-0.650641262042836
-0.594860357025401
-0.555220042131471
-0.414718692184699
-0.648144954828961
-0.621796034458763
-0.362158037820613
-0.554775739956273
-0.62726900759245
-0.634568425439525
-0.593889706745794
-0.644569857670759
-0.62356539585025
-0.554667460536335
-0.457098348706238
-0.468337558479948
-0.481892933569757
-0.536753292896992
-0.618906304822395
-0.556244658103727
-0.506026998038646
-0.549288902764583
-0.645086203875659
-0.495415907777275
-0.3998046256771
-0.515875043517643
-0.229759386493934
-0.459836763224218
-0.606240979736714
-0.433204069269481
-0.521941830594206
-0.613774140481832
-0.435297299194044
-0.462392917503107
-0.621421140673766
-0.690415380469567
-0.544430557532929
-0.523357671089993
-0.520136117076835
-0.565147665387515
-0.527800610796289
-0.512350997867223
-0.337742699410349
-0.450516836738276
-0.503571264013288
-0.577692798361557
-0.493736400243402
-0.52994593575982
-0.345375889428826
-0.501719168835752
-0.475807332394643
-0.624211966935351
-0.481074766020666
-0.441378762238045
-0.449112955845808
-0.435122090068901
-0.491123486122382
-0.459841668867045
-0.487392502686726
-0.540818237746324
-0.403807311868985
-0.425943974863117
-0.345755796833855
-0.544513604742117
-0.482804465191574
-0.39852305896474
-0.455830675465694
-0.413975090478276
-0.294260390906244
-0.329447183806125
-0.668208841754387
-0.380289620058381
-0.456556221187793
-0.293334321561405
-0.566565849487406
-0.437292344903915
-0.477804412964922
-0.361875090362927
-0.513632943600527
-0.280425034000726
-0.524120437781558
-0.517972371865295
-0.537756611971946
-0.334707713261027
-0.39184482512012
-0.480131009274815
-0.285024940062263
-0.452204430495603
-0.392934134630686
-0.394019413758164
-0.33485900936624
-0.299624205165688
-0.302015253360177
-0.427940383746923
-0.386198457020973
-0.338439972601721
-0.211072189381658
-0.399403274406093
-0.408815295104458
-0.358806091913696
-0.377974598338891
-0.412706020738547
-0.458308138574315
-0.32337552138271
-0.325697845442878
-0.374873803776747
-0.336909775276769
-0.455256793797288
-0.430125512197256
-0.367227939343022
-0.302863405993569
-0.351756987759524
-0.305690131239804
-0.213450996040592
-0.430529785123901
-0.530141313471141
-0.440610417023046
-0.257475203385225
-0.412991369058611
-0.357767256342078
-0.377839452061202
-0.323624000115452
-0.389077851908151
-0.376511576303628
-0.256331469677313
-0.244809308487376
-0.312528287796603
-0.396497575247058
-0.310176843078743
-0.225499430528122
-0.415334151984041
-0.298638000495279
-0.332652826398824
-0.303879708477947
-0.285784422197994
-0.245718734028285
-0.28810854254898
-0.206869160244178
-0.169036910962974
-0.173383318232362
-0.316558377782158
-0.300415088243389
-0.262749200139596
-0.381887298811666
-0.249477764855423
-0.272473224600286
-0.340583337598985
-0.229763835059952
-0.174749694015072
-0.163860723292571
-0.341566385486519
-0.167797477729591
-0.188466544932632
-0.13634032273731
-0.303380407896603
-0.333696854004919
-0.337604542425598
-0.262595918870924
-0.325046237588716
-0.294987232339122
-0.124852476390277
-0.111655331131764
-0.329237662202248
-0.24267073786447
-0.0609943653819563
-0.273198540813298
-0.251072812517927
-0.121358005032106
-0.318042628768275
-0.228258183152986
-0.343022615997361
-0.298576748582943
-0.129819836919856
-0.299692359988454
-0.265440539102611
-0.171716683852403
-0.146378739027727
-0.065304193789473
0.0605501473054557
-0.32208656186177
-0.214656235961082
-0.203444589646154
-0.145795454260075
-0.246623809333433
-0.125607131862772
-0.264913761708305
-0.314750621958657
-0.0844399829725725
-0.211167309392569
-0.129648711372202
-0.175824354002886
-0.436826694121417
0.0204942840801735
-0.208795014730634
-0.118894686469984
-0.239392309757078
-0.265812210727324
-0.140776133518014
-0.32745303613095
-0.156363743337546
-0.153425129993918
-0.199090134302507
-0.234157473447377
-0.391469460814923
-0.194570720361799
-0.148172950735632
-0.202194072913342
-0.117415373299354
-0.19057694228029
-0.136340759208656
-0.14846393114331
-0.0498482811576661
-0.22016945905823
-0.226000611875786
-0.0539918543810683
-0.182551274449264
-0.0352636120800506
-0.120914186855544
-0.102638575223164
-0.0884411789458766
-0.131295059681895
0.077121366502084
-0.149829644427616
-0.298071141029993
-0.195972644677964
-0.123405807556132
-0.128668476006016
0.0175407897777181
-0.0849487015090828
-0.245164264759856
-0.138172381918693
-0.153573280347731
-0.0979548959616212
-0.171182437835579
-0.124897844266138
0.0217839198356229
-0.105132508077866
-0.0956493923515371
-0.115913515986852
0.038114363932596
-0.166713162791895
-0.119210270750565
0.0522686208711406
-0.0622355734644617
0.0477497347631664
-0.0265374886023579
-0.15512306095099
-0.104591775416956
-0.11385262881387
-0.180300351460152
-0.0342588509555433
-0.123288153227179
0.12872876673144
-0.0564137578106099
-0.167929255128397
-0.136133648911589
-0.194073559913785
-0.0226865174635972
-0.0271066696672337
-0.00617321020048137
-0.00381824480748852
-0.0828235977110749
-0.153760243788898
-0.111924994248205
-0.0449276829572183
-0.0696969714520236
-0.0585566799919923
-0.11491903372002
-0.0995900734529855
0.000163321484411186
-0.101848145022888
-0.0148811334893868
-0.102167139191568
-0.215549508437949
0.0753338500327598
0.0380759387055231
0.0618163401117872
-0.0616671109154974
-0.185549424813579
0.0709438160139759
-0.108549942396741
-0.0715581112336221
0.00583050412039474
-0.112263949129158
0.129738480974368
-0.0140254846497544
0.000499850425522341
-0.116344410703848
-0.0218682980492684
-0.0961045290287619
-0.00554157151729338
0.0713437488076025
-0.0322558262735068
0.197182369856599
-0.233527142900651
0.0730529103392863
0.00882412034426234
0.109481043518868
-0.0278368618308006
0.153647439789803
-0.118794555594275
0.106084536665365
0.0176325226691521
0.0800867397997762
0.062328733293302
-0.0926559048722605
-0.135460751236259
-0.0571625108819118
0.103006878126077
-0.149975482669313
0.127615297830822
0.0515508514228587
0.00887677797790281
0.0580279300874854
0.0585765702991321
0.075468943638757
0.149239602528611
-0.122208235661265
-0.0541193374721902
0.14055825120864
0.0261963017314992
0.0768619091193585
-0.108412764815386
0.0370516399190903
0.177004561238541
0.0624297036560126
-0.124065926611415
0.0280318467974922
0.0979075524105305
0.00123704931709521
0.0496014972848145
0.0845008505134623
0.118911005225448
0.170571654922682
0.133604299257775
0.103416146425915
0.141564727697514
0.127388629905092
-0.0645054901120846
0.242359433475862
0.0476826657850678
0.0416093631113832
0.0836667382586794
0.190699042534044
0.0949790879071484
0.153745791180967
0.180182088557554
0.117894603945078
0.204492993647418
0.0384730716860769
0.175043649946977
0.187539016664671
0.244434114834547
0.141930221416226
0.216430837531576
-0.0337266950562717
0.177933928407892
0.11238148953712
0.107751400688831
0.146802896840506
0.0318274943484316
0.0716057714802797
0.210990775569415
0.182922318731607
0.176787228601266
0.243673393537432
0.236633590339733
0.0488280590209503
0.176205763951054
0.133141302465344
0.0884542233420535
0.155150086897854
0.241155903073077
0.261397996885833
0.124068224821788
0.0192096004753552
0.156826286863044
0.0793362276763209
0.119034428132285
0.0810152972699959
0.152824301758287
0.181306952806102
0.198818613745039
0.29020496117525
0.0857977202863935
0.184285892798034
0.301863315734645
0.31494809770851
0.199914829934831
0.0448811003681939
0.117604843349145
0.454669236845421
0.276082451473416
0.146851503255972
0.0960004437700796
0.194710395078474
0.131823148299467
0.212232151535144
0.283733218120393
0.150309318780342
0.314839487170845
0.237735358315204
0.308128749811675
0.0649812747095726
0.166185496512201
0.110947801938697
0.176004278173274
0.164813338753194
0.0949819337750791
0.37453271039739
0.291943643743444
0.24547862678439
0.335897586910926
0.221631461386483
0.316127081488568
0.326498064246732
0.255525326580588
0.27704844133882
0.209572680355096
0.234358091348628
0.387748992267835
0.223785078240283
0.309524444697109
0.311894756077966
0.111689020976229
0.282609376240212
0.241266509986982
0.312835233963273
0.159869754052495
0.201145431443388
0.107090325275124
0.352520255277008
0.151551437728262
0.335160466191349
0.299853815237528
0.352845143767972
0.268528680454615
0.436770101701971
0.425079291657529
0.32821051671407
0.275932151308345
0.198620366392171
0.315333499766293
0.366159578817419
0.180885938036255
0.234361913256281
0.295695230520092
0.301316640709161
0.332477320613786
0.307015875788312
0.14293405709328
0.391043071178194
0.4413088580226
0.239307791746606
0.406969909614197
0.187235425666846
0.212579980226843
0.202333369473098
0.381174539268473
0.577177892118682
0.259987983173172
0.23987085250946
0.343393921612668
0.410626987578978
0.370067403956736
0.45455079683114
0.376042692226448
0.417172659690198
0.227114744541944
0.258416282871089
0.456688189637666
0.328972646132157
0.259057918027881
0.47386250411985
0.473722104475714
0.342685677583826
0.321022198334917
0.282097009566942
0.284914016911868
0.416599107652721
0.378985658470459
0.351779081277899
0.300809546499369
0.328106984869301
0.279737056126203
0.375739024250245
0.367545056585563
0.26104678724334
0.369332891475775
0.35525104121329
0.223400661052307
0.504268747765515
0.462887619683815
0.456399940169374
0.46259094705913
0.598781671357028
0.372771094501007
0.230630274478271
0.527036299763391
0.446013408767199
0.35473768238544
0.484650608396865
0.385103030125517
0.585262665593451
0.333858463346793
0.399511309251309
0.445302959833463
0.389064012806686
0.392923044964628
0.446550052241324
0.456337269435626
0.401819980112116
0.382048996170506
0.41606696509526
0.66608365546813
0.461448755643121
0.572687538205345
0.489810136734468
0.381304095288481
0.630464692856031
0.602815650538508
0.452992989807507
0.528873502816223
0.360131816441217
0.308122790129297
0.497512663263075
0.480561842365859
0.589760376275412
0.386505439414645
0.385270016773334
0.402488114255157
0.368699135119495
0.363926457641421
0.568965062573566
0.493446559474416
0.551465486323476
0.49695718898928
0.429288134032687
0.504541664573368
0.560810482839406
0.536861445187556
0.653091115798531
0.484766506997737
0.455171449132338
0.634897092802951
0.570968045848835
0.459676767823736
0.504276487633844
0.468634152613024
0.457344861326307
0.427957470121261
0.613374948753782
0.598004659048919
0.639762393099271
0.613513668136499
0.577331974155589
0.547089905472564
0.610298962337913
0.642581051710456
0.574635824939913
0.553941560550049
0.564807111904813
0.509824516055617
0.561918651386993
0.539603681804733
0.537934190609319
0.50939128972506
0.459280157855199
0.615079430835046
0.568604909259415
0.627494196274654
0.560681367173878
0.565750763171289
0.556918841097217
0.579952613261895
0.472611935278551
0.610169431638279
0.523386272786556
0.604948858014452
0.596746824396656
0.509567679703938
0.579746842198121
0.500806690750766
0.528890398290137
0.514771984360131
0.62501162392629
0.635344783639054
0.615246462112292
0.492351685220093
0.48234580964774
0.54878348112515
0.499017890674501
0.765285615695752
0.653455491454493
0.435925862857185
0.505092833299273
0.674777934947051
0.613168418048678
0.43604985059668
0.621091041231967
0.626765447945426
0.567645716636895
0.574696043426655
0.578175961970275
0.745474568617548
0.574123630395954
0.549334090403367
0.635933165425908
0.63946094082774
0.560218094418531
0.585152691608809
0.745284275216431
0.632488427396029
0.55535581035736
0.69768658652968
0.695299606014787
0.70767724452996
0.590338022478144
0.694407073136834
0.691904102704737
0.478415640627218
0.550751227902892
0.517485420429541
0.584622086051981
0.720521946768176
0.577957312644744
0.781849859334634
0.714952208263017
0.664621613734661
0.847793082961582
0.604658990363446
0.800323015933373
0.648708538739938
0.748831833409292
0.659924589897185
0.886948496012869
0.607276466404946
0.494214052491574
0.735587773042823
0.827087790221258
0.627656047537566
0.743128181030694
0.597657682347697
0.548117527553705
0.819496358190808
0.698991948972284
0.60335130472903
0.718146858152905
0.921893034908882
0.651226581544834
0.798559193988125
0.770674913696508
0.769192299315174
0.898999433259105
0.657252416541478
0.797752433798295
0.786095201845386
0.647932927847038
0.65756595320385
0.730042400224211
0.591326418507312
0.62745381399138
0.71457397395271
0.583586846010663
0.68622416508449
0.811312417646452
0.743761361158625
0.93540450020352
0.809357027676459
0.733292822052656
0.678280640654422
0.933593852874864
0.906435122936335
0.678386273323365
0.837476674522638
0.717015499438143
0.773523639538469
0.77822674843805
0.704352974621784
0.746737962811322
0.866503191113
0.664387494882155
0.657766961267163
0.911833614361052
0.831442518935217
0.756918876987067
0.843854293842465
0.785036867711337
0.733183987168295
0.902535143959508
0.841107829760985
0.893809287473055
0.784698333227445
0.686593696011563
0.687792062268794
0.804480158764743
0.840173299371784
0.886626807474593
0.991998301351138
0.897561814935928
0.822860274679211
0.794703930834299
0.868340014298086
0.863659517565765
0.786047090150467
0.690302100962804
0.909569239454638
0.962218588341569
0.996706661472981
0.876377565995424
0.956837567196776
0.876565136475467
1.00294187065892
0.773394490985506
0.97307933219859
0.965702727061068
0.870384463724531
0.83648704128828
0.858008801214035
0.802066978230886
0.836491725924365
1.01872998990662
0.850032205551324
0.925321341799771
0.830154933295013
0.813926446472596
0.992523355389473
0.92174944871301
0.832817843454844
0.952148342358697
1.0114541649802
0.896814176161902
0.976963939162817
0.941569106661652
0.850098828106855
0.877703018636829
0.973245765895539
0.920244912660222
0.837190469418155
0.938750907032066
0.854782611001907
0.863935667048257
0.882105469612507
0.943140934770693
0.803117881045806
0.983287124814449
0.860115103568062
0.836922231998701
1.01213537173034
0.911373604387935
0.881747406466162
1.10073044369858
0.89927999100797
0.999379210015015
0.908496960558891
0.8873184111819
0.858903158450876
1.11670869861288
1.00218009524247
0.729032521152748
1.11404294811864
1.01277131097945
1.00175080475065
0.983641146381075
0.934620636070683
0.916550474752939
0.937131443477548
0.8680252466226
0.868810970227017
0.884364763136187
0.990413798817662
1.01244033273369
0.887279452855283
0.783444418664817
0.917926408340997
0.976124276681808
0.885576207646376
0.98696225493147
0.933973609706006
0.958969602430322
0.952793192042363
0.817107603166856
0.956747862382492
1.01754247193336
1.05669297497343
1.05738601145111
1.02655377148718
0.974698252928379
1.04221515777129
1.11955296168347
0.957307178604787
1.01898459351497
1.16902334326665
