-1.15094671945635
-0.782926313890352
-1.0132441431201
-1.03308686555956
-1.07036705570396
-1.06194993612759
-1.0442821468556
-1.14719711752223
-1.08056233739347
-0.809587298492138
-1.06602177985345
-1.08105516757092
-0.882057993203322
-0.954720432600858
-0.998861881779393
-0.974697841188433
-0.963351861423311
-1.06817060374691
-0.987429128758932
-1.04961137361367
-0.883186753629491
-0.944963930870336
-0.769744308307512
-0.92107392406397
-0.892391297371726
-1.00314190922828
-0.940156212353047
-0.968863097526571
-0.9842452816795
-0.945880034952696
-0.742152751132945
-0.973040444499093
-1.0339835115867
-0.883624024493797
-0.838963456054783
-0.843166285054781
-0.865661475673381
-1.01748657717839
-0.914317255002787
-1.09980726795923
-0.740167672261298
-0.94614877258784
-1.00358182547728
-0.904761106724262
-0.955164333699008
-0.980827522696576
-0.874133369341288
-0.827448901601883
-0.865456832154824
-0.888173134654275
-0.852776502461238
-0.965983356156174
-0.728512431184073
-0.828401612256412
-0.898240709902616
-0.908366698238467
-0.94587829925812
-0.844088582385892
-0.792738485036459
-0.875741964504597
-0.911185364184868
-0.920082797401087
-0.729831983781119
-0.981504986983739
-0.745243320328727
-0.932427757729451
-0.879230706668383
-0.939068574783455
-0.732372799952651
-0.805869727515697
-0.846130679521397
-0.748100178598001
-0.905597585372253
-0.769942438575862
-0.816465859991077
-0.860067468025324
-0.855399552161109
-0.922746054786831
-0.799532214705167
-0.731328572164562
-0.873501737578345
-0.75815142536915
-0.792546502011451
-0.865040473161957
-0.906815217226583
-0.793031592269106
-0.830033463448909
-0.863126974981779
-0.825975672350492
-0.877220072316383
-0.847024659704362
-0.841935417892826
-0.889851414602547
-0.802133804242802
-0.804619366903819
-0.811123798009474
-0.758792597909063
-0.896696673690689
-0.813174250468063
-0.721947282793902
-0.837436522368647
-0.84592416604932
-0.835341691243978
-0.650772758113882
-0.677933440434339
-0.969851104691592
-0.920036090778866
-0.575229475921343
-0.859755154795909
-0.706852311271875
-0.735798519381683
-0.888861276126305
-0.775119860480522
-0.605071946136508
-0.765097734990502
-0.842013664440669
-0.753240161854144
-0.722958113064859
-0.918805029102941
-0.757765311370614
-0.632436142744805
-0.854285179518001
-0.875786265705982
-0.718586012935133
-0.631472336733124
-0.841688354765061
-0.809300694442672
-0.579748733702172
-0.726815038126162
-0.642763638008919
-0.818336834197469
-0.769177286700766
-0.770105305101068
-0.702376959234448
-0.724519892038059
-0.69984471525819
-0.633593858878108
-0.568872863516442
-0.536075894254882
-0.779514840034038
-0.75498414387828
-0.705333841938441
-0.766843277735221
-0.766262788688364
-0.676616061497425
-0.742116652987494
-0.753761237745826
-0.81207368688483
-0.756800185464665
-0.576112240848672
-0.681617755855637
-0.798168134537097
-0.762071825387895
-0.780127235057243
-0.583846820016224
-0.646302288778752
-0.762204701475404
-0.748564711113454
-0.844286918797049
-0.65506563025238
-0.728747349229445
-0.653439461662845
-0.796675556451019
-0.578454407666018
-0.665028212789443
-0.661582585746486
-0.723953327077285
-0.535565363114529
-0.763462981771921
-0.819991146806441
-0.73575381891638
-0.585165277524039
-0.629310314312557
-0.567135913252299
-0.561738686091765
-0.621706225235197
-0.858767622887666
-0.567838280434958
-0.577061748337187
-0.711050070472513
-0.56992732866765
-0.43509547667352
-0.533017531933126
-0.732046491629355
-0.47914655740111
-0.541510978917044
-0.530446037819679
-0.601604299817133
-0.679655074544994
-0.578829954875782
-0.613908050695721
-0.587253491969382
-0.567896083962251
-0.589226621082817
-0.535977983348658
-0.618256746142589
-0.732303921764304
-0.605818145038918
-0.6881628163734
-0.544109576705521
-0.672773260283241
-0.48688570259666
-0.751224604375056
-0.4980902532334
-0.566344728273344
-0.562852089627835
-0.595754565228104
-0.477649166022273
-0.482403528644177
-0.580788286222021
-0.607077997076534
-0.660856392773917
-0.481138306807144
-0.509869151399439
-0.639751076156815
-0.523885335399944
-0.500711178855294
-0.697686843714325
-0.54218589120555
-0.549716661769521
-0.495046576954442
-0.562486783895625
-0.538011475045207
-0.647612709648316
-0.617179223749626
-0.557503633908007
-0.62301320546904
-0.69039341030942
-0.582875107805478
-0.560711539704111
-0.612500565141379
-0.74221344511285
-0.485401218059676
-0.454098228314837
-0.406200307323639
-0.459162312004153
-0.435617750650384
-0.594013315815285
-0.546081522861364
-0.579581218895144
-0.713739952033375
-0.302570716636864
-0.457454907271216
-0.584633800552216
-0.442115129232068
-0.435346229811626
-0.529025393376559
-0.474926447781049
-0.454249645365535
-0.430809762578529
-0.545895027727682
-0.506798604600026
-0.436302665853106
-0.612757121195909
-0.509195497313891
-0.504999491976256
-0.384388535074694
-0.460249362345844
-0.486903094809627
-0.437702263340065
-0.660919275990233
-0.35889798819119
-0.552909768281158
-0.441648282370152
-0.418699259292342
-0.612527578512445
-0.518623230078325
-0.484447499450029
-0.367108294081442
-0.442474085823167
-0.500319053215502
-0.494021180583507
-0.411150638787747
-0.291582648730911
-0.537816358007359
-0.426575051729918
-0.576197880289668
-0.503848007575577
-0.500172779668034
-0.370501514252489
-0.309154922521846
-0.425257948272257
-0.448130675055894
-0.419885928932925
-0.38697096796676
-0.342828136091908
-0.411434926503816
-0.295307023734095
-0.580803055900361
-0.375651562668091
-0.509491773140468
-0.591291833031655
-0.406879142880997
-0.356474682521554
-0.582721094162706
-0.381430191023417
-0.482355282072995
-0.339705515630591
-0.305676049284658
-0.331342398391316
-0.406929887127928
-0.40600121675328
-0.314951455135393
-0.365294071050532
-0.381418962971286
-0.473476456605401
-0.4329633592299
-0.377293654595334
-0.400928229879168
-0.420393298213649
-0.227021624885865
-0.27337678353057
-0.379205254641335
-0.432919800689476
-0.411795821341596
-0.489551007200371
-0.248436994529621
-0.460916497124057
-0.333725009439775
-0.378271520772237
-0.32461393842675
-0.371832224891356
-0.351983679950461
-0.376710077163511
-0.314008542113066
-0.349107084650224
-0.413690130332429
-0.356387159887328
-0.415974551370833
-0.436595939153371
-0.325568808615244
-0.374302466357661
-0.217344705005644
-0.174263561116163
-0.34986217139034
-0.303845567779059
-0.242605336494782
-0.266978537061981
-0.224649277255724
-0.26514455562289
-0.362118146466692
-0.268911335521409
-0.286860189002979
-0.355455066354633
-0.308208394358978
-0.275876437137628
-0.446363641593099
-0.460575950487065
-0.304336296242641
-0.238220966845704
-0.360125379286431
-0.305346268724548
-0.385795405489076
-0.347618695869066
-0.357263353003147
-0.346517945053209
-0.224422555475521
-0.302293028306698
-0.370952638532706
-0.272147024323392
-0.240835051213606
-0.226055926232074
-0.318112686238744
-0.185700347621149
-0.174552199536362
-0.164150841081391
-0.172283736356631
-0.287328419865831
-0.222780790406019
-0.281457016547548
-0.393083588498355
-0.235025587921001
-0.142327003779863
-0.14146102139155
-0.337762833330944
-0.375003269912723
-0.302058097890907
-0.37497031679281
-0.304629426580228
-0.300282148530704
-0.261363090634388
-0.333636275375295
-0.190455507521207
-0.237423512995735
-0.230736908658279
-0.242070703957326
-0.250084310513634
-0.220004556744048
-0.214142579784696
-0.19888963833683
-0.185762624097269
-0.258882155931338
-0.281620636171655
-0.189422433899994
-0.202033804474172
-0.187077924597385
-0.309588396197816
-0.214287907751221
-0.172389543747593
-0.141753124223798
-0.234955814304614
-0.112729018037856
-0.170241980533116
-0.205362470063795
-0.258609605928165
-0.149507537091691
-0.196017072912849
-0.261644207049813
-0.148148981112783
-0.0564941435565383
-0.17328147878502
-0.301751962461424
-0.170669496212642
-0.183269688618637
-0.250000590798945
-0.176664452503771
-0.145589273773112
-0.146575290694012
-0.196289359826331
-0.386971307231422
-0.307779921339869
-0.184295492638732
-0.0485800706588829
0.0248166274360855
-0.0538754341166621
-0.319662689346707
-0.054627459298504
-0.224211987675261
0.00378677419711299
-0.094842697692307
-0.253392005160474
-0.0910830675883843
-0.281403518416754
-0.10688584683283
-0.116422482608958
-0.0534775510986657
-0.302453774173491
-0.0811276432793955
-0.182529330228032
-0.227065841016656
-0.00883524519735987
-0.270146316608135
-0.079699746487107
-0.117364421392096
-0.125220553701187
-0.0569492745488146
-0.20490540000446
-0.20894802050829
-0.080190975373101
-0.292190412312114
-0.124911947573996
0.0724744681474225
0.0200553936321013
-0.118378507059811
-0.0773201421959492
-0.0524865080878261
0.0440915486825637
0.0055731590073483
-0.105063108885156
-0.183076105299284
-0.194009002789212
0.0341772118678883
0.012276626644973
0.143397787018169
-0.0779974084276415
-0.0894250594326777
-0.0805252367342767
-0.189573338158182
-0.17491102515965
-0.201265507504945
-0.0463045543558761
-0.0639854609837292
0.0256842052329768
0.107695073598827
0.110779369139316
0.0994474779876227
-0.0422853387971671
-0.113280040062905
0.141026690127764
0.0471277993631443
-0.148045116939326
-0.100948480311343
0.0165754716658073
0.0649489693708684
0.132311782696483
-0.016241619939955
0.207802003055158
-0.0293621696216259
0.0325552285301668
0.0248498527384996
0.0252164341132294
-0.053111078631038
0.0669832061344535
0.00579523464954631
-0.0665621650427777
-0.128437686886887
0.0849678572364798
-0.0434841929939317
-0.0680269764425867
0.0415268285919617
-0.129232915907247
0.000339094005973832
0.0132078070398779
-0.0927939378859521
-0.0747169978008643
-0.123037085281186
0.0534151923054193
0.0262280150622011
0.0393280405245672
-0.0106287668987839
-0.0472105410127591
0.111857153996788
0.0550427683775237
0.0252979826764665
-0.0929164299550736
-0.044354834219106
0.0554193727928628
-0.152578545139688
0.0254423446165614
-0.0886900149354982
0.0533800494425801
0.112357231435561
0.0354505315352248
0.0277892155001864
0.0131773329921904
-0.0625296938364964
0.0768549464049399
0.0785752041608509
0.0701366410778126
0.200046231050729
0.140622026340372
0.0455299422555712
0.12854407735197
0.255625890903626
0.126021405051959
0.0648422327775722
0.0765692085800683
-0.0777859425621988
0.0763323871150239
0.0990670908122876
0.0980807925297999
0.0923165401220503
-0.034425458616127
0.0807555256485135
0.238907565129863
-0.0457281947416518
0.00618785035096131
0.100908338774697
0.0161253448002907
-0.0411172924828595
0.156904722812076
-0.000958614938990367
0.05794746467249
0.0584808634426386
0.0800017376195052
0.0267566903159578
0.125107844902106
0.192927565462935
0.255329254531158
0.0639218816356887
0.205266704090213
0.0227638246932579
0.160432028780378
0.233129277637927
0.156427361506862
-0.0350526014633835
0.288530421329117
0.113632549937979
0.0516923717406439
0.197198353341896
0.0512200546696618
0.219420367950311
0.157465673442837
0.0718896842202147
0.0703974765421383
0.150069386607281
0.11947036416977
0.189733520236237
0.0719087404568852
0.196547440296273
0.0284875433198273
0.133283352012395
0.0793426255941987
0.150441876735781
0.135807391406286
0.129149717151277
0.154233651667377
0.0461619681097752
0.164443825724668
0.099663025865269
0.176403067103813
0.1079693217004
0.15952452087808
0.20947573802382
0.236141257015656
0.242705677678185
0.254138482957809
0.213679539382203
0.135900383617059
0.354911815193095
0.089574376525264
0.0506166337764003
0.198215680622241
0.201347417727232
0.192315059434578
0.163905162666354
0.257753897553709
0.146020694260248
0.214904975277723
0.195580934711173
0.0839556698744015
0.354700094104011
0.257756427563339
0.239751116120547
0.122401651628121
0.157072204218991
0.229336023523785
0.349471222989805
0.339394236127442
0.336367037170425
0.183240031323417
0.25762980807327
0.284551872340093
0.160548422104155
0.208651439142187
0.269032151056452
0.321859106618016
0.276107497262313
0.276558244756694
0.234005758797993
0.184750249929787
0.226840601479196
0.323785905503959
0.169740029534559
0.166098478938559
0.177344373966557
0.0910826266748172
0.212711916714394
0.217663091381023
0.260054687339434
0.284042951345579
0.369043687572022
0.249226011292799
0.374031816913604
0.280530647876582
0.296589692557362
0.337225671026957
0.0767084940191759
0.217004282976648
0.21014709677516
0.123177620528781
0.36048381453166
0.301494910086011
0.362358681659395
0.320426281280857
0.313966154716683
0.271309634670802
0.337377408708131
0.392624426272806
0.340542634712221
0.267355741911228
0.294076594609118
0.329265941736124
0.343522300687835
0.294131630158977
0.321133686549617
0.294005312337908
0.321454611066678
0.284860746201793
0.329099357556931
0.124676002577142
0.300344038052822
0.417270789979311
0.299688654346797
0.409633307909303
0.302188577514919
0.268439311705308
0.325897173294751
0.305684464778576
0.262178328938595
0.411905023159096
0.238921931242557
0.166018125605477
0.297035303005552
0.37018312340239
0.340653988312149
0.229607113424141
0.373718289351371
0.474202135548996
0.367422979314098
0.185647941419036
0.377897127954279
0.300331842284326
0.491205427848615
0.35478478227392
0.354792422356673
0.32994965074632
0.529188310688405
0.317600570813214
0.394113020740035
0.424396679422468
0.412876091302554
0.389393295302115
0.458429724525384
0.500518442279631
0.408132367755386
0.335966265691328
0.318084423131357
0.463164676398516
0.404114418449846
0.463037916068077
0.466262526622653
0.363104734655377
0.514204285963741
0.415465246015154
0.335704560280684
0.417327785611118
0.367350462489798
0.474903818526919
0.414267252346714
0.339850124972987
0.541558739544019
0.495245356742295
0.381158107113812
0.465309133114803
0.272374549400528
0.53593686383508
0.331446608328894
0.528487613040326
0.420896476063421
0.315967739468396
0.458228094093879
0.522268261014484
0.49374770405005
0.351668336418916
0.486487840273258
0.2782293679147
0.338977545406306
0.488772744375391
0.696536853163677
0.311533321313622
0.505297499497719
0.513143354329893
0.487465611326242
0.703208549157106
0.433897442826934
0.559719690366237
0.583945080185556
0.493220824933262
0.489867968254261
0.474845490639729
0.627516498043761
0.581834030448012
0.522757455707685
0.600578348870878
0.412896133874746
0.591954240347547
0.502066177039606
0.595654202986063
0.513873334904846
0.447120823037068
0.530013437100086
0.452433551014341
0.448749372698188
0.660177767804228
0.466595976483205
0.524604549075683
0.58541164889296
0.558304636086975
0.525776553816824
0.484248343068961
0.686523578503323
0.554669668846864
0.462184728783058
0.692598204010163
0.512148812855346
0.539010149617634
0.611299070718814
0.625749218360542
0.465213276277313
0.572150169161537
0.568367226539781
0.563231723046623
0.550176265518343
0.398893137225143
0.616063268391974
0.600301752920112
0.587254457533784
0.495209919392697
0.69869419351488
0.578288734092966
0.572979344244072
0.6278007758523
0.678978378826281
0.563833108864338
0.503782778479797
0.623929448433736
0.604869849215498
0.65175477400116
0.517729931679265
0.524387821917809
0.777894560875073
0.665762845648917
0.568549163451946
0.673231333859305
0.532284209667748
0.562519290821132
0.561378592620865
0.695197602374494
0.642769484057235
0.507503624485903
0.617798780172559
0.473159517114604
0.419214643762006
0.63558630898466
0.752589984884564
0.644220853029421
0.649316190887612
0.603987029137027
0.77853212243571
0.493817911942458
0.770482083519096
0.587318910662819
0.761648337520631
0.514941920627089
0.535048083749935
0.495911221714205
0.547181013045437
0.733529379607086
0.701542043912071
0.703601016163932
0.487788934360846
0.690053788823168
0.745908342670668
0.628253314520459
0.55357157368418
0.678714918020618
0.778393932120355
0.558604456100705
0.613242353550842
0.666658102942451
0.601052098539205
0.687014077335008
0.751194430265378
0.537862043253292
0.686896075998195
0.687029016661737
0.630467446639354
0.746658848573099
0.787810792825264
0.639137824003622
0.724244182065204
0.646324704898738
0.571067230663516
0.689776446440668
0.846247745663521
0.659711435616404
0.804510344285029
0.742156523457479
0.82682837186696
0.669650580425398
0.648017133372554
0.632346248052394
0.763469509407362
0.630572325053221
0.835201877698731
0.714826558733098
0.697538128184581
0.796401277678212
0.807208297937603
0.879392225952314
0.874377747216925
0.787101917258084
0.728250579113148
0.730404126312719
0.864817972513847
0.879843251124485
0.737237563658692
0.79748454052095
0.771555117602386
0.841998685168013
0.810096119208006
0.813639300028208
0.660913903070696
0.832699642500769
0.866476361400397
0.616076421053189
0.594751666496728
0.826063167910603
0.75409329569369
0.815950789736788
0.756314573257001
0.748800993046664
0.937575875656561
0.709418349564398
0.822214212546514
0.736084823609594
0.853045827252154
0.764435757639394
0.871962911706644
0.964340296432908
0.698937591850431
0.836755543179313
0.780758381159593
0.922897887053341
0.734991755447057
0.838158501094575
0.953855737092117
0.767984196104062
0.948823140936409
0.815060182398484
0.813986202322067
0.853996360184633
0.904024597436908
0.752494234532878
0.724398873596062
0.83012740105702
0.854545832876956
0.89766747179584
0.624312637394449
0.727960702582773
0.80713236848585
0.845543535299115
0.835246136016322
0.925892499421602
0.8298420274499
0.735725002622253
0.75250493984504
0.985574742107316
0.887278286701177
0.795855117036846
0.91391121130925
0.796447095114491
0.926619482520838
0.808396123711204
0.921715536577936
0.914398218782135
0.938824694862184
0.813837386014175
0.880640881567343
0.904975579803366
0.853959076360733
0.889340955273806
0.920105303041701
0.904423370040357
0.669425960256146
0.863267326677722
0.802925508912653
0.947563063332869
0.843371022314822
0.806575580761659
0.893804264698022
0.804629841254158
0.923614202526291
0.868462234868827
0.896492627245107
0.906987600438042
0.870262741071842
1.01738619457902
0.833193054546933
1.0463334441018
0.929579583121275
0.850894277094947
0.822813456206223
0.910250770416155
0.9983713330256
1.0313798269193
0.912930332821081
0.755930086568015
0.879153825630629
0.919433883640902
1.04207882344491
0.829041999465165
0.887008143426605
0.96369916819187
0.871251528362147
0.912519229044939
0.987602484752139
1.01986759251004
0.987998329093652
0.859882503532755
1.00949625566964
1.06656932685704
0.897162369230395
0.957546201567423
0.972429759116478
1.01378525842887
0.943302856594809
0.977316277216759
1.07642391739398
1.04983859550562
0.905946214833078
0.990658378965394
0.97262244759729
1.00748421641203
0.819962873403293
1.04597230235003
1.06579400440481
0.995485473593178
1.08851096640411
