-0.970243126341132
-0.976673237124358
-0.929527540617782
-1.21047294461113
-1.07850135944364
-0.920732254806791
-0.748509286165933
-0.881400110953199
-0.994279658909424
-1.0294399389731
-0.90953986457212
-1.06417457588617
-1.02818248345825
-0.989095468446698
-0.857317322244141
-1.18652209133137
-0.958558069863078
-0.961836461882631
-0.996660707443019
-0.850038887692136
-0.894392369450014
-0.867116277308522
-1.09833022828088
-0.883349067056967
-0.982129294600003
-0.951525199097375
-0.894409188321528
-0.934565250655408
-0.966541386753326
-0.904094490030064
-0.922252422024562
-0.930004881709099
-1.08303830075332
-0.770047754005217
-0.952845988974558
-1.0702975502007
-0.916167581098747
-1.04052111928178
-0.892360818248729
-0.992007394932105
-0.816391607093946
-0.970496946750765
-0.911667202300919
-0.893528011473808
-0.746492956027212
-0.858684454175661
-0.998859580993819
-0.923424424537388
-0.71118938052439
-0.947200740695017
-0.858935193591653
-0.898890087933067
-0.784993562725602
-0.976077386147766
-0.781921381494223
-0.930476380820933
-0.993911191209293
-0.923029552872741
-0.823850012584266
-0.984426989682902
-0.901602833495865
-0.944072384112754
-0.973435507606194
-0.932490168505961
-0.895394584176035
-0.660107051514073
-0.831662005596753
-0.902426711443132
-0.923874860055292
-0.880842097648283
-0.935498796485074
-0.813447246407376
-0.990562064575028
-0.868652774308754
-0.888039562419766
-0.877160071498148
-0.792422000409207
-0.856499667515659
-0.865157909019432
-0.806641903475956
-0.821112554429991
-0.751263413667549
-1.03928575115421
-0.788840058904707
-0.734707648745054
-0.894159403468872
-0.788874596060755
-0.753337788828293
-0.832049806030516
-0.908066149003623
-0.849670661542961
-0.714555095060695
-0.915216620282185
-0.732583203632763
-0.798606376723655
-0.752418159554613
-0.790216922250283
-0.785668121806028
-0.788897120163899
-0.762991563777401
-0.794550834430782
-0.736742445769745
-0.95430082402671
-0.857817365497443
-0.723640982130075
-0.820691201335155
-0.826785530108738
-0.790071852047641
-0.838237612611046
-0.657200195528532
-0.784076326611667
-0.687963694494174
-0.7122692960664
-0.705388629822828
-0.908230118910531
-0.767666169215342
-0.886171563918303
-0.674454923503518
-0.716890274445482
-0.612279757272181
-0.772919955237982
-0.771716589235599
-0.675114712135259
-0.707811088256112
-0.620156151770577
-0.621560393776829
-0.810557508086752
-0.711132110527543
-0.827963219465365
-0.708697525471199
-0.691989089503904
-0.828208354254973
-0.685645050352493
-0.648599388705667
-0.532649355951886
-0.667877894192039
-0.63693480981619
-0.636393812127513
-0.670109616093627
-0.639382608075358
-0.683154438428829
-0.746159841715387
-0.826537390670653
-0.707624489495329
-0.797830040371016
-0.719627066453265
-0.636041660504097
-0.765713652267056
-0.525170775241269
-0.758759017630692
-0.684697710838053
-0.869974477731899
-0.703116817011832
-0.640404222300541
-0.796686931010582
-0.680452278792837
-0.7142925319676
-0.796770084907965
-0.611009015915996
-0.720482591264908
-0.684979849380589
-0.735861093679197
-0.715704539339823
-0.588771838677816
-0.558491653385921
-0.750626296208403
-0.485131684462632
-0.861560577980609
-0.738983709954634
-0.619748079977113
-0.702523066766942
-0.756974874117214
-0.669860644929765
-0.856418219832391
-0.659044680310323
-0.520547979605743
-0.73377880095394
-0.701442294060772
-0.722557561785424
-0.640056342949436
-0.530909274729059
-0.548211487390716
-0.681805485539592
-0.655605903367214
-0.620897280039202
-0.67054536553382
-0.557724009560418
-0.761418563797231
-0.601137722214062
-0.72001204525972
-0.605154897072453
-0.67872234066906
-0.635025254554158
-0.613477921951289
-0.615523405318435
-0.643584121868987
-0.615900334589049
-0.703910311323284
-0.778416142738448
-0.706777525695303
-0.598392344583787
-0.683634669645329
-0.582134592008086
-0.470038391390419
-0.497205925427119
-0.574849458430094
-0.660293863896856
-0.745059812433427
-0.569968898225873
-0.639613098373886
-0.555458240093063
-0.508643874321308
-0.439279070397257
-0.776092581119958
-0.667639414118992
-0.602328444781701
-0.365980034161716
-0.551711160007983
-0.544485423078786
-0.637228908203148
-0.617518334535894
-0.526274700507167
-0.526275476996775
-0.501753969252091
-0.554553734809018
-0.392777658011402
-0.663579475014463
-0.595422052669074
-0.566563535199462
-0.588699450806932
-0.611058301724092
-0.622324792414734
-0.429327974131971
-0.589792597059379
-0.540152107041376
-0.56716567621887
-0.454794589810431
-0.755522843511158
-0.483455201506683
-0.584355027809692
-0.540989599605995
-0.540807357029025
-0.426636074264108
-0.382134511886066
-0.587729447603069
-0.368365739283973
-0.582486420138844
-0.463722980294848
-0.587031220873444
-0.459239499367468
-0.414235913521943
-0.45324190586612
-0.441768843166258
-0.355986134355012
-0.579236507460328
-0.631724668187487
-0.417228509642658
-0.344528584472217
-0.504529470177251
-0.544188356472506
-0.488744036911755
-0.397413602532657
-0.60651648035308
-0.490100411302506
-0.524909647593168
-0.509402255959483
-0.224761524606377
-0.566757248278256
-0.395836882759191
-0.517007484653164
-0.396873159296492
-0.377569570678524
-0.306193588617362
-0.307878426220521
-0.639259461167988
-0.323281033461034
-0.462912701363983
-0.507016680036155
-0.333496949660985
-0.452299412652381
-0.518961542986148
-0.425022150508887
-0.525686638701494
-0.384096238467951
-0.468586411404119
-0.438277507101561
-0.153291422413048
-0.535583131093371
-0.409387274196518
-0.342666814422559
-0.431700920966108
-0.430236444268011
-0.500025403324259
-0.276757727237183
-0.378531311821181
-0.334095073804907
-0.472036610495965
-0.315474323127311
-0.304226498305377
-0.335383470452109
-0.440894394979471
-0.422500059610644
-0.323838386738651
-0.369289137645133
-0.335088441830247
-0.267733740986952
-0.47107841430867
-0.406964272794253
-0.377730378965121
-0.357576644001863
-0.41492749339737
-0.479392890035589
-0.42054250426933
-0.400604456268922
-0.406287724934389
-0.596948433777862
-0.453073859493735
-0.335318501971785
-0.342983609482542
-0.377148431233508
-0.337272287347547
-0.346080834649603
-0.468517303662161
-0.322601366875309
-0.194108973694134
-0.428953853249307
-0.387373056698763
-0.25150876760636
-0.236009868672065
-0.343266423610438
-0.48497297745486
-0.40088713164761
-0.210692485540493
-0.373193364092569
-0.363935671542874
-0.27992505796955
-0.342541325231828
-0.331206867918178
-0.403472479424962
-0.331534545438872
-0.263221385914258
-0.51427238334139
-0.154979752468808
-0.289333304761906
-0.123353764891733
-0.29865478197405
-0.261281686349964
-0.284576712932919
-0.279625883173592
-0.245966851214342
-0.337431793991461
-0.275959768979351
-0.278766396413067
-0.276259476318533
-0.437914960773791
-0.285355093369144
-0.352476004679024
-0.269618752688604
-0.432379068891265
-0.383385650141498
-0.285038815889017
-0.349275527739603
-0.339408304458276
-0.124245997118157
-0.333309943599517
-0.25295144619796
-0.193986834160868
-0.33942534221475
-0.414686216974056
-0.294206869010244
-0.125158240395791
-0.349531545466438
-0.212600355306895
-0.276196256418952
-0.275650844577637
-0.274771928732543
-0.122630780820222
-0.352237906291613
-0.286390823781183
-0.223549437645719
-0.215198312446356
-0.154208418029322
-0.338732118909386
-0.289630912522023
-0.248322532019832
-0.235513928023336
-0.333550268592392
-0.190297841577092
-0.276010362993623
-0.283283420062778
-0.382638704048291
-0.292871300178373
-0.208048760976508
-0.172380664407909
-0.237916364341339
-0.209445328904958
-0.311026465121078
-0.208665635337289
-0.0552865578760018
-0.110515709749255
-0.241624572615363
-0.246800274573562
-0.183396399646248
-0.255761208386247
-0.325376496419274
-0.152844640230632
-0.23587001876839
-0.165208271724391
-0.183111423529146
-0.192686708997591
-0.207501288302059
-0.177505583385726
-0.254568765491745
-0.232314480178335
0.0188898694377748
-0.238372492259301
-0.24038050694071
0.0083317797917997
-0.279679769115349
-0.171262399162874
-0.11130541012836
-0.183098978387476
-0.181854911132139
-0.0488349362783957
0.0856840418962539
-0.0691006262590788
-0.101534693783816
-0.0596794442106689
-0.274492611108474
-0.0835597482549235
-0.287258000317337
-0.131245654586765
-0.174562760194949
-0.0330397039460358
-0.103059679730436
-0.153878030825033
-0.197983060757327
-0.0794813655021875
-0.0950398661769121
-0.0864987830707325
-0.230057608191958
-0.0695171965410792
-0.0540912811916421
-0.202227757512665
-0.315620048415791
0.0162770779387159
-0.1709580914929
0.00697732901951541
-0.111831953301991
-0.0911598693331218
-0.126357626698422
-0.080662080050557
-0.135781071414625
-0.154224247637809
-0.0777981521732925
-0.0890241433365502
-0.0266403461832039
-0.0264843947378541
-0.0658364383064849
-0.102017846877267
0.00631821710380889
0.0418198730616524
-0.106684462438033
-0.0466442595244594
-0.03453904021901
-0.103752693086197
-0.0069989133538549
-0.0432212581291376
-0.0211181866538557
-0.0220860566477977
0.0345645175467831
-0.0859526044761872
-0.114017890355006
0.0575022591607997
-0.06620439230448
-0.154618589948132
-0.043831985069387
-0.151623514980893
-0.0342964005684735
0.131746689781955
-0.0469781123679903
-0.0702344269826927
-0.00685655098072872
-0.0193183099713626
-0.0961474858872069
-0.083688684611007
0.233119438882893
0.156451167664604
-0.0183623958333312
-0.136284941639445
0.0419177177325969
0.0330787007676989
-0.0624731176392607
0.150065232498834
-0.0450527238979696
-0.0453090029837559
-0.0387406465227952
-0.0226311920483245
-0.167612303882091
-0.0167176925287602
-0.075042127236971
-0.0773189954896715
0.0617565985599774
0.0663220283339478
0.138142998820052
0.0783698024068149
-0.0586417038276391
-0.0671733581069367
-0.019062644097085
0.0522897290175858
0.0124983672739253
0.109669222188312
0.0481964621433895
-0.0359329212142159
0.0171964576308531
0.0537378295565436
0.0555020049084969
-0.00650661879991739
-0.0625456122952487
-0.0696980830842226
0.018010234515595
0.0430948658850242
0.025354864803923
0.0699582409068549
0.0650350165919987
-0.0854540661616096
0.263965534030529
-0.111146837944043
-0.0497592945248676
-0.000441320395000209
0.110242307744482
0.0791417751065426
-0.070461311633657
0.0625271303209395
0.138933204352138
0.0955186638961204
0.095045726315318
0.035522311747612
0.0474799684584751
0.162976612342816
-0.0128907421182076
0.182407137256433
0.264230664450205
0.0483036603161841
0.063965103863916
0.0271890304298445
0.122195687096256
0.00609497515789089
0.086748590400136
0.0804277594461969
0.00583809582430605
0.070362942996072
-0.00613235714959206
0.0814537847329255
0.0818156453714023
0.150229417128198
0.137659637934986
0.16729643680387
0.140889173305568
0.141363807802631
0.178988432833477
-0.00332925231250902
0.07814121154537
0.101691526718578
0.174157111379349
0.215539148948076
0.221467098280487
0.181760428227389
0.0735671942898536
0.135211836080317
0.133896787416375
0.0539040439114718
0.130524092406932
0.168008235146326
0.167112926293273
-0.0217477329561277
0.233982079245618
0.131972796509896
0.144743366465776
0.216910154466893
0.322900153549533
0.130412978655769
0.148483492937063
0.0920990355744387
0.139449283017115
-0.0224159108500377
0.300001557628096
0.395306790065454
0.104603372401646
0.224795120256069
0.070125906334878
0.0879035269104197
0.143476014661216
0.29871863260279
0.290213883850978
0.40469203780128
0.0717576173631801
0.231743311224254
0.250062052515422
0.116868091582464
0.141593306712843
0.243311084909356
0.21902137331766
0.174139741570355
0.113811677342137
0.233388680779684
0.331363858810427
0.289186979774648
0.237760203292089
0.239360947000101
0.213629566508592
0.20346878841302
0.127486658131966
0.338163701331067
0.289930153005562
0.277225498807937
0.401273941086129
0.28561339437003
0.128996873462899
0.244603983197925
0.235179048963749
0.267002258364107
0.301803138592583
0.429304214141529
0.160945107310399
0.294714690858398
0.178977976376293
0.150668023074085
0.214972209000476
0.202020568848873
0.299245466103244
0.257222170016911
0.301407823392966
0.460562743807792
0.347246072198604
0.337749936682902
0.218357591435432
0.375426552202573
0.292009703212635
0.288261109999214
0.192195089234485
0.352787307986041
0.306878518710518
0.319662202122632
0.306936911534061
0.138559565587037
0.264828807516099
0.362253812404859
0.485734328089604
0.307776329306572
0.357693132272709
0.218665590674384
0.321863405555523
0.220436672035971
0.28660752647659
0.324212776867148
0.310180713434244
0.268570789680966
0.380053854513158
0.447562479253021
0.334829145409752
0.330133343433946
0.450533180625343
0.371277390563439
0.360884034797381
0.403437889341142
0.340280910322347
0.279443367113952
0.186191142217689
0.406299111844244
0.469473269644621
0.331088749950231
0.405783548556732
0.481898308688602
0.36775251910685
0.342060911071239
0.351585932096919
0.296158005648677
0.270588305216551
0.508606845916139
0.36976080201598
0.563034717578457
0.429849776885193
0.302789483568659
0.231818219934065
0.336614976297035
0.468816304501551
0.329947970369181
0.41878111232915
0.334804009712398
0.313945411461247
0.528602133125515
0.469425616333789
0.470549034011432
0.339226156005714
0.411352231515072
0.383975127960427
0.585863704988983
0.375831698098831
0.416320177811707
0.397431744268437
0.451647463674395
0.514693526310839
0.417527251288612
0.350564101084559
0.457585344632281
0.290906777698861
0.364221463020887
0.461831301603659
0.44273267431774
0.401162806948376
0.486688605083011
0.425191207306527
0.419794109758723
0.256051601750483
0.361120184003708
0.352302108236829
0.362457128370559
0.445259843247117
0.459087327593184
0.468139338765174
0.32421198019372
0.318492147041617
0.376106291465316
0.48786920654039
0.577733126781415
0.464508964580466
0.543425164171377
0.481214585042242
0.506417741787012
0.455141875354907
0.383004194829173
0.5422841784464
0.431805830677458
0.538787449530903
0.490239938939452
0.512551750899994
0.595810207519658
0.577635052773981
0.48970901570799
0.488069660794959
0.406603655557759
0.394629592721385
0.532229121380348
0.535610316332185
0.545286598039415
0.504043273018143
0.561489049688026
0.52853270240612
0.456895564147759
0.572670764700464
0.463164878265443
0.399456026049518
0.422205287959663
0.527950859171804
0.658851828393509
0.530884110431843
0.462116908288652
0.552241594830625
0.627689296678189
0.501258385953415
0.414476473367126
0.405357225462114
0.518757166540781
0.598051673421768
0.55905634910912
0.492765771839464
0.477775170470998
0.429431206898057
0.423210295640277
0.361649162825667
0.549765571918773
0.463732285445002
0.717489951136378
0.626390484028931
0.603931207057893
0.650749580033713
0.554794913794448
0.574331164391571
0.480853512879408
0.516160060802284
0.531664691159578
0.407175262864594
0.784605780626199
0.63209524130417
0.587150126720598
0.617912166569812
0.806732676747762
0.587482755542141
0.629088220216762
0.742600259099661
0.742042225007028
0.702629452985193
0.500936850436674
0.609804644030337
0.593041798582351
0.533405681839154
0.682552255532672
0.643974468987142
0.55377340651449
0.728682954615043
0.574025809127665
0.784481547739622
0.601817946599758
0.582501765444106
0.702266256627343
0.63371095280189
0.708983655232761
0.43898972081905
0.656848748545571
0.60743427057917
0.763275627157452
0.60350256215805
0.55785602951046
0.578661134014825
0.633612805326696
0.73325340713222
0.656794476986084
0.607868122660693
0.7605003533568
0.704857381510931
0.455977499238704
0.61654171995271
0.696462204818496
0.713040031001796
0.538708627136328
0.586283448033786
0.596403214913828
0.559147434995906
0.639091953093376
0.746166910095789
0.674012814038171
0.576455096600517
0.541425454351862
0.602994331643416
0.748625207179815
0.706750959148103
0.70934234819268
0.649051832070404
0.693065096245756
0.585976534171737
0.648036606806339
0.758532805772898
0.817121212513102
0.554829241260121
0.729678507561586
0.695047122996853
0.728518065932544
0.680383883331037
0.647261837444104
0.701542029487675
0.67476812537125
0.779444192300586
0.575308381362415
0.767078147395493
0.614585074634795
0.716383824878069
0.610426433108078
0.704794619328052
0.681184487198835
0.548015808722553
0.521648747031996
0.802991927766595
0.609079230724379
0.686040193465966
0.885428788419632
0.799933671915458
0.821582527744316
0.69852780998984
0.747779780841899
0.72366403725137
0.709082311806406
0.730380205519546
0.811484922686849
0.737496404855312
0.768799275940062
0.795762557087369
0.749930435536223
0.759735107461185
0.764437962781471
0.869300611326979
0.912243852210408
0.873187285798811
0.77784052309456
0.832815339544608
0.785783936372812
0.65018784308278
0.730075772956987
0.898798024964772
0.978944650810805
0.593230806493721
0.71255469771238
0.76687973990442
0.79615972861399
0.740877917804314
0.829876969359285
0.903366337381234
0.588955552556948
0.829940336317706
0.874523251085623
0.803946809230092
0.74450788083178
0.844081921726698
0.6755482397307
0.727965652010224
0.822922873937603
0.796304696486207
0.942758762194237
0.951169276484103
0.822427310071056
0.753377746105177
0.912776770523673
0.772485635107302
0.732180640236919
0.990992882900664
0.691199182675877
0.758470520709354
0.791030222020133
0.6502595534315
0.819136415618462
0.847545675963178
0.953624987091378
0.799727593500042
0.775236986635541
0.870914891054088
0.949418266945123
0.89949404925618
0.682710373173164
0.939901237292754
0.846338952742623
0.786148104099172
0.831958395888106
0.750822318102544
0.736984449119975
0.85414960495529
0.973296369596446
0.673028847278393
0.758197277529937
0.912776877685501
0.836239611327169
0.920169533609318
0.966338268453478
0.751748793676884
1.00250788073024
0.890469320496493
0.915284099821588
0.984928641144871
0.863433343919051
0.792812876429225
0.976741061249457
0.855493236622272
1.09785982124772
0.768841450574088
0.995398273943534
0.689601270948488
0.866775240457178
1.01250512587196
0.87736357827904
0.843012412720348
0.858843418322766
0.818121478295025
0.937698293621669
0.767803134579128
1.00479756656996
0.994082886893978
0.953462047528789
0.913521225701306
0.904135820853899
1.05113164500695
1.05598373376328
1.06950851839508
0.82604392985329
1.05458744287365
0.856748510863533
0.974300495253914
0.750903898277611
1.13526585404557
0.988687786751577
1.01755616497666
0.996085497716466
0.997794653717099
0.929621292763651
0.905247794475064
0.968147042068724
0.970715286756555
0.906236908505484
1.02052842992335
0.9800312681654
1.17478575016214
0.870301526430047
1.00725890035847
0.938913065782843
0.957663452368517
0.896144539564822
1.10077072724374
0.897748409247117
1.09904286755985
1.15255778493897
0.903684224935221
0.99885982862561
