-1.09355630196015
-0.935305748340008
-0.894290608991931
-0.978260172020734
-0.931085344972635
-1.08012360134434
-0.984596442407938
-0.993865099745032
-1.13980052001075
-0.883843740405675
-0.921284303523634
-1.04821158736674
-1.0723644767083
-0.97068923048489
-0.984128727345416
-1.04530931150689
-1.01478875549798
-0.936037274716104
-0.878000354608967
-0.989364261156975
-0.831119777843723
-0.90639868731539
-0.890831874065588
-0.896047770189178
-0.892203052951879
-0.992116387446827
-0.901235662184251
-1.02455309684112
-0.958012697123723
-0.937206245102386
-0.828271550415875
-0.856862555044801
-1.20670641106591
-0.879210064399702
-1.02842978273184
-0.935286184053787
-0.989517082495147
-0.903745191721591
-1.10875019056469
-0.924437644014553
-0.783557456072063
-0.967379180236995
-0.944135768733421
-1.02002095628435
-0.899381224940391
-0.904794042557947
-0.866166690036245
-0.941700283390412
-0.884268546830978
-0.918596676922151
-0.964852268511407
-0.862592466609447
-0.86065643969536
-0.816626888835186
-0.777581306454267
-0.799437517594565
-1.0211387238808
-0.753633794644272
-0.765821217436764
-0.749628252387081
-0.990002674658875
-0.821336840345447
-0.903262739757495
-0.776814211762939
-0.882288144567559
-1.04598089902411
-0.786456758763932
-0.828113636686438
-0.786130305338162
-0.693520323379852
-0.711051877487433
-0.742487289902364
-0.849853524582932
-0.983329200514806
-0.777050324807518
-0.926816964971017
-0.827022087844793
-0.954810886563605
-0.793661224503623
-0.868045610871643
-0.791184452134541
-0.831587013949046
-0.934119543072368
-0.801481972564934
-0.787492809051712
-0.782210210742468
-1.056184085248
-0.889575088212682
-0.876563921184717
-0.751040423853631
-0.64070877559122
-0.658458895774189
-0.776200041459089
-0.920686101001649
-0.765592587710088
-0.756706132517592
-0.888526518318137
-0.891301989351182
-0.803921308721355
-0.77627565285444
-0.82760470261606
-0.812718288392937
-0.827046591541931
-0.845865753682879
-0.776584589666481
-0.714762667641527
-0.914311912968584
-0.705486949802598
-0.747019870381052
-0.814285392542361
-0.621356900414712
-0.9702290224772
-0.689035332858597
-0.815499615401111
-0.769376694565779
-0.798201719915123
-0.870190541181686
-0.690443273580138
-0.747494756111367
-0.718683051615307
-0.787050781819095
-0.765297493741185
-0.777750331992743
-0.632330543648122
-0.705765054513957
-0.798481057264235
-0.559188246944715
-0.689639152779649
-0.778708862946728
-0.722083535726377
-0.543097357603636
-0.672859845822978
-0.780726079137381
-0.789927378615524
-0.634893682225635
-0.707119070259562
-0.68208807863939
-0.606309385128486
-0.708969191401729
-0.851892524679355
-0.712773339315255
-0.700752654642936
-0.59614664107327
-0.675434301382394
-0.682981645468295
-0.643864432971331
-0.617241844547876
-0.677963353415877
-0.813433226087652
-0.69858847582048
-0.761803058469578
-0.742286336530253
-0.657226891050894
-0.779628342215166
-0.520497502829758
-0.628980884831437
-0.768752716409771
-0.736603776237442
-0.626878470957837
-0.738714273512681
-0.761377472787227
-0.542063956263966
-0.679446090544886
-0.591224174238564
-0.832517153598574
-0.680811211105307
-0.681394535513038
-0.599833702818186
-0.62030599555535
-0.74481988317205
-0.744420504832891
-0.544173709338405
-0.676704961482599
-0.641715297357863
-0.457119329423092
-0.753453029221737
-0.576375159133125
-0.725176828503726
-0.536659245423538
-0.503250042330098
-0.601629508550957
-0.749100797857934
-0.522638139018549
-0.574544115698131
-0.579157430110455
-0.517540528219249
-0.71268500506237
-0.697635868988734
-0.678051610518342
-0.742555838180736
-0.654446056173663
-0.74218038659843
-0.574900831954839
-0.607878795927161
-0.419305850755281
-0.568470933829485
-0.609137959958955
-0.598882079426399
-0.572953141356459
-0.617432473384193
-0.59828659061301
-0.615727909900932
-0.629472828246899
-0.492657300442327
-0.409949704066727
-0.540828212916898
-0.711991757456871
-0.463101503096705
-0.561797154306936
-0.512944501503355
-0.5615211942
-0.683301061716902
-0.577209862541799
-0.548322807501268
-0.594967396704602
-0.411702845850209
-0.467392731808593
-0.54399411240365
-0.655061109863884
-0.655829276251416
-0.623588082191596
-0.595101915956619
-0.617293535345018
-0.637037202449379
-0.570481604832122
-0.536004555797038
-0.660773773968548
-0.617384087677688
-0.569208568906757
-0.597297853897189
-0.665543187309813
-0.557395585985799
-0.519613618537472
-0.37240750305777
-0.595375627357771
-0.566621646746178
-0.264498505658529
-0.547974425769007
-0.473122326797745
-0.597767335205149
-0.609269359515157
-0.820711451578117
-0.526276433723921
-0.508887826083707
-0.53535582045895
-0.558587267468282
-0.507275469723373
-0.498439961836296
-0.506686478181653
-0.498115484540005
-0.428089706984463
-0.356558983415149
-0.571695308139766
-0.501881316788496
-0.39860103423227
-0.425885433265196
-0.47051532574265
-0.379625269500708
-0.454486369042064
-0.569743628046164
-0.467787113529594
-0.603607401090404
-0.493780723547564
-0.438033015254059
-0.463706159466995
-0.406098053843617
-0.555658726159804
-0.580765918549087
-0.329281524498209
-0.413803173094058
-0.409694385900654
-0.356043001554161
-0.422575916437214
-0.431789580125389
-0.368832335847929
-0.495117821812083
-0.413006389382086
-0.658553396259743
-0.515820248077897
-0.525560350977472
-0.480393423209517
-0.46601487073569
-0.41757687578929
-0.437305529256247
-0.468129217569648
-0.25581132975167
-0.357911675496535
-0.443831494756061
-0.424319705936321
-0.30953161924421
-0.414567881701142
-0.45945754895477
-0.285720549091884
-0.475409894224978
-0.402885327738245
-0.322298158843983
-0.430407102471712
-0.320892672600536
-0.412258741886601
-0.329130514959765
-0.369666415748084
-0.454290247076428
-0.372950552358504
-0.228571519276958
-0.191847089315555
-0.423525319988177
-0.378120839381435
-0.40026075796159
-0.427243450215678
-0.44123561590185
-0.298942116604143
-0.40022754999635
-0.166841515992388
-0.348964335172037
-0.280786998713684
-0.539328205635326
-0.357816882042458
-0.354343747781836
-0.461112762379943
-0.253618539264029
-0.381633336435022
-0.347665041135141
-0.324756489763299
-0.318258467417526
-0.351281984648221
-0.427035422834551
-0.359158506875665
-0.438365506748253
-0.328689645611062
-0.293435368998555
-0.387302885427384
-0.445315981838195
-0.342048293584685
-0.39139433753836
-0.366819159172643
-0.324321020343726
-0.443271326065755
-0.298547340788449
-0.255483126408985
-0.259567647520526
-0.370757123060629
-0.332919240678771
-0.417430664384832
-0.362796497096511
-0.389826739579131
-0.27299325662672
-0.389768345659948
-0.2005342613399
-0.236168227652355
-0.245156547647078
-0.350874519284999
-0.2340777283218
-0.194088739873057
-0.340110358179
-0.305051576417341
-0.162169091576149
-0.198123740221878
-0.190568514187526
-0.402654939387849
-0.184571948443473
-0.22285010082525
-0.29798262759502
-0.213917894869803
-0.159689961055268
-0.307828970500082
-0.255589621841416
-0.210411461040607
-0.199705696297096
-0.36417840043815
-0.317791268100317
-0.236830009381432
-0.406145781822197
-0.322418820779453
-0.261429061501988
-0.420755054419326
-0.152229071347814
-0.259608976248153
-0.150738985113746
-0.201501911135696
-0.335608473114733
-0.280831270381087
-0.268677763861599
-0.350228975153531
-0.290933969386224
-0.203395064838277
-0.245581961182979
-0.323941181690024
-0.235941863108587
-0.284581696553383
-0.119396668394477
-0.248878291663591
-0.23450398909048
-0.187736592943765
-0.0723594476900097
-0.113084623784312
-0.102355626031911
-0.107484790116654
-0.313310940536606
-0.176955995894335
-0.318681821072548
-0.331269405001168
-0.112618900239022
-0.298439225863642
-0.0999220570361069
-0.172257577769218
-0.191515818286753
-0.170615895539206
-0.116570682630509
-0.135290814838975
-0.279963389182678
-0.209601696726765
-0.0979690151631129
-0.0412431249204128
-0.124270205074075
-0.214914027639479
-0.112943080164908
-0.186616464219037
-0.262781764158472
-0.176922688709819
-0.170649709285282
-0.15295083285285
-0.22990725940576
-0.11945554855452
-0.154433258533385
-0.270915241919368
-0.0565189793212458
-0.139219119754494
-0.242125433513193
-0.179431447107141
-0.161170673549047
-0.127476321950465
-0.203923815001065
-0.105085316259273
-0.185221633124854
-0.185106356121225
-0.0659450373012574
0.0194314309334847
-0.121947618263249
-0.0465663628156606
-0.246792681427895
-0.157844402754069
-0.218837798736682
-0.131056936576216
-0.105767878527455
-0.217342422151474
-0.0284123401486406
-0.0219001126206648
-0.228073108519289
-0.226890721308413
-0.299168765729215
-0.101661883597868
-0.0980279626445203
-0.181463053539854
0.0271189537390906
-0.0540722801389129
-0.112218153458047
-0.0627855878350339
-0.0364492423208117
-0.132723254521957
-0.160467559569571
-0.0906809284641484
0.000479732821106495
-0.0407847300608268
-0.0663423089845375
-0.0846532563928985
-0.0175193154378693
-0.0281373628778602
0.0960526480657151
-0.245591133948686
-0.196230282892039
-0.0879161741623305
0.0400682041869356
-0.123784268350654
-0.0734399847228349
-0.0855629286648032
-0.0870066352134669
-0.0845549137840301
0.0150171129819926
0.0838094597737931
-0.168960583672319
0.0802334767590232
-0.172682990284535
-0.0704593307641411
-0.215810134939866
-0.0599797912174023
0.0909840015266496
-0.0999315933544311
-0.0773597194315782
-0.00527148777484778
-0.0445188709455963
-0.0340693988706889
-0.0228751626718037
-0.135327736040971
-0.0405863362569405
0.0701470323677617
0.157377369894906
-0.126123930797336
0.024347760192278
-0.0104088263977637
0.136058849522111
0.0551779387179207
-0.000322422193481303
-0.131401390506418
0.0696200196250765
-0.0373078975321716
0.0707774028606697
-0.0257583401897398
-0.0130750057777443
-0.0671459057679784
-0.0577119733095351
-0.134625943669816
-0.150745435681116
-0.0361697815042265
0.0233494650669142
0.0679347765187015
-0.0456749304645391
0.0352954152924075
0.137653127218629
0.120605697889381
-0.0195573725857878
0.037664551239705
0.0869089393168951
0.0447056113045699
0.105218718446785
0.141184364404963
-0.0128498387783449
0.059737791387444
0.0946108480258611
0.0874870989408556
0.0548544738758108
0.0599980699830735
0.158813509777456
0.222310843353425
0.124859233401412
0.127616225875811
-0.000783163129974752
0.176126749600928
-0.0291821477664639
0.0660358504503981
0.159053245861801
0.0237221854023121
-0.108036692870511
-0.122565058978398
0.0565544398582495
0.0643674574902384
0.228710575069417
-0.00792329381776916
0.0530662735101692
0.122747341650866
0.137094802836554
0.153010371911911
0.0600248107167699
0.119660882718731
0.210084492321383
0.000269029515087442
0.0240133916108434
0.255924350217269
-0.0491397948877319
0.133130179225175
0.235171396697866
0.0862336603079638
0.133691608072906
0.225199614410343
0.248776559180364
0.182359188385783
0.0851160843894792
0.110500651879436
0.0630533231425915
0.205457013950239
0.165202608652068
0.0782602616633813
0.285346579672034
0.0307561294592827
0.0684467234290766
0.19615107727104
0.0987699211405961
0.171162394770265
0.109291160561653
0.0735939570812635
0.129522989709946
0.137438287687994
0.0580993312741973
0.281149677823628
0.193338430267451
0.253723785044329
0.0434872795764064
0.0168367161173531
0.230164440184886
0.000207556119040278
0.310485583361809
0.187705159454845
0.195171558138575
0.193335205984827
0.262128322625631
0.224096885088616
0.16226352813503
0.164918523199574
0.161665279095254
0.207523908575215
0.292172141172014
0.287713386247996
0.144697325876847
0.145869039397041
0.145767505665017
0.237906833269348
0.320436735035419
0.219256967260308
0.173503399236907
0.150190416945725
0.258611112003166
0.304420702812708
0.2198003503975
0.238705214646373
0.142752917749947
0.255385580818613
0.251358785696587
0.156201663537728
0.126702829853688
0.247397646469016
0.242618334835637
0.200132680092211
0.241874565863072
0.211451121980147
0.220519650635253
0.239880597749655
0.20286686967627
0.174517673952949
0.289169945709037
0.34639689452674
0.310311143938804
0.351551247565516
0.253225949172356
0.346007235876192
0.224681882280492
0.0446073953515728
0.178756898257094
0.381722623818784
0.0410253764465509
0.266715143245218
0.246976730052401
0.266745604229444
0.435724305898126
0.350142276504444
0.388700948010924
0.296774999890361
0.291138256008808
0.268390772619203
0.275316057816402
0.296099597919701
0.349253852331062
0.501092421696298
0.445382438370657
0.311936394578998
0.178046548781598
0.235111231397857
0.20541799028853
0.429682558595315
0.291587581250697
0.263948290652264
0.268422460386291
0.360313082473245
0.300681169983171
0.372047705665942
0.36595798057638
0.254133157040777
0.284446964659689
0.320024318998046
0.345611550249374
0.288165272002811
0.21299368850192
0.223272360222549
0.366306454664691
0.350881923494934
0.227465545674907
0.517739831468435
0.320859702079213
0.268045089486486
0.387415665615638
0.329270713882523
0.381999709671568
0.465235772006173
0.382203737889419
0.408761840272529
0.132496314937041
0.324444925396139
0.471179745456401
0.257722873536772
0.397025301217083
0.471960304234061
0.376289865357561
0.422026426849431
0.286860933764858
0.359327817846727
0.286723271460304
0.405455337188295
0.517154493187288
0.23444140863556
0.284049411789513
0.392019598529783
0.365312396224172
0.422040232790683
0.372102639311411
0.369223604606424
0.435896179520891
0.298577410995219
0.48980520812401
0.383438184696574
0.400630107723657
0.298168809608202
0.428037025190995
0.350088629358016
0.388454624887172
0.407868233149516
0.436218077113837
0.472345244356589
0.428288515114839
0.372480496823393
0.482609223199083
0.661435624381781
0.52927813299615
0.416453867945332
0.422296696943479
0.439153482647685
0.487961200954911
0.487865751759202
0.418967630089423
0.349843180808621
0.336378059559615
0.580278220740996
0.505031334106124
0.590876610332983
0.326664181060075
0.558232314123819
0.451824588247928
0.375776773281992
0.532570805288784
0.459723618598692
0.438464381112599
0.416853297389311
0.448227986615723
0.58527803251293
0.510953385054462
0.49281436076067
0.555443828307645
0.390024527583227
0.441205725148641
0.393397108618974
0.582621101357714
0.391125985808484
0.421016774330925
0.439423460334507
0.42354989657059
0.432418861727434
0.501302513636197
0.35948713654824
0.512452589611923
0.611319290465255
0.559372378510284
0.59717458625098
0.485215842628368
0.584971697451244
0.478830491884944
0.512204574107084
0.522231742047836
0.719931856502095
0.508352800226356
0.52176874442244
0.444981152568818
0.548323040271521
0.563218014276902
0.512637747835935
0.511245350217697
0.602176948706558
0.603251573872721
0.728046050052886
0.637280823042034
0.452284103176123
0.408912392169654
0.734318015809966
0.474673052793495
0.465024504795337
0.619056395748542
0.507725804509204
0.637661876794373
0.543068419458273
0.624411635521255
0.596746451700219
0.617820733987592
0.680008330179694
0.621835158998532
0.535716375878375
0.589382706666784
0.561873169508415
0.481389676127337
0.659000855419839
0.633381670689289
0.623743088065508
0.683000188639284
0.629348220437512
0.487726041725877
0.525291255962836
0.606880863222472
0.531814785281165
0.525333029960248
0.515671683708061
0.615986769566967
0.641593632446433
0.679321602253473
0.607032886666895
0.553385393893265
0.80605670686836
0.61046817676548
0.710501589273031
0.68299114809165
0.709211750283759
0.651564423686604
0.675325003018367
0.48309256266106
0.703399580251937
0.600418388593908
0.450486623697157
0.645187785133807
0.414358444382659
0.491798691958323
0.817591366107262
0.567417134811616
0.781427786373393
0.741049490802072
0.570087560993988
0.564140882794562
0.604048991010653
0.70379242895837
0.764135127896148
0.541683232399894
0.700498198097457
0.425595578375375
0.719612149691799
0.729165468216329
0.685773480289394
0.686423255833727
0.811618200342451
0.646847054517025
0.774658437140453
0.682632537125792
0.589334454542209
0.64247260656011
0.707347054361189
0.742666703768818
0.68072930042677
0.794334247584985
0.594704804000188
0.620573719597302
0.651214560537853
0.662739331598641
0.521501458156897
0.699087359685355
0.665579163739831
0.768494064454895
0.653206755393969
0.709451426585658
0.719152363250749
0.79343941249895
0.685760868891636
0.56130708476907
0.67182901137838
0.748424351891496
0.611567212871066
0.590111529038863
0.691103236731728
0.785026439118604
0.869894130807519
0.706739725248683
0.671886795413644
0.758264105398724
0.67093367680641
0.633644691890241
0.738193215881933
0.77620793796518
0.744464800263385
0.729929718315556
0.980263715891701
0.740074628814261
0.882869035941729
0.839159836343413
0.488244385060658
0.687604491560443
0.855069983539468
0.789942444353891
0.78938184978833
0.834134926032024
0.608943656112777
0.713491923920322
0.772881146140403
0.667142543287611
0.786111406555356
0.889804525735333
0.832659989503428
0.777867157927678
0.699124671759148
0.946198453968475
0.972784344710287
0.650424240780424
0.97797143895822
0.925014358994193
0.752940027303536
0.773345808119478
0.837849355770693
0.961104004880617
0.791762976864511
0.854489973521867
0.870813902681365
0.916506332562914
0.904146682296485
0.920240095657693
0.734158030044723
0.797105707125874
0.935827132438612
0.916192535903228
0.858156440386602
0.907462957690643
0.816863028842595
0.685918226423386
0.841789888160409
0.776595668806604
0.939185541736775
0.778094202317896
0.739096717321241
0.783940990237393
0.892252385688518
0.929912972293128
0.853389186245637
0.735559415140244
0.93610081855354
0.848046476493933
0.969934049608819
0.967219752456379
0.894107184486237
0.805072760603931
0.914875160793678
0.771074799096007
0.697938743427136
1.01335849926592
0.944981735421751
0.841703070337633
0.780858234742859
1.04749385660242
0.898228952062233
0.881853275705614
0.93801354456922
0.848468211758398
0.887640598825025
0.940447592700467
0.934838211585778
0.953020627374061
0.783177178275476
0.89102980555435
0.855143707560694
0.866351198630514
1.08581701820025
0.879907459053579
0.898712433225039
0.87906388368731
1.01743745421825
0.913617909764723
0.890949972060618
1.01174288714612
0.983136559070704
0.970438353159402
0.849285755602543
0.934250458422343
0.767103494998588
0.948014498368807
0.841846460469277
0.955297165297785
0.90651973422063
0.830223218780698
1.08357406152327
1.07743777171653
0.927554075499191
0.847298426728794
0.783352644043197
1.10266852665287
1.05257024062532
1.00759109782422
1.05777465037822
1.03497614214081
0.834603368604366
0.991159239892209
0.882964592104675
1.02007159673229
0.842901705566201
0.973166040721073
0.939954385085775
0.959067624074405
0.925059972127846
1.06321617642293
0.969405633398674
1.01461670963805
1.04364707235822
0.951745527795572
