-0.83051945058341
-0.932079687420825
-1.11401466177838
-0.944196502922831
-1.0729004533978
-0.939753937405083
-1.01201442973896
-0.975438744164468
-1.06445922699145
-0.886875361252618
-0.912678096891016
-1.16519026253779
-0.959588025224778
-0.900607166559188
-1.01364095674765
-0.980814007093758
-0.97600390983643
-0.94851749514012
-1.00896336736743
-0.966777938217868
-0.955932805644616
-0.912492657272899
-0.805817574281327
-0.862202904877266
-0.92840461536052
-0.913327911929161
-0.884493045955999
-1.04783312053124
-0.928207619137949
-0.897451823418254
-0.885882930037919
-1.05456410802285
-0.7655696278121
-1.0880679773707
-0.928249588630571
-0.860636018023616
-0.937825529801469
-1.05888111107747
-1.03928789075263
-0.852301573803501
-0.939035178482997
-0.823997993886054
-0.932816980384728
-1.00379592544722
-0.850961407428037
-0.865109645735037
-0.930749655792185
-0.901528207197657
-0.991184839387815
-0.835482965815555
-0.913313942764095
-0.900654740970318
-0.883336322817327
-0.864009546196784
-0.734197680650886
-0.911946957461042
-0.926185236087136
-0.874588421206385
-0.873884595861528
-0.887880705631718
-0.796383491841393
-0.961966291100414
-0.952589592199749
-0.949528199438445
-1.00522584570688
-0.847577865102699
-0.934383350434586
-0.818162359186415
-0.873941572945582
-0.90927735671179
-0.944574359259345
-0.885024382682867
-0.992688184520584
-0.925473233592275
-0.846923558383252
-0.883091479346834
-0.828173948039042
-0.966237434936268
-0.843999087071935
-0.854512078331735
-1.00290054587221
-0.757930670376436
-0.850512040473163
-0.772572495988438
-0.840634819080698
-0.706169893906618
-0.792394449913743
-0.857336582627498
-0.82116654341573
-0.88024777291564
-0.746167909533581
-0.828234994030462
-0.71174817997024
-0.908230499853416
-0.794141312125116
-0.719362553321048
-0.796468356267527
-0.866175820979652
-0.885745315296095
-0.763017323664549
-0.694464500415072
-0.711484696004223
-0.707872901781251
-0.759914983810042
-0.776425260913931
-0.694287980218995
-0.775468707202163
-0.736509883714658
-0.726793533909192
-0.774709464428018
-0.641312990724217
-0.704547122036513
-0.828349990587206
-0.649013492798243
-0.854840887168787
-0.582040465235221
-0.785942838322886
-0.757178609627965
-0.608134651408358
-0.810557252864902
-0.739075020177511
-0.749942573209401
-0.76398075490418
-0.735050299382716
-0.605878233025434
-0.553023887831967
-0.814817688111753
-0.678327681052242
-0.748419163038954
-0.574325629790776
-0.747180926436569
-0.637242522259122
-0.65758635544596
-0.72380464053821
-0.883711067744279
-0.752153467909664
-0.824617846581686
-0.520325263153714
-0.706668630688507
-0.848372512709691
-0.698796156157647
-0.635875643372154
-0.692626598232231
-0.703059583821579
-0.807812726737681
-0.780042901525595
-0.729577424888012
-0.767795305160952
-0.663819231624915
-0.771827936578048
-0.591192339037194
-0.907656442668149
-0.743858257924717
-0.687189250565501
-0.643222093084544
-0.732322188908792
-0.521183879253936
-0.519163231317414
-0.687791541842395
-0.685589377436667
-0.750656102837423
-0.664448893418716
-0.667816737961772
-0.591360588896291
-0.706193737224551
-0.557688587320177
-0.598722925709166
-0.535261756221091
-0.719546966169232
-0.56148344386372
-0.811272482202527
-0.637469799884764
-0.760844969334421
-0.620784477642585
-0.621831676485915
-0.33973076046455
-0.710028023296912
-0.544745902716045
-0.557871786507495
-0.639696281569144
-0.796276201839225
-0.624568364509859
-0.671148528177419
-0.574208841468532
-0.713043977336172
-0.643543064371407
-0.507061155602426
-0.627308469286405
-0.638638051766017
-0.6628120308535
-0.505298817878163
-0.59248316298118
-0.576681916994139
-0.732660360917177
-0.702784871868733
-0.580626695127728
-0.726734476258651
-0.608904565835448
-0.45806714080358
-0.623592528974633
-0.586654851968601
-0.647093697822635
-0.583801933631886
-0.483437239507497
-0.653813528172345
-0.574442390797016
-0.620076733587572
-0.634614760222925
-0.580661746967907
-0.561500324077272
-0.422673883998373
-0.66001797718091
-0.633541812805822
-0.35475565879818
-0.569873925029451
-0.635640410751609
-0.610006165553555
-0.591584662421105
-0.638019948090548
-0.643876212256722
-0.549788519921389
-0.44936508811746
-0.465062682518392
-0.487859769256326
-0.528207538912921
-0.611639206718691
-0.541695771434973
-0.490397634619263
-0.554164752701154
-0.640366910951407
-0.494851186146388
-0.415258653961642
-0.495712483345267
-0.226725217837484
-0.453188858302336
-0.592574497170852
-0.437868872347002
-0.503396724403677
-0.612819248441933
-0.451235845379535
-0.472033638790627
-0.629188237717134
-0.707717612270122
-0.518333343668914
-0.514810325393988
-0.541530988684586
-0.548543892276387
-0.514196576035058
-0.530135609492534
-0.356430630763497
-0.428371070335334
-0.492943471833567
-0.556142203592117
-0.504838537803768
-0.514208068704198
-0.334107601459796
-0.500481706912711
-0.491117784888288
-0.622979911739217
-0.485401273262425
-0.438783918594147
-0.432657956303334
-0.439212057958291
-0.491021165620657
-0.466196246603527
-0.489284919841707
-0.543606032444699
-0.416423444561985
-0.420966466730289
-0.352434263382171
-0.559886588691569
-0.498994972876538
-0.422526320173662
-0.444884966632228
-0.415953962944745
-0.277970428228115
-0.330441095090925
-0.646023159418145
-0.378720349642027
-0.438621254093049
-0.301778908540246
-0.539752468066953
-0.451155622431554
-0.479185752636999
-0.363000772543844
-0.524548105154103
-0.286595176269826
-0.515220248215852
-0.504753246056032
-0.538602877755613
-0.354363872252393
-0.374184765260504
-0.483813994287356
-0.307829557078952
-0.46382800398045
-0.400260850731046
-0.399592268263337
-0.329087834499408
-0.308296607383256
-0.289757251740483
-0.423438177894122
-0.387337500075395
-0.379334555694184
-0.237141347846239
-0.406453067362787
-0.408969413554431
-0.366889555469866
-0.38891722152785
-0.409098819435876
-0.430585530986929
-0.336086773767546
-0.314448904187038
-0.356548631288343
-0.309923685081232
-0.48984089382689
-0.434480014326877
-0.357596107757591
-0.311504158683408
-0.364081662521514
-0.318508710516137
-0.189436191847703
-0.444766166393417
-0.509657373716877
-0.445108399990831
-0.262276651490265
-0.418908715365512
-0.373584328833268
-0.383718371903815
-0.297955585862182
-0.410066013211749
-0.375628598998095
-0.266334094987822
-0.228771963784334
-0.301580358691116
-0.381131503779914
-0.326924028271048
-0.239679240846263
-0.437842680298446
-0.285048444956397
-0.350754389512424
-0.316197462019301
-0.285110531540927
-0.248684150712401
-0.287715820273192
-0.225648305347938
-0.187319727543062
-0.178966379663259
-0.364179169535598
-0.323017060305677
-0.256146324825611
-0.384913184788455
-0.248998611769698
-0.266217169439275
-0.343261451840461
-0.223537467772105
-0.176641205344577
-0.148925546552426
-0.326678310062065
-0.1681271365196
-0.191278358104698
-0.146598494259889
-0.296981600527914
-0.340900894585437
-0.332093660723462
-0.262952193427401
-0.329992016241574
-0.281583130051339
-0.13331536742486
-0.116107921405667
-0.330478534976026
-0.248921502365971
-0.0527431024074857
-0.295059903066789
-0.250283047426891
-0.131600781760366
-0.314010493608956
-0.247327912923804
-0.34093718704027
-0.280105813107133
-0.131119031891045
-0.314242397732366
-0.300190756727378
-0.169629246016481
-0.158854269916926
-0.0515602776219399
0.0295615305752481
-0.313113617155602
-0.211478216690776
-0.179152161795673
-0.130851127118102
-0.242642320166828
-0.107184097618077
-0.283547227962653
-0.323589509341637
-0.103624436333671
-0.213143340131068
-0.133721828922502
-0.17389888544059
-0.420281471560982
0.00399474229366233
-0.23782456076696
-0.0998445002863999
-0.225619505993387
-0.292965760017445
-0.164238955216668
-0.318392160547846
-0.146866272642454
-0.13410214760932
-0.195299078495074
-0.249990340775246
-0.388971893116619
-0.174120236366204
-0.160269772330724
-0.192053803152463
-0.130096973351768
-0.168418031695859
-0.133649524776745
-0.126618029516336
-0.061457443850749
-0.236682939645219
-0.220699679671216
-0.0531728556031521
-0.198581934215075
-0.0535604274361896
-0.127113670730799
-0.108462923515784
-0.117316012948347
-0.132307020584089
0.0648398371661945
-0.132086243778149
-0.307828140655751
-0.192384762191091
-0.115984450724541
-0.13687264695047
0.0278921135989409
-0.0959300783349637
-0.220587676050694
-0.132434005838556
-0.138189659389809
-0.0816251975134122
-0.158715382721602
-0.136714385324541
0.0128169710876717
-0.0998279382708519
-0.0856379563363708
-0.103390371986213
0.0324916647360113
-0.187712863316257
-0.116009865836063
0.0398816719084051
-0.0779011474899523
0.0403097914104494
-0.024635491795937
-0.146517300896776
-0.103215643000701
-0.103434889395303
-0.146908557063272
-0.0332663855124455
-0.137751538651566
0.119805435469248
-0.0458301184978202
-0.169815377182833
-0.137035123342816
-0.176453948257515
-0.0117843469075954
-0.0403194196597335
-0.00515548984553564
0.00686108399944487
-0.0672892357315781
-0.131936285981743
-0.104601916794735
-0.0677351268559571
-0.0739395507887783
-0.0439578544720449
-0.115725309676058
-0.0961547359860254
-0.021546675110465
-0.10523619270666
-0.0103849042680529
-0.1024295020869
-0.229950070761281
0.0494433138069837
0.0426345421467556
0.0704405529514369
-0.0503747841966156
-0.182016797937318
0.0667736156291717
-0.115764034675574
-0.0564619096916057
0.016670668198492
-0.120775783907391
0.136329426273618
-0.0181238876499576
-0.00498690239322383
-0.105573814757886
-0.00570348194237996
-0.118491639361566
0.0171736461845622
0.0638755502020131
-0.00775170537636694
0.198849465979899
-0.257882830777226
0.0729263279376946
0.0119488801513023
0.114512356683341
-0.00887255328356006
0.128327887977355
-0.150676682913728
0.100819617482938
0.0386739805354935
0.0660322503122402
0.0935387613533895
-0.0890343649074608
-0.134645596348736
-0.0422430253783347
0.109430402814387
-0.154182060470494
0.132573867666541
0.0667200717922058
0.0328736185412569
0.0359163207069903
0.0512537438989838
0.0461421818682378
0.175212529972519
-0.140533723578177
-0.0567867019854633
0.133108478323696
0.0630570303634646
0.0741590036381483
-0.108546059647839
0.0519130976165371
0.182159250390449
0.0577826904738578
-0.0996834224262974
0.0457613893974875
0.106832473502783
0.0167863924694059
0.047707377680691
0.0869520675812353
0.130505415887493
0.1615158730127
0.138176125747587
0.107343537251957
0.139937801822778
0.11348978605827
-0.0795273911541446
0.231126978187133
0.0855987647742809
0.0157000193604234
0.0682333692468949
0.199085399927351
0.102141525421625
0.138197678539307
0.185548350396187
0.124044675329366
0.196394365274054
0.0460364192098998
0.165812404906672
0.185018339015043
0.231599781612309
0.120758013904823
0.233187859956205
-0.0526441144070827
0.203566605813989
0.107207290449741
0.0931472553723467
0.131978185596584
0.0175711476928144
0.0599066336386201
0.222369305994333
0.196942023441815
0.192487235060851
0.25074037539474
0.243360838685268
0.0899247710849386
0.176312347054451
0.152849931252438
0.0751334225001534
0.126376946821075
0.242085479278694
0.246522139952382
0.10370078885664
-0.00991129156026843
0.1632418908856
0.0831047243200543
0.10436975581487
0.116734274419295
0.16061639865519
0.163220156474841
0.167502670486421
0.287125611970241
0.0900737450413432
0.204473811502205
0.308637452879662
0.305307950999609
0.213423441578966
0.0447284667225612
0.122415349408331
0.486102543507223
0.276917887662611
0.155027708742046
0.100656413524591
0.180553334633888
0.15371092928724
0.207194589259049
0.274369112381684
0.171279475613606
0.288286598640404
0.240664498967282
0.325747344911404
0.0803212944844202
0.154659189013723
0.107555629133865
0.168116563999894
0.156218246298354
0.102220203187797
0.39301471637605
0.305960432653864
0.257205664896159
0.333229322149722
0.220853492260144
0.285078974810904
0.34543508152746
0.263147238194254
0.257364053103759
0.198415425799137
0.239010938602284
0.377582394176946
0.207419951522026
0.290864953854523
0.32122147966574
0.102348001646611
0.293896187772895
0.253803622870277
0.315004979950218
0.131557362268022
0.226768390049286
0.135274440673203
0.363512220961977
0.128503348633893
0.335824594716607
0.285043872441455
0.374985383500159
0.273321610839605
0.439884803861491
0.429347420485942
0.316538357587017
0.27348780891805
0.17954762576995
0.321703613251466
0.367268280769528
0.172553251468324
0.238447913091575
0.301923426163351
0.299349957919722
0.315132648797935
0.299843787875178
0.142201876223381
0.39695380308492
0.431066091190004
0.249429905346023
0.409439882002295
0.19586006505399
0.229177412993981
0.196612307610166
0.381636211616747
0.56792245187625
0.280932350882447
0.243311555780702
0.344339530824839
0.410063981046377
0.366657825129105
0.471972777328991
0.386144493463293
0.417201646618003
0.241841223847344
0.246285644197361
0.456165498951421
0.333182806425335
0.267800662636992
0.464955737569666
0.46705082980364
0.340013578207106
0.284431234056619
0.289198010648151
0.298841629792662
0.42093974092866
0.38500658882047
0.369873976871743
0.336710988249507
0.326161073514561
0.282514989887803
0.374957759396423
0.375952686418689
0.239077224174728
0.356451733732187
0.322378762381662
0.228432070217148
0.52307977873569
0.432515531336653
0.422574615383182
0.471287556819271
0.606419960298777
0.332665853551746
0.242174647329095
0.503321264233026
0.452260270591283
0.352963327292367
0.51598681452536
0.40023235801672
0.591631995225731
0.319742680366316
0.39566765372535
0.458123123150456
0.396494334915326
0.396331567349979
0.441523310020247
0.465719609137991
0.396343094325021
0.382804017785505
0.416318679490531
0.666097992140709
0.45670520416439
0.565325064374762
0.507584536945022
0.396024444186991
0.624486487841838
0.609587278816681
0.428714589329628
0.516023215584108
0.358292978894563
0.308063628497664
0.522974637437121
0.485043618617879
0.575645271864374
0.354146230987728
0.37967322812784
0.402205306104306
0.358901567953052
0.359260507487488
0.544746310431468
0.476252667452822
0.559256702208298
0.491581419691327
0.430449475573233
0.525861706396675
0.572803608391384
0.548292148028845
0.650904686449719
0.472176809291297
0.451550816701261
0.625629451149197
0.558073954502307
0.457205669679556
0.505548204419203
0.453779145980576
0.450062353742881
0.436309344608888
0.58057476566611
0.621029886234192
0.649634888900365
0.618631144009298
0.583250505442472
0.541082727032881
0.584219773710225
0.643595263655303
0.572148427516754
0.582013421610445
0.56291993555121
0.491041264286957
0.563195943865135
0.527030607330229
0.507309691297363
0.509501926531606
0.444122615754269
0.587799484238973
0.562441834736889
0.651762174246785
0.569301395153496
0.585360692978273
0.549888905162764
0.590964517463993
0.488101089701593
0.638160064972871
0.505949485224302
0.620419529040322
0.570119253370583
0.486210874253625
0.587959495828998
0.50248865017488
0.55199160414389
0.520003716717058
0.618610574647889
0.645054459752651
0.62204644888231
0.500025523575861
0.484842271536478
0.550762447415883
0.503644851495826
0.776202957908327
0.659852601861072
0.403841772876828
0.501955591743269
0.66453643873444
0.619664212696861
0.443978546545396
0.632253672711416
0.617313687166743
0.552038091852361
0.572321389756243
0.580050279010571
0.739119035354184
0.559340021880154
0.569450191269828
0.62515644419763
0.614305909572599
0.551713025279655
0.607603926210754
0.740915156175239
0.64726218760961
0.554260102601792
0.69532750998303
0.69316027339604
0.702476687541935
0.584949867758941
0.696482205182682
0.69600933535992
0.468025261559869
0.577482126706664
0.546501036365582
0.594431679868213
0.695840663337278
0.570136522239977
0.780968630787755
0.72415334609021
0.652811628193301
0.84581527952792
0.626882037652882
0.780118049991211
0.644009421237948
0.741747517102102
0.657599778085861
0.854100759170538
0.615609218336548
0.495459592606847
0.719687520342501
0.811587146552833
0.628825408106435
0.759675516325933
0.595808321739357
0.554132943866253
0.822390049721213
0.66434920546691
0.619802313468423
0.723117496709964
0.949003875699173
0.658412806577525
0.797047374542921
0.767301103369757
0.782279534067491
0.879292325183399
0.650126049140658
0.802418994271469
0.782798659074032
0.651760899109378
0.675020924021548
0.717201010252161
0.583513174489478
0.631294136240852
0.703536517373837
0.57270276865662
0.686047702271756
0.821969083969201
0.776691386473567
0.901280286209225
0.808915163554429
0.760612046799028
0.689689255957588
0.922659676772047
0.90368359733965
0.675007899697191
0.810912693310895
0.733114296190343
0.804988923505665
0.762495125169898
0.713910312239721
0.763385895756753
0.860298637901994
0.672752483072603
0.652640835596071
0.90290138014519
0.852362152470277
0.784894563104234
0.836679991125728
0.783056579511924
0.739186305195745
0.889044990877582
0.841743031501122
0.905099379261926
0.831471202938967
0.715536778543789
0.690498442152731
0.774875861085348
0.842252016048469
0.885301802356871
0.950441340410715
0.908750612053591
0.81117070379414
0.804051420977366
0.84435003026386
0.861128714577956
0.776967901879168
0.695461621903091
0.91175954835896
0.94417366651816
0.991926223812449
0.860023439945635
0.960294597186393
0.86463576135892
0.983265110921759
0.76501896359887
0.963096518091304
0.933171955868153
0.888424294013833
0.844817691008381
0.859974344092424
0.81703322832455
0.838310037289805
1.00947487283208
0.856176068222679
0.909082339261902
0.810874026085502
0.82383783189007
0.979856311432803
0.927146182138171
0.83311196571504
0.920524128109614
1.01886917364064
0.89055520351412
0.963917879018444
0.957531216396816
0.830415319167912
0.869488557841297
0.974519759191715
0.90613644762191
0.844455527115416
0.958218669115571
0.878345945142522
0.877799216085565
0.88597270974798
0.967276990926777
0.825995931246526
0.996808688532969
0.871159110419424
0.840891413678871
1.00767764637069
0.907773404833151
0.876843641977679
1.06330054904054
0.919376816408506
0.990040829976402
0.901450680118108
0.903886752810076
0.869016389371476
1.11059140126849
0.988449902731663
0.730556784058595
1.12827287054424
1.00146336273894
1.0106499155928
0.972334870978034
0.937744041193332
0.898056640135691
0.935174698496784
0.850748596743327
0.852924357432748
0.878837240038655
1.01011515976536
1.02790264697158
0.910951402820777
0.770605587112913
0.921266084380648
0.988522732171526
0.897357983047124
0.975694416422459
0.924505580787376
0.971952431131396
0.947982457475296
0.828949261744153
0.969910115925512
0.992947180466182
1.05644249210491
1.04662580314156
1.02234109397359
0.995071073400456
1.05444495036632
1.13416481371641
0.973820516229064
1.02257659448826
1.15962346613332
