-0.979052386784225
-0.955380733554902
-0.912484995392401
-1.19900044572908
-1.05515132160809
-0.931621348712063
-0.74784427176185
-0.885002222941041
-0.9851064913379
-1.01546275464313
-0.926892197953929
-1.06129082648213
-1.03959303065303
-0.993103855945681
-0.886353198379812
-1.18261168629311
-0.949666569476783
-0.954941554191561
-0.998892005950372
-0.858337817078513
-0.885896710153024
-0.868001823442945
-1.08608669763633
-0.900937601030674
-0.986737282042342
-0.950235775865777
-0.883989875570061
-0.926551474933515
-0.979190353668752
-0.903515436985113
-0.915190308337855
-0.914184270221015
-1.08071708287844
-0.765797843470779
-0.974077338005576
-1.08589798074467
-0.926037851319995
-1.03445072965281
-0.862118145245833
-0.984162382748225
-0.812395714624155
-0.959866956572988
-0.917646557715285
-0.877441694371803
-0.753815137687785
-0.837135782346803
-0.996355667820219
-0.934786505445468
-0.744876978468045
-0.936905461093908
-0.848970425704405
-0.891992020157423
-0.793764256847775
-0.967971282573011
-0.782047230487013
-0.952755835472957
-0.98062060897946
-0.91669642998871
-0.808516145466781
-0.975223047719203
-0.89823792192221
-0.935622283824404
-0.970850896101721
-0.956655414911442
-0.886902440442619
-0.652686558400596
-0.868092159371787
-0.90889085845958
-0.931171494582042
-0.879295832922983
-0.951232635385715
-0.796698306726338
-1.00244243855097
-0.850714734918813
-0.917470687578607
-0.881115871424501
-0.797478161924368
-0.868220103746895
-0.874920928564285
-0.810496491786825
-0.834437336709955
-0.759187718234629
-1.02208946206198
-0.784732284765976
-0.734688986381025
-0.913856554770897
-0.782404925695535
-0.73277163606222
-0.853273736295729
-0.897702801697812
-0.864650795658774
-0.699811450965775
-0.9086502010959
-0.719630491380996
-0.798482934192688
-0.754960172151708
-0.794876172572609
-0.779905143501915
-0.790628254453293
-0.765132469266195
-0.815951444492758
-0.7358831776553
-0.951876199672148
-0.864612728489686
-0.749062832202373
-0.831862333460137
-0.800185138345073
-0.78635966922151
-0.844697871103699
-0.655644037459556
-0.77207259903866
-0.688060068732928
-0.708575894680549
-0.704977346529077
-0.908953356871702
-0.787449116967545
-0.862558474631034
-0.680502141056742
-0.717938046505377
-0.629677963700458
-0.784432865080662
-0.769087356144289
-0.683566763973462
-0.702854503277421
-0.613014799721122
-0.645513474571508
-0.788903760063173
-0.706738432505267
-0.832837100539742
-0.730805017151008
-0.705112155183694
-0.846202466674146
-0.716562763997136
-0.664133716102035
-0.524732371249348
-0.646142917493124
-0.618898106742269
-0.658033993067707
-0.654328585250024
-0.624108529922964
-0.681807668529052
-0.750910521410126
-0.810366902425181
-0.734308995151869
-0.763013022550216
-0.728492923893353
-0.631790123949189
-0.777064112338061
-0.541157141178249
-0.750412217565653
-0.675505468311045
-0.861024805621788
-0.704266738035943
-0.679891202393331
-0.791509892650855
-0.668537561286622
-0.740094779923782
-0.784610719839414
-0.59781469508443
-0.699059256009508
-0.682036080336957
-0.745449151726053
-0.713391238976089
-0.601879881805188
-0.593750356806664
-0.753613446370622
-0.484886578322674
-0.850036151725467
-0.751822148807133
-0.626471849434494
-0.703322113249406
-0.753084828312603
-0.689769579418001
-0.86448216132487
-0.640266936506404
-0.514598063731143
-0.745308136399555
-0.69357613270858
-0.698838615675234
-0.626801203039691
-0.530559056964842
-0.539209824291469
-0.690177423203562
-0.643830454377594
-0.627013204081089
-0.680942781335313
-0.553172205055517
-0.737492718167055
-0.624684050259969
-0.704639248879192
-0.609818190245593
-0.667738772230187
-0.617545057101582
-0.589637073961874
-0.602857615317134
-0.645224461987213
-0.614817182986922
-0.694532534980492
-0.791931472471521
-0.695027038471198
-0.589862200568003
-0.680896092879885
-0.584015870863746
-0.485778421394494
-0.504635604685231
-0.556302521732432
-0.640979246365675
-0.742569821818645
-0.564213580734731
-0.640856090262866
-0.534084316409523
-0.505494688181027
-0.450084179653078
-0.760572564133542
-0.670997670205781
-0.5886722867296
-0.349966090437248
-0.549615749081341
-0.538424456254199
-0.649708280383782
-0.61284521192175
-0.516210415056982
-0.547742335804535
-0.51128544593189
-0.549305834546736
-0.388187428227651
-0.649226680269499
-0.598585069304255
-0.557502756811119
-0.569911508815635
-0.610132118019785
-0.621986135348022
-0.425095956320797
-0.593299973708575
-0.502799350732472
-0.564429369805213
-0.440630536939413
-0.76161522399334
-0.485666269838136
-0.579984403250116
-0.534988352384689
-0.558540739446521
-0.432576906402806
-0.375241618675895
-0.564188894194583
-0.399366140736365
-0.541717087858598
-0.467338685670182
-0.584926464885555
-0.448288204988614
-0.422416271647108
-0.433671717145637
-0.447014667554899
-0.369565142028468
-0.574287878110853
-0.627917992360104
-0.39810163998673
-0.334592874055159
-0.509744156838853
-0.568985539207874
-0.478548451444497
-0.393979215844281
-0.588450446455928
-0.489943044178799
-0.524847946295536
-0.486447443449878
-0.255868218784376
-0.558526030845791
-0.385111659631388
-0.520189895636459
-0.412920805352289
-0.371828688699341
-0.308687353148327
-0.280957413720934
-0.624397514251865
-0.315426584672112
-0.454804772488129
-0.509295221023075
-0.31439352005175
-0.468180855887135
-0.513238262503573
-0.423338948073285
-0.5348112460995
-0.385796719676087
-0.460844009618526
-0.441589828019442
-0.156154428705941
-0.53025321831921
-0.408844817708491
-0.315528312702404
-0.441525166884575
-0.448680056854886
-0.481210599051003
-0.286076053715796
-0.375232752945294
-0.352586233206376
-0.462528810970785
-0.290626438085295
-0.309465415556371
-0.340500561171505
-0.433828192330652
-0.391482660082445
-0.31663017735112
-0.382365590594325
-0.34158442995323
-0.278263622007663
-0.47622693524637
-0.409142358384959
-0.377839605410484
-0.342231250651907
-0.403435735906725
-0.483040191888189
-0.410177038398465
-0.398412889078752
-0.401160113843889
-0.564379691153243
-0.432576815567088
-0.318775990200707
-0.344263165913691
-0.370490507577219
-0.350003564678336
-0.336438181386854
-0.486095204930937
-0.326051291923973
-0.205441276302715
-0.414678259775879
-0.409984463180071
-0.238234761949712
-0.239502287829543
-0.328484377346951
-0.491979489652927
-0.412899805304437
-0.226721786403172
-0.382526621584069
-0.369170840310431
-0.277707417516725
-0.356829576220348
-0.329285203952361
-0.375315872116777
-0.325329637249253
-0.286613572384903
-0.518782488794296
-0.16621210354633
-0.293341576082528
-0.118469236970384
-0.285923632876185
-0.247390958123009
-0.269166684440623
-0.298844300534619
-0.250381141704961
-0.355906705489096
-0.280829431468915
-0.283740924889105
-0.272168454992531
-0.427709586168362
-0.257818335959081
-0.343833973129235
-0.26172942835176
-0.435154272856475
-0.400028038211654
-0.265508148392581
-0.352853334878901
-0.340796566181759
-0.124533934470902
-0.328691221171062
-0.250544173658386
-0.192728203231364
-0.340420706104319
-0.413541732370991
-0.305159673367131
-0.119426637340043
-0.352597313238681
-0.236309802781137
-0.251810845038946
-0.277372617482299
-0.25340330487944
-0.104817531355859
-0.349551895297112
-0.303656911132985
-0.249108313969064
-0.182305253902173
-0.145690904914471
-0.33796279849505
-0.300970362010275
-0.243811354506182
-0.266846054512918
-0.328831971033852
-0.197476181386378
-0.280647983683567
-0.301216108868709
-0.37042952318075
-0.29770291613149
-0.208638957632388
-0.172820552678885
-0.238016413203648
-0.192960978789461
-0.312635143933987
-0.216968870499442
-0.0652850772675922
-0.13045196573532
-0.239010537367198
-0.260432130662717
-0.183518586507849
-0.245197903312128
-0.320510169278913
-0.140938595179278
-0.259354974761696
-0.161175419805731
-0.193757672102402
-0.227656982603911
-0.199260468500708
-0.155801274723116
-0.232735036857467
-0.224547667701634
0.0216847469707953
-0.226827585293249
-0.224202868127564
0.0096394809957705
-0.263477932560015
-0.149179221599112
-0.105303346667578
-0.17954213693683
-0.177492571616402
-0.0415946557678829
0.0819564183013579
-0.0795276825591485
-0.08369643048562
-0.0264154209876494
-0.281454045387251
-0.0807811128415488
-0.305369889028422
-0.122512067053744
-0.169486564958583
-0.0320071998184297
-0.0743570094404068
-0.14454324059588
-0.186865827129758
-0.096266964491071
-0.118956794066846
-0.0742253081531475
-0.207083857017985
-0.068404141358546
-0.0456561691819013
-0.20169625648847
-0.283071842414832
0.0118488732242221
-0.16320682935076
0.0132735467059648
-0.102560609462822
-0.108433132434091
-0.132127848708347
-0.0968786291690941
-0.140744539347913
-0.148151048488861
-0.0682900248698033
-0.0810832764851906
-0.0246734211694822
-0.0216542896037556
-0.0805585443481514
-0.123851489142402
0.0136482072803583
0.0416438860263549
-0.141514648328735
-0.0494293290990023
-0.0266134439542887
-0.130784520007884
-0.0188051227019617
-0.0304288778174026
-0.0227802159071521
-0.0120696461838968
0.0224781446924755
-0.0876290506219521
-0.114596397210239
0.0466847363246607
-0.0452057915233931
-0.170333048771765
-0.0554013416296464
-0.139620123621572
-0.0355423657517808
0.113051617720366
-0.0512566444239142
-0.0548163077373055
-0.0162922681679797
-0.0212478381143488
-0.102054695369971
-0.0868698161389189
0.238434492836963
0.15585300350146
-0.01016066484796
-0.136382912211061
0.0411951266869549
0.0264532225902122
-0.0462739987763678
0.144657741002767
-0.0115303725230871
-0.0363845218928434
-0.0280560076527796
-0.0356948434403831
-0.191708738453763
-0.0217755041628498
-0.0696996199734854
-0.0792404114464133
0.0852399920594824
0.0651061771238508
0.137141935316549
0.0731050260716716
-0.0628183232609022
-0.0417842503774831
-0.0330475372865641
0.0184659867675525
0.00432184736408269
0.129842600159823
0.0423755908995934
-0.0465971435072513
0.0433660684520484
0.0436687576413967
0.0521904608193461
-0.0255449110526168
-0.0826064342740136
-0.0592558603582372
0.00665005366645477
0.040721194322116
0.0197517923120076
0.0658064330358619
0.094308293308177
-0.102267602920454
0.276207229716935
-0.123908643234097
-0.0487203395674475
0.0083553512313816
0.101996264103013
0.0700691612507993
-0.0683997536484566
0.0810278292798494
0.136586386322972
0.102561982947929
0.101164924996979
0.0310353499660385
0.0444588297168516
0.137406903010807
0.00127457319471856
0.175004251062745
0.260331004269622
0.038452474978046
0.0558264563500504
0.0203425952988467
0.129245991603599
-0.00504866618053155
0.110352946581191
0.0546430539154255
-0.00681669822278293
0.0603031977595686
0.00132129163129356
0.0881851618301952
0.0887502096431667
0.147963874600515
0.128362017396078
0.15721775225198
0.121868757439941
0.115481746220884
0.165856796666744
-0.00438798688363219
0.0846007567979221
0.111476325634108
0.169279270874348
0.228170702253006
0.227712385381909
0.180014265155445
0.0963209619485813
0.149814175211735
0.151418127001451
0.0424127803986567
0.138940189045271
0.14682354692584
0.182182452432801
-0.0253260109988404
0.227421079420964
0.101573821027225
0.156895952337272
0.217714111396248
0.308901596944393
0.135390070373983
0.161159881462381
0.0900857963509336
0.112477850592066
-0.0168968615538069
0.286932038817401
0.395274340987791
0.121230710574184
0.216927068184259
0.0797299526205002
0.0949956227102631
0.156238145230862
0.293512317004765
0.306444521206607
0.422585795755433
0.0660172185333308
0.231980909748852
0.245559540339158
0.114899134356908
0.140127526538494
0.238284267846853
0.234788249948996
0.17986492472525
0.10502932962207
0.260507653815634
0.333907056797539
0.299150906925749
0.233513807911192
0.232373125804317
0.212674198309262
0.213202511997339
0.118072907906183
0.34390281764639
0.276448431481062
0.296570047206771
0.383211720723349
0.299052166287824
0.133140150882586
0.253132046515446
0.228034588462385
0.289535742018184
0.31732097378161
0.405712702916885
0.18317918997065
0.311332165848556
0.200481844455849
0.164200224681627
0.22672605341151
0.177982348455291
0.299948161731174
0.27581490237402
0.314101370316014
0.476750676374811
0.35193735650065
0.332001376792443
0.235779464003639
0.371618989934653
0.305015023509268
0.296771762317757
0.203514361234655
0.342931904630056
0.298388905066174
0.314582098438167
0.304016760288185
0.140471242993936
0.250383016281278
0.348603425339508
0.48931356390093
0.30844753337548
0.371012246429414
0.218111959098954
0.322094676110416
0.223945692001617
0.29540732331811
0.308126996266903
0.322023372543749
0.246759668922814
0.350158704029468
0.447208809465179
0.322974068718218
0.306421225613881
0.439097556075519
0.366458676404245
0.389702753699104
0.397568007191951
0.331621304726868
0.276430100891844
0.170087766417069
0.408111058418548
0.478199859161402
0.334954247462463
0.413673665859895
0.472880019740263
0.358739027486748
0.33840009475304
0.353903413542354
0.302947453684566
0.2836693983645
0.487686272178319
0.371448102079403
0.563305799027041
0.414247001554523
0.301138249750252
0.241442079645085
0.329338958449361
0.475960591899679
0.331528013404548
0.42349616179648
0.332764796933081
0.286445161950008
0.532601318159446
0.472716194469034
0.507205464683563
0.343650818081597
0.434205640633847
0.3901099998572
0.593495747461516
0.373486260252317
0.404134779735263
0.385267777659992
0.461284493230212
0.4977942480667
0.421013572303749
0.337162797397272
0.464690194031009
0.305031794646982
0.343214537629129
0.437320412925521
0.449372654278714
0.377153080423365
0.511626242453271
0.426884107945442
0.389412633275889
0.266365014554738
0.368189141618155
0.351844483336766
0.341737142288292
0.472863794992837
0.465894397221816
0.489706069014476
0.359119079138336
0.328299471346942
0.355994272441567
0.502091207295001
0.595731460909659
0.468571080712439
0.55238621808785
0.468350198813576
0.490447412082155
0.475664744609492
0.386072154710517
0.550548765239168
0.432446872981751
0.544578870276544
0.491819036355243
0.520852257848813
0.598854306428475
0.592725496447292
0.500130870735621
0.484864509957736
0.412914083383197
0.390406255128439
0.511064624558589
0.529403380045139
0.538527461377543
0.528940305923859
0.546632334594365
0.533328357646886
0.459405281759246
0.563473267039267
0.466541524911293
0.388555958476126
0.433467748878112
0.526162993938321
0.647773503619857
0.508123314420107
0.45700920045527
0.550447606249451
0.640575026511804
0.498793228850167
0.429867036589205
0.383773181725003
0.501848411457917
0.569215072026331
0.568273315716109
0.486487521643268
0.478863424971674
0.436883125917227
0.441932292737162
0.357184799766538
0.527533969902531
0.468428935021518
0.713453515037312
0.635127684935615
0.596298493713461
0.646258255605535
0.538665700743004
0.593318055258243
0.501971222738364
0.522975264327658
0.567585754376168
0.383198195753999
0.759426890730701
0.63283563655279
0.575960804488007
0.623519193538241
0.806481032847729
0.580505272121027
0.583095151029539
0.745197859720945
0.751347189184044
0.689287891724472
0.508215566922812
0.597326969080404
0.586442442535828
0.552989896294212
0.702213130933443
0.638556688095154
0.553999090185833
0.694835415579314
0.565341425564497
0.780964890538417
0.576599141822393
0.588983380736315
0.68637769502932
0.626705744999122
0.729698481865208
0.439293846793423
0.674629663479293
0.612216065815934
0.761359367769968
0.609784436524021
0.54793375599045
0.55640391923903
0.629126143709352
0.743425956873081
0.656290638465071
0.623895706584722
0.759994524712646
0.705006526546724
0.446853302702988
0.63015740167973
0.712783752596488
0.710509027101947
0.527355114240869
0.588509088706885
0.597087909506621
0.52635142476143
0.638502387334091
0.751158649219318
0.674881890126976
0.573067131711579
0.552008679597577
0.619398754932659
0.755006757609764
0.703761811515489
0.732771921110418
0.66238783181544
0.683539192224234
0.591059833948923
0.629054607106182
0.771732615637469
0.818064038956741
0.559545338841092
0.723864178011893
0.722948855007061
0.730328256567152
0.678431385817343
0.658108632640069
0.686064095842002
0.648581544969241
0.81649278654715
0.56863786037778
0.782937785964408
0.59527519744555
0.720492762145567
0.617002296446393
0.722616143605521
0.673687741758239
0.521620130723511
0.512493991946016
0.788840655140596
0.595553414371189
0.693378907930751
0.902872131912371
0.791699134372632
0.808167532916971
0.681418317538503
0.748086214801516
0.712666362929817
0.712557798767637
0.74815906100275
0.80001928456425
0.758498574594735
0.7669843900346
0.795894025501155
0.748087438932907
0.750572977874714
0.776014964601309
0.885507499339174
0.905026839537589
0.870302301421296
0.770466582429649
0.831165379992862
0.787134401348267
0.640920749509277
0.731532827323342
0.905164353887925
0.978308967616101
0.620149336452695
0.718444512168867
0.766595250791502
0.820156707363802
0.746434954451816
0.875600128433693
0.885618074117485
0.588044239923875
0.85527032878318
0.875204484242889
0.80234057366903
0.76353466623943
0.826107252075036
0.676057090474995
0.729634629953521
0.82866074237361
0.815407383448326
0.936260373754685
0.950473582353967
0.824060573461101
0.758857221604929
0.922919979183085
0.769389139309094
0.726230290436813
0.998603307335606
0.699124363478164
0.752812947992201
0.801665133851486
0.649438618656541
0.831716403112377
0.857278880474943
0.935134364749121
0.779694231797979
0.759489982169062
0.860883397982411
0.941746844857064
0.901397783396494
0.695589576261659
0.938167677904116
0.859344764171748
0.782868306416287
0.813429462146613
0.764434578393963
0.732028127612852
0.859800601188228
0.949931614884668
0.68526974764188
0.75372429785616
0.939116605702866
0.834804229526734
0.927253006792443
0.986848546257813
0.765570754570759
1.01516262214727
0.908473469641695
0.928535728512797
0.984597392115226
0.856696628184174
0.803902921927738
0.956820581738024
0.843191572292606
1.09623105612248
0.757876929731548
1.00965921553615
0.691086595675699
0.870183198613546
1.00828643364746
0.847563255382574
0.82516274113157
0.850010543715715
0.809257790647172
0.930919306234702
0.765742909932998
1.00935904032018
0.967934272029327
0.955040979555774
0.925760053983038
0.899398340953294
1.03717914591884
1.04861612661752
1.06398586631399
0.861291176098775
1.05624432859475
0.835584307784357
0.97681318123695
0.750048994085088
1.13563797161765
0.983345458866204
1.01126805405036
0.993559110301977
1.00581251430244
0.92935929780005
0.899594511008463
0.962957663492912
0.9700353628282
0.920300718939241
1.0067664795138
0.990038815844776
1.18517817031733
0.886890178768424
1.01887171744286
0.923543660239475
0.96786105291766
0.891195368646079
1.09636958720017
0.92880364513254
1.12014470775935
1.14997138870301
0.924665874632197
0.998491356304201
