-1.08271467177147
-0.940775418366416
-0.903343520406342
-0.96362254971748
-0.94352335848274
-1.09056987749451
-0.97963780043717
-0.996823780266765
-1.12447530860581
-0.876423538924439
-0.921639666195513
-1.04910482877099
-1.07320751378992
-0.951158209984029
-0.992979802099788
-1.05400847429428
-1.00820445666258
-0.948390205070547
-0.899068517337558
-0.99494130593458
-0.83204768627493
-0.910967508059984
-0.873499147419561
-0.898973029915087
-0.894817856503019
-1.00823753893237
-0.903811515657059
-1.05100971528897
-0.968870986472629
-0.948656867845533
-0.81453375983151
-0.859586397568101
-1.18451850429158
-0.868984279751706
-1.0344906290634
-0.942392673189843
-0.986492225762108
-0.89903281908708
-1.10959553160542
-0.903515928942813
-0.790441140467205
-0.947097248261208
-0.944246681077031
-1.01719563312522
-0.883478176307129
-0.914717198707142
-0.864560199560829
-0.952037307275922
-0.903185186316594
-0.934365507598564
-0.950436593541566
-0.84402393918353
-0.848420012154239
-0.827571957595969
-0.775412205416418
-0.826025419229776
-1.0279132136311
-0.759589366992491
-0.783536133016391
-0.74245156785802
-0.989040052380151
-0.774079845105709
-0.9279300304866
-0.79444433373755
-0.887029045846616
-1.01833166527187
-0.777113956029738
-0.825929660273572
-0.780152570485797
-0.698993642735523
-0.69916052661338
-0.751114075774392
-0.86916306574139
-0.994020525480387
-0.773953093642769
-0.904370380289673
-0.829309023221735
-0.952121712270224
-0.787301577725002
-0.864496240312003
-0.796326873847827
-0.829361790877672
-0.968092639412111
-0.813999139882619
-0.792247339343919
-0.767643065213278
-1.0534457019071
-0.889924598899572
-0.891034733713105
-0.741356108386034
-0.648094801261708
-0.664889624922681
-0.779512675598312
-0.927894695299942
-0.764953906919285
-0.774406840257349
-0.90756854773419
-0.869687012565079
-0.788347257480639
-0.816395380215862
-0.842287588704214
-0.816565789978092
-0.840145491324275
-0.84102969650312
-0.782145476186571
-0.701180826013987
-0.88909073202898
-0.717599234658017
-0.744586865742449
-0.819102293971548
-0.611042653742294
-0.957680943982952
-0.68735569123599
-0.839524347763883
-0.783883438189781
-0.781308970914393
-0.887213829497824
-0.701459448633854
-0.734151782698447
-0.726940675764488
-0.777918176579531
-0.763513178815519
-0.78908810301505
-0.649587530206916
-0.721634334650967
-0.799687397651114
-0.553438970522209
-0.685558972656173
-0.786206762143752
-0.744585801904679
-0.542624385596653
-0.682093554387759
-0.790577244161442
-0.792546165769136
-0.660388036636878
-0.708533438602123
-0.678611753806125
-0.617892090802766
-0.741852912330793
-0.874753103796799
-0.704376353130212
-0.705780909322592
-0.597307174875863
-0.665168366922914
-0.675944982790273
-0.650342457577361
-0.598701021714131
-0.678315471126951
-0.818141537022935
-0.686540727112474
-0.752748781308777
-0.753079483536536
-0.668811554113186
-0.784286116609741
-0.528329109993425
-0.615148656925052
-0.774359462758822
-0.726348926912493
-0.676507946854069
-0.734117612307198
-0.778729084037671
-0.542791923191183
-0.677046508378529
-0.614645431220645
-0.832611022301928
-0.707594764521456
-0.684748694074633
-0.607653925346448
-0.633890578767181
-0.741030132640462
-0.741493980085597
-0.537744615975223
-0.690294973470278
-0.647887623306869
-0.480814667876542
-0.732795197707625
-0.597037238697207
-0.72776220296527
-0.542453856030837
-0.497625442373419
-0.556423240485517
-0.732307163706039
-0.517018997816071
-0.577074800808055
-0.591334323192701
-0.523191560731706
-0.711547343974263
-0.700635752260681
-0.67130251248038
-0.726928500446936
-0.670206346474596
-0.748211806432021
-0.585393597933474
-0.602932781064861
-0.431889707800606
-0.529408118588738
-0.600873611799392
-0.577602797361863
-0.551905825226956
-0.61413813338341
-0.590923620603166
-0.609135533010013
-0.627534321272567
-0.520791452250885
-0.414484839937238
-0.541793940343328
-0.695098384041531
-0.457512004436542
-0.550067728757689
-0.492508026625768
-0.56529227304388
-0.698400032539425
-0.5528242214023
-0.521109259521243
-0.614837304705835
-0.422487538351855
-0.450890798029254
-0.540447264468313
-0.667954800630275
-0.649338210620957
-0.621938338506482
-0.577602042832667
-0.625979018178151
-0.619170850839175
-0.567420422353883
-0.543482420601294
-0.68266723111346
-0.620492942922217
-0.58433204065618
-0.576867855974427
-0.657002277388469
-0.550695624360993
-0.516621580578662
-0.362730443439386
-0.60355422261001
-0.569054360124883
-0.279767545891837
-0.540025390908413
-0.464322835885347
-0.600441921540729
-0.600153312644243
-0.798545598295473
-0.505469455111001
-0.494835486556261
-0.518866313356249
-0.580502307184693
-0.497258560963237
-0.497735230769884
-0.513256123334078
-0.50715924737059
-0.418437351592432
-0.355071349086754
-0.557491618249543
-0.518038207239226
-0.400494585422334
-0.431156558412544
-0.495692037102039
-0.391739742640895
-0.469049727366763
-0.546743208591535
-0.449823619823541
-0.590769158397446
-0.479839424530958
-0.423434539327979
-0.441059169089436
-0.419385463009993
-0.558733698821619
-0.602035563022379
-0.321998725764284
-0.400841585787585
-0.387789800482834
-0.368317718763499
-0.410020773401348
-0.426811655355376
-0.367010982754509
-0.509005117067581
-0.433126241502049
-0.64598907955191
-0.5353705275191
-0.538990309165691
-0.459348519243914
-0.467026115847243
-0.41442330092058
-0.446820850014245
-0.493920731549621
-0.253964146328236
-0.350516526187463
-0.458198729255944
-0.408164338912609
-0.317362858594594
-0.409829496599484
-0.46331593155757
-0.293482762357196
-0.464554653193228
-0.383184456289549
-0.3139330920673
-0.446298089576625
-0.311807362532072
-0.417435292102435
-0.319108069821079
-0.380982420443126
-0.453096456145451
-0.361551026815169
-0.219718636309633
-0.192163715496102
-0.440567096332087
-0.369609164126895
-0.384129098948536
-0.421055100802881
-0.427726760337238
-0.306739429285811
-0.415360938319343
-0.143692139834133
-0.323345016174459
-0.297150485777904
-0.524898344018296
-0.380211622923033
-0.341414655499019
-0.433073499208548
-0.248892391878926
-0.378906530429288
-0.364615820839518
-0.323821323498117
-0.315952570991539
-0.333146085844469
-0.420797778245724
-0.356870292732414
-0.430445803881942
-0.326218127529888
-0.291741299071265
-0.386008344781952
-0.443818739051367
-0.354472887659891
-0.383298092137417
-0.354359458678458
-0.309375307069106
-0.416121989403826
-0.288210179242309
-0.272827029523214
-0.260960930656209
-0.343059224615534
-0.320742169238555
-0.41353935264907
-0.357831440320515
-0.383309382617672
-0.29054272184005
-0.371531069993565
-0.190706968961989
-0.236710618795211
-0.242994323919546
-0.360902115858489
-0.228639473153379
-0.197285297234979
-0.347922101757762
-0.303936516153681
-0.15833049849517
-0.208088090613485
-0.180863092940776
-0.421938204051675
-0.174574171578528
-0.203648621839386
-0.273704108851239
-0.217170413982547
-0.154790899000338
-0.321730680654413
-0.268466947435698
-0.225883124033416
-0.206836526952216
-0.377735171825507
-0.308582643865014
-0.261704520190727
-0.418129022478263
-0.316221994871061
-0.276463077363847
-0.40803588214403
-0.148063584664369
-0.25913682428697
-0.149767720698701
-0.207775879005703
-0.331828833402948
-0.296905740196137
-0.252034604491516
-0.328295043023522
-0.293623527582044
-0.210509309402452
-0.233511586354479
-0.307548575596504
-0.221490893759558
-0.289535485411858
-0.108634331199585
-0.232915738788504
-0.209345858364512
-0.174528234518759
-0.0649666833638465
-0.119425017608627
-0.109057318097956
-0.0834702224737546
-0.300636095231087
-0.191184521687489
-0.309178262115185
-0.34212938790079
-0.0843575470913445
-0.309386621228896
-0.087418391872348
-0.192641719965131
-0.204467556896044
-0.17205594851528
-0.118537279664528
-0.127330115877216
-0.281405043027871
-0.211704468256188
-0.130373836880537
-0.0587954917050721
-0.154536196192495
-0.197963460574903
-0.101948537324194
-0.187468486319114
-0.267688594881667
-0.153097598618155
-0.133717359369084
-0.15606847973083
-0.215514485772188
-0.119578301908345
-0.131010871448093
-0.254377357755081
-0.0565196085572022
-0.1337149833138
-0.230902283219909
-0.178511467442252
-0.140605958040124
-0.150150700874153
-0.183372993863984
-0.10535522931681
-0.192642170694491
-0.191629918137748
-0.0588812316405803
0.0138115526278494
-0.128617438960069
-0.0561722616914804
-0.246454945548139
-0.15721235154591
-0.22409160629525
-0.128855014690069
-0.0915353521650687
-0.206143535883247
-0.00862809103319984
-0.0107795047227039
-0.216679599335061
-0.226738658064533
-0.284331086857861
-0.112439324294557
-0.105919206373485
-0.200404837302693
0.0228444476765603
-0.0534180675190223
-0.116358318970293
-0.0867882476348831
-0.0315280210158516
-0.142754203884142
-0.155057810491837
-0.101271132311615
0.0231321087193393
-0.0326703618406874
-0.073744587707126
-0.0785544366825107
0.0027149754401344
-0.0632258785909093
0.102625526368977
-0.217812611545225
-0.217517117115869
-0.0925181032470844
0.0191911174393551
-0.107303078541002
-0.071526748496475
-0.0690655900464167
-0.0921363327783081
-0.0788296952997194
0.00210879520068699
0.0867862328377451
-0.187972146464401
0.0640507774683876
-0.190706983183836
-0.0748916617459296
-0.213336660989963
-0.0439212402682036
0.0844145728968802
-0.09799822251066
-0.0676380840158082
0.00968312445400576
-0.0381610384632787
-0.0113225470437727
-0.0321527885546605
-0.117222384233093
-0.0106526636425792
0.115464285756005
0.166277878873351
-0.11843565400646
0.0326850056484926
0.00631188819179487
0.147686258048753
0.0727591113054186
-0.0340586131741912
-0.117149734744062
0.059924688786468
-0.0473568753222607
0.0879975233778277
-0.0451772299441188
-0.0357186635825586
-0.0583992006096267
-0.0538796569456595
-0.18035389407766
-0.140024582440084
-0.0238193624790698
0.0135237125208284
0.0757294340915989
-0.0413448664091366
0.0188760629042012
0.147335477938021
0.122342402249236
-0.0194548685646854
0.0433370698385319
0.0853678392004397
0.0457400992403849
0.104842160906742
0.138668047538328
-0.000705014463648464
0.0507583790565156
0.051945700021288
0.0965928928141409
0.0546566930867169
0.0340523224012896
0.154500217517657
0.225170528758066
0.135958409667828
0.148331273317139
-0.0204779890865422
0.185243978797466
-0.0491528436226044
0.0666774337873454
0.159308925003015
0.0411740837315616
-0.108074910571625
-0.145945061067698
0.0603480018593541
0.0796077102801957
0.233875671559576
-0.00621366211990081
0.0433890364841683
0.138706901289624
0.155686013867101
0.13397152611155
0.0758806608603584
0.128332304515524
0.212251528677305
0.00584889445443625
0.0497014686243475
0.26849326528464
-0.0486915268597011
0.141894100532728
0.202009799004213
0.0994683426946774
0.102250084983985
0.21073089331894
0.233262824314432
0.154827905224334
0.0909503897180126
0.106844666555168
0.0823790458741669
0.230363980836585
0.192896721069489
0.0751451949995589
0.288944049276201
0.0390086398771251
0.0821858304088779
0.186044207605314
0.0990216883898817
0.150187131785952
0.075374162103773
0.0780405132362181
0.137193218439228
0.137008963908937
0.0473881321846736
0.292787329627393
0.211199852742815
0.257675727312753
0.00684111593876826
0.0304608954270616
0.231316239589116
-0.0139595852513453
0.307252290683728
0.176379945872266
0.200367992386319
0.197290475416884
0.264132747454085
0.246847949060712
0.160974882785768
0.168102039091528
0.170294389361861
0.211036457756182
0.294487071739797
0.293584462829958
0.146786721300546
0.154128082974952
0.158505151446894
0.266118962018214
0.317774927534511
0.214974309555343
0.163676149570778
0.154391105239408
0.271934809731396
0.274348188320092
0.230257324379598
0.232643477761391
0.160070486406416
0.279057819670572
0.239278403296745
0.173743719894912
0.143175126871331
0.239295736107969
0.2372323767723
0.219687274375099
0.256957429675822
0.225623183057285
0.19644416759503
0.226156103544986
0.178002291745621
0.18407447553447
0.309765916262154
0.367417147086028
0.32827751007433
0.356250734333728
0.261580825695712
0.346290205586677
0.237350132154092
0.041002434863141
0.167808272370628
0.392916808209816
0.052158623155084
0.261954365003392
0.202908769857531
0.251067929606103
0.440124317181383
0.361629240394497
0.405241690587454
0.307960647455431
0.284277538291135
0.265324656692183
0.266691424802735
0.296345844400679
0.343347860463761
0.528366196396102
0.43179301731156
0.308922901262591
0.166377746956726
0.22502880229653
0.201944451828457
0.434479367087236
0.297998799067465
0.252835994867209
0.275842940665162
0.370687653766525
0.298655495659867
0.36473398400516
0.376641414254613
0.263587419534999
0.281780098951344
0.343257755002726
0.347241696289057
0.295573651693897
0.193865221875696
0.215644349044493
0.366844242821164
0.346908536972031
0.234196795433591
0.517660242994284
0.32780788011206
0.251421167881388
0.4089123194301
0.31294201774001
0.366871423535997
0.435800859157102
0.388858404782405
0.434399344103234
0.114633327547236
0.319999624872348
0.502355605834734
0.250055563227347
0.396317051589044
0.480896399348024
0.365180915206463
0.416227184221141
0.279770964058852
0.366772850650945
0.291347503877145
0.410323771136917
0.537782885582228
0.240376182008103
0.2782271358208
0.399912622218876
0.369080822106526
0.406726128138571
0.378398015627844
0.391348620120074
0.426104979411895
0.281364616814834
0.45508028155337
0.388002511466282
0.391072513393673
0.30077425913974
0.432502906815183
0.339175476879883
0.391235854003469
0.436506362896142
0.43753611489684
0.489196657283856
0.428871812651762
0.384299053088174
0.484298071268672
0.652998247972545
0.544571098781804
0.403468816423098
0.403960596997168
0.441847546260334
0.488331097476963
0.495596092052568
0.428897903675882
0.375030086482669
0.342338547428593
0.587612615457369
0.515980343862836
0.597123087353636
0.314220647591366
0.555502931590326
0.448363761907304
0.362841670999986
0.509631806371294
0.454495914184181
0.426741581165574
0.419411258564677
0.45844271527456
0.571602505014383
0.496829779877573
0.488090859232084
0.545480229804983
0.379148148638654
0.452878782834792
0.41782711569377
0.588826482114706
0.400205514248344
0.428566256942952
0.431703680895711
0.438347134134314
0.464168462002536
0.493027624393893
0.359032907646516
0.529859401450255
0.598646992316287
0.560068667589588
0.589320204457022
0.485125588156697
0.566630356783119
0.48288575282513
0.514996210851251
0.518348306721329
0.71488982983577
0.548839799473606
0.523906190059184
0.464294761932604
0.540008397309588
0.586632599560018
0.521581033269959
0.530889642915572
0.603840594131385
0.599285924326955
0.731431365017081
0.636091147196689
0.462650712669297
0.422634487777116
0.718232202084182
0.481171402279321
0.462291098104567
0.622510974887337
0.513353308942163
0.639995480786853
0.558371187650108
0.618571468255314
0.630391005478722
0.609754590436923
0.692424346953096
0.591546011647174
0.534931671611961
0.604791657617023
0.566075199466727
0.471029260721795
0.658316238854288
0.629509920392408
0.637472305030353
0.694230314985529
0.619556754154199
0.480975687799856
0.527873104728839
0.599722691818268
0.518373925437014
0.517193276178245
0.522863579441613
0.628594269772774
0.645684295475169
0.676458284304645
0.582767673847675
0.556509978504906
0.793867599949846
0.607467593899402
0.704079633179644
0.690445579372796
0.718002938454313
0.631712674358399
0.69966608492271
0.492970941555335
0.719299639425398
0.597353561201183
0.480525981600118
0.641220990473698
0.406954175072732
0.493746463438726
0.837271599828529
0.563172183592332
0.7739134329055
0.73225715673858
0.566941695261659
0.55187673573418
0.609076495266528
0.700519648796677
0.756862630049924
0.552955775028845
0.720379692462826
0.429162516788823
0.705796370094833
0.724062057385019
0.680163537825937
0.678794066423885
0.803973614008144
0.668318515687973
0.784123068686405
0.682628735893049
0.586554014241976
0.635867829652104
0.731122461213713
0.740146787356927
0.667373918314126
0.769301215840054
0.598470056632686
0.606452467946452
0.6609837304169
0.657734384608996
0.538597303307137
0.70585463186774
0.664335518213976
0.745211568767503
0.653737422454685
0.695980068855226
0.733252721159861
0.792954483268569
0.683884933505725
0.565984681425544
0.677720517380984
0.731009965058736
0.592505403116016
0.595127597816053
0.68015819381241
0.791548680623273
0.864688757556221
0.717315674457034
0.674526388552886
0.747332283681558
0.690704316179829
0.652179670865981
0.742122215055627
0.756769967282289
0.759400384309596
0.762767223154134
0.944979227091383
0.731094015184123
0.893663716595123
0.843471270688809
0.506898304916951
0.705025597586734
0.889984007404795
0.790276157214674
0.774050848069753
0.819467821019672
0.595360988820188
0.723300711806303
0.798026737998065
0.687221371158339
0.811540101168789
0.878969695325952
0.832149315280436
0.763492208390082
0.710350708805692
0.932830400043877
0.962027934717136
0.669936742137667
0.969212371439231
0.941021621220931
0.741235828623625
0.762187295515078
0.827307288970398
0.963353188055149
0.796936633085071
0.872983043348702
0.889216949562032
0.908345611273029
0.905443183608867
0.924533659812298
0.75244783029645
0.803103068949232
0.931012596414524
0.930286139424033
0.855763550883346
0.89878389885342
0.816159752305038
0.69999933214975
0.84162347365604
0.794632777341459
0.931429827138023
0.766642705562218
0.755753566438983
0.800751012354147
0.88097578243696
0.93862580732547
0.846101292704663
0.728511369033485
0.933539375604468
0.858677588206461
0.948210175251653
0.951360949650528
0.902736725819503
0.788525822330017
0.911304575316232
0.761152228088007
0.703172898890269
1.00639512876692
0.943686376845351
0.851011262960649
0.778057935262849
1.03237753961247
0.909453863689002
0.904092312963605
0.950913316017869
0.861109841317766
0.897467959264006
0.968207277086472
0.926290156921929
0.946171417541874
0.756991222954193
0.902971910714666
0.862707533317278
0.856814151269565
1.06766362980917
0.891308982584114
0.892697081048273
0.885633937020332
1.05009688742023
0.909551365650296
0.907365503976111
1.02291550134805
0.998482812825561
0.970139432009163
0.855741694842114
0.943110452526352
0.763500791716041
0.955561192695626
0.867564263811526
0.939923340140304
0.925106555031612
0.840251401442394
1.08220121356823
1.07832336697494
0.909659133262306
0.849469803484143
0.770511791696825
1.08782827011153
1.05960094341302
0.998770901901075
1.0561808504149
1.03649815730552
0.85374175938161
1.0025344509094
0.869462703205065
0.995537763060186
0.855733535238951
0.969464516455734
0.933669750253169
0.94595539240093
0.911318764735344
1.06226600425224
0.985005011164497
1.01717969800526
1.0521171997243
0.982902798340065
