-1.10250882701877
-0.941877870480806
-0.859878486874477
-0.961816749242155
-0.963206816480281
-1.06620008345672
-0.968641789012519
-0.990205076616459
-1.10748545783572
-0.889289816125868
-0.923639396166533
-1.05962754921805
-1.07788626184306
-0.967895777051609
-1.00556410691047
-1.04461193074103
-1.01423032349555
-0.94471813770248
-0.867310534977431
-0.996937445312335
-0.824903481083753
-0.914894261833712
-0.870899820089817
-0.898582564995864
-0.909744627098654
-1.00428667802518
-0.910348261855372
-1.0618844417697
-0.965947339803182
-0.939940237930645
-0.831992963903828
-0.84268995127148
-1.19589768815264
-0.871639754730526
-1.02375538909366
-0.912931114567277
-0.981612359337676
-0.896067802099993
-1.10376615743839
-0.911650107695369
-0.792544594753068
-0.965156996503228
-0.92207271179236
-1.01567373809019
-0.884879214886895
-0.922815290146765
-0.864663342751697
-0.934630192730885
-0.906863139007494
-0.917750922396471
-0.962614746839855
-0.860994773550234
-0.851249877907113
-0.831918279534989
-0.767043452790233
-0.804559273211189
-1.04395811034981
-0.75376450372143
-0.771564503494793
-0.721230945683509
-0.990401777590862
-0.799506209267855
-0.912131719758085
-0.785940385931714
-0.888529535153045
-1.03321101248142
-0.785139124197631
-0.833197922367396
-0.791682413793656
-0.703458025984558
-0.706229879273113
-0.754842853630084
-0.865989503663692
-0.988569868197309
-0.783091823089212
-0.927653533822686
-0.830639153240697
-0.960286899865963
-0.774051784683012
-0.878823009765159
-0.814134096948416
-0.827243178806067
-0.974223122653367
-0.810527892218794
-0.777878089030337
-0.780323867941167
-1.0214766486919
-0.891925566420638
-0.87196514902176
-0.747030690008093
-0.640855738745629
-0.661761626414719
-0.780049862110313
-0.909372518813925
-0.758915913411868
-0.778463437703052
-0.897080559553988
-0.860964829894253
-0.7986901669266
-0.821156492363928
-0.81712737146275
-0.804520938015915
-0.827739181096098
-0.857857639502952
-0.778967953402199
-0.700601549142945
-0.884372759872626
-0.712064565714709
-0.742794515019565
-0.802727659550482
-0.615270240151226
-0.962606455418914
-0.684549731363205
-0.831939524393438
-0.775913622111105
-0.785456355691122
-0.882145284741398
-0.703228400303913
-0.712609282539914
-0.684062702696526
-0.782158858267379
-0.780519801615504
-0.780761854746359
-0.641603542360227
-0.741563703872404
-0.793619397654961
-0.573298868172329
-0.711754486873577
-0.801890647288292
-0.724367609254155
-0.523468687915308
-0.680583758034146
-0.776021150340066
-0.791290842188475
-0.639976607035797
-0.706726917882347
-0.674773071576689
-0.610443871645873
-0.676950610881586
-0.874430936570856
-0.732470867230823
-0.699391248055926
-0.599425757703782
-0.648423265216944
-0.675574940208443
-0.666787932325123
-0.610087326713689
-0.683141151090412
-0.809849581825019
-0.688988629930827
-0.787731186587973
-0.734672986940248
-0.68569187129728
-0.773701362970129
-0.528484920769579
-0.639115501873396
-0.765665241239693
-0.7208108668238
-0.657883691348094
-0.733231438458759
-0.77059877348185
-0.539567279462094
-0.646263072363817
-0.594139040289461
-0.828504035081916
-0.681122004951716
-0.671230775320868
-0.628109071035354
-0.663788355944032
-0.758552530693127
-0.739870325921547
-0.551369093400137
-0.680580383901238
-0.65300608836948
-0.477451178109785
-0.716592796397002
-0.575975322955501
-0.72106814725643
-0.535478201964907
-0.52747134394779
-0.598161049099277
-0.745611130678102
-0.520274534393316
-0.585343691893317
-0.585659011753799
-0.523289785006729
-0.709128123020048
-0.715898832640376
-0.674286707430378
-0.728859703500849
-0.643145695898588
-0.760387675477875
-0.573231894150863
-0.614377697604474
-0.434790182489195
-0.532087507204322
-0.610100987991542
-0.592623729909161
-0.566225567148215
-0.629745213418286
-0.613400457314804
-0.61198554246323
-0.649228922916113
-0.507477514802331
-0.424067191766401
-0.534149836979839
-0.706008332079718
-0.456123176124908
-0.554969967808113
-0.494613901050066
-0.553049295488823
-0.688772746432658
-0.564876343769585
-0.52508791665525
-0.619867109057277
-0.445056551280396
-0.445741947675134
-0.534635002854025
-0.65320495721117
-0.65509894490649
-0.637631831261296
-0.598964874536338
-0.62323669943301
-0.621963022793878
-0.559908044926612
-0.534987625307562
-0.655067975156174
-0.618080888270571
-0.595568144365525
-0.586061236832964
-0.667857698248637
-0.557811218916664
-0.53652695806205
-0.343871341852867
-0.586464766985432
-0.570325685673404
-0.297978844239787
-0.552350582135115
-0.450153174861718
-0.579718739738297
-0.587794295595797
-0.797517888573053
-0.502728026814588
-0.498649794099463
-0.541162078799679
-0.595947845388685
-0.481285639522279
-0.502946855032463
-0.513458930320245
-0.513716156620434
-0.427967453138397
-0.369703357216277
-0.573696232799212
-0.506206398663094
-0.399761446308802
-0.444797027833622
-0.473399799643327
-0.377343233922744
-0.465651600695524
-0.559110486181386
-0.477611418965641
-0.59587485325497
-0.457904276300038
-0.42498427416215
-0.45744090093497
-0.421982678357212
-0.566756958238634
-0.609414283963918
-0.321145841861026
-0.388584494299464
-0.393872978016902
-0.359285559236249
-0.419762278140745
-0.427512287894509
-0.367434550029445
-0.500950753915474
-0.435117735819072
-0.645528935455336
-0.510959606477923
-0.538164879387219
-0.464109702205711
-0.465354021775241
-0.422026662596207
-0.425548457038998
-0.488138717062955
-0.254257021884874
-0.341433509691344
-0.445845872680177
-0.420661581612894
-0.331611825666499
-0.416803312766601
-0.476460202469964
-0.277631041174027
-0.447693881444792
-0.373638675563684
-0.295095117983928
-0.439688081901293
-0.337488196141297
-0.41237934702695
-0.330618229019391
-0.37667278175254
-0.426206795879843
-0.365753618334188
-0.217745534818397
-0.18935324667833
-0.435101365191686
-0.374518585125595
-0.386134529531583
-0.416786097376482
-0.440545186613044
-0.305296618621592
-0.401609888964561
-0.16267636738382
-0.34646206791225
-0.256388061001898
-0.532952852033866
-0.352627133916685
-0.331582653492708
-0.459752076724097
-0.253132661198696
-0.371766019202134
-0.344129169469056
-0.341825105513443
-0.31643414417184
-0.320198162250261
-0.432900675763452
-0.361878809294029
-0.423647455008463
-0.32684853978376
-0.293384262766784
-0.400660708360292
-0.457412918587672
-0.341478793676889
-0.380450346924626
-0.34322749179911
-0.335903321402847
-0.413551838190849
-0.263685233364956
-0.268829888303897
-0.257570179345471
-0.333904946962229
-0.339616271112959
-0.421547831273644
-0.362490173784027
-0.388430379373883
-0.279714362733356
-0.366044204973227
-0.212005985754929
-0.222536444783814
-0.238066794057542
-0.366285596005216
-0.230022536559524
-0.211658991026226
-0.35211850610693
-0.309881771918128
-0.161455022952655
-0.200454529480869
-0.206112977892031
-0.411005809273402
-0.203800402849485
-0.196458212544067
-0.309857813652479
-0.225416481494555
-0.134246866204349
-0.306593072138587
-0.245630087412391
-0.211673010945791
-0.202036528509912
-0.398024893889903
-0.308942260410021
-0.242936270139143
-0.4063959593866
-0.304716567065654
-0.242106162469886
-0.420990894796979
-0.168829460921813
-0.27320796808071
-0.121014308987597
-0.195641450998409
-0.334283476890337
-0.278248229436052
-0.24339338132172
-0.329962389503913
-0.306589117013117
-0.209144047118266
-0.241017182958016
-0.327813736115007
-0.226388309040217
-0.285995751537454
-0.111135301850456
-0.245501065094304
-0.194612641756222
-0.182356636444344
-0.0689950653571955
-0.0915408024608422
-0.10890933620816
-0.0831569372800117
-0.321992447220021
-0.202467662816215
-0.316212744610056
-0.333984842121509
-0.131614178378864
-0.282261858390277
-0.0812519168571349
-0.186890144698465
-0.202233079397251
-0.17322638637257
-0.111974446244683
-0.127745025949504
-0.261630359575652
-0.197120980164262
-0.103485710601728
-0.0406903149819611
-0.148771819103857
-0.225266750753914
-0.0941690032249006
-0.206662493915316
-0.273610767011545
-0.174038350902694
-0.154412506563856
-0.152920191615549
-0.245634727984302
-0.107028432734884
-0.141517468085325
-0.255573909503297
-0.0574605216062553
-0.139330123011371
-0.249519859559877
-0.186633664570997
-0.162562396262078
-0.131402451985534
-0.188241552470116
-0.119643362457063
-0.196222067753715
-0.202607667607996
-0.0375127923907404
0.0134066904429939
-0.103454874885373
-0.0482895355075486
-0.255474314371521
-0.152877568119088
-0.212607310694633
-0.118623099515382
-0.0876881512716363
-0.230954145695455
-0.0298997919037335
0.00327646907315007
-0.214197696562812
-0.240834424009965
-0.303642339155361
-0.120609671372512
-0.0789306456383619
-0.188868179547272
0.0227727506668984
-0.0540220952741489
-0.109460389518466
-0.102012149825689
-0.0323163810238918
-0.124789245818154
-0.162012720602926
-0.10465410789088
0.0367799417012641
-0.00515591397542736
-0.080759994175814
-0.0776585717616701
0.0178284165541042
-0.0495649550427087
0.0851307727627915
-0.239570548131232
-0.203805298686757
-0.105987412848841
0.0232729652520847
-0.121330434951712
-0.0613065659564405
-0.0795084951397376
-0.0955121849411081
-0.103353911452497
0.0193023599398267
0.10515574949513
-0.209734487006339
0.064605618400191
-0.213369991241065
-0.0745857891581662
-0.219655718322461
-0.0524146895822236
0.0908142089227432
-0.0907769233557489
-0.0851829750045685
0.0216763548025034
-0.0407064378707657
-0.0223885814001273
-0.0347080649329345
-0.114474083123749
-0.0308819495601196
0.137008222524992
0.143188154828751
-0.118226265556785
0.0217562310661838
-0.0077986194078056
0.170573189406652
0.0574441600501535
-0.0194403814353632
-0.140700250872759
0.0738793181917932
-0.036104948187176
0.0610718921719998
-0.0270345465478294
-0.0201298278154427
-0.0640348617205535
-0.0400029796689312
-0.154000328426277
-0.144663207047655
-0.00981824262942128
0.0176068238637251
0.0835429851305112
-0.0436100898283068
0.0435704163930655
0.169665465898457
0.118884925460103
-0.0275079941932703
0.0431863527030788
0.0922637868693718
0.0425978303219993
0.106519438353259
0.151224368533649
-0.00108250968968106
0.0318453955473409
0.0692785095411308
0.0864298818319763
0.0515686182738967
0.0532392058289915
0.135072545248893
0.203687081109046
0.136893445016696
0.123193781732294
0.00900378982244989
0.182876211299497
-0.0126502301817966
0.0715362335280235
0.145159424061467
0.0345059263525585
-0.11475332725029
-0.126212216200161
0.0621112993892705
0.0789153724926766
0.233737002487374
-0.00518147608703569
0.0394965029829028
0.122737012665147
0.150144092905289
0.130933610771364
0.0716415567119137
0.110651115510483
0.211634988841741
0.016773871878807
0.0258278119859042
0.268513076302838
-0.0549145275099819
0.130040674271421
0.225551618965759
0.0904123191766999
0.102605124193205
0.224128906789874
0.254116065283451
0.161153670476382
0.100752731652147
0.107074054136644
0.0816406863724176
0.221313730891617
0.149437277716776
0.0746410098805477
0.285927857481708
0.0297275102082739
0.0864610104661544
0.196835604880349
0.120870090530932
0.171731282579333
0.0898734461787389
0.0853887712868871
0.159574649724605
0.142726728417576
0.0385418545036198
0.286415223505208
0.207022436805837
0.243674666018938
0.0148245523624426
0.0280386288123495
0.256622345440917
-0.00286665034138228
0.321748105063646
0.169190006117086
0.186184197920375
0.21536388213443
0.253408661206619
0.237894542498058
0.176074975063545
0.178159146169841
0.159425404625274
0.213853389948072
0.307080902175429
0.283275065793825
0.137103356068718
0.156331700486904
0.154431756678961
0.244377705219284
0.33012546094164
0.227285744918592
0.16847628048337
0.148676528388686
0.273279612393697
0.297755234965629
0.221478879696623
0.220271445152602
0.169743196118687
0.250757609648016
0.240041883425371
0.152473414834513
0.126099154426072
0.272759386970368
0.237595913171285
0.216132329211094
0.258398767896764
0.20302825953888
0.232492216071461
0.246726064427493
0.170106892138407
0.169408626742522
0.299702682085916
0.354139860027141
0.309309570479955
0.342224333995117
0.238743849238968
0.339960856532494
0.242026300015798
0.0213646684816578
0.167201530989329
0.393197732387587
0.0474011427264013
0.261988695642751
0.248100085735572
0.270374621250661
0.429106208457731
0.370299074326103
0.390185252147852
0.285765001098818
0.276736838794925
0.256625218072467
0.271541751207222
0.290883167386215
0.343165110444859
0.53113229364777
0.433218316436639
0.29480856309535
0.159814490821947
0.217154546409307
0.203303369719773
0.403213913778561
0.305048935234757
0.280118773392415
0.290505317503673
0.361886516061589
0.314473091874303
0.385208993049053
0.37287023626273
0.254798284320234
0.300064437332862
0.323723569431893
0.326698735711267
0.322673815748023
0.201665713806889
0.226958261902402
0.37676254166031
0.345041469338816
0.19538853100096
0.5206031954317
0.317298788734748
0.258761471411922
0.406529695806442
0.322823604984874
0.348218848039769
0.455192403073407
0.381080826665503
0.4436372354537
0.104601905381012
0.323997429942981
0.474489043909326
0.244576271389113
0.401379654932311
0.480299919659286
0.3963208586888
0.403398008582733
0.261313505601298
0.357561364985895
0.296761363838225
0.408229081959979
0.544508915072389
0.239696141359694
0.261561833805812
0.36282007778492
0.355997534060233
0.417211222604352
0.369410835595796
0.38438120282661
0.414691083702408
0.304191709801053
0.462995846071894
0.406235870375724
0.388927743150572
0.309436932973188
0.418209522446922
0.341199726634161
0.365969485058595
0.440223164427767
0.438783956118273
0.479844130585561
0.459473771722583
0.380132530425279
0.469700408675169
0.656514904429205
0.559376060182654
0.39724548224256
0.416560930328714
0.461689766143441
0.484739336395576
0.476908840440867
0.415087215670118
0.370679233262073
0.333927457031503
0.601748826574676
0.51696845340304
0.614005684165994
0.301054452723624
0.554320854241194
0.454944244536257
0.38828019526192
0.533095819435647
0.454534368184883
0.452198457787948
0.418134896304544
0.457077917041939
0.573976863542439
0.515646917960911
0.4624573591184
0.55512088925108
0.394098937089545
0.443258856192772
0.421650561885562
0.559299745747512
0.408039332596675
0.399811398317841
0.454773456647017
0.420265355631609
0.439408882477785
0.52437290404113
0.35441246635902
0.526004900901951
0.607536400911084
0.565001732986101
0.604718736660666
0.476679472587465
0.56820249545925
0.476490542920318
0.510456582075635
0.526030998287551
0.703647164658715
0.52356414757136
0.515826531628413
0.484728114222414
0.557919152812183
0.572722589620729
0.504168454012526
0.520311095813041
0.614863615633903
0.597936639667262
0.74609199404075
0.632761909279282
0.448842608989519
0.431236965967432
0.711585402365311
0.471810954897808
0.465138699012125
0.607925438322678
0.503676051243938
0.642137074463252
0.573182905992393
0.654978790479891
0.608128362321314
0.593360860059776
0.689568395566972
0.59902681630179
0.53985086279473
0.614581504917496
0.560889928754885
0.466943973837511
0.653721429287485
0.625712423497934
0.61745971573219
0.677299932801195
0.614965330160691
0.474919315108551
0.517501172048344
0.616976875481979
0.522469679772794
0.53606522548135
0.515531398984569
0.636877606611116
0.637575821486696
0.702602763919596
0.589483548379861
0.545187772242489
0.798540745380854
0.612406706857189
0.723807275666728
0.665770696858275
0.728128529260399
0.647250292655102
0.698954799618914
0.505367523772473
0.687192533576275
0.590083775922516
0.463291339573258
0.628721199729469
0.424836416990036
0.509088125537352
0.823408448509119
0.545755552913019
0.788879095954183
0.731064261559882
0.595105560772966
0.571159751558641
0.592336467207144
0.693763254632932
0.768275611437907
0.538895453222123
0.718426708560359
0.423726381866594
0.705455473174526
0.737288988160381
0.664391976981197
0.665953900177986
0.798291568224381
0.662925533634942
0.798365907934936
0.688801403926444
0.585463726843388
0.642195188851412
0.755138914789148
0.756923089866203
0.659763365171742
0.774558624229458
0.588782055441383
0.601652708407608
0.649364392143734
0.658927019114302
0.527968347211288
0.685581169509154
0.655590474125299
0.754671431087708
0.645512654146212
0.710654045105382
0.706742165841238
0.784793339006849
0.701772820407924
0.562941784157461
0.667874780656239
0.761502340863629
0.613335649651097
0.585671325879239
0.690233673190133
0.781622063266607
0.864757064592286
0.708229831001253
0.677761581310021
0.747383228695872
0.655097072988719
0.636129845213844
0.745069086785308
0.758341357790649
0.7612156846841
0.739153294089677
0.967407003578599
0.722585061977608
0.893740549397559
0.837385003723603
0.496030097492945
0.696418358783181
0.862120586507212
0.78214388692426
0.770471020521167
0.835363825385103
0.617148470811421
0.723413258974971
0.807432827221093
0.667391846915193
0.812226199495676
0.891429643969651
0.838753923332333
0.792998144119564
0.723338723352067
0.940864127465568
0.973048209682793
0.627787568201206
0.983236718832592
0.93554590650645
0.744046995848608
0.758581533891444
0.840822899814838
0.965379002915211
0.791579217074869
0.866174605705106
0.873450994190246
0.917107407595294
0.895373108867686
0.906600500078525
0.761163247487589
0.784470822049978
0.926161631420205
0.926472292851271
0.855228543314829
0.885975183227946
0.814729868651575
0.701193689106761
0.820517457150554
0.792479029215104
0.925138085439967
0.767397403815473
0.730737333893945
0.791335392837971
0.877364087637613
0.934056716966253
0.853486118449548
0.740286172796988
0.931512622148751
0.856210411896306
0.935384044210344
0.948570262784088
0.893783599091795
0.799463307028444
0.919708820652985
0.758861509670118
0.680178949409932
1.01924062812403
0.95673915456137
0.855352868461847
0.769928021718417
1.04234694068417
0.887976288634665
0.903812988894009
0.929547425419802
0.859351676444266
0.879720084554841
0.962120120921222
0.918259048865418
0.950910731238541
0.760663259374241
0.908479070571152
0.863153682993426
0.866427648932925
1.08647134741241
0.87097048724375
0.898253125178228
0.87916341861557
1.04399244029224
0.907134235970765
0.899161835072417
1.01201106467667
0.98068892569485
0.976527723250687
0.843415702175557
0.91724764464143
0.745104511829105
0.965915437254135
0.86152077362485
0.953801001564477
0.939801368296378
0.827168600840405
1.08770522108894
1.06915050530992
0.931046095113863
0.846522130696793
0.782628146963681
1.10173318481742
1.04973041563229
0.980684936446733
1.04666816562532
1.01604084843505
0.844903651637131
0.984541978014711
0.862333167554858
1.02184784085816
0.866691537052806
0.969102248679289
0.937120436369416
0.96461959027328
0.917468842672536
1.07618675048988
0.997546522713788
1.00222764062614
1.02989297259549
0.953445085951284
