-0.822281297416162
-0.945872787888399
-1.10795354319722
-0.953153730496631
-1.08052407198449
-0.968490011393683
-1.01552981964779
-0.992554000999745
-1.07289682987234
-0.872883639842725
-0.901847474780616
-1.18787882290513
-0.987880142788172
-0.895281864677789
-1.01631354063231
-0.964151135214439
-0.978828855652891
-0.926834002938712
-1.01789640192645
-0.955895890796339
-0.944709308909549
-0.922559384600104
-0.805891077543142
-0.840808340435422
-0.966833627634544
-0.925647699596287
-0.889490339598548
-1.02777504589753
-0.93653010034533
-0.894403998425908
-0.872977775863998
-1.0560206050742
-0.761674499915621
-1.10916833114595
-0.923456486216226
-0.877257368623415
-0.910184400914124
-1.05337413197015
-1.06485072215767
-0.850315501504008
-0.941107379060989
-0.840957292126359
-0.91592519672957
-1.00970939910678
-0.836330273352735
-0.855411981799478
-0.940201304245022
-0.934307480963478
-1.01300380399447
-0.840167714109886
-0.92709766412813
-0.904059456996444
-0.876594282027764
-0.864344072257267
-0.72961397578608
-0.913035239172705
-0.907633323056351
-0.883032286839785
-0.900953892358842
-0.900154985318711
-0.790988878073678
-0.969579098929704
-0.965642077575077
-0.955296941617982
-0.984123747275429
-0.875400905542513
-0.919101546032367
-0.853125797518675
-0.865530898586909
-0.918239654439594
-0.941208603272917
-0.884831721909921
-0.997284657918387
-0.888289887980181
-0.836097132636771
-0.918359166514487
-0.815088767641155
-0.941873001990166
-0.83853005204662
-0.875084013122144
-1.00531726775606
-0.736126955079176
-0.883372159459087
-0.799855270973777
-0.863335739195107
-0.71985840837508
-0.784082985214438
-0.852905598518894
-0.823118195337385
-0.853683851756294
-0.761921468817705
-0.826028123900828
-0.695099952822224
-0.897854839104455
-0.779154892532872
-0.727469290926931
-0.796702125235336
-0.859367600694192
-0.880862508323003
-0.766446367821954
-0.716480072361034
-0.731329195881664
-0.699158280105934
-0.744867546197156
-0.788492940998593
-0.723578507534918
-0.779077836093894
-0.746046799531855
-0.720808992183396
-0.781039477337499
-0.647327262467315
-0.67513875646133
-0.823339306290978
-0.646428191095592
-0.840876277984686
-0.6133175744832
-0.788435232890323
-0.766653403098589
-0.602481252762494
-0.819445669759379
-0.726943807491483
-0.7498608164113
-0.763463644622545
-0.72518192592507
-0.590371848610687
-0.535946637981928
-0.857381802349761
-0.664618644078662
-0.750145809435226
-0.588875139034984
-0.739650988725616
-0.638214407000979
-0.656210624423108
-0.738441542479925
-0.877872214825529
-0.765277158934969
-0.841431576605333
-0.517296795101965
-0.688209883360438
-0.858194009211435
-0.70269809881907
-0.616316713406784
-0.704100981525874
-0.701784986127422
-0.807189120634202
-0.772568246938217
-0.700654555003427
-0.753203711388344
-0.656167290504956
-0.77104588177679
-0.583085395508492
-0.92310262344479
-0.730361499959883
-0.703339314249876
-0.652283422413591
-0.756218191304292
-0.532229999861448
-0.523094133226489
-0.705516731930281
-0.670633630869469
-0.750904887435141
-0.654061883114583
-0.672460416429481
-0.57494261587206
-0.713124342916958
-0.551258832229853
-0.599477834074947
-0.571317176988101
-0.695978010692486
-0.570731658003438
-0.81084841741627
-0.656624697704232
-0.745526956352468
-0.638516684798707
-0.613428270719688
-0.341167659437487
-0.702763484629416
-0.53763589843359
-0.56655908665478
-0.628561396630057
-0.796881246494073
-0.622575346978371
-0.691118601110434
-0.576894831739303
-0.709028708926238
-0.658187107500255
-0.514101677421542
-0.63299517312883
-0.636804059507347
-0.650633236347047
-0.505569829094108
-0.591979353022613
-0.592509963168429
-0.751007791287795
-0.711707220925438
-0.586654865164378
-0.723146518525371
-0.591430412003251
-0.44055356502304
-0.623038045014508
-0.586020200677049
-0.631531531812562
-0.587926536176968
-0.472469536702092
-0.650216906153068
-0.562612009703845
-0.618044401555612
-0.655991214172376
-0.596834587171081
-0.561538965940699
-0.422132585596124
-0.650958641961387
-0.64923173084894
-0.367995522304864
-0.558180311312834
-0.629613440056073
-0.611192386488158
-0.583698105076514
-0.63343077494262
-0.635053068490892
-0.562437074094427
-0.470562177140927
-0.463912424212707
-0.477040018963337
-0.547703391846142
-0.631674394761193
-0.563201710321586
-0.494262760507838
-0.539880351541459
-0.647625982765909
-0.486232568967711
-0.41663712351206
-0.514716414884566
-0.241901652216821
-0.453086479429805
-0.596307221840873
-0.414274190007282
-0.523475344990844
-0.604537460440507
-0.431982700410476
-0.466638582198328
-0.63039965690457
-0.706530295975244
-0.525605562410206
-0.511805584336151
-0.534441234668885
-0.536059906738588
-0.539860042092151
-0.524047276178473
-0.337523676790037
-0.441549896666436
-0.518803443243216
-0.580567821816814
-0.50369031067044
-0.516010771750188
-0.342179561217169
-0.51718890867932
-0.469600657055722
-0.6141061185437
-0.490150276414621
-0.450897606264596
-0.450524190501552
-0.433749686329612
-0.487479239631472
-0.465183346424925
-0.492454804906325
-0.554470213533768
-0.4131573604182
-0.450705917526996
-0.350764616815131
-0.575925863240312
-0.491734202403225
-0.398475149487066
-0.438170266470295
-0.404085271551131
-0.30883138467632
-0.325595010512848
-0.649530481700474
-0.36746025574041
-0.448835033668469
-0.300493130613841
-0.570695779631085
-0.458660514409934
-0.502833401530039
-0.373939396951546
-0.506160504307069
-0.273539574038147
-0.507680126387707
-0.51352712047569
-0.54242195422555
-0.355857531659892
-0.383151760873957
-0.487475564117464
-0.303701058274991
-0.44683955940862
-0.423399150700107
-0.402624622869567
-0.355180596858032
-0.30961505873425
-0.299429315947996
-0.419574052379478
-0.380336030705231
-0.356421469169773
-0.219824079121599
-0.391381660845262
-0.404656534674502
-0.349776894586107
-0.412518636583523
-0.397645823924931
-0.442801136318258
-0.331625058935573
-0.305802725139918
-0.367360329513178
-0.31617403664414
-0.456413328097146
-0.414635450307694
-0.370543371582951
-0.301256020223107
-0.37395243403465
-0.317002606316045
-0.198230334665875
-0.420865597925822
-0.513331901386461
-0.439833971047644
-0.276877026145735
-0.409371027127091
-0.357440017211893
-0.379877644650383
-0.315115869558888
-0.386339734850491
-0.365150292992244
-0.239025396901131
-0.221334100861371
-0.305820956775445
-0.380725764534224
-0.329254592730563
-0.225177146972581
-0.410094177064173
-0.289358901999611
-0.352932490385887
-0.303976742632239
-0.290880492124179
-0.265868992863083
-0.298582936427643
-0.190595710827327
-0.183434759785755
-0.1785122996212
-0.346099004276029
-0.313668948484238
-0.262311886188923
-0.380600258430812
-0.262329048227858
-0.276450225247957
-0.351680862236777
-0.218331660857291
-0.177888956979487
-0.169106208541657
-0.338831989850639
-0.172630999821841
-0.184892335516925
-0.135966528129938
-0.300832531447468
-0.349811504578131
-0.332828357622906
-0.267567500417855
-0.326066533079561
-0.300157586925788
-0.109728663294135
-0.144644469897168
-0.329192674881964
-0.259339422779982
-0.057590557119899
-0.294525280155469
-0.253746957650395
-0.117878293779376
-0.308655362784008
-0.256582233550929
-0.342351209748969
-0.287695183344876
-0.136028988215141
-0.286340931369576
-0.282300848045327
-0.155745776899172
-0.172629783472637
-0.0612105764769073
0.0439549374859915
-0.302718192031797
-0.214624532197153
-0.18123595091071
-0.160575719486449
-0.246987903091855
-0.131408694487841
-0.282312106435444
-0.325614939564242
-0.0865726991174
-0.223710346791687
-0.116894269903448
-0.175242268880712
-0.41635202309725
0.00951870293350799
-0.219010132534042
-0.0977403294423795
-0.224713764353226
-0.272257525730991
-0.162058782452631
-0.310344109499837
-0.141574244076608
-0.147270476441479
-0.216949328759299
-0.244831487777844
-0.385052576458525
-0.181081109893585
-0.142903943648881
-0.189262695283626
-0.129298164020372
-0.184980400956668
-0.16050557176093
-0.115428823942383
-0.080082246082955
-0.23586355901499
-0.238034107461389
-0.0534642764021114
-0.185769368765748
-0.0320925684643201
-0.136679132098584
-0.0973403750110154
-0.115713112693152
-0.143901727118428
0.0880043274874743
-0.159644972093043
-0.308283306103942
-0.189422241866695
-0.120199114137287
-0.115681970872945
0.0188120955795603
-0.0885605659942029
-0.225298383739996
-0.130888210420879
-0.158710364620881
-0.0778069701368575
-0.154580816176268
-0.107553391266264
0.00729651313087757
-0.105173701834482
-0.0805898416636704
-0.108217592436222
0.0306408381162763
-0.153327395540149
-0.103990924649411
0.0529625588889933
-0.0689454926821082
0.0530073669301329
0.00566599271200858
-0.122044666457981
-0.114322729939281
-0.100474445947527
-0.149969197087224
-0.0468557160696961
-0.114865529119175
0.136800039572717
-0.0414350893285338
-0.159553104406585
-0.129020983772119
-0.191909749359548
-0.00746176868154742
-0.0308937798107561
-0.00432161420182156
-0.0137365314913779
-0.0685841027057847
-0.131695776041865
-0.0921082842727968
-0.0493881867628983
-0.0807624014956791
-0.0476956004279363
-0.116664769438336
-0.096649503522778
-0.014216845099425
-0.115898481685267
-0.0334019380587023
-0.0710418347977123
-0.219237506469202
0.0364064993763135
0.0563586882368341
0.0696212151998911
-0.0482881185727766
-0.170805964478525
0.074578550934844
-0.0987676709252577
-0.0567030729963328
0.0222986355885641
-0.130691727642884
0.122063167780273
-0.0102130228410671
-0.0105174141619626
-0.107685103701245
-0.0196567850884797
-0.0964855334413233
0.00964123271852867
0.0398693945947304
-0.0249779006051443
0.187097880084877
-0.243357226303512
0.080989684468109
0.00714886969830449
0.128163409885372
-0.0324841496920766
0.139395280836561
-0.12233204115128
0.0886957625279868
0.0453990699437895
0.0560730279224286
0.0779443534019272
-0.0899260521504391
-0.115113177488628
-0.0504512790617944
0.104821834218489
-0.120549037433767
0.0959513929930896
0.0629830151678805
0.0319803678406063
0.05162466779414
0.053281641317036
0.0529709532571238
0.168914682231301
-0.139316786368423
-0.0405206339063943
0.139763524868099
0.0429506551596381
0.0680325024407213
-0.106608179175884
0.0311148016757647
0.170507647148042
0.0663155420347419
-0.142153826278444
0.0215069492017097
0.110872277092819
0.0174454498529467
0.0506092813054636
0.0910940362864127
0.11587425623762
0.171575242415425
0.153516053608297
0.0994105293851377
0.133691012538246
0.0985287995934823
-0.075609575993942
0.235072325360652
0.0773444550847998
0.0260041551811615
0.0749973691706589
0.214662993473184
0.103435242930394
0.139325359424174
0.189855773450626
0.11290332674278
0.206949864321194
0.0478947634322653
0.178690967822347
0.160351354787025
0.244424090130865
0.155336112182557
0.229777898596469
-0.0256921175717149
0.207388320597761
0.0922783775028483
0.0971823232458498
0.139356564049899
0.0140018640803961
0.0504562283721911
0.222662540325131
0.205137194511495
0.183474779383436
0.229200253665932
0.246431322507247
0.0572721676734492
0.160968199446958
0.134511908143868
0.0728981858168531
0.142757357432341
0.229256442821459
0.283927168774736
0.0940964085694303
0.00208919690530399
0.181603148162254
0.0690638748377177
0.122446471654552
0.115196252640426
0.156661180657419
0.166627276432791
0.181382116613657
0.286408609199949
0.0751156180588042
0.190204706140852
0.302814171653532
0.293042532482433
0.203174716843772
0.0587428826960565
0.135041771523349
0.46924504450348
0.25884233929749
0.147830609052599
0.0879598303426881
0.196371604305719
0.114721176849396
0.210970793873783
0.289236957033076
0.129753201736246
0.300608534183783
0.233064184598467
0.308154215807027
0.0922644212027961
0.169215835418918
0.0959893844546961
0.183811036113344
0.162489051376929
0.0882646442771228
0.368288163895857
0.316553242162045
0.237856235577538
0.315605766508496
0.2162678250416
0.279163019725105
0.342843919355413
0.25349242228706
0.274529189585662
0.199208066400845
0.24622282605176
0.376117999969854
0.222130251905461
0.327727334853999
0.31397591442332
0.0982462597036061
0.2851503598022
0.244003170745963
0.32918072132616
0.164011249811441
0.222087135724051
0.129156663519606
0.351114620293046
0.136714039382427
0.355324263636307
0.287302634546637
0.374589210575311
0.289340297289738
0.446298934281799
0.417719352034763
0.317437931587064
0.302766726020691
0.188754555682058
0.325068697760926
0.38637529596319
0.177515125956541
0.220884217961629
0.282011739791071
0.329314496677858
0.309102793165177
0.295081308230586
0.147183015185112
0.382247357680174
0.445615751003333
0.252430851147031
0.385916529847154
0.211234792830651
0.219311889463207
0.203686971527886
0.387425211704643
0.568549184180376
0.255134259977807
0.235934638492751
0.347356167252537
0.378351794348505
0.378984264158521
0.453891247157334
0.385374932608922
0.430158730992391
0.25025537025399
0.269321963294553
0.442826475940401
0.323655921047065
0.273007911980174
0.495765085909847
0.460954153515414
0.343767472897109
0.296541235507455
0.280672809312174
0.299449779017517
0.425864889892682
0.393939754630845
0.361868824713104
0.311333101153279
0.335907005832945
0.274934371940984
0.364481310843793
0.361182883491943
0.259279871737999
0.356889407923068
0.322231174375844
0.22537151445246
0.506245879691459
0.431552268648358
0.443934188648153
0.453529964166089
0.588913263535352
0.363106236200399
0.247634743343261
0.505362955457317
0.454157141489849
0.363091876247139
0.496177228142983
0.42163961538716
0.608084263897264
0.344566001252849
0.377245003340213
0.463267258650065
0.404191773929784
0.413666550819794
0.446726053147719
0.469699381783812
0.40045777840764
0.38195378844369
0.434285621357653
0.663994550129594
0.458784418219443
0.568993685791217
0.504490538531744
0.372982089834761
0.603420873236912
0.579841927862734
0.45508280100576
0.534228926415974
0.372519846322789
0.310613431826005
0.485606330335233
0.480543136151825
0.585737122307726
0.369163785841156
0.383844611013617
0.408722975633283
0.366604116528684
0.369019477983468
0.563202387853456
0.475053388769417
0.546612603948566
0.481421355888495
0.440971512443029
0.519549012038606
0.560619397472301
0.544451750157361
0.666595162704854
0.478308445136061
0.446400246194457
0.643609727178774
0.555131316440521
0.447930010481151
0.525054010735154
0.466430564985936
0.469465814091349
0.454536046424156
0.590002553028027
0.604314209515068
0.656759139852364
0.611334499779832
0.551912051456819
0.566236103531881
0.617866098496621
0.641685273509403
0.582361421059834
0.548573783501941
0.552818747304302
0.495781230471902
0.565363702492801
0.531124244102707
0.544825300578266
0.514698242489995
0.450248999696303
0.589567980825132
0.580239617609348
0.643787951889711
0.582664180416449
0.594485527559713
0.545039843503725
0.572772917875126
0.480237187692102
0.56930262545148
0.524429267835002
0.599182820477402
0.576533645631816
0.507836379307387
0.593622898760628
0.476452788171058
0.535535386716818
0.539602316706021
0.62726539733176
0.62943583214336
0.643621844243261
0.50724312070146
0.501884676712802
0.546489829572579
0.512825329840563
0.762502768604203
0.675737002495903
0.41590051694854
0.510986532332877
0.657718129667239
0.629798361755061
0.444662118819308
0.627855332133903
0.617497489833778
0.565418809092781
0.570860750237494
0.573174010567374
0.754244703749289
0.566684146707015
0.562756930389463
0.643083921514826
0.643822479544909
0.554310807296839
0.609575462296579
0.766457848613908
0.637073857899005
0.572483550252206
0.678166491345239
0.702837449086034
0.711487288664241
0.581199107989786
0.709169299007522
0.69409437206746
0.46864222256936
0.548936814613844
0.539107609354582
0.579764856787859
0.720545616220729
0.582277022877902
0.748380951448678
0.739732047749609
0.665327696616278
0.841156547630215
0.644273662942221
0.784138346625662
0.632670606869175
0.732613728669642
0.663346784756959
0.864620821798413
0.639945381399884
0.481780617275973
0.728486437545173
0.814458999088951
0.648870022557739
0.754733599849211
0.603219178677608
0.557759268463761
0.815127577772156
0.684595531620659
0.603383470494887
0.699625816762133
0.921688302445182
0.6505770765561
0.782246161882701
0.742120021082882
0.786630745251564
0.881618557198562
0.630856845512436
0.799352148501681
0.798748938068628
0.63453298505303
0.650101739802685
0.740951766564879
0.60599766243082
0.62709136288577
0.727031226308332
0.591446744804957
0.666701611855956
0.835063338151504
0.753982213148112
0.927943221528872
0.784873576762379
0.754863396156321
0.691029304048964
0.923094057898076
0.88011213429704
0.687716628400222
0.80620188404152
0.711844727796459
0.792974434384004
0.769992674374674
0.722734631140473
0.759331343284243
0.867197011386069
0.676292194425331
0.65120260249219
0.896779960852453
0.828206075852106
0.781144873564546
0.832240339295454
0.778035618169001
0.735476291773787
0.895524966429336
0.849753333710639
0.908274522211523
0.800465563547347
0.703276932895303
0.673574318183007
0.783272192030095
0.834258913067738
0.867490079857681
0.999142240275636
0.886912695361088
0.814772266511059
0.784651852684859
0.852563955479983
0.858898642665878
0.765020475319102
0.694215139520721
0.90377601046307
0.951617138337715
0.972979877104801
0.868831041997774
0.954063900435652
0.842803927865879
1.01002518528212
0.775001692940492
0.974594941950661
0.94827680758697
0.872961469236037
0.84616737473441
0.844969606325066
0.787221189609121
0.838795702041469
1.00970052333486
0.868385511812381
0.916054432294707
0.805047963697465
0.827577840820403
0.996906055667853
0.91145738234762
0.85023242187843
0.934032678265352
1.02765677920204
0.880858099034453
0.961309671513781
0.953350358661869
0.85252157590658
0.874696344602468
0.961788572427012
0.907338563411402
0.826823150496158
0.934020146317729
0.891603156072528
0.896770139641836
0.896264163813422
0.96692873846975
0.802050767642389
0.98329511857193
0.88056899781652
0.833741934830653
1.02364787440134
0.899817933654117
0.850563784534791
1.06440130516289
0.901304075227255
0.985392863089023
0.893145326040576
0.868404828932006
0.867446306756914
1.10204542905722
0.99849040683607
0.742528469314201
1.1193125392939
0.99759569926661
1.00534262780805
0.97878615592843
0.9126562555313
0.901024664064525
0.935360965280118
0.848816751740385
0.875006187080152
0.856478038544767
0.994053853029748
1.03591154353083
0.884896534865655
0.800479572537252
0.931693206715892
0.976831623942688
0.888079745306678
0.975345856372475
0.923550656692189
0.978831844646278
0.961316912626209
0.82564359775537
0.962181512912922
1.00562753496228
1.05354561515835
1.06240774703647
1.0233661021679
0.976993253452613
1.04637354093225
1.12827264683831
0.962053553928843
0.998960500481453
1.16499749139068
