-1.06653845625681
-0.978564442004363
-0.991468756959687
-0.933990507270905
-0.901404679974662
-1.10428303706775
-1.06263464433542
-1.1050277199935
-1.08830692600405
-1.09114552979392
-0.941767845002584
-1.05406439057241
-0.960642919108377
-0.964035962063568
-1.03356000239162
-1.00253579061116
-1.04817729117416
-0.968549916810254
-0.820557546162138
-1.08512896861819
-0.858855144944021
-0.944820847996938
-0.973931027077286
-0.906203304885006
-0.89283512690304
-0.883142214470829
-0.940126610807903
-0.83813709076278
-1.01236297909596
-0.845184040105394
-0.954749841041388
-0.781818880214369
-0.991041630099831
-0.7401394877137
-0.985750371372433
-1.02291368296826
-0.905834763785771
-0.920339407325565
-0.733125149218057
-0.823928773382243
-0.889915055716164
-1.03781512075315
-1.03294257707501
-0.733832762640371
-0.820753442873667
-1.06131499615933
-0.899198772378779
-0.785126055857547
-0.755846505922258
-0.907451244308883
-0.946223960193009
-0.966455198971322
-0.969864777568212
-0.919200537824935
-0.972340019544264
-0.94681849099522
-0.854579147241018
-1.02727530115702
-0.831629668293672
-0.891110824245152
-0.912908744955988
-0.794954034361082
-0.935185464354928
-0.903616543136595
-0.869627582345411
-0.757195927864105
-0.919027831993931
-0.877564302798717
-0.830474162370086
-0.888866168147451
-0.96019019875929
-0.845395578342147
-0.791769354867775
-0.797224253122243
-0.68664044618042
-0.805182747585724
-0.779774568591312
-0.842070308526046
-1.01709785903845
-0.874843866214511
-0.798617718214872
-0.865755567547839
-0.769915611408835
-0.750483134638098
-0.859492480616185
-0.958392034423619
-0.737672353961002
-0.997248526031255
-0.792556213131242
-0.793907448408459
-0.955960974998936
-0.911827528340519
-0.775610127323856
-0.877194453011298
-0.940036294580452
-0.818767810430601
-0.758324210341327
-0.885298790898126
-0.687473786617489
-0.771842165110499
-0.804712716743344
-0.731806772990338
-0.815524231035919
-0.926379840031831
-0.908129720791984
-0.765908533384119
-0.887559569782112
-0.763537728922229
-0.772363147056004
-0.916063277641064
-0.677189762780958
-0.749756362147009
-0.802548033671629
-0.780592869050388
-0.771379791528191
-0.755637421568704
-0.735131608881546
-0.792899477853509
-0.684061703071477
-0.801996632692793
-0.825149480651836
-0.870256297983746
-0.661455933553528
-0.724497941153917
-0.665086558190318
-0.70633677027659
-0.827593960879902
-0.871257562494045
-0.802087316648856
-0.738798456988246
-0.825951276626887
-0.652362079625502
-0.653029813341163
-0.787572521167328
-0.671433855434328
-0.689124726393033
-0.848606972151818
-0.832548158226245
-0.72266725156836
-0.678114278298682
-0.772725170642683
-0.768738099592911
-0.730799596885815
-0.794591315175084
-0.755758337615225
-0.868728198166696
-0.68091350859062
-0.748270906167994
-0.720913491451485
-0.690584603423239
-0.727982280024698
-0.695469635846526
-0.56879209033073
-0.635324273731386
-0.564847918493455
-0.626725865550846
-0.598613768870507
-0.66510544381036
-0.738587470133008
-0.676522736122862
-0.715253877019146
-0.849685166773425
-0.746743484886578
-0.594657078547875
-0.608233259657533
-0.654413589896078
-0.569780156596979
-0.868830179242502
-0.603329780999848
-0.655157774394471
-0.725501313960239
-0.739176080890859
-0.695214106945123
-0.767469608942943
-0.559101256151785
-0.590353917658872
-0.613064194600566
-0.768814371461544
-0.640690398528128
-0.506994774571459
-0.456242360558104
-0.681188952087978
-0.734215558093344
-0.506955890340167
-0.63845832257717
-0.575002269569655
-0.785862848319485
-0.672379824519365
-0.701313045867358
-0.628008472839231
-0.670808973521871
-0.598324263718956
-0.486876755854379
-0.746387401961029
-0.679578767189084
-0.606699534319258
-0.714043111881292
-0.715154872305026
-0.616957069267519
-0.718258978793879
-0.607575896845381
-0.676436304740476
-0.503220115323657
-0.653761932022212
-0.648707661088721
-0.60705362376813
-0.490673372311782
-0.60181697409716
-0.698879304111051
-0.641313098287137
-0.608006260366657
-0.558006931847896
-0.5363228005414
-0.53836681820602
-0.612291401837743
-0.635094989673875
-0.584813911289825
-0.519949041775363
-0.454290120148536
-0.58869217106499
-0.591548137226904
-0.719142708220943
-0.390364387051908
-0.463561911803673
-0.517691272304317
-0.584367878398233
-0.549848853973231
-0.589968428500411
-0.423368549991557
-0.694698748625914
-0.62921664959891
-0.565472990438152
-0.452151201752737
-0.43077647482554
-0.444208103352234
-0.674462581032085
-0.298786977110199
-0.517543323248231
-0.515218608913996
-0.487382391543252
-0.538669141707653
-0.567165875648852
-0.392534859498062
-0.460318627711176
-0.514220299086901
-0.473406985131821
-0.539648902131959
-0.447678902696489
-0.375805871417074
-0.616566205195385
-0.566126670828473
-0.573397900182902
-0.522493764574263
-0.560151052911356
-0.47157692396362
-0.359186314576256
-0.539310373176707
-0.463548093863548
-0.561804234383994
-0.593605907175499
-0.291378668207774
-0.433146495501913
-0.391227692568628
-0.641600392708021
-0.441762820166633
-0.339878523205937
-0.443608126585231
-0.406743640689919
-0.505008052564355
-0.440830835825747
-0.539677088019722
-0.377133494096374
-0.507534878593785
-0.481687174110543
-0.416068649734207
-0.411368567660679
-0.541194890500882
-0.349408558147033
-0.490598172689646
-0.442595685737254
-0.417587811814684
-0.490797697784773
-0.553957444431937
-0.4693846414793
-0.222617622490367
-0.36480568850501
-0.401127847190159
-0.375152777790389
-0.527226497009102
-0.31651177025856
-0.538505884434691
-0.396460561460817
-0.390318283051708
-0.170449447855447
-0.420615270048604
-0.413222979417363
-0.37707636478973
-0.522994458210258
-0.439737390337272
-0.466802137661415
-0.330266906802158
-0.507272364848542
-0.506959428238688
-0.362331404397995
-0.47524296250746
-0.346871768376269
-0.450971732091257
-0.331978483533358
-0.484084201036228
-0.408628329505741
-0.493647751052921
-0.344722639166413
-0.387160647454864
-0.237618667077334
-0.420632978337177
-0.214988695550995
-0.561204185396089
-0.154123200578944
-0.293394318608075
-0.339429962918432
-0.358912697260727
-0.281913596278628
-0.27051169599311
-0.495636892549452
-0.280787622578249
-0.352715744514081
-0.300564097213349
-0.468738764740409
-0.249451914710853
-0.495935516251156
-0.335157331438244
-0.394835369869617
-0.282495346502784
-0.506531051333288
-0.210763714324369
-0.285443886332039
-0.18829326291881
-0.359496918046424
-0.236786932561359
-0.323496762433302
-0.268263660841876
-0.255899647397867
-0.32017805575114
-0.355578047439397
-0.211667274582766
-0.157282256274552
-0.318194846145815
-0.341752989893399
-0.350745572412158
-0.331912251393594
-0.204920165453885
-0.185254028057353
-0.239522704338251
-0.304855600031061
-0.151475890103603
-0.329605842384478
-0.252085166504045
-0.266205594247922
-0.282519944778019
-0.270481914610134
-0.229271145760093
-0.385992072895423
-0.240696714106113
-0.374303613996453
-0.306679319364811
-0.245596101826198
-0.336997308691278
-0.174550534918662
-0.30907615825232
-0.307683270261465
-0.182573435565404
-0.15187525502817
-0.393409111075094
-0.228472774997103
-0.276417210593109
-0.261732058414478
-0.292250683799308
-0.267767510827292
-0.301223745666124
-0.268160381536963
-0.143042904976536
-0.198786849982676
-0.399889566316309
-0.17513646744622
-0.188261630458993
-0.162542605109735
-0.188859992167667
-0.290580188065081
-0.157973730004603
-0.312300652830364
-0.180354940479945
-0.204012982524203
-0.323324650373171
-0.250054214467
-0.245390009890703
-0.108722498588841
-0.266767860562234
-0.246100575358067
-0.316624270463356
-0.147005315266598
-0.0902974716317515
-0.0392393497250985
-0.194295362633623
-0.168962244097161
-0.3235324243562
-0.321161168006625
-0.148676444264506
-0.125668826397199
-0.097942929578707
-0.244983659764838
-0.192434918649703
-0.10031432303279
-0.13509714489556
-0.279345184447832
-0.158656299440147
-0.239369561882209
-0.13630177645924
-0.00963571529014622
-0.100601940840751
-0.136082828355766
-0.0898406804227824
-0.120829843196392
-0.0893404271644083
-0.131468956316398
-0.101068900558162
-0.16386430482959
-0.0370259574459834
-0.113629768041891
-0.128107655806234
-0.259683698885157
-0.0325228228670801
-0.17680121585742
-0.154181916860889
-0.179027869708767
-0.106109242909733
-0.165609273534218
-0.301197020209387
-0.100456094878859
-0.037162102750807
-0.222776414645216
-0.217101915877456
-0.186634350722589
-0.0832868986972289
-0.0563849180761885
-0.2283459732934
0.040178767929801
-0.0633469112067193
-0.00347620119061307
-0.253549938933748
-0.0865640060894459
-0.215379200286652
-0.110219154486042
-0.213582518111468
-0.111886407780063
0.0124566736380157
-0.110030738822104
-0.231318173815413
-0.0645649207906505
-0.0228292986366695
-0.00408645826523786
-0.159324303034752
-0.137470369233313
-0.00222262958080992
-0.13665917180113
-0.137030428983626
-0.101910876602042
0.0545684979181476
-0.0765944473318699
-0.061047807629315
-0.140661178322709
-0.0363999652717582
-0.185519409415588
0.0324001358883761
-0.0127531384083193
0.0220467177183923
-0.080157709400007
-0.185917459782721
-0.029885326995871
0.0200617980048384
-0.0577865410944354
-0.163641618064368
0.183436027000312
-0.0935752360768796
0.019394825472115
-0.161293758317712
-0.0678155752340791
0.0687300206109405
0.0528520879609982
-0.0457630219368457
-0.0673270703987398
0.0201578821658602
0.0329042763668649
0.0441651265144774
0.0406765617130899
-0.0746458537968978
-0.00827033683752034
0.00914036230217041
0.0738878078197945
-0.0498863517911411
0.0220428377486
0.0160383077851501
-0.089569977992135
0.092085033435158
-0.0504770836297572
0.136879305046904
0.102019572212558
-0.0392290010935235
0.0675210478288986
0.110617939520736
0.0542249195998157
-0.00945804593099379
0.0370223149985848
0.0645870248254379
0.108890547245496
-0.114621034401015
-0.0348552144011081
0.0811197326006283
0.0895939634842079
-0.00409338392191017
0.073528821052334
0.0467323589075897
0.135380530494897
-0.0937312011729741
0.097396099368616
0.00777003641308836
0.158497486128418
0.168570153845549
0.0591262926893837
0.0697094686140049
-0.101807422064925
0.145147670734572
0.0385444412964685
0.159754325129929
0.109859779392937
0.119036358893737
0.049681167629363
-0.030481688249901
0.169995110942346
0.194346936999844
0.108352514127625
0.100598658589345
0.0893477837438415
0.23949925951364
0.00749372233897667
0.17074194925039
0.182651942456329
0.123816524593553
0.239183624057345
0.0686343752293063
0.264584542945622
0.117378713473705
-0.0139723843026627
0.215755786163753
0.0890051248514091
0.145847996924848
0.323553819826141
0.0295469803304226
0.104925938848321
0.301915465229119
0.0238369624248841
0.00922504770699402
0.119167229464969
-0.0423200013676987
0.212487845404982
0.207892699996834
0.146240725100189
0.0149520125596568
0.220994924058415
0.161758080811572
0.113998617554616
0.161941670962876
0.187225290800138
-0.0482987915939173
0.182237112649867
-0.102096511392197
0.0811891754622669
0.21851201092389
0.214923673033116
0.239757246364394
0.327340716560842
0.172320669574076
0.346878985644991
0.202231451786534
0.192642217863368
0.174929032524088
0.19743846079902
0.137959005346128
0.136994508681809
0.158864165907219
0.188121835007232
0.203128727146267
0.286398810387974
0.191715570180467
0.204642477502978
0.252318377727124
0.107469696728651
0.275743122594254
0.235598852218013
0.284720049502244
0.242218062088011
0.164293430796341
0.374446865866921
0.155647141510399
0.375030553320089
0.325466430842296
0.076556162064181
0.220541793767291
0.425221493161331
0.204423145706681
0.38216714555954
0.100129306900113
0.18740921929914
0.370386818725792
0.212028016990678
0.212308770837335
0.310973999416713
0.235267642432239
0.239996146115002
0.322412875661825
0.209439105291607
0.208458851391719
0.304768272503628
0.386033674329285
0.332377212793691
0.233676622652443
0.204708888378709
0.25168054201816
0.294320452883185
0.33066518181732
0.222083400022946
0.31107337627321
0.197509317102915
0.2175603035807
0.195207391335358
0.290535364158868
0.316046563827453
0.329465549646216
0.261248268826033
0.116386420232327
0.304469145901139
0.386831629985202
0.217381716345662
0.42368861747514
0.284554225156623
0.384815212275909
0.274135037496633
0.290517751869856
0.283446144485332
0.27440670515886
0.30656295078007
0.147272168115155
0.221537427738544
0.52214135810031
0.351877788655452
0.31143437882687
0.404447350221739
0.268102194416358
0.371144875358216
0.180161474936692
0.237105009784278
0.434030185991967
0.3359985165202
0.181117096227704
0.376689057951698
0.2019490746217
0.29875047637067
0.338235312935226
0.3239337690625
0.323020378420712
0.314284499113563
0.277111205591155
0.269733982114215
0.287221088293679
0.293475827300328
0.388327642251411
0.337947406387768
0.360358969963564
0.193705027396416
0.342210663935738
0.302302062792172
0.449708212834831
0.352419357065056
0.288653809915534
0.378054276956044
0.339773570737131
0.305235691309694
0.386260025550308
0.462811529596994
0.420361690632533
0.506038268358095
0.330516856095938
0.273151971661715
0.619025783251162
0.322697693891835
0.328535829496028
0.522494588739344
0.424789887177582
0.342674989436929
0.378193697179591
0.414883130467776
0.457877883697024
0.40174076606785
0.387364431212074
0.315649387681639
0.228162996553163
0.39391397451539
0.402517907123841
0.335636650274751
0.582530999722799
0.379444318945217
0.433482256597566
0.477197284886419
0.443740475178579
0.496699746151649
0.391275963984994
0.464822862568975
0.368093320341984
0.359528844348874
0.370496109170257
0.410806942009793
0.336921713081925
0.455286167023005
0.462254094410144
0.465923877814569
0.451342492166081
0.342270735006108
0.249543043427865
0.595573184029632
0.450044653811253
0.548920239174518
0.474695305716922
0.507341033599499
0.470997155281383
0.423084138940542
0.4735935918889
0.484421122101293
0.395016821405214
0.447219014003363
0.493662521675458
0.416659271798356
0.461771733417013
0.464429844814569
0.479055409799235
0.582601430637061
0.48190509304267
0.500284456763624
0.543120209019295
0.454998389704614
0.602734691193679
0.334747918910459
0.427003604034128
0.689513007077417
0.547502691349847
0.50133779654391
0.444871392097645
0.582722828072725
0.524236682090116
0.455622754203801
0.473327825868954
0.54102880956707
0.619602960157694
0.526033692341093
0.420883518858752
0.549345377855073
0.50994948891407
0.473764588536824
0.739036131634671
0.439050849809054
0.583539147310472
0.611293792215368
0.524959155956885
0.573666263008993
0.5931411415403
0.648019328757386
0.60166812193312
0.722812810734249
0.540439462789565
0.601103089323015
0.602741807634905
0.46624286269074
0.507395344007538
0.608051189689741
0.693657909991777
0.52573129456302
0.616286452685135
0.612783835351662
0.477185398407869
0.546540181689768
0.531746911527724
0.663210708466138
0.649921001332744
0.554360082216367
0.466186441116107
0.657947539425629
0.676699194162389
0.596215068124246
0.664707238963982
0.742084799208349
0.60639289176983
0.597370794043382
0.713171512390767
0.68755505194916
0.611341296584836
0.579083257011461
0.622106698622127
0.57095042881945
0.558350352033682
0.649014533669816
0.562325484795375
0.630553118777733
0.542981881928751
0.520964820445116
0.696192207353797
0.578933350390454
0.579910449111083
0.779995874125637
0.414116100179561
0.578393028724688
0.656604967058462
0.684529822599094
0.606162049970063
0.663546909522693
0.688570333673672
0.594842234706844
0.724027606695682
0.621536267238235
0.777981176233032
0.627270093284927
0.577506745606426
0.73253831068958
0.735847354259278
0.629014804345084
0.712845237450573
0.737329617475853
0.498386404712767
0.811563152705697
0.639944273893286
0.755408563678081
0.789956210545343
0.600749420093228
0.786821449234843
0.775489622606956
0.634659626780969
0.782048878159483
0.649388934712613
0.520876683278657
0.684482057309769
0.620947498250359
0.781711121198158
0.749732567787816
0.591575279051855
0.629008704271426
0.615274906110075
0.818518466603845
0.792641378919943
0.734765656484029
0.582670416079396
0.666590402450172
0.57909122425438
0.662139136102332
0.661891075961828
0.599106897272355
0.735850888522072
0.765734052997067
0.739803657643553
0.62010510611535
0.572792150018508
0.875978662964175
0.688549339802226
0.769624001678205
0.732346515873816
0.710195046479193
0.775333880640772
0.603920723902714
0.718785118719577
0.904406092859966
0.869955861959675
0.701460991021551
0.90270950780782
0.81175920913289
0.684195733476249
0.740663014623589
0.848296938817426
0.79422012434219
0.841796830652248
0.6804498893004
0.720646920511901
0.774869410447463
0.669705131726951
0.913294421273376
0.822854459900779
0.610511701024096
0.682705289320923
0.744993410059862
0.870112031328946
0.762544000547953
0.814367996338004
0.84315666469218
0.791329867162107
0.632003063391705
0.873238328769608
0.813542135776865
0.717699387217694
0.803907311011345
0.724451232864971
0.946406668777488
0.784951609382605
0.905361380143545
0.741718829297032
0.670097637711483
0.766017284796554
0.787352295103968
0.763390368294678
0.781677579742973
0.744536472575146
0.773595483026946
0.920971324600765
0.907458091551711
0.924435207933669
0.796325185940945
0.93047433681664
0.874324562655754
0.875314355579815
0.933854189496764
0.768141659166818
0.971324514229972
0.868270564555085
0.75506760749778
0.855345976188262
0.791649711342266
0.790184940075273
0.850879038207769
0.918450918705778
0.889016716387929
0.877573157073877
0.963552445282261
0.795910104716376
0.872362935252878
0.809006061218521
1.04959766857966
0.829196390961434
0.814191124833026
0.938291422188677
1.03269840136638
0.776096482529633
0.885997398485176
0.729981996746136
0.982880313125331
0.872342124601928
0.982276115973894
0.863543128818088
0.833587491060169
1.05916696070985
0.916490290020186
0.943001549475742
0.678399613436843
0.941489473260116
0.920751698729561
0.913918138661286
1.08480545398464
1.03176058499688
0.819119070039425
0.929522204592019
0.930168799016123
0.931784603626609
1.04147577087594
0.989262177623034
1.100771196475
0.964441697487766
0.935324348068669
0.807978463140665
1.02052977667368
0.930222035619939
0.876892330002063
1.01177675815431
0.979033341967319
0.857526720474999
0.960929931307561
0.861567376662578
0.849687711080878
1.11573152286059
0.824549496320886
0.866427695004683
1.0242115783337
0.967737994563521
0.860541659849606
0.898868772284834
0.995930631237943
0.982131671449585
0.858237570533209
0.962179939014609
0.883220132300048
0.921109224814145
1.02033250168843
0.902656596437226
0.875834161107989
0.958617616041131
0.922768414330253
0.989828040931026
1.04908283845231
