-1.14124276462835
-0.797652179478228
-0.999211512410965
-1.0419746213463
-1.0743150212272
-1.04623075538904
-1.04418033911719
-1.12910470765254
-1.0761814994913
-0.805384879974735
-1.0797118032662
-1.08780947615672
-0.883561302246802
-0.95049748794802
-1.01331094074284
-0.967517960356442
-0.942843894854097
-1.07735488274112
-0.984375264160068
-1.05565623081425
-0.872606730546063
-0.970229755941483
-0.719937997783486
-0.937470566035033
-0.891327234653404
-1.03206612902074
-0.957227981485073
-0.965630183667644
-1.00862734315032
-0.951610361617475
-0.739497838089428
-0.978511013098981
-1.03774198710839
-0.887435942186681
-0.846708217266144
-0.847152613429538
-0.874583621322879
-1.01736840546187
-0.900814581158803
-1.12109934853361
-0.725350214280781
-0.947888229250933
-1.00584861788374
-0.91186204209873
-0.985825510940957
-0.972106225902937
-0.86663889258319
-0.816063354461111
-0.862411826293781
-0.908024440364363
-0.864054637219661
-0.94591918462652
-0.727726591393057
-0.825856856821909
-0.888768203412921
-0.895863986212732
-0.934720113453842
-0.843603895848928
-0.779831396161474
-0.844918509567935
-0.927054176574576
-0.910898803324855
-0.74688653355989
-1.00431273136856
-0.754892011734883
-0.928639265883238
-0.869615308432824
-0.950050345231838
-0.732811449445267
-0.826405886152293
-0.834320235618466
-0.746328125345034
-0.910440568357373
-0.769905170942884
-0.803752083694111
-0.871282126898754
-0.871292984486463
-0.943011945694837
-0.794487526985516
-0.728060577240186
-0.885337943189699
-0.74684779851147
-0.784573258257059
-0.889164500220608
-0.899307891721798
-0.783812776461917
-0.84681879728718
-0.852012833411057
-0.835643261732553
-0.873300533732026
-0.872960135199656
-0.849851884721006
-0.889806564594042
-0.801141581779538
-0.788127289986705
-0.809083333791957
-0.771850889577511
-0.886934752872177
-0.850392454408876
-0.702182257691667
-0.812546035619798
-0.87755321952785
-0.861553003386551
-0.666144002682938
-0.682277160867499
-0.979770441196041
-0.925761774036287
-0.585954652936006
-0.866879872120486
-0.701593173508544
-0.739502459453905
-0.865234976774337
-0.795520885784384
-0.590038341364528
-0.743436444233552
-0.843751248865371
-0.766445936916482
-0.726351994064756
-0.935596466688023
-0.75512423579838
-0.64795509398236
-0.860358780111708
-0.879608411202543
-0.721344193754363
-0.620741099979865
-0.854017902159252
-0.815065426885071
-0.588573343724732
-0.728323522951967
-0.625807418511195
-0.823334213292764
-0.765537615058656
-0.769259609664212
-0.69830973891794
-0.733518295231523
-0.705618173132819
-0.643865223645043
-0.551064625751687
-0.541280216620992
-0.78150397239168
-0.748235171219858
-0.708192815585202
-0.771443536121608
-0.749897637370629
-0.674376699240576
-0.745119301518677
-0.742524823800734
-0.800503649653842
-0.769083095604245
-0.571808321340482
-0.6920699568805
-0.773639822946576
-0.739939492898159
-0.77832726772704
-0.590577181993357
-0.649265747757692
-0.759597063717361
-0.754849959933843
-0.82802428276572
-0.670482180000039
-0.746525954030093
-0.633035265485204
-0.776979294262212
-0.570172391432507
-0.652143074397345
-0.6540921058786
-0.716833101113497
-0.531224150533326
-0.770309725090488
-0.814094714056898
-0.728267419825446
-0.582689470953629
-0.630661032042802
-0.558269307828677
-0.546570991529068
-0.611172076216937
-0.88086558748015
-0.582570798538222
-0.564299001297835
-0.717753872339827
-0.555826688536971
-0.446233396925776
-0.516212315581278
-0.730437417538353
-0.46757191526058
-0.512750936918856
-0.546631991557671
-0.624465095342477
-0.689457802184851
-0.579359387634176
-0.612866391385664
-0.593912904363657
-0.56672900101652
-0.614813652465545
-0.564746512528692
-0.607218194189094
-0.748424920802323
-0.600983014122649
-0.689615810510023
-0.557344940178938
-0.673530282287355
-0.457494697028063
-0.756477467915548
-0.512751214531592
-0.586804729403202
-0.555665247430297
-0.605350237124022
-0.471805437251509
-0.486344596029198
-0.608424952570216
-0.601345232139083
-0.679435232485912
-0.483369647654922
-0.497587781494304
-0.649328699432547
-0.508846465390889
-0.500883479014275
-0.689234327641634
-0.550157099040861
-0.53850584553455
-0.504691228594312
-0.579815950195867
-0.527734680803372
-0.649463185977718
-0.606632763543546
-0.559381713035031
-0.604392071305275
-0.69464659881791
-0.602932802183
-0.553325386432187
-0.604215505640884
-0.725613645234581
-0.487317466728521
-0.440727500548768
-0.431011641531572
-0.447928111705127
-0.421952765190297
-0.594032644990148
-0.541654911904171
-0.581124032751696
-0.702818390794965
-0.315005244483735
-0.447751515730173
-0.586587470421987
-0.43748134528928
-0.437838496575117
-0.53361428443429
-0.506587830694948
-0.452517404164751
-0.439712724119127
-0.52249845326327
-0.529238730199416
-0.436309313003176
-0.618255864336295
-0.514097632205925
-0.475117779565371
-0.404669815624215
-0.458504445796862
-0.510388042323182
-0.41929441021107
-0.648817885252115
-0.35702292383451
-0.553461610381375
-0.437543254957974
-0.432739675826643
-0.599361362669208
-0.522756180816583
-0.501296903241116
-0.375605917894371
-0.43547138859347
-0.524357070635682
-0.491238685960608
-0.409484499630483
-0.315380535304363
-0.537476686684542
-0.430717305375342
-0.584479618158255
-0.493372365116641
-0.487123579094167
-0.368182996274928
-0.292957227554976
-0.430148858609465
-0.437649785807388
-0.413814074658689
-0.388339650002094
-0.340515521176556
-0.430970748693638
-0.287837073701078
-0.561144734386937
-0.358460860917082
-0.52020898191236
-0.577945645946552
-0.431207515641112
-0.346973770942687
-0.575868436564345
-0.396014254753153
-0.472700788728264
-0.333948537527025
-0.29312683123283
-0.325936785470245
-0.381402033259683
-0.418150845567624
-0.32113625895907
-0.390224693125525
-0.397472954029497
-0.470303818758805
-0.430409257376426
-0.362406308496845
-0.400731785933758
-0.406515333445151
-0.230006431641339
-0.265104112723279
-0.373341229742008
-0.415522657557046
-0.430165227260452
-0.50440910805369
-0.247761807423762
-0.471227837306897
-0.332206811333892
-0.357212389887989
-0.308137741648392
-0.375622368161974
-0.345003719779049
-0.364627695316793
-0.309535261187522
-0.330981055176604
-0.431143330994655
-0.368203290501618
-0.426804292717142
-0.410165053337034
-0.320025579486396
-0.385403956095307
-0.220295191335163
-0.17649717726871
-0.333354539094115
-0.326153677650911
-0.25069075438878
-0.291301834931391
-0.22465644249859
-0.279212098990098
-0.362042508083587
-0.267245050950139
-0.281690245866183
-0.337925150799421
-0.291592170173457
-0.264416117232635
-0.445881634078837
-0.455229282917484
-0.300194470786606
-0.241592069923941
-0.351273273479049
-0.297162686840179
-0.378409922327401
-0.348934246470188
-0.364734515278966
-0.355826926144377
-0.193536591760759
-0.307107225742364
-0.369127861433527
-0.275277096818242
-0.252464046279337
-0.217491047859859
-0.301290973784216
-0.206483796467806
-0.174457584996146
-0.159760803137564
-0.173713587215074
-0.298026784004374
-0.210819334413072
-0.283991164132276
-0.399757044838564
-0.242982567462853
-0.137684194721454
-0.164050894562037
-0.330880669644532
-0.375107655765374
-0.294305958345802
-0.370723768218112
-0.29935831121524
-0.309369062549414
-0.260812376270025
-0.339703569590741
-0.186999173062152
-0.240374941056862
-0.214306768870632
-0.240951042587647
-0.24846020674629
-0.225954481350365
-0.240159435130716
-0.188467356108208
-0.175131031767937
-0.260224889841128
-0.272623165819901
-0.188095616435969
-0.190770651354336
-0.17543208898282
-0.317689461561528
-0.21295041951034
-0.196187807722599
-0.134228172232109
-0.251438385063396
-0.107564570617457
-0.165139438962966
-0.203446787413727
-0.257385971897864
-0.144079416757161
-0.184172183946928
-0.260620426812795
-0.1298566172897
-0.0547726128323293
-0.173985288843934
-0.310361230237885
-0.180368407145973
-0.192374639158381
-0.234379858788806
-0.170110142731673
-0.156107744972246
-0.148105402321836
-0.188183465685716
-0.39291127981525
-0.318748237253922
-0.198996382629627
-0.074955574757946
0.013779704138965
-0.0604727959400876
-0.301820001660717
-0.0454405720749469
-0.241466473570197
0.00408906971139973
-0.107412586381343
-0.251229945496159
-0.0808269029802102
-0.27061926188754
-0.106956698090223
-0.124183231607517
-0.0637083315494492
-0.308082135072179
-0.0898391167622773
-0.179658281678553
-0.240661301584996
0.00148911516090828
-0.266337443681416
-0.0818310486239018
-0.125408001596985
-0.112445493446415
-0.0904135262026798
-0.212474239758593
-0.228454107281677
-0.0468504318554
-0.271952152629053
-0.089531542791905
0.0829509477409225
0.0320187746917339
-0.116445911951677
-0.0945619207441423
-0.0667409289585671
0.0480244322829175
-0.0093101525977226
-0.127797053702015
-0.170820570955935
-0.205852220147784
0.0168272627681588
0.0112121252125329
0.129627079853877
-0.0656049997125816
-0.0880151463308232
-0.071430286083028
-0.198627946674067
-0.195843760523952
-0.178233101171311
-0.0620212016464704
-0.0657136888615037
0.0423680751424011
0.122841281633603
0.110987282535995
0.115573927465044
-0.0694813037954071
-0.117803355623071
0.117013821058841
0.0610522071842108
-0.145761343676763
-0.102672342815045
0.00263865531373311
0.0438945118232307
0.171462500765076
-0.0196955623323085
0.195454406329704
-0.0126359110969513
0.0502103990704497
0.0330484970482219
0.0477876209976784
-0.0514348378956749
0.0550645301862575
4.08624684642813e-05
-0.0667106334724308
-0.127205439609285
0.0759793444524823
-0.0455679288300687
-0.0863255749079475
0.0349064440361227
-0.137924020324496
-0.014300550494746
0.00183173622374646
-0.0711205219159289
-0.0733641032178166
-0.116245630570231
0.0515408202291828
0.0174425647035683
0.0446411985804082
0.00989615772275673
-0.0754328861664239
0.10212664290727
0.0613111460384203
0.0167821697285405
-0.090895667218713
-0.0571994646826723
0.0405260106611459
-0.121905587660585
0.0286770512686008
-0.107414011847688
0.0407200457643912
0.0972756859673227
0.0299714415175572
0.0108853796122652
0.03601155364265
-0.056681201888117
0.0832526280067466
0.0680335950181189
0.0723593510074599
0.190541341598988
0.150142108394575
0.0535560394840898
0.119351595983632
0.232765853173691
0.113756017864047
0.0762902053510533
0.0759628743263777
-0.0507972232165136
0.0865669606196305
0.0754128710366608
0.128100339793127
0.0799194566069364
-0.0163567056800097
0.0651353318373072
0.226315601716303
-0.0650630820697201
-0.0165082433612388
0.114128982314901
-0.00461569080871985
-0.0271376109957947
0.156250572448289
-0.0155239178907349
0.0774124532869618
0.0525851875955372
0.0579921530943147
0.0224767292551148
0.131689469525721
0.210326747658488
0.247223370599992
0.0602596748967555
0.202862828278272
0.0122587577465944
0.163249269782885
0.214071160593884
0.171321879670869
-0.0425507408789173
0.290823516506791
0.11624950747667
0.0829587771582878
0.207838581396823
0.0553702765181575
0.220711206506504
0.132700609201873
0.0614082980238641
0.0845355903369958
0.16011812652091
0.113799847223341
0.181373682024442
0.0581632397236293
0.179968036020877
0.0450739316820775
0.149368927535919
0.0667518439229046
0.135829893815126
0.159984828344033
0.130590416730682
0.181878290815287
0.0606517120798082
0.15858373460823
0.0942233437103177
0.20710469102567
0.0904731651148161
0.163565106738255
0.207857845053199
0.237486404258075
0.231051600935544
0.241383579193986
0.230351777261942
0.163995744852206
0.330579359026587
0.0791309911010209
0.0495775228535217
0.215599197560976
0.197944810647658
0.204494285890237
0.15625679586604
0.245788076895618
0.154884908032124
0.197886887927673
0.197903820732316
0.0899345948023478
0.365871368394656
0.252429301392221
0.256536024667007
0.132085859622888
0.151550636742987
0.24312546155684
0.3592649340915
0.345016632856305
0.364667695316014
0.172224753432441
0.241123629205944
0.278504203382206
0.149967221246123
0.221539336671753
0.292699149419993
0.295253559259482
0.276331223862003
0.296655844379319
0.248099487279037
0.210941849217568
0.216293573177335
0.338150665015931
0.176876796507662
0.170673185334693
0.174494475090493
0.0745729254028751
0.19610297395643
0.218407784633522
0.262607542724492
0.299153504897245
0.368812526062596
0.240426693761275
0.359540911283153
0.303361222167017
0.315987362419769
0.338755140708034
0.0738485222561532
0.22624992545521
0.209562561883297
0.110023670215113
0.35532311297574
0.316614466429251
0.365802908110553
0.302047609509123
0.316241514665293
0.264166620371964
0.331812062428957
0.391386601010746
0.323887829070214
0.286211734276763
0.300623209600461
0.298798336879615
0.334171328748656
0.296998380783377
0.321769512380267
0.287578511203323
0.342601428837412
0.286448516411378
0.328445878019184
0.123477646382573
0.292030108529448
0.42164286448979
0.303876397032149
0.417505181394374
0.307972504526166
0.272852730121415
0.323283361885754
0.304154150300752
0.260413008192124
0.416562786217028
0.238327872568398
0.160975245407684
0.299259327776415
0.369951940977223
0.348201744642844
0.24461186273772
0.383363113880408
0.468378952453438
0.360767516313276
0.181767334048411
0.359367011285637
0.299890996971856
0.496918282434035
0.364368999431316
0.342999297197237
0.326064818567799
0.53608010285179
0.305118309423756
0.418380763577165
0.428133924273909
0.396366743607878
0.394522375003087
0.466606216220095
0.491686957243542
0.419357309847244
0.32787121794584
0.32716196005923
0.473744006040921
0.414311754131297
0.482806302915352
0.472539572123271
0.366595214609639
0.500326404090719
0.396131606338488
0.345954259515408
0.434640117327894
0.363348322270473
0.4734432325841
0.403308560296292
0.329516314260032
0.490370784436809
0.509530078996916
0.37569725784412
0.440492269737113
0.259110770398539
0.531222456711917
0.345147031675112
0.535555353991109
0.411432862493088
0.304434018761722
0.463241248951153
0.54556336795692
0.500656552062564
0.372761342861206
0.447141802598098
0.288240733829713
0.338982056201589
0.492721552030818
0.714319604148118
0.316924603166812
0.502374263068497
0.507056963045011
0.48149408990557
0.719245559454721
0.433720993602823
0.566002188611297
0.589327968659441
0.481440986648896
0.488739453720572
0.471193871411204
0.62442771275782
0.554919512752199
0.518813374323499
0.607472430138862
0.39060309220745
0.582774314318017
0.504537920383116
0.605333169624148
0.515999272642059
0.446801784430955
0.54647344759635
0.451782555477851
0.448548785147869
0.648187496971129
0.494003669913003
0.538569851295298
0.566268944545332
0.559667884271908
0.555581166037876
0.483012837073455
0.689675641837749
0.545437039043212
0.46053161124581
0.667659433645689
0.485280784450351
0.550499711071099
0.620550439824651
0.617642328635984
0.444554247832216
0.592492103633582
0.584552221714972
0.583956908399655
0.522455968412651
0.39474386096057
0.610683496540678
0.616008898324036
0.609405437213222
0.482019532412059
0.702134493429236
0.540303828902555
0.567084212343376
0.610321215476455
0.666416382632201
0.566641635633312
0.509822076773673
0.61399255264798
0.600233008514287
0.660164952348787
0.517362598958888
0.51721048998076
0.753787087840978
0.654230375707809
0.595105709757453
0.659445626330047
0.554877563720135
0.548414078903121
0.556331455456916
0.683764930477259
0.631289285329419
0.512589040579127
0.626898409796717
0.470387212223993
0.409475134223642
0.635889745949174
0.730100606035198
0.626626597721302
0.655732907957825
0.602177348204309
0.794821860420677
0.467479820730451
0.749911928836331
0.594684438157906
0.744105780075963
0.502035527548074
0.530389265296357
0.516109923332156
0.54438019896916
0.734905272263518
0.696196636546082
0.712940718957377
0.510162134250494
0.691254543884719
0.74916169547233
0.652509000054437
0.561452209643403
0.678536887477972
0.789882764029535
0.560812870854643
0.630900585004869
0.655495835425336
0.610162004040047
0.678517741704516
0.763178444521167
0.520843175624553
0.665647843522026
0.689261385152537
0.632877699848515
0.747030812945991
0.790158818560202
0.613586399975422
0.736787580564085
0.65800173391419
0.56986131460196
0.685935586771197
0.842673351306777
0.657471000433149
0.801877266101451
0.723376410388023
0.834288044367007
0.686118110825631
0.650638392961273
0.628662810357804
0.760029447279877
0.631329369444815
0.853683173438293
0.728627398924837
0.697198117592491
0.799175608386726
0.798776358635304
0.872517987385769
0.860426684539753
0.774984246195477
0.744745429338746
0.723109604846754
0.872057281444694
0.874359291084949
0.745633414602464
0.766219373530196
0.777884918904425
0.840533435037552
0.81390734497225
0.827994498279245
0.650072431548972
0.8490477565199
0.857535067945142
0.637380835127215
0.622518059793278
0.82549365272683
0.763052758873534
0.818273005581069
0.719907818961248
0.754395873313803
0.911398834509
0.696264454523762
0.822771689348283
0.726261779505668
0.856810789613085
0.75585278003353
0.868864523196715
0.973396928750164
0.700402587709442
0.841515020534295
0.789770255251837
0.889852746431778
0.734162175522298
0.836967688924732
0.952548797118971
0.763424961291178
0.937851753628942
0.788768208560704
0.820002725689415
0.862959610933965
0.908999409227424
0.756115369473846
0.725414476978065
0.813633304215158
0.861919783538127
0.894879303365482
0.628746919564081
0.732217807416413
0.803102197527425
0.849239596410706
0.838019719726627
0.928071880213162
0.834909189574811
0.746950681058925
0.75919606833785
0.973737355594132
0.878622094029023
0.795515877816416
0.901277219152183
0.819687279629115
0.925602439267509
0.790347805332121
0.916116635739199
0.899889363882429
0.942673390451565
0.817342188704748
0.875570713948488
0.914740935591863
0.850749576187747
0.886768629411204
0.930334423969454
0.923737647466883
0.669325962486018
0.844301219842074
0.777809477487902
0.956184852938651
0.841794416079399
0.815356249332473
0.87128827570134
0.812177826539153
0.913893195669372
0.869452335762698
0.905474811070948
0.902439287742587
0.890764778242981
1.00938921544524
0.859943928961561
1.03917101502582
0.939395325531846
0.844188901618127
0.83567903858642
0.912347392308994
0.99599260746677
1.02901348660454
0.932077242057688
0.769088641677389
0.859089023959374
0.92131722274333
1.00301280667693
0.831843268156379
0.911295435021243
0.9776557016254
0.885200611283041
0.935411500628889
0.973249437054307
1.0070457022741
1.00493576202067
0.861424271664129
1.0275607023879
1.07765050030769
0.89789332663335
0.973430862409079
0.953484621671462
1.02087052631297
0.940555473033463
0.986804791908661
1.04515337729454
1.06979571484842
0.885234930175204
0.985690727793749
0.960836291003421
0.991345129049731
0.816348573696321
1.04716630071236
1.0583037649312
0.973615900619914
1.07675516113031
