-1.09142542704856
-0.934422484013794
-0.892656375081112
-0.972906416935295
-0.959539485501741
-1.06984699985805
-0.988053065853048
-0.977250964049021
-1.12243668805881
-0.885587313871572
-0.926190535764976
-1.06588251055247
-1.07409895104483
-0.957855319340885
-1.00317647295788
-1.02956218615398
-1.01928008404357
-0.930907074540679
-0.891472389224572
-1.01000265190406
-0.829367132341655
-0.916045936360164
-0.860603109691114
-0.897486185778961
-0.894008071837391
-1.01736178931468
-0.90352918782774
-1.04773898699465
-0.975768764172817
-0.946520723859222
-0.814304608552599
-0.859748190183889
-1.1898835930827
-0.883317734774845
-1.01893632655479
-0.915047583487088
-0.99541765835627
-0.907247734188074
-1.09238471205786
-0.913475389215661
-0.794833518173943
-0.955376834627896
-0.935337034402022
-0.992321241923574
-0.882646555258337
-0.922244263810797
-0.886231449067367
-0.940874120870165
-0.890981736840327
-0.949266219282355
-0.977681216546571
-0.855806022494478
-0.857100087626494
-0.848224760773569
-0.781050263023665
-0.802774977842301
-1.05198577543991
-0.762982745211433
-0.791441213125228
-0.754376102994919
-0.968460243546207
-0.79991384598908
-0.903120888946637
-0.791943919225825
-0.867854588074523
-1.04703055771833
-0.789594103143098
-0.814456541643227
-0.781606353450718
-0.70099263660342
-0.694870481397492
-0.741408747392918
-0.853013498698731
-0.992871177375197
-0.770870105369118
-0.920193174715841
-0.838832457020556
-0.963211030799266
-0.786837177359961
-0.863783250360051
-0.807300793334299
-0.813573422510548
-0.982780883480581
-0.802710620990072
-0.775822851221616
-0.750218950060299
-1.02557936606341
-0.902834577637516
-0.89013204936447
-0.756292417710402
-0.625184893532469
-0.671912909722618
-0.773292634319644
-0.933259667117582
-0.755290295332911
-0.776081828228021
-0.884202157077682
-0.878862334887605
-0.795530864592855
-0.808962590688359
-0.836079751969991
-0.832406403568896
-0.82359966171457
-0.847579774292458
-0.773198114157871
-0.709762279626369
-0.875597443537492
-0.71844777940561
-0.745344894012308
-0.822163153390533
-0.627172248867224
-0.945284012298823
-0.691913843075221
-0.844371719430526
-0.764229135398437
-0.801043191085446
-0.879560965849838
-0.730359067942676
-0.745210516014499
-0.703491765171431
-0.787533067761661
-0.764865140905024
-0.773426315998767
-0.645110052122573
-0.71255675459716
-0.791096289253535
-0.562340884711602
-0.703348281299124
-0.794524594265647
-0.730432607948905
-0.512456006273325
-0.665948861729967
-0.784812466995782
-0.777335677020423
-0.66227554179055
-0.739357521976985
-0.67411637885176
-0.620557356397724
-0.713622996299702
-0.85092276506079
-0.722931147484028
-0.703780157266832
-0.615545966507511
-0.670926716192583
-0.659027616484109
-0.666446679562756
-0.611247294757629
-0.694112635138658
-0.818569850496365
-0.668489667656307
-0.79296287452946
-0.724027685500117
-0.661394499995515
-0.779663141120899
-0.522093859188435
-0.645806632716287
-0.78336492826554
-0.730322545592788
-0.671316216314927
-0.758435707192326
-0.759438430510807
-0.542762174377877
-0.710050391203271
-0.59932775563327
-0.822075246243302
-0.6921259621239
-0.657056837921611
-0.612013991972884
-0.617442566502906
-0.751101140256844
-0.743289250120305
-0.5658475462758
-0.687627746532798
-0.646336333007071
-0.439137569892958
-0.734085851206855
-0.602690679302458
-0.717483929831652
-0.532049778000602
-0.523763081704412
-0.574425997416355
-0.748223707911563
-0.541418836162748
-0.585704375919273
-0.594230498508295
-0.527814119168037
-0.714450105872518
-0.688956574435651
-0.674000531784569
-0.734306442353745
-0.656288159053078
-0.745793739262515
-0.581880440878892
-0.612529457630533
-0.436989195848381
-0.538835348305837
-0.61820688325733
-0.57922899423455
-0.566125014333879
-0.613840262492455
-0.596994754139765
-0.618182220063672
-0.634109602046267
-0.506967438783569
-0.425366107551569
-0.52717987192675
-0.691972477978571
-0.465694491381998
-0.554786095902907
-0.489656956249582
-0.550646123476606
-0.683449417904417
-0.572770781915283
-0.536436573858506
-0.606111951953841
-0.435136467041485
-0.44724443193535
-0.535561380960319
-0.649207363436338
-0.65537406669381
-0.640537636037059
-0.586832765638683
-0.624971330019934
-0.638952717024354
-0.570844664648103
-0.538962705897308
-0.65073093979954
-0.636760426484897
-0.596160675211709
-0.580267659684782
-0.653425561393426
-0.54694024723365
-0.528647690122339
-0.398086878369201
-0.587690099115954
-0.56759219141648
-0.270212592875565
-0.58019493434036
-0.467264864317933
-0.573164602269423
-0.604845175343247
-0.793836747519956
-0.505627379061537
-0.495468386270162
-0.5418722504276
-0.562337896937127
-0.500529063564359
-0.492004463117384
-0.498766461798797
-0.507228950144702
-0.423328320753208
-0.338147906041059
-0.572290509103893
-0.504113516282692
-0.393165010519723
-0.442367168263639
-0.504999857023647
-0.37682135269665
-0.457372350164992
-0.569827549185968
-0.482213694703773
-0.583899205610028
-0.484459775327048
-0.433019666187869
-0.450942513857047
-0.413575464268468
-0.576741069994427
-0.608810667577187
-0.317999564465049
-0.410344795524397
-0.386090534366763
-0.350719999395928
-0.403489892664445
-0.409739418833625
-0.350020935327474
-0.494975045571203
-0.432889915378718
-0.655994430881
-0.496059266823904
-0.541851366870583
-0.448834059123306
-0.481342387145637
-0.419499178683187
-0.435948332531498
-0.481998278867195
-0.245957598511607
-0.345642888921752
-0.451971801600945
-0.417264398669262
-0.315913368008294
-0.414940830657134
-0.4791716782131
-0.301375177525491
-0.476836315155857
-0.394108151965593
-0.319377370949778
-0.447203277841284
-0.332103414498267
-0.415271713743251
-0.315844198095627
-0.393306014200567
-0.433533950537696
-0.370997396173132
-0.217394599147548
-0.170120152822772
-0.427283579920233
-0.369188255315889
-0.386248550939929
-0.422244251455545
-0.425197135946548
-0.317338656034094
-0.418763208611648
-0.172962090797252
-0.362613042047629
-0.297262353248416
-0.531878325526842
-0.371094579655321
-0.345186147712035
-0.444673352413626
-0.278223777495399
-0.36761410492306
-0.356887784513908
-0.342126359686143
-0.323033304684459
-0.354669024933939
-0.421000826748207
-0.374286376108653
-0.433022332633808
-0.323397946370317
-0.302035586920062
-0.375132412076494
-0.449761965279808
-0.344695450901361
-0.380822519335335
-0.361831572439052
-0.34174601386213
-0.433306414132095
-0.269978644779895
-0.275459683182011
-0.256959214447964
-0.351027984719334
-0.320905723117726
-0.420093638323753
-0.357766139599534
-0.383228905241211
-0.280411873624258
-0.369439542811817
-0.201452142052438
-0.225559972338307
-0.226361659790772
-0.372106905533097
-0.22097330433444
-0.21254454926444
-0.335319100046899
-0.307198823940913
-0.166200642895292
-0.213867547503929
-0.197944668134174
-0.414731844814116
-0.17589518028098
-0.234127469890621
-0.28926832855506
-0.222916675020886
-0.170490838792065
-0.310078982263329
-0.250487474934195
-0.207382680818585
-0.200631661000776
-0.388635921974928
-0.314541327897491
-0.222241078249077
-0.419924199429889
-0.299171437271314
-0.243616014069839
-0.423993927744201
-0.137810126303842
-0.251411652440908
-0.139109462879988
-0.209843229812756
-0.339769566077566
-0.297615470614598
-0.246103516469918
-0.315421312757952
-0.291187868651715
-0.215640673562103
-0.23742801969144
-0.308021249569876
-0.224952832964539
-0.29298157769345
-0.126886886633008
-0.238435622491957
-0.246797553386074
-0.169704549422083
-0.0824781198552426
-0.109240363947109
-0.0888867230841617
-0.0870242026225905
-0.319873588210209
-0.185995749463405
-0.302213368921014
-0.321782919547687
-0.0929081646097739
-0.282315863386109
-0.0902406808614554
-0.187731697074992
-0.199377131157536
-0.179000537574241
-0.113947447958852
-0.138716891320839
-0.271658403111087
-0.218210722702125
-0.108040394242875
-0.0629883190799337
-0.143985172198702
-0.226048446485851
-0.117359232558925
-0.187317606470109
-0.249152168361462
-0.180149593795253
-0.139079453839425
-0.143753959247612
-0.240475621605213
-0.102766815237176
-0.129745487070019
-0.270575832207516
-0.0621660349895678
-0.130799689419458
-0.231537838071516
-0.200571879320511
-0.145348873190963
-0.157878660459963
-0.18817189940851
-0.101192545871322
-0.189955174470114
-0.197980819682929
-0.0731187429169492
0.0120846292789948
-0.117926926287673
-0.040555980818143
-0.254619552169787
-0.140213199020265
-0.20693568402307
-0.129268439338085
-0.108864729828651
-0.221402435367145
-0.0314366485475267
-0.00744074729731585
-0.223067445734163
-0.232488659092524
-0.293917420638711
-0.139485970456379
-0.126392171868342
-0.198216570031554
0.0188045953781203
-0.0603971137464429
-0.118009715574952
-0.0990776681334636
-0.0143763955214593
-0.129766348830238
-0.160277888242
-0.0952410162059089
0.00759328503496443
-0.0219088700421899
-0.0634614594548418
-0.0714891739229448
-0.00252851451452127
-0.0445159839005923
0.0777598412301972
-0.238115309691497
-0.204665973467895
-0.094114038153676
0.0222472287606708
-0.122386644476793
-0.0532175304514769
-0.0895286539336413
-0.0820131622655448
-0.104902776948024
0.0122747514390543
0.0766212521144607
-0.200424256594224
0.0679260730124189
-0.172600420967049
-0.0741242130813693
-0.212066446451532
-0.0483725814433218
0.0885083828221264
-0.0851724933332727
-0.0769251222474172
0.00697464283770197
-0.0581279587558288
-0.0327697258771012
-0.0235405594906738
-0.111325473524344
-0.0232668157732128
0.112704062323813
0.144292584504637
-0.119969700648941
0.0164281095062342
-0.0119439257047746
0.146194774543757
0.0635517770482125
-0.00137496222931984
-0.137382982304253
0.0618761390217584
-0.049090997008528
0.0838226553401025
-0.0165998915073938
-0.0386079004943447
-0.0615203979642586
-0.0750407479418657
-0.138749434451139
-0.149887429156716
-0.014335074586767
0.00946873590195945
0.0790092001976721
-0.037668540475282
0.0231088128353416
0.142250196065788
0.103533259590045
-0.033847019011544
0.0535950443814939
0.0671298934253814
0.0286749367959306
0.085876187557716
0.162662644064955
-8.04922897409618e-06
0.0401812657718547
0.0647858931712269
0.0751478738729386
0.0724061506685549
0.0388022997516322
0.132457214169456
0.239793803484148
0.117330561633328
0.136802378801967
-0.00942808799920739
0.167219675467045
-0.00733121137919981
0.0688911386279401
0.139868134367607
0.0241949586351744
-0.113908092491543
-0.121570612346162
0.0422478019889649
0.0581873595357504
0.234509005439083
-0.0255773175356269
0.0313857061425383
0.132495436171035
0.166906299470359
0.141368084817608
0.0816901725487075
0.132131319638415
0.22535039585262
0.00909300064970528
0.0132046399117408
0.257326376183706
-0.0658940120808919
0.133595540901517
0.232994924326192
0.0909364572351712
0.103948468609281
0.223847383821747
0.250801777936686
0.158146645586122
0.0892851163113683
0.137203742374458
0.0880302939499263
0.244336739646351
0.154600912032604
0.0905778142125802
0.29419679684682
0.0378486494869381
0.0803347079083114
0.185926067804204
0.110520723236163
0.181767218733929
0.0906140339128272
0.0712229635604324
0.133237858770688
0.13726535017352
0.0601045452373775
0.28049968688123
0.186799773377417
0.26695301870811
0.0293208213058091
0.0181637553721474
0.21805517195297
4.30528570858001e-05
0.331832904798482
0.170671372840547
0.207153317865945
0.196563237467968
0.2668299042091
0.248810766347981
0.188805652359156
0.198316543498163
0.161444381793967
0.232405328502366
0.315457797206812
0.281974583699917
0.131430711511142
0.150889473604383
0.138615261385555
0.253394840531991
0.32238553258982
0.220291322501121
0.194332117396036
0.159408944907935
0.260131224820562
0.290017347363664
0.216620666749917
0.242854851792023
0.154840988975371
0.269407199726608
0.241807948317706
0.150591362998766
0.145313294835119
0.24253563873856
0.233920594425234
0.201794073599921
0.246339507275021
0.20464147894092
0.222447763950971
0.237905162865453
0.173268990091261
0.16979059082914
0.293288163509834
0.348203137315924
0.310652434582679
0.353737962074036
0.257857496784495
0.333389546364911
0.219274178003104
0.0321481773187854
0.160250007463028
0.385795593992984
0.0505058595564254
0.262425447837772
0.223481224866455
0.248282560525187
0.435826200483598
0.366317211983305
0.411377901782131
0.300369038185748
0.259937165599169
0.25675462909232
0.270262703589058
0.286613723579072
0.348576301794447
0.492434466193897
0.433850975545709
0.30426673901058
0.160901242939171
0.216852468530893
0.231035663554208
0.428508884023369
0.280402916366652
0.278273908024468
0.271597683620196
0.345569524873048
0.292293547350476
0.364423304185683
0.360276153699527
0.268652084822326
0.300161230797416
0.333973789118615
0.334593157165741
0.305147644770863
0.199403447910509
0.234130554095301
0.36630743175675
0.341233613296868
0.220762013420724
0.516656892224641
0.309815319211675
0.271557128766638
0.392087143868593
0.338946420343991
0.351514566994558
0.429263570741407
0.388987360699025
0.418379159860155
0.137465876108781
0.317648763391128
0.475821482723272
0.252225412072504
0.399890130332007
0.469589852031277
0.390720499608958
0.426853812983407
0.298959488291714
0.360053851894107
0.288900634832778
0.413331532370561
0.545725791811504
0.222325339677014
0.268386950145837
0.374941500791435
0.373240004693936
0.422403745860979
0.376990065041094
0.374028768244235
0.415423287281175
0.282494040175883
0.472949568593029
0.405900531872345
0.400383316460292
0.30755286884419
0.417696842268211
0.350704870173234
0.388124021784604
0.437713624551032
0.440350073793216
0.467382840560906
0.434465326071624
0.358687688263384
0.445991283622773
0.655581283769642
0.557518566668671
0.387178707138314
0.398063316365121
0.472467280643183
0.487634716263358
0.47048717450487
0.419104898677508
0.368305169117899
0.34263652686131
0.591574574506738
0.496054776849696
0.590018814019813
0.327878825576803
0.560645703887253
0.455047189157382
0.374660073365352
0.5375284110011
0.43895389316336
0.435441314126825
0.417105543446469
0.451464376846734
0.576868916384492
0.518004285601045
0.470994938160404
0.561026678045794
0.387896906964138
0.449213598110771
0.434433415851779
0.55693060404422
0.388638266922248
0.418995879319404
0.444845911349235
0.423918545753303
0.444776836109842
0.505137467920012
0.358598608612521
0.51469495985917
0.58653737832532
0.593645938965093
0.592625423319147
0.499968835479596
0.563540941104367
0.474036277988493
0.501530646659878
0.500163995581111
0.717282834993469
0.512216233528035
0.529051036609693
0.475428774171946
0.553516192870415
0.573985163940421
0.516388717403469
0.525814095326651
0.620102670947005
0.58293840939492
0.730507392547165
0.651187452858887
0.462233421899523
0.42795286879157
0.705924607880561
0.480001548349407
0.460611438586525
0.616775838661423
0.512673427692041
0.638195358029134
0.546130103996325
0.624320772487608
0.626668471167969
0.629477250521992
0.674347819353667
0.609826431839415
0.559223308538639
0.622512894684007
0.563358735467661
0.47430301946222
0.65537277732927
0.627030923933867
0.627873692997778
0.69356538013425
0.629514266113172
0.483582800167422
0.509489468568017
0.632063100054113
0.547165603737892
0.517255381451355
0.521770560452487
0.627245537003599
0.643892780920214
0.666386234074155
0.577355319587733
0.546525281305237
0.788150986213627
0.627443143996475
0.711280258842254
0.691699924500813
0.708685108103011
0.642276670638399
0.687164619132427
0.507145796230339
0.695408799636616
0.593212883467086
0.457116511975746
0.628985687523806
0.420037651661057
0.506745073142042
0.835215800930214
0.544898002045053
0.782101582575018
0.731840085315248
0.584820451486226
0.552624940584292
0.608157430786418
0.714870904383662
0.77031973383847
0.541182046998081
0.684535609076039
0.432248193907021
0.689504299959091
0.70519803225016
0.682509144328512
0.694958302908822
0.830440382278637
0.655794522034089
0.787148185499108
0.689211331597284
0.57296369499981
0.636869380085658
0.723046671889633
0.75086571128838
0.652825519044925
0.752775545875234
0.602545880981249
0.585248629709356
0.663932146591251
0.65107789477322
0.530227991808344
0.705336636383806
0.642636474441781
0.750967821639884
0.651957735788924
0.700497956625449
0.719147168043708
0.780465582850746
0.678177917501192
0.558167752037904
0.687290367441737
0.74056499240106
0.607002829931169
0.583162525745156
0.690002108825383
0.799263171346948
0.857905360846259
0.680777790807693
0.659858236386532
0.74472659035719
0.679359456197814
0.650714851100925
0.749648607038729
0.759827660137899
0.758312763050644
0.743473342622008
0.971398009514964
0.719022941847867
0.880270664082717
0.828108070666304
0.496054984025284
0.700673278741222
0.849609195019226
0.770199027080645
0.776467716397604
0.825398181760362
0.602889473147812
0.707625470242861
0.803384748191906
0.681643824268107
0.794463025069613
0.883993257449419
0.840578315155489
0.783498715765352
0.72902774553373
0.923729918302759
0.969151981926672
0.6388941124607
0.976199426124953
0.907264142152258
0.73462176263384
0.749396083201437
0.85486811375145
0.959685777264155
0.792346934079969
0.87447079190438
0.877819318516103
0.920005024105188
0.890826121326133
0.925408867658277
0.754181683617889
0.78553782417399
0.918381141127884
0.912987149530638
0.844216242795954
0.89511764797649
0.825962544895438
0.685025348911427
0.84958411614631
0.776969007559286
0.913678073788241
0.777846912203525
0.752151992007129
0.780867647981304
0.879870932336748
0.918929483543296
0.84893020206177
0.75262020567343
0.933569826840641
0.845606276646144
0.940442311738645
0.946219756667912
0.916610525603247
0.794700696212459
0.931467200956215
0.75752125705332
0.683467695711062
1.01604966222344
0.946541893881214
0.83289663070542
0.784678554150784
1.04780455963174
0.909214975187768
0.898316563965169
0.942637287421279
0.86018518707221
0.877573869737084
0.9530829672154
0.938841638761927
0.948303949550079
0.757333023955481
0.904838636182766
0.867522940774884
0.834614315552385
1.08458993934239
0.877755612095332
0.902717220664411
0.878665398082591
1.04599932662202
0.911584830087147
0.908781072255028
1.04134065824989
0.995580785864787
0.975816617776373
0.831594933212019
0.916885255431005
0.750477952005841
0.943819303715013
0.870069754652032
0.958198125411595
0.909551686343437
0.823858156930502
1.09439992995339
1.08235751838352
0.906635477579527
0.855569652351274
0.75524712469172
1.0983348591472
1.04588743363904
1.0143737989673
1.05512699990334
1.02690326696369
0.845412819437937
0.986755844316963
0.868396423442204
1.01146412993208
0.840363653401206
0.965218069937091
0.922111751130244
0.935893747283224
0.921812604269632
1.08123515491769
0.969377924407344
1.00659502071661
1.03853860096891
0.97231079666824
