-0.988336717946757
-0.953154593847238
-0.920412272911992
-1.19877498241167
-1.06848056425435
-0.914013667393946
-0.773078851231422
-0.900035388913573
-0.998631931162301
-1.0170406602562
-0.926388689931515
-1.04273093923927
-1.04292644458205
-0.980504176699868
-0.88839691075123
-1.17580487229057
-0.960603486744929
-0.97008460529549
-0.995366515241926
-0.860992835794099
-0.875957051217161
-0.876103887094105
-1.09789001845397
-0.894704873495789
-0.997522254973491
-0.946719841684522
-0.890949213477283
-0.953191479254137
-0.975894444652622
-0.908262072877845
-0.924574664450771
-0.906548037357757
-1.08831014604373
-0.752405317955035
-0.950220958287968
-1.10257216323051
-0.921442433019061
-1.0340914621134
-0.89939618286178
-0.993795348091148
-0.818779800745488
-0.945472471118572
-0.909740325745826
-0.873247265745936
-0.754086465396559
-0.830371681617743
-1.01231525684961
-0.936106814961473
-0.756010257381285
-0.937301021851911
-0.84731329218123
-0.890282279353067
-0.809488211360247
-0.960184868132717
-0.774251616325478
-0.939378629052625
-0.988423022916311
-0.912948162460242
-0.824389510538448
-0.991609315794284
-0.897835604914352
-0.935436187889714
-0.976279915359398
-0.945288847220112
-0.895758115925896
-0.671354618855973
-0.834209072901546
-0.92629617453422
-0.940587454967982
-0.878279438196153
-0.949232453452827
-0.810896065267185
-0.989770703675561
-0.884899819918254
-0.904976817291186
-0.877156091151428
-0.789952065797898
-0.863911515617778
-0.87383930285485
-0.803255663857774
-0.817394613257242
-0.769375110984443
-1.01487979523548
-0.788761106275768
-0.724279647174081
-0.886763526913937
-0.763754662668704
-0.742294002932397
-0.851114582840613
-0.925677407753662
-0.859646374549986
-0.714615706696527
-0.913110000406564
-0.69348576403685
-0.797588709375772
-0.758828230844637
-0.799686981124217
-0.776499076337877
-0.791003847780584
-0.760299523058993
-0.803043641609966
-0.7584700645729
-0.955676367246456
-0.841340069088364
-0.744918585320672
-0.823379191399595
-0.816526626345172
-0.78937488657165
-0.862193851503412
-0.673770229931731
-0.777045764506941
-0.696433608671595
-0.736964354296185
-0.704858293943243
-0.915402340772923
-0.778625227408259
-0.863821702945225
-0.655109357649158
-0.711822280307712
-0.610751175694756
-0.782784006543164
-0.756454548869607
-0.647540187879069
-0.701901499768468
-0.631551777087362
-0.64946011199058
-0.780724263796137
-0.694876734349041
-0.836598418076056
-0.714853617145003
-0.686761905144949
-0.842010098922011
-0.712239160782914
-0.646880124678086
-0.521866627048486
-0.654030214776379
-0.605015448996751
-0.633681625400711
-0.691892100078959
-0.645502204591792
-0.697241373667132
-0.751933347950803
-0.798304614081591
-0.717579520405767
-0.77464975277509
-0.721975839720064
-0.631131159227226
-0.761525568308552
-0.532586120590245
-0.754241983286163
-0.659940585766017
-0.857708537363591
-0.686488437014093
-0.664823672308167
-0.778130046195806
-0.684291341353541
-0.731715881361001
-0.788264932264353
-0.616723946583353
-0.709852039960338
-0.659728447691081
-0.725701970155767
-0.71942654160891
-0.605449476686876
-0.578848011422915
-0.753340801900418
-0.488353942847036
-0.872331948192016
-0.744340410628135
-0.638694381636395
-0.702707264392995
-0.764739482362938
-0.6649489753851
-0.868786844925855
-0.666458471388352
-0.517636176174506
-0.748886765396387
-0.719562885767661
-0.714221304132102
-0.617844574378007
-0.524016079641117
-0.527326092642119
-0.693587124041457
-0.649630281241027
-0.627729070527837
-0.676941779700167
-0.548758985186432
-0.762887486994955
-0.612387252987258
-0.703765546435842
-0.601494018524072
-0.683479831724284
-0.611507756049748
-0.605902901048459
-0.617753973675035
-0.637133097557295
-0.598287184614785
-0.710557803410933
-0.77990078561655
-0.692029005078992
-0.572381285712391
-0.689973625200289
-0.548059275870262
-0.470117288586111
-0.521778914119293
-0.572823773423534
-0.647940787100329
-0.728185665562851
-0.567632250027277
-0.652412703763073
-0.537280779566704
-0.484085403868211
-0.440384051335254
-0.765784013139656
-0.675034817719288
-0.579343798066463
-0.338488147087047
-0.560905951230764
-0.559459987690591
-0.66079480576562
-0.632664424277342
-0.52175971368884
-0.530934963829045
-0.501147855773095
-0.561287691202075
-0.408030771598365
-0.652778983976772
-0.594082103141385
-0.563848683852403
-0.593175376638903
-0.63124448947628
-0.628704539892974
-0.428192005918833
-0.591219648801208
-0.510938987054384
-0.541381720210146
-0.451820211830619
-0.735026652989744
-0.456446759254812
-0.582314979258331
-0.534998305212144
-0.544309970646724
-0.434154514429982
-0.3914870867165
-0.564281432659115
-0.39487399529314
-0.573562738501745
-0.449405431531899
-0.602718393003205
-0.461333661176749
-0.40742986290816
-0.430419451261046
-0.428953829686989
-0.362127154395479
-0.574721141925839
-0.62258491352596
-0.417013309312245
-0.318259263735582
-0.5218728153369
-0.543688076260116
-0.480515604960159
-0.391426315107355
-0.598339402015995
-0.498573670413734
-0.535181192343753
-0.494745024991844
-0.256188443487044
-0.565558774767322
-0.384967494748902
-0.529314454916573
-0.404717749075703
-0.368579846507341
-0.315770138702703
-0.284472224123617
-0.647114045564492
-0.32532835558077
-0.484244818070261
-0.527459966652985
-0.331443674144523
-0.479569889067266
-0.512989311825665
-0.434757103323429
-0.522368973273106
-0.363122734958188
-0.47003688894524
-0.44596147659262
-0.151381496401708
-0.522984476127857
-0.411565205995963
-0.329790674678654
-0.427823297363066
-0.435606705920496
-0.49206916972597
-0.280074752811193
-0.381479454442621
-0.336152368168883
-0.477862782114778
-0.314688837200087
-0.297681890901569
-0.363658658891908
-0.443137689731754
-0.399336067972065
-0.330422052082645
-0.366699941797172
-0.332017114676248
-0.282335552742831
-0.467915260508026
-0.412835415332774
-0.3754565783888
-0.358156314770724
-0.419301536573434
-0.48164906282859
-0.408701577768166
-0.400003256966415
-0.405958840411445
-0.591041168380218
-0.446286877787518
-0.341703021570587
-0.347181034423508
-0.392436939962488
-0.346568287133711
-0.354910221758685
-0.479161983848907
-0.302975009101311
-0.189366103450941
-0.435158920336104
-0.401122463800578
-0.234692514265067
-0.243939454095884
-0.331960515721263
-0.48358640066442
-0.402905787200392
-0.210649952329022
-0.385167269279421
-0.388636625619
-0.292910847455516
-0.331774633504472
-0.346254517263875
-0.395781951482243
-0.340308182937338
-0.278068832723939
-0.528364504926299
-0.171150004711089
-0.306990173497823
-0.116408221824924
-0.275883238801151
-0.242739524072618
-0.297655320474743
-0.280969791593486
-0.246968039356159
-0.365229546370322
-0.281789094312256
-0.269927009962334
-0.286425109963138
-0.44917257297225
-0.259553647634355
-0.358974598526479
-0.266207017878522
-0.429457824234306
-0.390051946552427
-0.275406951810081
-0.361239055599815
-0.363130424632383
-0.105773870054319
-0.314139333749012
-0.240471708857389
-0.216036637681713
-0.328880565671252
-0.424426106228232
-0.294794595604645
-0.140917662809949
-0.352129124380366
-0.212036836109211
-0.266882606401741
-0.277329384049884
-0.267855219072934
-0.101693145406047
-0.363569470693504
-0.281322080346671
-0.227443714339968
-0.199959012465784
-0.154709880938251
-0.353881374434393
-0.325158377539037
-0.248825102715433
-0.222765401565239
-0.299753200596937
-0.196824891568787
-0.297529740971869
-0.290246343380441
-0.354789393254897
-0.279250413747186
-0.198632802948072
-0.165153149106759
-0.239940278123721
-0.217571664276318
-0.311604200741822
-0.208796846324299
-0.0679713225583578
-0.129852245124392
-0.253944333905083
-0.246042933899908
-0.194690246658762
-0.258765094436109
-0.322555252568683
-0.151991610424525
-0.257213823976275
-0.165886594572138
-0.177899940118769
-0.231644958942492
-0.213823935157844
-0.175176700503237
-0.234393183215439
-0.251009295878973
0.00985030136445374
-0.211489959178144
-0.249302881335056
0.0238038478609457
-0.283151423258551
-0.181493381776241
-0.101151905599989
-0.175261443365772
-0.166598287854178
-0.0674748659057577
0.0755009847694408
-0.0742542758564226
-0.105506977544056
-0.0307849794098575
-0.29488048715708
-0.0713864344657377
-0.296652402442445
-0.131333221724759
-0.200897716072263
-0.0254504189659132
-0.0894015241222353
-0.158294668269621
-0.189190024686048
-0.0938927856264116
-0.10466017309335
-0.0971064069627437
-0.227127378922755
-0.0633942012147564
-0.0502182325515839
-0.221942148273421
-0.30437697072693
0.0133939029833947
-0.173547390678672
0.00282371063815381
-0.0933599497884442
-0.119111889904456
-0.128043157009848
-0.0937971743045726
-0.159338176692135
-0.162547280202702
-0.0981359543953367
-0.0943274354944683
-0.0109409270119187
-0.0209706894602327
-0.0841814859112974
-0.123383350031533
-0.0257080545682092
0.0488541852874876
-0.109233929024532
-0.0485277791843344
-0.0279009169169249
-0.088651350039941
-0.032883184717907
-0.0209501023418813
-0.0181989238840344
-0.0090930889978763
0.0369889176297773
-0.0942968424609271
-0.0979052169222059
0.0355208017259015
-0.0478703896920506
-0.160328874542643
-0.0568916401195145
-0.134673816905333
-0.03349431200187
0.106490702621416
-0.0516038575742488
-0.0428820782070089
-0.0333514644213582
-0.0227557234146718
-0.0932149011081734
-0.072726744813694
0.233463208796478
0.13927397538451
-0.011980941342881
-0.154622180202235
0.0463243823265955
0.0394158436486084
-0.0594417130758329
0.134646644787102
-0.0344934559170249
-0.0335329071154352
-0.00889343789061223
-0.0251467590046111
-0.168150414735025
-0.0248943324731831
-0.060873463899875
-0.0636520126326538
0.0894309806051948
0.0565468570328385
0.136335182330334
0.0750156438688548
-0.057220549259105
-0.06549269446955
-0.0255068098882025
0.0217966722973743
0.00248169979450324
0.11945173682142
0.0553049443581136
-0.0352952876250025
0.036150280798303
0.0555228987122141
0.0687292068820249
-0.02018194897986
-0.0760544288163756
-0.0439014132377414
0.017162913141378
0.0135794606989151
0.0284983537033575
0.072189873892031
0.0666718497440709
-0.0847209504753371
0.263179033835054
-0.122624122480351
-0.0533482509125105
0.0166542098042321
0.0957316511236377
0.0763931831798871
-0.0869577792373041
0.0747150341185036
0.156161691036023
0.0710346591427403
0.100745949803821
0.0374497828995139
0.0450162341891876
0.145191530381851
-0.0155487568943541
0.204084080416242
0.26964972278616
0.0376279425152429
0.0520206999248074
0.0134669767529827
0.131128057412776
-0.0136826403307661
0.0986782801154871
0.0683320796660677
0.00120266068324359
0.0909395021946985
-0.00259866308372659
0.0786546506294933
0.0642226050722952
0.164535541668986
0.131586943004939
0.162489435487027
0.129782288534887
0.112610952947822
0.171157205888373
0.0174718937786577
0.0922589205459805
0.108395151141513
0.167682989748608
0.224329344068445
0.239654622712905
0.179977268549231
0.0997569347746868
0.151430415280668
0.146084250931237
0.0407295000116449
0.146047244728134
0.142429968464562
0.167016307835331
-0.0091301990002471
0.219670323159277
0.117181587245488
0.165332415240211
0.237190621222595
0.320241143934849
0.138710823294574
0.171332099987208
0.086298380076971
0.137583254113117
-0.00355371072652068
0.298431744227414
0.399398653547357
0.118999990810851
0.226227512145194
0.0839205803506388
0.118766638899865
0.162516739319732
0.304127478865271
0.30515963928023
0.414575828205609
0.0630835627438819
0.22738276047827
0.247740507722459
0.107279103114599
0.122080309808178
0.233056617951712
0.252506977575796
0.168286688860736
0.115619328549121
0.234825219062298
0.335314351017544
0.283961116690626
0.239590731865158
0.239658425600036
0.203861695442085
0.230631031029316
0.137029103039218
0.32609001683126
0.280167414897983
0.302786861253153
0.401237468429793
0.288496307310572
0.120084156712988
0.263061979005598
0.216175199141923
0.284042649579258
0.29203104362907
0.420077490403428
0.170933363863816
0.300100393602472
0.171465652920123
0.154365301365485
0.233340062057241
0.192757373031047
0.290262506833312
0.259651847707199
0.303630222592793
0.440441723442671
0.341485211161385
0.311393712629799
0.246350190670962
0.356955474544407
0.296497200571868
0.309694495354459
0.197543757767471
0.348741986717702
0.271161314626266
0.311120028809718
0.307272317473007
0.136915224111607
0.24594837089203
0.336891171650324
0.468858763281661
0.311359189080134
0.370619883775535
0.223259711279894
0.31599627656259
0.212268757267255
0.264142068985766
0.328470027409013
0.29914768750724
0.245756088153303
0.373737274232577
0.452057815840128
0.330566524215603
0.301079119656434
0.442640819612866
0.382096746482706
0.382601874362514
0.384993948008712
0.319199022304255
0.278027485730699
0.174442834760677
0.395594855545416
0.481682255317451
0.346061435022733
0.380664390967845
0.479735690916402
0.358898207231932
0.324565101617626
0.341316232326633
0.270466421700235
0.295674757990473
0.475963543021999
0.369313203199356
0.54695890136495
0.42898145450674
0.297956562552106
0.250395412632996
0.359942263824987
0.475030482908859
0.336309992159892
0.430233446280626
0.332539705072516
0.311524700662112
0.535642561316108
0.463782342075143
0.475605095313618
0.34666692912436
0.41134359250401
0.386333232912677
0.599739696842954
0.381547970800971
0.409769364785444
0.378752401409734
0.477957758348057
0.501197297479845
0.411974151037656
0.345495066558772
0.479013697930858
0.290192923515303
0.354030011128939
0.449356896343798
0.439293385788436
0.374801521980043
0.504095454973918
0.443770937788289
0.390513736576472
0.259315717700159
0.361731903158539
0.344487646427134
0.358497725883499
0.461919628976158
0.451375801994705
0.469774982923185
0.333801254958679
0.296345979196765
0.382157376568744
0.487441047447371
0.577317788501685
0.461004638443487
0.546305980207706
0.469598287204613
0.515520512959813
0.451122386623596
0.383919567164734
0.558969768135439
0.432716055123494
0.510231361723289
0.492443133128088
0.52559455515892
0.605340988202137
0.584088121980977
0.500591480555147
0.484615502999108
0.412752531567366
0.394755242048015
0.51340243688741
0.52847620377852
0.55701283255701
0.519429380053358
0.543919058622869
0.533489815880987
0.449603405474861
0.560193718289847
0.473263301855831
0.413849683228993
0.420553364308159
0.522419819958684
0.641458189532068
0.516469835773432
0.45653255426137
0.557894609081689
0.646234578998348
0.486426800346737
0.406823838839239
0.406170221321733
0.508369241952237
0.56808771564685
0.58939226397799
0.495652438556596
0.461167954000084
0.428825692833967
0.433814347411316
0.375962083433798
0.530849127846931
0.45704232444268
0.707848859104904
0.641277460018626
0.610143068954268
0.624189535210806
0.538065367126491
0.582237791153087
0.496154540049705
0.528306732606735
0.559680133867194
0.376930791499059
0.759645821475115
0.63255360581316
0.57910081711229
0.614118210032872
0.806944449087197
0.589221448407194
0.610710732580312
0.74448454402808
0.739916362594038
0.678258551467283
0.513371005313513
0.622129295568091
0.601035827661274
0.537052176048306
0.663464917948194
0.643026636536666
0.560133563276199
0.713277698458945
0.579157123234967
0.788671547728544
0.598353209240327
0.593758863171224
0.687281831954261
0.645837121593614
0.713347485995515
0.448952796267684
0.685904070220519
0.595545078215263
0.750421494740362
0.605447874038618
0.534418605396088
0.55147397460276
0.621550570625852
0.735865494700856
0.661570965442515
0.623332909227628
0.7793693691332
0.717101313389198
0.477887513986648
0.607136887925267
0.709689473876504
0.716135242828885
0.553123495347715
0.573354064678051
0.634604849248034
0.536363539862378
0.655911006171285
0.737558791159497
0.673249257394006
0.579056211404703
0.537835712742974
0.617230469868187
0.733051889705175
0.698582229950617
0.697386858912838
0.664060122918852
0.696256688724277
0.589217574969874
0.635921252519921
0.788405721039638
0.825458079289317
0.553935171729726
0.737990624485471
0.717539745074929
0.750647693504995
0.679490775164839
0.64446545818786
0.689896708260309
0.643598815975484
0.789047314497925
0.580911482649784
0.782533650100454
0.597513287320235
0.691168295248205
0.614097720298686
0.707369397903551
0.677782058631907
0.538458568071455
0.525165607952774
0.805157398768508
0.60570858484241
0.701882224919143
0.896789442293891
0.805558408803235
0.798361626128476
0.667330859489825
0.759153226039658
0.721227259743203
0.713984967918798
0.719963488712613
0.817208487243995
0.775576520366854
0.783109330375115
0.801506171519933
0.735242855785869
0.74085437375323
0.75854240464248
0.892735105902753
0.891342355234475
0.879048419762354
0.783343742249687
0.840704521309246
0.774233737500695
0.63559519807756
0.743112141777922
0.9137002377676
0.977529029342928
0.588248870736949
0.722117427435284
0.755850393770155
0.835332901749185
0.746489264759976
0.842270279714296
0.895280729113841
0.604784639530301
0.834469050011696
0.852955639731796
0.802413466066548
0.737852705705083
0.824243791514522
0.672173124088101
0.705442976072606
0.80828178454812
0.819137591625961
0.929332556691303
0.933081794645157
0.821188089908087
0.755219732758845
0.930484586185802
0.752628187477404
0.732064758640795
0.984698968935024
0.675036013988689
0.732681668622408
0.78989597228911
0.648766886625044
0.842048974287134
0.85337772556511
0.936824154626466
0.781373580435425
0.757628017434837
0.852994729866953
0.937974280948546
0.885409390224753
0.681897771431839
0.954078650169336
0.869056355017208
0.776176909643428
0.82534235807234
0.756334895407742
0.729934522667337
0.840616921903266
0.965485470888265
0.672450850084112
0.747578587074946
0.93035820790843
0.827466446899289
0.923301100019751
0.994124967128449
0.756561583179032
0.993133758886907
0.89270671144021
0.89978332290833
0.9959300030437
0.86202129950275
0.793865244434082
0.980003311189972
0.848204864197598
1.09131520656951
0.750949063860991
1.00091930735114
0.697885251964259
0.891456403701504
1.04061839724931
0.863200523107667
0.820739384071332
0.860575184498517
0.791934082671734
0.949386475050011
0.76455529634179
1.01790509243361
0.991409115105409
0.958693625837714
0.927670440913871
0.886558736999192
1.05728809118418
1.04595818183962
1.05983641662082
0.841712721464345
1.03326414386854
0.836435150679747
0.959832706615197
0.744588737386823
1.16673973361222
0.987636782884216
0.999124472766396
0.98356867057363
1.01729689751002
0.933748694873525
0.902788106546042
0.975985994262937
0.974368400781979
0.910426133726037
1.01124722881957
0.969616275593398
1.17241487999959
0.86868006317892
1.00345073390124
0.929445054185059
0.968077487875357
0.899758496693963
1.1155309381156
0.944697001470304
1.11094307079127
1.15566620649669
0.920546723157052
1.00768414750151
