-1.15890965434601
-0.788639467071757
-1.00378641717888
-1.04270456845579
-1.05585013828125
-1.03714832158696
-1.03828243150729
-1.13298739484554
-1.11481034570168
-0.80079468668816
-1.07314468640686
-1.09405092853133
-0.893033407198506
-0.970954621713425
-1.01655594968165
-0.966860883468267
-0.929303106230068
-1.08388710037185
-1.00182981632532
-1.03579799533384
-0.88310391389719
-0.958705522375643
-0.742519677477701
-0.924826160526513
-0.900039801120965
-1.02699249370621
-0.946095948512884
-0.984362654363416
-0.995730831057276
-0.966212099326866
-0.747962444337589
-0.977765909203766
-1.0451556482377
-0.913981607834309
-0.830169244463485
-0.856396707302928
-0.861455208585125
-0.997244631502914
-0.925784755841838
-1.10692866971167
-0.731552351578642
-0.938628290798798
-1.02333138484064
-0.890160926018367
-0.948607951299571
-0.967081586165189
-0.874088722748934
-0.822890437888516
-0.860798543584049
-0.889979805986804
-0.864220105034663
-0.954610955372373
-0.725594223580128
-0.820748447096798
-0.896298679391316
-0.89541566520975
-0.970717863936276
-0.850030964259683
-0.782278730738848
-0.854162527838545
-0.900883993151473
-0.905543506028719
-0.742798516016927
-0.995221436371278
-0.752211523453135
-0.909289748554266
-0.868877855874547
-0.954603903314468
-0.740045130070367
-0.807297859593717
-0.843651756967018
-0.749705247951636
-0.921446712567126
-0.766061629504185
-0.816217325277492
-0.867667758212576
-0.874543174885995
-0.944257378703503
-0.774367931923647
-0.742372589507142
-0.889412252194806
-0.773668780353442
-0.78568236399071
-0.874860284751898
-0.920909668293376
-0.78327695783243
-0.849711902318949
-0.856938226559021
-0.835307349181522
-0.857227875017025
-0.853540288432728
-0.845438488056182
-0.887910917951124
-0.815674643292641
-0.791320502919122
-0.823928984764475
-0.760025840350343
-0.875675373690613
-0.826553866992027
-0.701140846434892
-0.835015879678334
-0.859832404712198
-0.851993301842845
-0.655476236557393
-0.668449146727836
-0.973514092626693
-0.91650752798131
-0.587418956800576
-0.841792830282408
-0.694894838500971
-0.746348972776644
-0.87927290492073
-0.811161586365637
-0.6242706918973
-0.728879527306044
-0.858990953662605
-0.752026042757382
-0.726728373803753
-0.927908474677457
-0.745653119082062
-0.662260604505752
-0.850728079276898
-0.867291920978831
-0.721357835591717
-0.608075307567865
-0.871640227567462
-0.811474261105694
-0.58729838648763
-0.735159090282276
-0.634612629316943
-0.808748852208696
-0.757684792103089
-0.783079952805648
-0.687519733093584
-0.723107002957933
-0.701089029615237
-0.660924168812703
-0.565120354020359
-0.540416903459958
-0.769664174953537
-0.754042092618067
-0.695288131287079
-0.78786452479105
-0.762988425539442
-0.673584553476396
-0.743175107480204
-0.733103552533772
-0.818438829526355
-0.763788725577905
-0.57949991718878
-0.691536566008726
-0.775884893805277
-0.7430992188362
-0.773394394254543
-0.572454012515739
-0.641170710896293
-0.759445058370177
-0.758170060026284
-0.835352114633127
-0.666143645196454
-0.74506766223115
-0.655078874937006
-0.806706010303442
-0.588954437455266
-0.6491851874293
-0.681437667426893
-0.707247107195265
-0.552559615393316
-0.76428265985733
-0.817972303689744
-0.733526950664487
-0.584891480662429
-0.64573079272915
-0.555528604764289
-0.552866739441951
-0.618975883632955
-0.864249815491264
-0.576366715336401
-0.57025111357417
-0.740093888385005
-0.585997085496243
-0.446441371791064
-0.525270022854364
-0.746500173905775
-0.467435150745391
-0.533681701546001
-0.528587691491854
-0.627827869349461
-0.687170145390211
-0.572328934722229
-0.601940527505173
-0.587428245146544
-0.54734599445181
-0.612129808873323
-0.539621135282679
-0.613450778497894
-0.744877450019592
-0.625764353814964
-0.681449320231249
-0.534807731782632
-0.681736863909887
-0.466790381026941
-0.735170995336895
-0.514059673094324
-0.553500100107843
-0.5421934677612
-0.593886026181286
-0.479050067646525
-0.480539489099307
-0.56676805362556
-0.611349019570433
-0.660143129296786
-0.47012342523632
-0.507382909036868
-0.652250793675705
-0.50353986973328
-0.484301843762548
-0.692557302617901
-0.547430003681608
-0.564817881239695
-0.503257429159199
-0.591330802338994
-0.528583476664418
-0.650773542613955
-0.606550577613103
-0.569202022771012
-0.597235162182734
-0.68798325182192
-0.584224331580561
-0.563605554474859
-0.600377661728417
-0.745319089078566
-0.492205622461057
-0.460552705782534
-0.44551813465315
-0.461055260203566
-0.426106431447534
-0.569353224409177
-0.529617355430766
-0.581353398289027
-0.710704458014309
-0.288988246063992
-0.469947580239532
-0.582564030350916
-0.439002138887529
-0.441801633171298
-0.534099232208657
-0.480413296756815
-0.446374371677569
-0.442608234699255
-0.538369992997419
-0.508240405903416
-0.441904922989943
-0.618604817008511
-0.513711601864215
-0.498987002150578
-0.405064802655706
-0.460626481827726
-0.517658111341259
-0.44418879831543
-0.660449816298012
-0.360028933938779
-0.546946527042723
-0.438537929168063
-0.421766774469094
-0.599695334807087
-0.53451105622487
-0.499262214393688
-0.3688473679097
-0.446904008756862
-0.498192037733143
-0.502109399650304
-0.41034874698659
-0.30121185132256
-0.549372375253404
-0.431035384458363
-0.604094314172604
-0.517486688033254
-0.511140012122233
-0.38375035792608
-0.273339623519729
-0.413145464575128
-0.42276699196955
-0.430098300380146
-0.370340468843058
-0.346811804277689
-0.409899563506524
-0.304763007198644
-0.577344607474537
-0.383451673525765
-0.522852008076138
-0.582960270333553
-0.427927419191454
-0.361339450379613
-0.556329745556057
-0.394393795121215
-0.453355365825526
-0.342001883465821
-0.278260942113601
-0.334438446559978
-0.422254750688674
-0.406976753957793
-0.301516932827068
-0.40483612771541
-0.398584397246531
-0.461922673269812
-0.43373616060956
-0.369474197613586
-0.394828940723929
-0.409045535992814
-0.22485446862905
-0.274079662672777
-0.391952027909071
-0.429526958762923
-0.430682950609594
-0.480571430261564
-0.240259053724416
-0.45996174698986
-0.304490209137456
-0.37149691728184
-0.303668556734005
-0.388496517555725
-0.357949585140115
-0.388851841616048
-0.310994518820908
-0.354930911415672
-0.416310573316754
-0.364735483504579
-0.412257665524198
-0.413182248111017
-0.316224554249555
-0.376723841725056
-0.208703068289904
-0.181257166868643
-0.333875498237699
-0.325813124313623
-0.244630162080224
-0.288322864978727
-0.232944433246447
-0.285387796960142
-0.377705037001888
-0.263619875159533
-0.269796753434774
-0.344045703831179
-0.309131328301183
-0.261263509799659
-0.44804661436895
-0.464921867763043
-0.315509581626283
-0.237701277551152
-0.354254989980168
-0.318479531834431
-0.371108174843724
-0.338809498982549
-0.372545272000108
-0.352280111198545
-0.192351838003777
-0.305152438098237
-0.356209055422327
-0.247894500329016
-0.245547323710641
-0.183343893665753
-0.300428306569008
-0.200525308599321
-0.153388329636481
-0.162097675479367
-0.195297571932312
-0.301725602465363
-0.190109962625864
-0.275540072148385
-0.388035319025114
-0.212419034884839
-0.153767584600251
-0.158464796435384
-0.331336813090945
-0.380848970023655
-0.291618274315605
-0.367286686517572
-0.317116170157384
-0.296857315361437
-0.275765970774438
-0.321290432408287
-0.208303048052912
-0.241005397512718
-0.212290437694846
-0.234856879328492
-0.259383549159017
-0.233302516063849
-0.232529784579059
-0.186182280624242
-0.166399026745187
-0.255199365464958
-0.266186914662717
-0.167712341888974
-0.183596774243957
-0.185291187024573
-0.311740626307298
-0.207009399072557
-0.189033485783692
-0.137102098380212
-0.244399260931701
-0.108739129304106
-0.178503678946374
-0.195140578984651
-0.270072097883363
-0.160487534064209
-0.189552892206811
-0.263102962910806
-0.137837730904093
-0.0649478040037965
-0.164971154229833
-0.296161512678431
-0.171042977209366
-0.20271157315788
-0.237515258172864
-0.158209581231442
-0.155604086792262
-0.151076969750039
-0.213967110305613
-0.413634313934191
-0.300716750977626
-0.190220914133488
-0.0788263064629996
0.0134344851640036
-0.0658470232080014
-0.301242592703286
-0.0564430872115359
-0.241975769482512
0.0121614048174925
-0.106722571634691
-0.238318920108666
-0.101587035364477
-0.283157187176343
-0.0983313204937839
-0.135016870414314
-0.0507488542541806
-0.281628678660474
-0.0649731173343534
-0.189715543747816
-0.246228824663135
0.00135848775442338
-0.261575251040985
-0.0828177129645519
-0.127735017949605
-0.127367491705243
-0.0808947720436658
-0.214193000193
-0.233442574150767
-0.0683836189273775
-0.282105603387169
-0.109945991606284
0.0850808433063106
0.0156382436198053
-0.127088714424976
-0.0737118295695597
-0.0716891043572041
0.0420833576452423
-0.0225646283081679
-0.115403542783232
-0.17842801943698
-0.205273030046252
0.0375977143145118
0.0184041813960666
0.110147038995489
-0.0642695369766678
-0.0961595402110645
-0.0820390210682215
-0.196399534182772
-0.169967589137536
-0.173838145855721
-0.0642278762574931
-0.0642089136736741
0.0391256965407691
0.109577559577583
0.106090326909231
0.0790013449613636
-0.0795945293456334
-0.126864928863147
0.121489953881978
0.0426241586765611
-0.127069572194712
-0.107241336374911
0.0117880826939842
0.0456341032155325
0.117655266669308
-0.0110872832123696
0.196717627494152
-0.016807514350782
0.0610208215014899
0.0130110664668091
0.0435811954472533
-0.0414874055707385
0.0575831931692805
0.00077526405625221
-0.0708578463266134
-0.13519306455682
0.0654685112865946
-0.0287304178445847
-0.0856335983933345
0.092517270148934
-0.147716489558426
0.00349942127316622
0.0274858499840717
-0.0635871864608449
-0.0648274277318843
-0.111153811198142
0.0475496035046351
0.0307070115132205
0.0454146304973002
-0.0109114450890929
-0.0491719174908623
0.112329229293278
0.0638839920950001
0.00284932989899649
-0.074431507443667
-0.0212585537097815
0.0526518584020572
-0.121132258910549
0.0368528087072951
-0.0884648100050865
0.0514939202996071
0.1117399464035
0.0419533855735955
0.0276824670550655
0.021199195438333
-0.0569241901965068
0.0626868260225887
0.0807026642624138
0.0723523665442254
0.195404921949214
0.135555972712161
0.0687097476529166
0.1194920682296
0.223690195717712
0.121579752401744
0.0596564965921799
0.0760691737676115
-0.0664000973503686
0.0743446041286448
0.0854421657863474
0.102190018049968
0.104699013438749
-0.0360382097382542
0.0819945824954685
0.228768476723158
-0.0410836422995735
-0.0201174614851611
0.0803175523841566
-0.0164571282553854
-0.0115124627176287
0.169402396134694
0.00468826774529005
0.0735696307371274
0.0527558216006165
0.0598647234268602
0.0236397800819315
0.135367985655054
0.208836288620141
0.266574342544595
0.0761627573305576
0.215909410307041
0.0226736078425354
0.166006801054389
0.216696676545842
0.152919945063559
-0.036181401104319
0.299610264754746
0.111710358451907
0.0575512875485187
0.204348296509742
0.0612285876629087
0.234657616628992
0.145451279957742
0.0504073959500061
0.0904575299939214
0.144320597211596
0.116606584407251
0.185934932458091
0.0628143632665541
0.189378493377176
0.0326847114616742
0.129713229017311
0.0781766176659858
0.138464097472062
0.12989353659257
0.118246125678489
0.178078292066527
0.0387851992490646
0.128933005540756
0.118756801389581
0.203620819450053
0.0963854699882569
0.157005262617215
0.191294449713087
0.247984559903328
0.239617622847313
0.247393542125032
0.207898768093914
0.153892614392598
0.342061174133909
0.0861918595066522
0.0391499410955766
0.2112444701173
0.189308596836749
0.1955515931981
0.168373274441534
0.267388438914023
0.143666968863935
0.202655641638718
0.184951359108905
0.10052492924022
0.36311287668046
0.255071851030843
0.249490599775936
0.121246357604829
0.167154778471726
0.216637331899754
0.374524345553486
0.33226338668421
0.370407880495414
0.186768170982901
0.236910555842077
0.290610623369309
0.136652302915701
0.212840547797074
0.296281117770137
0.3128931398422
0.265477836766488
0.276277096348047
0.253860121449261
0.215414883246314
0.231172789466275
0.341282612443653
0.181745240423307
0.15593330116233
0.165819544211513
0.0928886909061478
0.209822055689915
0.222294910721969
0.266834826374659
0.290498831577885
0.339988536237088
0.254536556259473
0.36593045312078
0.274580304571936
0.303015257256411
0.325000084142016
0.0915690543962413
0.231636886184818
0.194330536688767
0.112506852682268
0.352795389947239
0.29621797076744
0.357565354967007
0.316446739691493
0.296050476106254
0.278131506822732
0.361921296039197
0.399842060417853
0.321141460977667
0.275043578107495
0.304197780381015
0.312067212256137
0.337484162329329
0.298713885938059
0.322967932704758
0.294883062058434
0.325850141567678
0.295893965488441
0.313545154312041
0.122425919504287
0.299539720928592
0.399255319933988
0.318543911149845
0.418307109737576
0.323634689291723
0.255479195424639
0.297319206242568
0.311817319428009
0.241295498566691
0.421854962585911
0.239451103704687
0.161088220612756
0.29483927963149
0.368323638765878
0.355466766727338
0.243630910940795
0.374459514601932
0.473205920555667
0.357860165216143
0.189946678839636
0.376004262151776
0.317508013998403
0.503983088151759
0.348445926504818
0.356961301330627
0.353926152864798
0.526219525386889
0.319249229759789
0.396574823697798
0.439719349526188
0.42723454333531
0.390693359246366
0.470567601669897
0.489177235684334
0.413692216817592
0.330649331400033
0.333433235316734
0.457249763988532
0.431303312951388
0.456297915587732
0.485572144026061
0.364759654174645
0.504243007343398
0.406391755247126
0.334701493504596
0.409909315433544
0.367321341272194
0.455297476411919
0.401904405959717
0.361977909975562
0.529132289665767
0.494207847644174
0.357520524141209
0.463420019908896
0.283986505576044
0.51624740168715
0.352675578409723
0.536152307298809
0.413936531028372
0.332634945005307
0.470745965050555
0.524830394462012
0.49729700466568
0.374267237088914
0.480623908385104
0.288523699333137
0.339113095463345
0.502989145138132
0.706063082516537
0.312498552528797
0.521862240493042
0.523650835164127
0.492988267502937
0.710540362647641
0.442990129758299
0.568222415875603
0.596518201272781
0.508427020132453
0.481022984452713
0.469229516293063
0.653298539683704
0.54408660174175
0.515173147333582
0.597478094077165
0.395100692132662
0.620788945776122
0.510985803675527
0.593061057250897
0.508125368827977
0.425894424991118
0.538345190635073
0.459439749321076
0.438612002342259
0.632767677381
0.480325088367834
0.548180219982482
0.573611055756335
0.545664142322974
0.578139420839896
0.466533866985659
0.677055342332738
0.56644005977747
0.473209977410341
0.689120135710479
0.491985130150387
0.566491618803625
0.5978011820426
0.609503549495422
0.452710002283279
0.575098423085786
0.574212191060609
0.560313166554392
0.545294612937609
0.381904235129984
0.628135615457101
0.601991312017366
0.593831780117854
0.480634473297921
0.698571951415946
0.555688677168294
0.5539029178517
0.623661845860582
0.677162476400419
0.552950776102801
0.525615078214792
0.628402659767645
0.60421082308991
0.66398213820429
0.514195410494182
0.523295187503626
0.761002205631928
0.622910386868994
0.582068692568248
0.67106394566457
0.545673437359597
0.573788555070532
0.547523021467615
0.700621963880837
0.622088328702619
0.507477206564682
0.621697493968619
0.469905210865504
0.418933455033513
0.662045845034941
0.733645865435952
0.636025806211292
0.670575555966116
0.587581449890187
0.783061836136768
0.476126512670748
0.780880748102106
0.597307304168987
0.761351846153153
0.491779904684725
0.537313827047522
0.508989936119241
0.538657280364338
0.720082269799979
0.69746834088108
0.708998256473935
0.515832396963389
0.689708339012461
0.762801289811351
0.654517227472492
0.558380570041578
0.676955869875853
0.780353730002133
0.570632171241165
0.639298793569788
0.661034972686689
0.597327846323459
0.683533509493852
0.77337752288123
0.549428147978385
0.665985771260511
0.667488559924512
0.646836286412477
0.733203126284322
0.8092104013422
0.629575719288815
0.726431289155233
0.644091833427985
0.570925477940823
0.694668114078012
0.855909403556444
0.648522853010275
0.816899446716418
0.747955992869582
0.825212555754993
0.677122160009127
0.64168395624871
0.641281449211532
0.750994381854537
0.649874650077382
0.848437674992561
0.698231926596043
0.721877294865432
0.795119058240586
0.828090033912965
0.873439346604374
0.874406254067534
0.786460805739474
0.730998121437656
0.748974082153157
0.873867312175391
0.87608135071798
0.745133185645326
0.778788628966213
0.756889581302023
0.830678702387841
0.821357133299832
0.810549891121409
0.64144619738785
0.84174466991247
0.840777555170318
0.638537536666561
0.607952377304607
0.813249673100102
0.755245295272066
0.802922613092322
0.726920260808744
0.747694235889365
0.918576442680108
0.724321442911373
0.816653083816426
0.725914419397245
0.850052906010171
0.76006999281108
0.857806383092363
0.986253297286456
0.709411456064753
0.820530003825257
0.779132641939062
0.926699536042325
0.733349474927474
0.846120690069755
0.954997711205771
0.733854171347663
0.946103582901644
0.792704507218214
0.823689592561876
0.870267487779591
0.899741595416778
0.758456349003661
0.726058515597812
0.838168618152032
0.851716237906019
0.899380933836946
0.648593804129316
0.731512596187944
0.807847379706284
0.828739903212634
0.831107681193036
0.909945686069754
0.823536434583359
0.739496727539705
0.763686843133372
0.960802380700856
0.900846863795706
0.796308281834431
0.917813908441068
0.807299031060288
0.950713704144368
0.810203890209774
0.932132721008538
0.891144822620306
0.946388549754717
0.815402943388312
0.870389799385143
0.909909396263943
0.853403514617801
0.915888385798962
0.93531198571583
0.903874626602353
0.678143702055007
0.872421423233987
0.7847844642715
0.961361060795912
0.847917673973243
0.812584155862111
0.890894602866169
0.829323566175412
0.942429642812201
0.89034606926425
0.886964869909719
0.896692114254098
0.886370410507194
0.992157412657244
0.827453342094875
1.02524898004589
0.95007632569649
0.840480130241106
0.827810912165556
0.886666714082843
0.972611952599993
1.01784790852704
0.908568961802445
0.767029381123233
0.872802833272429
0.918387681286198
1.030726904733
0.827291589047622
0.922098098103968
0.968608825367039
0.901089398804098
0.913047991852916
1.00601695794563
1.01272626050396
1.00983219638619
0.86346583959957
1.03732698622772
1.07079047694517
0.89507010484013
0.967792861069391
0.951705845960704
1.01180504009663
0.934085806440218
0.966397867527209
1.04582536537189
1.05323228999639
0.886786070756963
0.960460523174732
0.969438037828973
1.01730859395743
0.843191575402886
1.03073885939703
1.08918295232484
0.99196808909992
1.09318670986985
