-1.06013372824676
-0.959797973279256
-0.992470640657411
-0.928007631364969
-0.899219040527932
-1.10453701060846
-1.07145257241401
-1.12611899862155
-1.12227195929325
-1.10357084424397
-0.913828209555014
-1.0610548550746
-0.951842803028819
-0.966332068475591
-1.0220446325133
-0.991477892805671
-1.03989312644664
-0.963635662921684
-0.82311814978638
-1.06771633859854
-0.859408267506756
-0.976306705502507
-0.984589508570727
-0.940456280027138
-0.896594788862831
-0.881636011295002
-0.919277796574614
-0.84265193557084
-0.994108522893537
-0.845838169055402
-0.954351748521431
-0.776516659603906
-1.00743642962242
-0.749681810535085
-0.986593398886949
-1.0202224564431
-0.89346727830663
-0.89452659934106
-0.76753644272903
-0.843225398870951
-0.883371854656206
-1.04548441549226
-1.006548794392
-0.719351374936543
-0.821703145030825
-1.08802110372188
-0.913380046597038
-0.801283865522856
-0.765133090230937
-0.91653053121365
-0.959186702725956
-0.956102990185308
-0.955651275487952
-0.926433077918344
-0.97971484397762
-0.949098466213093
-0.866664334596479
-1.03580172750715
-0.839717464945937
-0.911689943640001
-0.903931927542633
-0.790372681071065
-0.971050144793825
-0.899431029101351
-0.877269095077233
-0.771097218596046
-0.90794003192996
-0.88687816150509
-0.852178359962935
-0.896200617773408
-0.947344671935837
-0.862574196412145
-0.785434095884344
-0.772526038876624
-0.686596787712594
-0.798303720604471
-0.799852787352589
-0.834525924567697
-1.01135704423373
-0.877416924328852
-0.81391120095911
-0.877705651298741
-0.753034768987077
-0.74807641438986
-0.831163569014274
-0.9521071550584
-0.714443771372116
-0.992491455529244
-0.783848989691947
-0.794685926080103
-0.945680888712315
-0.904549121215692
-0.75592563386132
-0.881896024708924
-0.925156985658118
-0.810614002334999
-0.763555572861181
-0.900930990449023
-0.683908118418126
-0.766644494351987
-0.778356388245931
-0.735722679392147
-0.801901066220534
-0.918966853537276
-0.913266170117198
-0.783544784199289
-0.886379078704611
-0.76159518711401
-0.783062756277461
-0.90500341608673
-0.683654605532262
-0.736775221419265
-0.813407408205962
-0.763349592587016
-0.759855155404758
-0.766967397779013
-0.731827620802471
-0.797860126654087
-0.692555803695609
-0.795020026089072
-0.82226946255947
-0.882183198095572
-0.673982215151032
-0.734695368613579
-0.658973437247453
-0.693803160694276
-0.810671675589836
-0.906824421993845
-0.78905594538861
-0.727345810690721
-0.826222404117688
-0.667434286652544
-0.665880356254479
-0.802620410074237
-0.690325707343664
-0.700673302965762
-0.825585371377677
-0.8112630192192
-0.709328176338014
-0.6677702515298
-0.790954681041701
-0.751042538550461
-0.733725145555911
-0.796954636973521
-0.742165931719771
-0.860186293814633
-0.684859767466418
-0.747788922942828
-0.716736446449844
-0.68231009104719
-0.738904257998813
-0.723921860755109
-0.544798568770914
-0.630222574053401
-0.57238978285661
-0.623709436810069
-0.609207312768509
-0.684553561564276
-0.742015264158479
-0.670640463888575
-0.698716074057069
-0.827855076433856
-0.712140627573407
-0.575347216416581
-0.605266029988486
-0.653054935920056
-0.593028451279044
-0.858770599368517
-0.614041886032846
-0.647100482388167
-0.714195297965822
-0.743741688710502
-0.685831079682301
-0.749863063428012
-0.554428961306624
-0.590083472522742
-0.606306709063663
-0.783379965335032
-0.655097260161718
-0.5054153238124
-0.452447308769625
-0.69224890798154
-0.758444827296858
-0.50329633835843
-0.645537652463955
-0.582134915551869
-0.767120191767691
-0.671362614006889
-0.718056057211417
-0.635937328583209
-0.648689024855858
-0.604214202421992
-0.479149884004869
-0.742123556200597
-0.668923514751985
-0.619033115594341
-0.717087214315241
-0.697186583287055
-0.601443070557259
-0.722529142246609
-0.61450404867889
-0.685742734848929
-0.499023240733435
-0.647521862627394
-0.681030799245892
-0.630682813788757
-0.458908933962661
-0.629116779351321
-0.687393018504932
-0.658878720496194
-0.621409117316026
-0.55097453828145
-0.533064285098678
-0.547733548957472
-0.63346776499005
-0.613095857164569
-0.592716718254785
-0.520613261097289
-0.45031516738523
-0.592203803485788
-0.594011467803941
-0.68630025647805
-0.401149773591579
-0.500929920387824
-0.50881568601389
-0.59162588156908
-0.549488922140806
-0.565935986205948
-0.4258610847151
-0.692621336487432
-0.634078402639567
-0.566555691881073
-0.451343378683728
-0.432154878215271
-0.43884266699331
-0.679324337255677
-0.30102735308789
-0.511179917734575
-0.506333225053443
-0.476159593181626
-0.536349483340102
-0.55157568826555
-0.40567531684951
-0.463888458609752
-0.522974727544582
-0.492121592036036
-0.540479381245689
-0.428213681870091
-0.380967634925476
-0.609644433623085
-0.569149447415368
-0.562705613426072
-0.517650678678102
-0.564936194526526
-0.454438404048458
-0.365064714541725
-0.545582489382768
-0.457342360706856
-0.577241921574133
-0.594914945300142
-0.280577191595922
-0.424802604895356
-0.423889056399624
-0.606642516322052
-0.469833500587699
-0.337426356101161
-0.451761947969374
-0.399936560448082
-0.489854505477786
-0.467424392769229
-0.539088614931575
-0.382909487414755
-0.498618108543671
-0.445031624759704
-0.411082063210885
-0.382100898618648
-0.54079836940981
-0.355275023048202
-0.485170838834303
-0.450324576414424
-0.402435492107987
-0.478122684421704
-0.571594044243596
-0.464257209488384
-0.228172682102224
-0.358826234741084
-0.416387350000492
-0.368974652660653
-0.530499404392525
-0.315624008557593
-0.534882644385395
-0.375197440647758
-0.420167752770271
-0.183783940145293
-0.437542736121029
-0.422629919131116
-0.3737091017195
-0.512316349492023
-0.433012274257961
-0.480742105267048
-0.34338051835422
-0.519146768013184
-0.520698968165757
-0.387022917577867
-0.461401387673373
-0.330050355765016
-0.433241581952082
-0.316865588821257
-0.476959765763924
-0.401752881466466
-0.500595759917611
-0.339235648935985
-0.400032800941087
-0.244925423933508
-0.432604599463599
-0.228899205199116
-0.572921613723874
-0.184477545249502
-0.302130958968358
-0.33187732499397
-0.357501718117948
-0.285066129246084
-0.26465067864398
-0.498395167251854
-0.295576106579836
-0.368257329034069
-0.298935017690803
-0.458888037537165
-0.249040397626896
-0.502855528335216
-0.334632099363486
-0.387565347429031
-0.316019867177021
-0.50881685634268
-0.213550648298717
-0.293616451247518
-0.159503689576715
-0.330035937158395
-0.245905985999601
-0.329432934624542
-0.273078696735139
-0.245040307289419
-0.30301362516479
-0.363045650357745
-0.193230194964708
-0.187180677948786
-0.315312316985787
-0.353151533095111
-0.362803494965678
-0.322338994947102
-0.195311377119841
-0.198316609515675
-0.223691118670262
-0.321938962544577
-0.157321638474868
-0.319494270239088
-0.269034023396785
-0.271436249194654
-0.277612539775356
-0.258670853413453
-0.224487262358255
-0.375921525680851
-0.240033600270276
-0.374501859999497
-0.307570356451295
-0.250169467047603
-0.33531941856876
-0.171891200291696
-0.299347926668027
-0.293009953108982
-0.16274357425171
-0.135574391466298
-0.372706185254937
-0.225462208316751
-0.26162678174941
-0.230106535249568
-0.284959718098213
-0.271216930647589
-0.290619617105319
-0.275984091885408
-0.144940941326017
-0.223338274224796
-0.389534277320533
-0.16498530028594
-0.235543634498843
-0.129946441870454
-0.166921082528825
-0.297724763333079
-0.170085940188188
-0.305818275333305
-0.183825867979606
-0.205054625462886
-0.32585516278475
-0.260177017279417
-0.249031634590486
-0.116178376924193
-0.264197562895345
-0.260825122322257
-0.309998326698233
-0.12333530592824
-0.0871131970214212
-0.0262170970155079
-0.180056968576054
-0.146183672202514
-0.331535171451782
-0.312935922651372
-0.16723264392424
-0.114718255947574
-0.0769496434317535
-0.245601440327628
-0.208214132976282
-0.0663908010523338
-0.130129452672053
-0.283167512075032
-0.160284336385386
-0.253216374919942
-0.119532567123982
0.0126057866646417
-0.0778702354273407
-0.14424580434404
-0.110739557458933
-0.110628096215373
-0.0748201505339061
-0.137013492134347
-0.117531625123347
-0.167035929462587
-0.0299971346053947
-0.129930896672966
-0.0977575965613199
-0.246722624418566
-0.0436248508292144
-0.182261247191815
-0.150809361252324
-0.179711633558222
-0.0793782214196066
-0.167724273000743
-0.294780216778295
-0.109423631640277
-0.0247725916139261
-0.231931146376834
-0.195841775797981
-0.187339880287227
-0.0924432399612833
-0.0634170507233361
-0.252839346552778
0.00802053591715558
-0.0435263136835506
-0.000427555915666677
-0.2693406799526
-0.0855937280427194
-0.191840327597744
-0.106171240474422
-0.225174425779434
-0.113632392033034
0.00223337790529734
-0.0873889618466568
-0.256848752539975
-0.0698394503918082
-0.0299427074067377
-0.0246659821543601
-0.130561593815478
-0.151335235031019
0.0103462946849826
-0.156875235664753
-0.134704614644486
-0.109939308086581
0.0530357933345769
-0.0854895498185603
-0.0619871596632668
-0.114712622632279
-0.0372903215079432
-0.177590509980942
0.0367562598809598
-0.0227272664084048
0.0325536675151481
-0.0690358021048521
-0.172735027120774
-0.0334831095064773
0.0262749634358158
-0.0659527192678748
-0.163049810240672
0.172308798678901
-0.0890274697880233
-0.00397506563778692
-0.153329413481406
-0.0568570156865616
0.10628429800443
0.0405425377099179
-0.0428098215766755
-0.0484525484870817
0.0127747528110911
0.0382803335091501
0.0312200037576229
0.0220076843526907
-0.115271861663242
-0.0264008887064694
0.00251349895094307
0.0618607423277554
-0.0622774438338452
0.0205827410095368
0.0369576707582668
-0.0702880639081018
0.0913261895947334
-0.0316024867056819
0.129186611404651
0.125811931587207
-0.032286623701782
0.0665531365978839
0.12961986243517
0.0685202240329926
-0.0166906215756668
0.0277844277441245
0.0463561316761084
0.104151341424827
-0.0989857258802083
-0.0216937371165977
0.062688150002459
0.0894970316262232
-0.00327812872458087
0.0793900760400886
0.020663082566551
0.13879378185616
-0.071669964532602
0.0909328906220898
0.00273673189393885
0.146767955605757
0.14165536422449
0.0496182918919457
0.0460307716620933
-0.097540849467205
0.115960378105328
0.0245904560493577
0.144272071658001
0.119109718619618
0.0867716471129714
0.0768258778599549
-0.0232587395953535
0.17065749323527
0.181022685893719
0.11736301965918
0.102497985031272
0.0839067683256848
0.250167008557945
0.00512777706064016
0.168915057038975
0.187258209297256
0.111971084415684
0.243092635723564
0.0493065117200284
0.241380708334165
0.140317952005767
0.016050353996685
0.209693528702168
0.0868743260233701
0.14629979351924
0.341771934045754
0.0559528904689305
0.131478103705912
0.304792641939273
0.0047689764789683
-0.0099956277465935
0.104021060548385
-0.0268110949772095
0.227587004134025
0.215587470486333
0.137663039373391
0.0571560143458452
0.232156778152913
0.162673616540775
0.107093159937036
0.185722909540315
0.185531954134494
-0.0627221084001847
0.163209881416265
-0.108084690518744
0.0884351547059695
0.200122309169273
0.219653914597259
0.239550118085388
0.333795360461264
0.184169955524668
0.328834500905115
0.219330122347639
0.199099176794947
0.161393406352752
0.178049823350152
0.117867184499654
0.123628350171104
0.176202718543899
0.201571731691111
0.17728981649935
0.271258772765296
0.203888323669339
0.17523548289198
0.249471835593151
0.103465960596604
0.252752985097087
0.249356269255073
0.289277464387206
0.286815148873348
0.155943613213325
0.364128849419896
0.163787708159505
0.380373670871093
0.328791774501881
0.0872622125830813
0.185034570297474
0.437275710163724
0.198109220735687
0.371943387647437
0.109861105451413
0.181691907080308
0.366563447086294
0.251316695598958
0.213098747336666
0.293930055426451
0.226680310520635
0.236467754857438
0.325300669875207
0.200295270483591
0.202741439034705
0.281355562687553
0.38309816250042
0.323909816001888
0.205352594234175
0.190514516096132
0.266119946558725
0.270826335911045
0.326506049068748
0.230645552704831
0.300880567089221
0.209084782252362
0.219519396481229
0.190391620206352
0.293001938058912
0.347715118092842
0.334702000625996
0.228798939177397
0.125614784390649
0.30401984123317
0.363388718016242
0.230912961536073
0.44359462727193
0.297641564374045
0.371232864184659
0.262780759977671
0.290001040288397
0.275487349262519
0.281096681063575
0.313677051397564
0.168588230070079
0.219250496798565
0.548189515736048
0.361740975184103
0.296619505528532
0.405712585590656
0.280882469120247
0.372108891113238
0.177532725967393
0.257553710384975
0.446977674765046
0.348132530746635
0.190485081440146
0.362961791258578
0.2096019150953
0.303884400940902
0.32589004422357
0.326234245550567
0.309934061118811
0.311744918045463
0.265432421983366
0.264022145538183
0.282840412422909
0.301282042354128
0.382493176405912
0.329710681458713
0.368861449237377
0.162580858325737
0.37012868894012
0.308017665901267
0.444603342275816
0.337914543798067
0.313379904218597
0.38967960671288
0.330609961300365
0.305025777472163
0.37647092194665
0.45643765597232
0.436234892359832
0.514008414015111
0.333713733316062
0.282890701192607
0.627818331256157
0.319171978426878
0.318456298441715
0.516323248887516
0.411277379167147
0.360880330115421
0.364142926925785
0.400103292094245
0.473852645561766
0.397180451170815
0.377087997992372
0.329566238592812
0.212233371606936
0.399718274353573
0.431669128832765
0.339794342548062
0.553604473686701
0.406478180610768
0.458614269912943
0.456922184407516
0.453299820967198
0.490713815128775
0.370237745170122
0.480611583680579
0.341390289106828
0.367057478575139
0.368925740911141
0.392760537729542
0.353693756366244
0.449366014651446
0.470965811269687
0.463834432891033
0.435413273536505
0.353074188974933
0.240972794438349
0.582565232129015
0.461164112256211
0.53165727225296
0.485770390182738
0.510507220013014
0.475971079793291
0.433013814128872
0.490144779909769
0.471385045248823
0.399885936581633
0.425922370881952
0.490159362739702
0.418195473562079
0.48076431744484
0.466960021583623
0.476914133777919
0.563569232261533
0.517809335000459
0.491766619179798
0.563828688655471
0.459242323326312
0.607542330923291
0.322991182991685
0.435984379829108
0.689647320815925
0.55100685286245
0.497981411325537
0.460322477769461
0.58773060755129
0.533833917482829
0.461295943988572
0.492264173472778
0.540984536988018
0.601569607452717
0.522553244083545
0.430374854107079
0.552494784951404
0.493830356941723
0.472444877119684
0.772391898652158
0.436618131963434
0.569615542689781
0.604653578484843
0.541008460700348
0.584197658965654
0.594950485096189
0.648313187653598
0.616714848364726
0.695167348171549
0.54442503869822
0.598782617080185
0.581954589480413
0.470293464217382
0.495861888059677
0.599597289890084
0.72673692857927
0.521455726096095
0.632577440424622
0.597013201543796
0.469831769364711
0.546454657929263
0.53972763956141
0.607591331757251
0.64394061910306
0.580120306260784
0.479887769110544
0.664821537263287
0.658993660236944
0.61200207063055
0.684059105241407
0.73797409404049
0.60983644045329
0.587306989413995
0.702077070257666
0.703843726336193
0.618737965271905
0.589635682047711
0.618112897745745
0.557032104184596
0.559801225955513
0.656253285250461
0.564474761746295
0.644389199270453
0.532775719757732
0.538008574809501
0.695827288625023
0.583874314550446
0.547667848817839
0.781525516406202
0.435858055972418
0.584262571509544
0.648145246758278
0.704151336383397
0.600359178937592
0.654054528502701
0.689173513138306
0.583430203159296
0.718507401620158
0.620723914397647
0.761663383630237
0.630684886810621
0.586648146262886
0.743728740168064
0.721396036930202
0.625659524337371
0.730882856282422
0.751426275070137
0.512795539565228
0.820722934218876
0.646595461316761
0.764554062192979
0.759139874174029
0.589755564010885
0.806480433443486
0.763837648773937
0.644012805323099
0.798372956881937
0.662857375129467
0.517008200998878
0.672831915059748
0.622066363272373
0.814527961182893
0.729817972849197
0.578783252621649
0.628195374784531
0.603277902484172
0.811154397046151
0.802665045444303
0.728138201753309
0.602690875917927
0.663742917487415
0.572405494823596
0.673923579986901
0.640423604389621
0.58735611986052
0.757128325690072
0.763249077993739
0.747058236532037
0.629937204576574
0.592138245890987
0.861821900948589
0.675623383411045
0.760214896235341
0.721981880378681
0.703503015437359
0.767560732189628
0.590301951787423
0.731687390748425
0.919595112007752
0.870379841975722
0.709242816776981
0.902218986169365
0.826283891214172
0.701099547146444
0.75420803018973
0.834316691930636
0.795782646307645
0.81394625233234
0.675057451947429
0.724802933583185
0.782784599249131
0.703468714010654
0.904340063311975
0.816034187522193
0.619805205837579
0.666442602846804
0.742597973690159
0.881058244404743
0.752219499663424
0.819165427480826
0.830732065447208
0.797760402777637
0.628713019907492
0.861561223005998
0.800172671701846
0.716433108148124
0.804435366650882
0.734392054731348
0.949731297929683
0.774954863200802
0.920081847483882
0.746685616550096
0.665851797047763
0.762448157464494
0.773008693784046
0.767855828971174
0.795239349805418
0.749323118273428
0.777877211235891
0.923235088885124
0.903976747711164
0.919816134284695
0.798120654347229
0.942183270430902
0.88165548912838
0.874365828382705
0.938061632671634
0.76875781082848
0.963115447394201
0.895753673416394
0.746700910931133
0.865683747121122
0.77921119808421
0.820306902677462
0.844817589524177
0.93966848418321
0.892929204307775
0.874336491990432
0.948361393171535
0.787825766460467
0.85354800906404
0.810488995491083
1.05205483373131
0.804387705032244
0.817169471725746
0.946218000626589
1.06287939793803
0.791451680496898
0.899004851251566
0.713737083845114
0.98083175693855
0.888913697637176
0.962470856939124
0.834968248118833
0.842773242590898
1.05258613105986
0.918236521702613
0.930479682273899
0.681332744770824
0.92877985881152
0.908926602283768
0.902775445622071
1.07350129763771
1.03972504737134
0.80771472145806
0.90979747464328
0.930075539918807
0.943557926485104
1.04785258796545
0.99332122824635
1.0806096804327
0.989029421598851
0.959671008101468
0.83577512080421
1.00706522183586
0.946485251015298
0.89434378580466
1.00128541425246
0.946927806276763
0.835133382429607
0.951259920925303
0.887186046301017
0.82709601637396
1.11418662945724
0.821048988919992
0.86834461477388
1.01359093719372
0.967142693592555
0.824911985504812
0.854768727592758
1.0060194264253
0.963409039964673
0.841034350971878
0.95506879193913
0.881632205766291
0.925474070336953
1.01808290624921
0.901363951786866
0.865296203163973
0.969226507353052
0.923362379280409
0.981233448899938
1.03938584193517
