-1.09108233044583
-0.979941583957775
-0.890626857178571
-0.969446808917552
-0.944482494967048
-1.078644608004
-0.984715395814716
-0.987547637316645
-1.11186594283662
-0.883952185197903
-0.909719564451576
-1.05197471304313
-1.08833831751861
-0.963786235950837
-0.996077078090349
-1.05775420982663
-1.03846728009419
-0.948129279372674
-0.897423901711742
-0.97705989384699
-0.819753524055615
-0.9204081763734
-0.861016589503217
-0.895770441457221
-0.896623115083566
-1.00745043662023
-0.904166704186348
-1.03637380941851
-0.953519745810802
-0.939087114144658
-0.82385104681911
-0.845736983920631
-1.20140512884718
-0.888219480511552
-1.01406900445696
-0.935288042816523
-0.988747069796221
-0.90835503621049
-1.11133193444737
-0.923344265129366
-0.794121108632467
-0.927075137241929
-0.935541243535304
-1.01454417633094
-0.875366310262035
-0.900275813764603
-0.876834316513472
-0.951967100880279
-0.908928424501813
-0.92369917763745
-0.993145294206577
-0.861095327617189
-0.863465917265859
-0.825229908609706
-0.767791399617051
-0.800112256298428
-1.03116821950291
-0.773700121249067
-0.786022349825916
-0.735164996973865
-0.989335983129842
-0.79973532607304
-0.921825503503179
-0.786433920136122
-0.886233547326655
-1.01478104441615
-0.786924679335842
-0.825218945120662
-0.785291231173509
-0.696579807902695
-0.693643932736056
-0.752434699639
-0.862475675080697
-0.990374866381343
-0.782376995457868
-0.907101498964876
-0.822990741485538
-0.947071729362919
-0.803799211853112
-0.854486106822658
-0.799750964709014
-0.825763736902122
-0.953594285977486
-0.827848952158913
-0.797241620681062
-0.779347276917405
-1.029906694781
-0.879854596262954
-0.876334620538444
-0.752914889913202
-0.624552961036905
-0.671966162823919
-0.781280959521186
-0.940800073637237
-0.744767425476867
-0.760510143331565
-0.898272667411834
-0.877832812885814
-0.79263315788101
-0.815245949707208
-0.820680379973737
-0.839888173684893
-0.836580015173405
-0.847806323847278
-0.785436260695381
-0.695709129283008
-0.894254030708731
-0.748900676809528
-0.735745583246982
-0.812980387839855
-0.635712204447076
-0.960588930626883
-0.698902490189109
-0.836936239428171
-0.757843450104343
-0.795484925686488
-0.858003973837879
-0.706401438322438
-0.719462724615152
-0.704577558314588
-0.785778994842981
-0.773517551613802
-0.788287691109313
-0.652571679388424
-0.726576974162088
-0.774032358343276
-0.570986120872754
-0.696006471932621
-0.797400542791526
-0.737837464139881
-0.516335234361643
-0.678868796403584
-0.771584646181751
-0.794446624986677
-0.64572835855056
-0.698616180662744
-0.669118630731809
-0.625592111789981
-0.714191696511258
-0.857692832483688
-0.713272704880834
-0.686309319710829
-0.585591470420991
-0.67170187964498
-0.664851756539462
-0.63230631948932
-0.605220869611792
-0.701507824527646
-0.817709785280191
-0.675701019035216
-0.779123503932346
-0.728775712574031
-0.67251431126782
-0.771573926061462
-0.529911089442279
-0.632586077107512
-0.79140643665838
-0.724598045611643
-0.638997217467966
-0.71639240698018
-0.772685201158767
-0.547013962748339
-0.688905939824108
-0.576680738670528
-0.826345299313811
-0.678857789533792
-0.6780962465407
-0.603455014694514
-0.648548145246463
-0.75069944553511
-0.754838192372194
-0.547003334905855
-0.689992457316332
-0.646451898172766
-0.458078468869003
-0.730778872197903
-0.586145418475636
-0.725395711563003
-0.553509306760288
-0.491039003471609
-0.572792890982943
-0.749847509687279
-0.531391346124949
-0.574622282424059
-0.587000805451031
-0.532130913164591
-0.708801631960189
-0.705804580954452
-0.672247364679404
-0.74136938011487
-0.66460277661472
-0.761172454301904
-0.578687243066102
-0.634516806740913
-0.413635379410441
-0.537082383474859
-0.616198218314944
-0.602476246151105
-0.562596473628716
-0.611055380075044
-0.595269248928478
-0.620148739217928
-0.618712251943482
-0.493139199662112
-0.403645239643023
-0.539888690923393
-0.709763659662562
-0.430637033054327
-0.548428651538531
-0.491098570136822
-0.571699454996688
-0.702284593268783
-0.57281840524895
-0.539629737594294
-0.604860835367686
-0.426769885801592
-0.453337025739259
-0.524598638618596
-0.64207304557948
-0.659215252326277
-0.624565432922904
-0.589899481303631
-0.634736228007037
-0.618768592022477
-0.571038607596079
-0.533570379568141
-0.656715383733644
-0.628333673560936
-0.590179741782122
-0.598614281845021
-0.662212178443262
-0.569144835757358
-0.534455978016018
-0.379224369520762
-0.614726608697767
-0.564448856260572
-0.261749472440897
-0.560249769182487
-0.448829639891301
-0.598968444603411
-0.598795660453036
-0.82467464333974
-0.515673929368555
-0.505501077344829
-0.558417310218583
-0.5735155055675
-0.490953002185724
-0.49350907824056
-0.506072577106302
-0.503325644019151
-0.436818967366728
-0.38159610895916
-0.570554420949453
-0.493838017522916
-0.396183302956546
-0.438937867312231
-0.4850129257937
-0.394031194230851
-0.441466554891132
-0.537376887796512
-0.463532842058861
-0.585378545877866
-0.487850791905584
-0.446518356502826
-0.455152987009842
-0.417405870241038
-0.548220258368595
-0.623481222366996
-0.329008760256247
-0.391456399344426
-0.380339988320918
-0.360381682781915
-0.408839248730039
-0.439969707795076
-0.360313934691956
-0.498399571457391
-0.425314457289477
-0.651029524426859
-0.514779906352324
-0.537222547831754
-0.467019368754393
-0.458696160190425
-0.420567748757308
-0.439278465746114
-0.469438360574272
-0.28668918848356
-0.352274361252442
-0.454183690057046
-0.434796026087192
-0.306758814273314
-0.407487212569344
-0.472487124293848
-0.280659743138792
-0.468030632820923
-0.388796559186327
-0.318459419441754
-0.43390049184041
-0.312965785231269
-0.408155050177172
-0.316116915507493
-0.392549932866143
-0.447999376899653
-0.364476515036479
-0.225371516783777
-0.196162967461844
-0.44499003765126
-0.378369460234884
-0.379215758472065
-0.413374983560093
-0.45488205691208
-0.309024584445003
-0.41534440924266
-0.15490464588513
-0.349891263171738
-0.277696117173234
-0.548047142463053
-0.368337968759238
-0.350984515757976
-0.47071719331727
-0.264762014117328
-0.376787087036254
-0.357471530369005
-0.3308726983672
-0.3302490804597
-0.322182095428503
-0.400389586606475
-0.372938801942994
-0.400355308977005
-0.325598065152988
-0.308036221152711
-0.368704472833084
-0.427810108400136
-0.34512948949757
-0.378062200306504
-0.37456613978253
-0.333017977476628
-0.428972041584579
-0.258493733428023
-0.254739808699102
-0.251380061219699
-0.343877257704924
-0.341913896519466
-0.439986361476677
-0.374300397205845
-0.399798696050958
-0.29047046597797
-0.368086751708013
-0.20112243704794
-0.22429086770817
-0.235586916074977
-0.360216064716343
-0.204155951122959
-0.204305833605055
-0.334353157649233
-0.292856971201174
-0.160140958550642
-0.207740557917443
-0.225139083414056
-0.408391832566453
-0.196772698790854
-0.207488939474828
-0.309736180767582
-0.231556391836405
-0.142838919771269
-0.308812953993471
-0.247416799269753
-0.192054124123135
-0.200851803698096
-0.387101900223088
-0.292016307647058
-0.230915851859508
-0.4138023463541
-0.29839838068938
-0.261746362922179
-0.421883511965634
-0.139512498107425
-0.265277359021675
-0.115027863951193
-0.184456326022737
-0.355238266439633
-0.303309796650271
-0.239766519516463
-0.326952757715281
-0.312162192324655
-0.210964823808377
-0.224143008983231
-0.318371647302852
-0.237504082694739
-0.28864062230054
-0.11932479158215
-0.253913219435307
-0.197973224328351
-0.172001727034722
-0.0841667832082829
-0.121398662006775
-0.108800571627108
-0.0760321929997848
-0.309301940477075
-0.187956897669141
-0.313755950450117
-0.345412226967152
-0.0979447706240393
-0.276227782996142
-0.0845283577714579
-0.15681958038207
-0.194530123150773
-0.167910568860545
-0.110176301246755
-0.128231126154915
-0.26979165122707
-0.224732986696029
-0.0965768143296017
-0.0546613968060632
-0.167103599819685
-0.216048062176924
-0.100756897675162
-0.207013445024686
-0.282616356163897
-0.158026362247644
-0.154651042859585
-0.143635524598917
-0.238432785342629
-0.105050617265972
-0.157694715216873
-0.265720414670239
-0.0689357161717205
-0.137860111176285
-0.238991457512793
-0.165432148765236
-0.153832273134684
-0.137013784206591
-0.186281968208581
-0.119700389708097
-0.187891028277021
-0.198392185047124
-0.0702902893165841
0.0120822244675269
-0.112390942338756
-0.0674184911555413
-0.24376208034421
-0.167136497907933
-0.208890680254323
-0.131659250248964
-0.0967686258869666
-0.22836556808202
-0.014236570210736
-0.0236632422695376
-0.228951759036349
-0.240615196197714
-0.294189278869406
-0.128588575031328
-0.102686819738543
-0.208120722852402
-0.000110501398703877
-0.0653512263418767
-0.106261441220747
-0.0875989162082775
-0.0228504212468584
-0.119588815884105
-0.14939982166945
-0.0986258192244175
0.00965735710085884
-0.0278094840699149
-0.0781530184641656
-0.0967805092323558
-0.0157201565056373
-0.0202966584022093
0.0851795013204219
-0.234870291557541
-0.206093469917682
-0.0784550284091877
0.0386828787845822
-0.109739539030271
-0.0875870346168676
-0.0826843764031202
-0.0865171925577026
-0.0932758528869368
-0.0086225612892038
0.079735358522964
-0.166820918261829
0.0577654018078231
-0.176440747663186
-0.071791568463803
-0.219550293566958
-0.0434959900304685
0.0900286171471049
-0.0863600768678027
-0.0878838530079068
0.00952880682957826
-0.0442933338052769
-0.0222928098499754
-0.035328209103823
-0.105045174415417
-0.0163164039760104
0.10695026584752
0.156627313352855
-0.131486660515022
0.0177174212567965
-0.00995780980274206
0.155975891181619
0.0575311574952244
-0.0113160759697655
-0.112947524335223
0.054827113701902
-0.0334313128641859
0.0839453837643594
-0.0232915924070561
-0.0459510415247943
-0.0640513359084436
-0.0512646252845529
-0.145974902532301
-0.139420740480868
-0.0357072160671375
0.00147264267548651
0.0610329990371533
-0.0471124870600373
0.00882395061792832
0.145895374834434
0.105126115734752
-0.0298785871197087
0.0417838193918666
0.069625313245274
0.0428109385934776
0.112136441265408
0.14764754110915
-0.0101317569079615
0.0331304799386776
0.0656129663478193
0.0838972510999668
0.0527791034776749
0.0429611036942761
0.15127065405384
0.210665652107335
0.121120791088784
0.118517889710438
-0.00744756979033613
0.176696902709525
-0.0145046521308119
0.0790763475099135
0.139166504888145
0.0348956896912207
-0.111821417346808
-0.134072451011962
0.0553338740675875
0.0914017647130353
0.232889557775449
-0.0177791383908037
0.0320145700472027
0.121275910349147
0.137074193803076
0.131982893772087
0.065694228583697
0.127467181918416
0.219190032248254
0.00341780819691587
0.0321368748604842
0.267801414581008
-0.0641265266370955
0.1434957757291
0.241690460059303
0.0770239789346616
0.0952968448044614
0.231826826154707
0.254299825036077
0.162206914770691
0.0935568210242654
0.119000749942844
0.0828882524647812
0.226851247188844
0.163450155834344
0.0818663960310456
0.288985734095467
0.0337919068577018
0.0764277330700352
0.197711450402593
0.102748140313196
0.139430939385897
0.0887217784262005
0.0853898007779353
0.156616314601979
0.142025474474398
0.0587806380467357
0.288644784540905
0.194373231917543
0.233255644687218
0.0197801872356527
0.017564953809649
0.212568016291543
-0.0151152283412597
0.323979518364964
0.177364462268031
0.195610964860926
0.197455057337978
0.237878043324912
0.264547143800295
0.166185352362401
0.162725256568987
0.167217293245465
0.223234004772405
0.310472370243825
0.3142087585588
0.147082812208642
0.156472622420552
0.147036612283333
0.261764717379003
0.316459036055259
0.205045751991489
0.174247408387606
0.161615200732504
0.256412812875492
0.292119655459993
0.235739108491662
0.225846358329456
0.15579990315289
0.271911916845124
0.248216466031406
0.148844475166077
0.123480472173975
0.261643057509512
0.232686301212672
0.218848385239394
0.246175947206469
0.217732481263164
0.208340142979258
0.221323647834103
0.166527448121728
0.169289265113047
0.292237064268551
0.342967701590524
0.30603718227158
0.346918379820338
0.249407259330961
0.344251084397914
0.246439105067564
0.0451523821272322
0.167042831358956
0.396210969869333
0.0543167007520654
0.260962388518134
0.228634892536094
0.242719349376409
0.419424432102798
0.369552770596702
0.38866644642575
0.294980498082617
0.268163096303775
0.258501454549696
0.268636042468693
0.276155610612429
0.365217618020858
0.520911406787697
0.440679094124838
0.304110062727251
0.168253629940027
0.232411345142972
0.218352523696371
0.412425507780199
0.2920312037082
0.252827103437315
0.288350552074468
0.358921256319231
0.296538748491032
0.34973242195133
0.369233386695841
0.277196321535479
0.292330596660539
0.324128004018905
0.327687832519095
0.29357848639024
0.196849831284012
0.23459726106773
0.353933319688042
0.316658005205246
0.221079670534591
0.539773470184131
0.329489433533832
0.255407734399623
0.398806273128863
0.311166953506968
0.360556068733389
0.430962440118249
0.385447364911769
0.427323756013859
0.120695955673042
0.313247397964768
0.466270490716001
0.248039042461343
0.414588997044847
0.455298555710892
0.374650703948784
0.411433360420163
0.278404028435737
0.349448564968019
0.292635123817054
0.40975535241981
0.550116562507287
0.220923005038171
0.250892045400407
0.390452837090434
0.373342121474442
0.394495332803599
0.363090540351982
0.372093941591898
0.407685755280404
0.286431495022145
0.460434243978763
0.391029424437515
0.411303093901341
0.30643633141249
0.402608904730307
0.330972935900525
0.384920264134263
0.42821116571716
0.428927881020407
0.468108990911917
0.447303312210866
0.383606946573458
0.459454369967563
0.651733637425978
0.550326873460428
0.39950018113656
0.403676456912036
0.431883289451252
0.492541335638206
0.48145761149487
0.437224091135502
0.387305916817374
0.341938781031231
0.592771651158646
0.49304603897302
0.592946179510069
0.29498441464089
0.556705621304894
0.468467025506188
0.375616596172751
0.531166242140728
0.466454600635107
0.430225589781821
0.427018255884883
0.434773803862466
0.56559737957302
0.500728823495791
0.47834837575509
0.561289440261877
0.382833512084066
0.423706266305505
0.419271654768739
0.567865008294034
0.409188956907358
0.398019866853391
0.433229171130589
0.421539838544749
0.453204404038594
0.510409371565831
0.352523232327272
0.532608203024984
0.588810997014792
0.545745564965478
0.600557221721865
0.485464903546042
0.560797470366583
0.44594448120565
0.523589361967069
0.525304260075614
0.714974294636184
0.541469754654677
0.521388035180088
0.469107312680241
0.543622580020609
0.572580693893427
0.510746395408322
0.518109048301401
0.592980931193235
0.596815010837379
0.735824991111628
0.644571853928283
0.465420982562975
0.418317408680898
0.689138264629617
0.479666723750089
0.455111350614272
0.614983082127938
0.522291872381397
0.631887476810618
0.547661160605599
0.62956718916558
0.618257114522367
0.623756970446477
0.693720873701746
0.610562588948151
0.550332538043978
0.614572573343099
0.590542023993905
0.462585653837482
0.634425588842324
0.624647210047285
0.6528816961635
0.692317590589373
0.601611491727513
0.474796762753552
0.513834147887593
0.617920412734194
0.55070212193954
0.525010887353124
0.528403564589217
0.622143898820266
0.651502134239871
0.679928744254088
0.592282577928944
0.531845175459036
0.812035728770487
0.625889494096141
0.708917339867494
0.672988661826623
0.711345779477789
0.64456065150753
0.69552985936462
0.519435239007837
0.684281481942002
0.577353724366439
0.45804173085601
0.659897279151582
0.409435551679708
0.499497827020508
0.823349112379918
0.57087676566172
0.786291252588474
0.730769869346481
0.572818768056816
0.545958779161137
0.600821324112183
0.7011904139618
0.753659448659068
0.534982474322601
0.72036068288018
0.43098823134607
0.721518032419401
0.720431684788231
0.683133396378968
0.686796920805773
0.815752160840289
0.643952150835061
0.769421017451533
0.672473202002719
0.557221904152487
0.62935901553779
0.712242458478148
0.716459096881934
0.659814214319007
0.771638496246384
0.588345307750705
0.586105550892466
0.648844346601375
0.666428177876134
0.5274994326156
0.719962040008843
0.662660767733711
0.760004545413853
0.651667468346691
0.703348843297042
0.731448486164776
0.795277496236191
0.703101889195768
0.561632524294221
0.682719006072411
0.745044721524541
0.58701288887014
0.603330223360426
0.681347837549688
0.796990453600363
0.867171578348495
0.697708505081165
0.675903716542003
0.732560104304052
0.683398919107039
0.63530641225649
0.744824597193208
0.776783863330108
0.754928007802241
0.741854605904512
0.957398056204011
0.745392513630579
0.897520009716713
0.849092295556735
0.486659937445734
0.701609462692981
0.875927752166984
0.784529610578515
0.782628921962762
0.831693749594455
0.602267274326816
0.730276724743861
0.792137078794974
0.671557192498742
0.792565151128327
0.889474488159567
0.849142906694148
0.777608298467682
0.728812975472827
0.925696920032767
0.961016325732018
0.640242585795815
0.986987887163636
0.921098118685056
0.747149138854792
0.765541790521379
0.830700764423407
0.955129311065564
0.796960457324548
0.882743892344638
0.880401862611275
0.916057328666598
0.904378463090544
0.906044297463502
0.762395400588724
0.804287426522935
0.943583393135818
0.914424322753147
0.84785200416851
0.894326271341984
0.836499611247642
0.697483665962708
0.850136713364831
0.786728606362003
0.928121877735253
0.782662456805207
0.719351452606546
0.791427080980812
0.870178259029739
0.941944802723155
0.841492521783642
0.75047505286167
0.944442662585099
0.8666350583287
0.952252336507819
0.947796740453247
0.900703490156503
0.804799217112509
0.911357310752582
0.771049364563795
0.681743327190319
1.00473736599622
0.980551209137814
0.842736850859198
0.786659886703926
1.0412821097155
0.905609189794382
0.888632966114638
0.95813054696862
0.862512285914169
0.886321618842562
0.962264467855996
0.922288428980682
0.952347481285454
0.763488325704995
0.908297414034081
0.858511535244588
0.866602610009171
1.0860230267299
0.886043083173732
0.868644989182072
0.874332504005287
1.04366578779724
0.913606568996415
0.892713477105612
1.035317117128
0.9924375572714
0.980861527545192
0.845829373481393
0.933684221534382
0.758891703777344
0.936602876608167
0.860649313224817
0.939864539819931
0.939246668268731
0.839783607293762
1.07614872167959
1.05532697718633
0.927772334475969
0.864668807293251
0.770337370765743
1.10833708721459
1.06153707396499
0.997556071362999
1.05098250820407
1.02495709059744
0.87491088874304
0.985459977907994
0.883903716351674
1.01870326445319
0.845384686238927
0.992567658978316
0.945265915054604
0.936218232783856
0.908755151391519
1.07255109725382
0.981818001407302
1.01510915719999
1.04495589342439
0.984623510541121
