-1.03619057330591
-0.985391769079948
-0.996865546822811
-0.908875923837705
-0.912006909415544
-1.10723423204153
-1.07740625132344
-1.11713538552803
-1.09270247667827
-1.10594190664818
-0.909012496267851
-1.06012430467137
-0.953559223162356
-0.960330349445049
-1.0413737204703
-0.994630914524622
-1.08661329284975
-0.958009310363002
-0.844822143876336
-1.08551084104927
-0.875019450802526
-0.945714369557402
-0.988624588827793
-0.917262871458179
-0.89612265832934
-0.877357396015197
-0.942274762201165
-0.832402508088465
-0.991411064900928
-0.860487929147926
-0.951493919690929
-0.779450463427405
-1.00735154418845
-0.752201880438217
-0.983631139125236
-1.02276892795034
-0.912702922090867
-0.906419058347482
-0.756252190240984
-0.843028863517068
-0.881198253688528
-1.05780045397926
-1.0135343169286
-0.731096007048803
-0.815226605614982
-1.04847809161175
-0.908995571279547
-0.792726567976911
-0.756656767176387
-0.921078157705451
-0.966950382495516
-0.978605757413502
-0.980403407713278
-0.927221444045018
-0.986427327176933
-0.958031315374945
-0.885124052450321
-1.03204138106129
-0.831503242744395
-0.886410423520003
-0.921635649671246
-0.802344798844408
-0.961896549143937
-0.863771798243584
-0.884154136338152
-0.777976453541922
-0.91944936895078
-0.873313845526988
-0.858721679187373
-0.89728794437377
-0.959053216081606
-0.848923636564438
-0.792740753849733
-0.779035685483386
-0.70362672239223
-0.802160194874672
-0.779505736115312
-0.827994351871873
-1.02290345839806
-0.891589788007775
-0.789453695088649
-0.880472290004652
-0.765616065953709
-0.76742574301985
-0.873865994067331
-0.941255954502098
-0.719806520996013
-0.994729351526124
-0.790688526727371
-0.785066977489639
-0.957312599684814
-0.899807234905447
-0.781388341970948
-0.889007588257122
-0.94050381020317
-0.827725130897728
-0.775973559623735
-0.887876036555831
-0.678343484826405
-0.784472726320072
-0.785338119737801
-0.704943199004463
-0.799384946202865
-0.918274886455712
-0.909385559245822
-0.778953765991615
-0.917442482611269
-0.75887583639372
-0.77359115867254
-0.899396366326519
-0.693580429936534
-0.72737129404202
-0.811985131887235
-0.770983620293871
-0.771510790356966
-0.757278876808687
-0.714148459846645
-0.798877128625508
-0.725099923677589
-0.796167052183742
-0.832067897389342
-0.878164783973518
-0.66870405833566
-0.744894511819813
-0.683759529007491
-0.697663253327184
-0.81780009418868
-0.882488741888807
-0.797306450620705
-0.740961808343769
-0.833812615446716
-0.674674462238016
-0.663178120375428
-0.76549590395338
-0.692169358526901
-0.673861891503568
-0.85531032405392
-0.819867483607468
-0.710302389431816
-0.665069671496618
-0.776609050857473
-0.765125058516983
-0.723478373609274
-0.804911458643806
-0.732239393593938
-0.874829717349179
-0.688191414095308
-0.741266753880504
-0.733621774453038
-0.705327817034627
-0.748205298689195
-0.722975052119204
-0.55784816811594
-0.64464927711817
-0.557683116829625
-0.602625278152201
-0.582038555148063
-0.68171659117185
-0.724159272627057
-0.683535252669328
-0.705825327976111
-0.833007033779235
-0.729524524133497
-0.607369657869375
-0.605985470208228
-0.640525609320704
-0.551113985849822
-0.858163376156935
-0.585035968252009
-0.641185373978457
-0.725982371928848
-0.721410477083051
-0.683413508219886
-0.74658464163518
-0.555732168705455
-0.581950186889706
-0.596146330017737
-0.773846347807678
-0.647898805267202
-0.484172228165383
-0.459499722443813
-0.684767166560109
-0.763309953796746
-0.49182331228363
-0.655935816904952
-0.588829791687175
-0.778220039890567
-0.656732835567452
-0.721149711000783
-0.641048444411548
-0.665778144782824
-0.607596087001794
-0.494264415506615
-0.73765121923953
-0.666931898914351
-0.587566372900422
-0.690008950905092
-0.724252598351273
-0.62828161698981
-0.727508399841125
-0.599666217634683
-0.669818390400264
-0.476628702410465
-0.650636440723859
-0.686769673782525
-0.63384052174354
-0.467111732572246
-0.603978821530296
-0.680874114499936
-0.665243593073774
-0.616664568246732
-0.536029627268431
-0.550615151552177
-0.553892533596913
-0.628377142754244
-0.642910292705613
-0.563771961449896
-0.508595876022765
-0.456642529731222
-0.588813433862586
-0.600584151525128
-0.702079311974459
-0.385640027980767
-0.47587065090783
-0.531644419925212
-0.577574026452292
-0.552639851129381
-0.567979450935361
-0.40723724124799
-0.686045338390027
-0.632397438104364
-0.575320879796043
-0.444730014088078
-0.435510918082191
-0.421199114535141
-0.671249258338949
-0.302283294036983
-0.514261104006399
-0.508868258610285
-0.488205402733354
-0.54095967441826
-0.568818328035685
-0.396682503920308
-0.459449586671364
-0.532097351599234
-0.477570427084582
-0.543953241527029
-0.441482076416235
-0.3652882206333
-0.611745468825368
-0.57135807726733
-0.563365745594155
-0.527530961968512
-0.561206682066355
-0.491264164168425
-0.378656337447469
-0.549676209909898
-0.452321403265935
-0.57014807389618
-0.599507707458009
-0.26840385638832
-0.422260205264711
-0.447282796794953
-0.623030498753865
-0.45156192251306
-0.332126425412227
-0.455791161349073
-0.403556740057143
-0.486866867974019
-0.481363436169512
-0.534306006972387
-0.394138387486397
-0.498873035534205
-0.488449743272091
-0.417657509022613
-0.382778378868665
-0.541968657843169
-0.365973111790478
-0.494461812868013
-0.435501249134389
-0.422355092920766
-0.473580103942692
-0.569411473952747
-0.493955776904925
-0.230255019712359
-0.35452638570172
-0.416083362686082
-0.37460286842672
-0.541677786613076
-0.326434981733057
-0.547736209371756
-0.387579892660173
-0.403554953681972
-0.166221404332361
-0.428849896311669
-0.405375757803019
-0.361121194538454
-0.483472684870411
-0.436187952101374
-0.486697904374054
-0.317277669747686
-0.508797184669815
-0.499415949909329
-0.368639542474893
-0.462306419503121
-0.350655340980482
-0.421197232718315
-0.343169982354747
-0.465946663458307
-0.390385121641828
-0.495119485467683
-0.364947636412966
-0.394936237662518
-0.246701885411413
-0.43203659488922
-0.19957000655165
-0.557947589126551
-0.16570020952113
-0.27876582789629
-0.317475762499926
-0.381142983835801
-0.295790567923707
-0.27193034626766
-0.492373638206875
-0.266669167643025
-0.351909804379252
-0.282818765255839
-0.472121599715233
-0.22957359208089
-0.473546147084899
-0.342768788747351
-0.396177385821147
-0.314816004990186
-0.493619054326177
-0.205316085120077
-0.318159746551393
-0.193468967202415
-0.36162757948411
-0.234829157339362
-0.339943616236076
-0.249193957890339
-0.235387630273285
-0.29637398061521
-0.372323318870942
-0.213930465919535
-0.161514636198992
-0.329479617744813
-0.3336859581502
-0.360887314885272
-0.326509767631382
-0.205857711307941
-0.194215791867047
-0.238018281294783
-0.312197274297857
-0.157967038355186
-0.305873379134294
-0.252727306128795
-0.281268373467052
-0.266639617553353
-0.260378918467318
-0.205718141577977
-0.374163028232582
-0.245535864157735
-0.357810127057011
-0.312833948184923
-0.25004592486203
-0.335952065187924
-0.172819710694467
-0.312587092553348
-0.310525500601303
-0.170387314932548
-0.16257377309983
-0.39671525892022
-0.205944258975782
-0.284089392248509
-0.229316726178246
-0.26351381816841
-0.239934388693759
-0.283932973164391
-0.271326618770152
-0.159832515673284
-0.199224845436534
-0.382809491104763
-0.164464178433261
-0.220669174057726
-0.123445212310716
-0.197968991856951
-0.308935242159994
-0.174162173147386
-0.309656780587462
-0.197385644955717
-0.204330320017478
-0.337454048201668
-0.243351489896553
-0.240330190286981
-0.118314887248527
-0.265727588271036
-0.262183045072421
-0.332854077469324
-0.13441628118024
-0.0583551643773062
-0.000885760302300954
-0.214474287578905
-0.13994606170589
-0.314597641965945
-0.315889454193766
-0.171263290937052
-0.119635228412121
-0.0894858245683553
-0.218466743732727
-0.158050666633114
-0.0946365880519174
-0.121533657994142
-0.267833920894222
-0.153486182785108
-0.241956872875026
-0.124713248577793
-0.00945209512734658
-0.109270831135694
-0.146060701454648
-0.110554597594702
-0.114339432476655
-0.0732628507062325
-0.133309000683806
-0.120118377166503
-0.179440139576683
-0.0331368720301429
-0.123034620755148
-0.110979103114714
-0.263498390089931
-0.0485978294882028
-0.155023480923956
-0.148943185761917
-0.182156025939704
-0.0959949315589581
-0.172511384107124
-0.313405378134696
-0.0941143589674711
-0.0296054730181568
-0.221548282203317
-0.206113840419396
-0.19744595572839
-0.0880695706972421
-0.0546213104516967
-0.232800739588911
0.0248272174207386
-0.067925905760239
-0.00271651282386418
-0.253237705619344
-0.080520180951266
-0.218620878678001
-0.0963024716017903
-0.218683774234587
-0.112331343429822
-0.00324468785206904
-0.100740957426739
-0.230871260224336
-0.0668887486775997
-0.0363739882088612
-0.021470483791641
-0.139364718530054
-0.159449966708028
-0.00583194764924834
-0.160712904935582
-0.134176665449003
-0.123874276964648
0.0287172549193782
-0.09029617476423
-0.0722936619122272
-0.116157451653968
-0.062570525768175
-0.192245552251646
0.0241556155182632
-0.0159279745175649
0.0384549012653506
-0.0713409464984585
-0.176123060562982
-0.0131411630329329
0.0312018005451307
-0.0604010684547849
-0.154458027918097
0.184827741674594
-0.0858585347567369
-0.0170162238268274
-0.149336102137069
-0.069211443710344
0.0912533722648316
0.0324860110542664
-0.0650030690809789
-0.0647346051694371
0.000789698985153109
0.0301336689088819
0.0463104359072202
0.0252790906238446
-0.0906639983652308
-0.0213403972143639
-0.00319716551973808
0.0680258629690372
-0.0563620414762433
0.0168673494855474
0.032107522054302
-0.0735637251015076
0.0981422998033435
-0.0341137472843121
0.134076584634288
0.117347494130956
-0.0200096762587832
0.0438701979834375
0.122907845354498
0.058465765461968
-0.030326897978803
0.0287059566207332
0.0388259669961408
0.116514868724377
-0.106238295386391
-0.0358887981694433
0.0686386335773358
0.0799891270509323
0.00113874859339743
0.0946803708095384
0.0318114885286722
0.132276808804326
-0.0598988807491623
0.0869186588249875
0.00499203193337689
0.152646854499814
0.162691921231413
0.0693057703497572
0.0713579613766099
-0.085467190592252
0.138736859723686
0.0321388613672021
0.145936692868157
0.0899437295585563
0.112760328396499
0.0512531788179929
-0.0183440957936239
0.176287781044603
0.193502247766761
0.12637402656321
0.105898269879229
0.0978317018260055
0.235134563667987
0.00572069563631374
0.166843730787095
0.184088494761498
0.12612770720197
0.250593891794306
0.0538034159983297
0.250532624898314
0.121165397872203
0.00405994231401191
0.196256712447915
0.0830483160308419
0.149308731759271
0.336465335028644
0.0414340194971666
0.109504219801941
0.278638931747058
0.0253701435748668
-0.000174469147939514
0.103530826903079
-0.0209120889315648
0.22912576607086
0.210686668449244
0.155603214223978
0.0322687789207744
0.245326702242695
0.162666826391813
0.123930021481659
0.181971262382142
0.19235473000427
-0.0726016366971224
0.17584644889681
-0.0954419949006673
0.0673115574611424
0.205477885404005
0.24069503897661
0.237184921875339
0.330311625066813
0.170393968436998
0.315727668204043
0.216084363415924
0.192639966358038
0.188995299327794
0.199195106057543
0.133881540752514
0.144473590532717
0.152713452357069
0.205101352301114
0.201962116242995
0.277706330789545
0.192204471428045
0.180576574467284
0.245963099727172
0.10557163400308
0.251620923419343
0.24107917662268
0.271529878197657
0.258934390099601
0.171753070490037
0.352316099007452
0.166596228915855
0.391371980496645
0.313168103272017
0.101830722053692
0.212586476452291
0.425352414634968
0.220377574026238
0.388346274421516
0.112692985001755
0.194452690094521
0.368490192085909
0.230087278664663
0.215500250743718
0.32216916268468
0.213786824738243
0.225900206083574
0.310316276485714
0.22848153678081
0.220680675154638
0.298153203965164
0.39039761438707
0.321715517324417
0.21487415022922
0.188931283985173
0.258212894280089
0.266897848108066
0.334491915347302
0.216952330259568
0.299763124181566
0.214237391761998
0.193115079715732
0.174735276590955
0.310584471828438
0.322464484992844
0.317991399788741
0.264386035258789
0.129976970841109
0.292641720268206
0.366332453676733
0.225969541540577
0.423881083092323
0.285614418619547
0.360576158045277
0.248993032024542
0.278543259459817
0.274097896587182
0.279029992285982
0.322890935491921
0.157695847474152
0.208034255686234
0.526408900556124
0.369958790226918
0.298303595110915
0.381994629006688
0.276220566246822
0.355422595143392
0.165602857489178
0.265356276037363
0.435653535039979
0.343468668870764
0.192735984241873
0.37270509608147
0.198823289602155
0.289892193072497
0.335218158668084
0.323302214780094
0.304763554629413
0.32243593649951
0.279954591167484
0.279393041862277
0.301890366152759
0.321310323577234
0.365892772482609
0.334833030770329
0.346261405072602
0.185050539300153
0.350302923720044
0.314221603649812
0.454175663927675
0.335389108621671
0.278971326167944
0.369134155872461
0.330088353076228
0.306055244928002
0.383446237219748
0.45847825375339
0.44944291696907
0.51934710864666
0.34474503552653
0.283981706830916
0.623794992195177
0.328699025930011
0.314903010579968
0.518358474103558
0.411714834290288
0.346816215379879
0.34644848928463
0.386973768077297
0.468238684935038
0.371547123250559
0.400263478694663
0.330085757561185
0.21542024187225
0.401196998213445
0.410563206623721
0.341160766229633
0.584292740718046
0.390325194736914
0.435861728078826
0.445526826458559
0.441821931242412
0.507512235083033
0.383034093252321
0.470531862774025
0.350296754782188
0.342577241175652
0.354997022719246
0.410883380611764
0.36066937268197
0.452830875938742
0.46999675565686
0.472714209711249
0.444735204065644
0.334335307969303
0.244607456904843
0.586876550833188
0.451979334839313
0.549062656213306
0.463145327968433
0.488072074891617
0.488023550198365
0.429791295065599
0.482278251340618
0.46169766398778
0.411330590721297
0.421770315886649
0.500704961543684
0.411245972159332
0.462290113355948
0.467363334778346
0.49034516928275
0.570170714061453
0.506754883250924
0.496452683641317
0.560053319239778
0.467958925574375
0.606967190720425
0.328247162494935
0.44684970168976
0.693594895762125
0.553616300120711
0.478404434527218
0.460005612702591
0.574990024892635
0.502897530109918
0.454186716185624
0.466736552252742
0.54694456548361
0.606693335446194
0.523956005492548
0.409747339681269
0.541943256248499
0.464157193793865
0.455504299139386
0.753745759025369
0.446393129635316
0.583232538516624
0.613699094325378
0.539689375107965
0.590968301731206
0.600531526528841
0.642896820239403
0.608240633990437
0.705742751242486
0.543785114668505
0.592952876767631
0.588952269551648
0.466514268501701
0.521464594528261
0.595659739486439
0.703508135013878
0.52803755686602
0.627391883914581
0.611959181241989
0.466630947502548
0.559582207245537
0.528269789736108
0.646242767260123
0.633540282884495
0.552297719611839
0.47610561565549
0.66734164257541
0.667820464663959
0.594109915241951
0.683952229001602
0.772054288436713
0.619521768371994
0.600892130517569
0.689603897248892
0.685028743595907
0.620943352059724
0.587361018390681
0.617428708358873
0.545518769648089
0.567118393697093
0.632564261561425
0.567648042673053
0.629788709221166
0.563024073345812
0.532780176141273
0.711735689984402
0.593334152228346
0.564313306052751
0.773372742419174
0.406086081777854
0.570272969584018
0.629794802798026
0.71368310930657
0.621928061325846
0.652453554808708
0.685752465892346
0.580508387477091
0.715736670624222
0.625315096301453
0.773422548954319
0.619985810724651
0.555888097852619
0.742080161062838
0.714964993570092
0.631997578529389
0.727383693926584
0.746514634920926
0.536268640616688
0.81615988979232
0.653300129198214
0.750517853310967
0.774128219391097
0.592820198575182
0.792050557002211
0.769318981516884
0.649212947742772
0.772455683927842
0.651790098955195
0.512060867358282
0.670882653266436
0.608278574801908
0.797261433871848
0.712226268566727
0.591286129911558
0.632254624048576
0.618459435487057
0.800563393092824
0.808156019907113
0.743691867788957
0.611544965090653
0.674510546534821
0.605573357588467
0.709179819238511
0.646812209909759
0.592776405748152
0.737712815414886
0.756895422543073
0.760185315407497
0.632982548862904
0.569664656174934
0.866515757426467
0.6974352997012
0.779727094759553
0.72796579536021
0.703673890891102
0.770601295874625
0.59047853603017
0.710169281946408
0.905155430339412
0.855437625667047
0.720020098520028
0.886971215637021
0.821246745916983
0.694411344626489
0.727562663701906
0.837451358247201
0.803799773895936
0.831575554181909
0.675580436952988
0.694803309939682
0.762824050201558
0.664762152045693
0.885954345782427
0.808088786747067
0.628942636125336
0.69488442187672
0.74980182892534
0.873292650834731
0.749040004525969
0.814087506586022
0.851871569924043
0.791585521099205
0.619417768018739
0.88405913516206
0.8313149897205
0.72695766206321
0.807899337427342
0.748527308905597
0.96665551160461
0.775535279934786
0.899314543545814
0.73801766866724
0.667143506417539
0.770158520234614
0.778016650207247
0.772181701142729
0.783037234381158
0.767558518930497
0.760130483433606
0.905762163172293
0.900366854482392
0.926027574126351
0.782179887928388
0.926536187365518
0.898305336401322
0.872389466228408
0.936679358396879
0.763809447356818
0.968278632749866
0.8801797215416
0.753232005936289
0.866605633296796
0.793539740109113
0.822395810599299
0.875217837336703
0.922528111045504
0.901620903327232
0.893111168363601
0.953680942578596
0.790759209380023
0.868960688800547
0.776530992746902
1.04755045774393
0.826446113236436
0.78547232346639
0.938035283984539
1.04293172436975
0.786114011691233
0.891184608004214
0.727497939852963
0.978728979074207
0.853797080778664
0.971861317855623
0.847616774629246
0.856074178898927
1.05562554634053
0.914158948812821
0.933357116688682
0.681772954186814
0.905086093382723
0.931569591904913
0.903500025232222
1.07425386368899
1.06295913549154
0.803383062769815
0.933874999613375
0.936235117326236
0.963750607735682
1.05261575208369
0.985306272505912
1.07044285550317
0.969390626539408
0.948729637666429
0.8321884633915
1.02690896817486
0.94697815548664
0.921132980583066
0.986287215416503
0.988269234190865
0.857152112820593
0.963795287998967
0.873884902209913
0.845148053823292
1.11860919672072
0.826058874037241
0.856254728984967
1.02281393245147
0.959238201168911
0.827765413888769
0.901055391884636
1.00492866185617
1.00368071124819
0.836623919561673
0.954682392001217
0.895070770780578
0.929589795830061
1.01031138556602
0.927660632296454
0.873415594582817
0.942956863029044
0.927255242303934
0.985850286683193
1.03061398126908
