-0.812161528356068
-0.933404286020493
-1.09972303833906
-0.957403167531217
-1.0915590948469
-0.952623460434099
-1.02963672745975
-0.994901350184673
-1.05248559385676
-0.905253115493194
-0.896695609876904
-1.16467044331215
-0.97366424307947
-0.906894998770508
-1.03007569523592
-0.970802875176592
-0.982806379872381
-0.928073999439962
-1.02200436387202
-0.975807971804629
-0.954209392048122
-0.913202667786132
-0.826364104578676
-0.852397886222116
-0.963151559420885
-0.936052268164829
-0.877666025399288
-1.03570213872037
-0.901782806833882
-0.899519996863767
-0.894448220207315
-1.04909838825778
-0.77888856010104
-1.08647809714872
-0.937444314183859
-0.863349508155377
-0.90049448653935
-1.04349903239476
-1.07204636672181
-0.861786503418682
-0.95901056039157
-0.823892763132896
-0.923317596541437
-0.995893124800535
-0.835188391022049
-0.856936723380504
-0.917487812778696
-0.92596723747283
-1.01164853748499
-0.833300001091735
-0.913905735801884
-0.907025833290273
-0.882976872480622
-0.847527577255866
-0.741216442370753
-0.90344176829792
-0.905656358909817
-0.864228400332252
-0.890859745709237
-0.893846076763142
-0.770252737036178
-0.943861770809458
-0.96271126311155
-0.936701832148352
-0.98720623640591
-0.865429531839496
-0.926430110223711
-0.832820973292057
-0.862767892527906
-0.925738620531525
-0.949029980481469
-0.900546101394586
-1.00220066443415
-0.926752139462798
-0.840088765825846
-0.895624880767475
-0.833290308943508
-0.959983311392607
-0.854530986488088
-0.850375398384926
-1.0139871633919
-0.741501761500036
-0.85435326648151
-0.788670223687267
-0.844355238967389
-0.728976955862821
-0.794882767853865
-0.841968215924213
-0.814087622336691
-0.865756811549245
-0.769264469983848
-0.808925896526593
-0.703877780425918
-0.898129026507073
-0.772712291973212
-0.715578633360221
-0.794872382998597
-0.853437906930628
-0.873909657422119
-0.76612423909464
-0.705458925045108
-0.716292101155355
-0.703696365651875
-0.761583800695809
-0.788230148557049
-0.688874120269491
-0.766292050255697
-0.75374741071518
-0.722951391999889
-0.774247671903522
-0.655520821413265
-0.691105609030598
-0.851511416769816
-0.639511011048428
-0.82721945031072
-0.593023505261882
-0.798359746224424
-0.77800146315496
-0.625810909125804
-0.802384191546542
-0.750193762558311
-0.730370706894205
-0.78439107565773
-0.747350324478376
-0.58998065418257
-0.540692200615584
-0.83829342044586
-0.663648185711349
-0.737244772521368
-0.584469953948943
-0.744086924987904
-0.632436316709409
-0.657052048196063
-0.73226711917993
-0.885924687309488
-0.776302174429122
-0.850395447995804
-0.515703678113104
-0.690746349191303
-0.837221151378719
-0.724062088495104
-0.633590295515486
-0.693640355259279
-0.730470307634942
-0.807625271312033
-0.779706452305854
-0.739797143519762
-0.765304162078078
-0.669097467218165
-0.777268603494355
-0.606744316634925
-0.925964486984327
-0.736720403389153
-0.709403761665752
-0.645263483138086
-0.754009588226959
-0.527933829689523
-0.50034855287524
-0.688288414225413
-0.672021623848432
-0.732580643525039
-0.647183114552662
-0.660974621140008
-0.568470271680978
-0.709690529599575
-0.561374593478997
-0.582980338978812
-0.549977608135662
-0.693466722104652
-0.560739100076352
-0.804328967847988
-0.603507398508747
-0.765485373785208
-0.617008917376305
-0.60995917931576
-0.353617288807258
-0.734150926647905
-0.561276651779379
-0.562800225422403
-0.65014422559089
-0.814601795934056
-0.611723502503775
-0.691966730480105
-0.549807426643637
-0.700525772403832
-0.633846666982931
-0.494497784232549
-0.623995686958039
-0.630916960350351
-0.641533098334389
-0.499403822039297
-0.594095108225284
-0.599522879845677
-0.748485337836203
-0.716241251348194
-0.599151613023424
-0.729924504110254
-0.622025191395507
-0.45694774120903
-0.627408158307346
-0.588557903324058
-0.625189332856172
-0.603252762485109
-0.472156519869114
-0.657459448517551
-0.573545820970823
-0.623373990310855
-0.639703320501113
-0.586950155314022
-0.560496455151989
-0.424466588934735
-0.661726349815509
-0.65632211981717
-0.380246092056939
-0.558877242155287
-0.649616773878216
-0.593829937103531
-0.583760174126825
-0.651410608244106
-0.649916923408319
-0.560206764315484
-0.448465384000867
-0.458780703798593
-0.48835808983555
-0.557069236193754
-0.617606034173526
-0.559381974640626
-0.495876407245095
-0.550520159229738
-0.660760591399096
-0.498536412165827
-0.421649036194083
-0.499706688619168
-0.235609042711524
-0.447908358090375
-0.59884120306468
-0.432814284240023
-0.504564407804074
-0.613442774148551
-0.446731844179811
-0.460897521799283
-0.621970399911864
-0.698724934429436
-0.525085584168533
-0.507935386353046
-0.537584679104218
-0.533231762422568
-0.535001912780411
-0.521619122613791
-0.342006047688745
-0.454821759670162
-0.499058937006107
-0.585330983894203
-0.512365691563626
-0.551359650145791
-0.347145831674912
-0.500047021669303
-0.484170529347934
-0.620966600793825
-0.471044067933337
-0.425210039318758
-0.458502338884712
-0.442579271735935
-0.487679907711035
-0.458730434690495
-0.488323040044635
-0.568167967777078
-0.408091154843911
-0.429497646993496
-0.350772623419361
-0.557303662355899
-0.498045312836205
-0.405665392990946
-0.443790048596233
-0.427050442351449
-0.295078318526505
-0.338041642477716
-0.652526221198669
-0.368912788623993
-0.453718471695107
-0.309158254890735
-0.536021701881105
-0.450941330557646
-0.510028775241769
-0.368549147425526
-0.520520660781494
-0.278521517590295
-0.51552798534027
-0.518724212515211
-0.533552364283118
-0.34591710989109
-0.408460674513545
-0.493090983110475
-0.277558780539063
-0.456766076461524
-0.403301769208006
-0.405924608112645
-0.359021969852679
-0.302927644774995
-0.295897991222079
-0.422892332548049
-0.384923716273922
-0.360987698671386
-0.241215778066762
-0.406099403431537
-0.413416600948815
-0.345446994456397
-0.384545165845177
-0.402088231743122
-0.454028453512547
-0.309653249391494
-0.330332177962149
-0.350784592701382
-0.301359119095246
-0.481700978341891
-0.43322510088289
-0.37322299473145
-0.295704757107839
-0.373554943587672
-0.302762974430601
-0.192595904456921
-0.445939346471219
-0.517197015524858
-0.442580061683596
-0.272065290467533
-0.392925881351689
-0.36121348622759
-0.390125390606919
-0.30305577118091
-0.406703449200649
-0.379208494028887
-0.26283353883709
-0.262300044985564
-0.318164469041796
-0.387812423070968
-0.314723272290678
-0.229666972773741
-0.414322656943621
-0.261633179798536
-0.345437955055193
-0.294372087879955
-0.280835397175443
-0.255713154803937
-0.294858260484798
-0.219616880367574
-0.202107728616623
-0.169874328323669
-0.339061315938055
-0.309343049905805
-0.251472250026093
-0.384103784875438
-0.265198835656706
-0.287642017002682
-0.349745141061141
-0.221926906539573
-0.182546427598638
-0.157705064467112
-0.33628006726696
-0.173077840574257
-0.182051167088043
-0.131317288550576
-0.306987710946434
-0.343008729262478
-0.329724691707055
-0.272094611655163
-0.334861420354558
-0.292833196123615
-0.13275269748547
-0.109364930509728
-0.325759046071834
-0.238903253688748
-0.0561382702414333
-0.277305387052884
-0.252817205876792
-0.11390670048776
-0.314672801898378
-0.254406087075955
-0.352050891487416
-0.29129933808548
-0.152902612513423
-0.2850343552335
-0.294563878254195
-0.181636318985889
-0.159993572815815
-0.0519019648620989
0.0527901597562453
-0.290660758338876
-0.218954722077274
-0.171629166324086
-0.134223915858045
-0.233739259155712
-0.12602048696664
-0.261020987171323
-0.318080389407587
-0.119001473201106
-0.23276421959745
-0.154264720313035
-0.184354786173857
-0.394968516737739
0.0304935979637924
-0.213562524115009
-0.102778194456186
-0.22207800105294
-0.266718024510475
-0.158381149447979
-0.305170956654436
-0.163104796380215
-0.158739798115685
-0.204114119602479
-0.252395572930862
-0.400204652955969
-0.189465046019028
-0.160379155649269
-0.197000360395342
-0.118021967194926
-0.19202296916726
-0.131089587233544
-0.101330806188975
-0.0553093268801991
-0.234115987407171
-0.216160668548354
-0.0539951282707427
-0.183957676355116
-0.049386748640686
-0.118130291767769
-0.11318711899513
-0.126410751507414
-0.111373023138827
0.0734153294359752
-0.134807707081043
-0.286454409576882
-0.199671039727254
-0.126297896377921
-0.129902526098034
-0.00115031363613357
-0.0779497596463276
-0.246835894273499
-0.137677906436141
-0.15914087343357
-0.102186793651399
-0.174046131769971
-0.111936046884334
-0.00308999161147244
-0.104488725509615
-0.0890525970591787
-0.111651206711582
0.0401591835235169
-0.164666121382305
-0.111179564110263
0.0610255386736952
-0.055179381485188
0.0701280519490196
-0.013768021478502
-0.130953696528624
-0.111635775474491
-0.106749439273555
-0.142870340268619
-0.0357483136475827
-0.119868340746555
0.124607785603089
-0.034724874925789
-0.156967993273473
-0.143624100118657
-0.177868210214464
-0.00973637555913211
-0.0303491816266416
-0.0171255664639232
-0.024427256052632
-0.0824314535885845
-0.13714115314626
-0.102934728450844
-0.0493086333072657
-0.0494260917695571
-0.0513406331792452
-0.0988351906790243
-0.0844563374050294
-0.0141005666836449
-0.114085373965031
-0.0159567093190841
-0.093453943408624
-0.213339578924812
0.0329889724557685
0.0695737853837812
0.0589961760897652
-0.0388477083744971
-0.185464065543834
0.0876635312909163
-0.124813615431952
-0.0745884929812878
0.00815524423991814
-0.129570825552597
0.140467441631204
-0.013829207241871
-0.0257664627016639
-0.12123427904958
-0.0319362039938985
-0.124104761950058
0.0156799262116461
0.0447002800310244
-0.0281734262865595
0.208501764575846
-0.259157312442366
0.0681640425417698
0.0175295426198176
0.119890970220533
-0.0330534340810275
0.149208742946135
-0.143892334744502
0.0921602675115967
0.0383127991605917
0.0527429241046219
0.0709657330869545
-0.0803616917398797
-0.105346457614195
-0.0468918029289441
0.0878126183072901
-0.149204299592663
0.113387035886979
0.0651956133401271
0.00470984515162091
0.056470799847769
0.0420838754734925
0.0610887712064396
0.168994037821686
-0.120250729026262
-0.0366991178018342
0.159777318939574
0.050634663494093
0.0668599632474241
-0.118325633035118
0.0508896873359581
0.164546500115136
0.082895385208537
-0.133444140828872
0.0266411528279998
0.118791305483194
0.0121502513717038
0.0496719658224711
0.100148529821607
0.118748694082418
0.16760573631654
0.163251797797529
0.100160606267769
0.112707267491639
0.103868031976871
-0.0764471961003743
0.216069484440216
0.0728142757026711
-0.00190221512094421
0.079099602353998
0.197627317934745
0.0844327311580639
0.153084443675998
0.187645302630528
0.119280808226051
0.220110217577426
0.050148888231068
0.181989248521162
0.179893832944616
0.240494899197016
0.128362552888191
0.227750161760802
-0.0339079898922679
0.18916562385427
0.112888352454246
0.099785967500293
0.140020527102691
0.0226672895356155
0.0540380538671578
0.2144239566853
0.186419172539654
0.170031825039483
0.24709900620262
0.260573951895188
0.0704621876942915
0.158379436406495
0.144019147572205
0.0729414249952788
0.141284062440076
0.228313442181906
0.262025651771228
0.100664447868576
-0.0100059986051677
0.168181074962083
0.074512880401544
0.100654880998549
0.106316276533256
0.152019220225039
0.166827853174229
0.183390597325015
0.300812847739245
0.0743511741829469
0.190905208093717
0.322288467906573
0.31181818702598
0.206184988911106
0.0568933842485006
0.121434552673654
0.456640252720988
0.268407723515227
0.142588606047883
0.0826844923648906
0.198560779679433
0.131036220004768
0.176307232846566
0.281341306853976
0.15658626211296
0.286044409361245
0.232618023321578
0.322753099663776
0.0770615915448659
0.184088600696888
0.0903557552373634
0.178797689211564
0.151634799271556
0.0965147939349577
0.378304912518801
0.327422237902233
0.262622081449897
0.337932710187901
0.230900309675136
0.301451383402879
0.352825882811682
0.265524636529277
0.271492945618178
0.201541900553495
0.236968330038602
0.364570327515388
0.236998006912054
0.342312872761887
0.320579763101041
0.121267081043171
0.276251972992765
0.2510849332636
0.332398524683167
0.152908554962587
0.222870100792075
0.154404401469151
0.342104665441617
0.154221926435128
0.320390812516656
0.302518401769563
0.367864711657297
0.31000169187744
0.429296294677219
0.445824838623572
0.321949858836048
0.298808253900952
0.191446300101941
0.303700309652701
0.354904494153736
0.167957258762599
0.249115209144382
0.3133391068693
0.319100460488506
0.317875096257402
0.304973701269999
0.161375968317898
0.385422314677727
0.432258608323523
0.226998261456553
0.410082565720262
0.214803203116384
0.224183382227152
0.20075635628521
0.36498674539588
0.569940614510189
0.264960564986695
0.242408471146078
0.327844327803637
0.394963043709594
0.374839063857207
0.460563439635652
0.38013146600278
0.418290045515041
0.224740239673339
0.264900669611329
0.454472370018456
0.33065411432845
0.266084599148186
0.484922314616763
0.45452931114851
0.355954306290546
0.289703708635566
0.291906812027625
0.306418380780848
0.418882589620213
0.407169496581001
0.353019930939468
0.323084495552207
0.328247334581353
0.272486354331858
0.363003458142335
0.341524656542149
0.246237011555106
0.347275830638976
0.33529477101016
0.239895996409886
0.518248063703683
0.436555203991244
0.45943396898818
0.45692134133417
0.581346596421377
0.36500129356484
0.223786613980521
0.509624555115282
0.449313076759922
0.353671207546103
0.506861808811721
0.398377644482545
0.612433029411112
0.33186025212096
0.397580686291079
0.461002152970796
0.414248982631014
0.405590064826798
0.462245412115603
0.44643822848363
0.406313398740561
0.393927055754652
0.430588289808685
0.65922466563069
0.4467225179792
0.559948067769921
0.498330158290016
0.397482260254136
0.610108993896918
0.602499175717783
0.447173755592518
0.544611435768248
0.373107991926963
0.311535224595249
0.483455331845363
0.483916609419933
0.584101988283463
0.371635877522235
0.394013388341261
0.414424755577328
0.371843179003745
0.366655795455554
0.566624037317328
0.464292287304994
0.555778238549897
0.472147813508976
0.435857747491421
0.50213258309709
0.544828006331801
0.529782795501589
0.660201286024757
0.487083480781488
0.437778482899534
0.631445850054235
0.544788850194991
0.450458176719817
0.50292848312488
0.451459007616317
0.476225053726518
0.431021379005601
0.591531627237607
0.595104511919728
0.642170538429946
0.598402362819676
0.562456003173121
0.544336524177108
0.599876089345378
0.650422165409977
0.551046873352721
0.572593301938272
0.56009932952366
0.49869524027376
0.567999285335484
0.532861127042818
0.530003515583364
0.514765113577027
0.472041694157333
0.602257825812169
0.58669550740838
0.631576476101692
0.57823678620145
0.583896626465644
0.548194269435357
0.571809933598108
0.478282824643425
0.627770997117298
0.542713263078284
0.601450437097773
0.565307746527979
0.514110794374966
0.586281424352449
0.491171567857829
0.56472035223705
0.507373297095034
0.626099352403078
0.624460062263929
0.612238886091262
0.495942419366412
0.492588695661468
0.549387291719945
0.518736429617189
0.790968740295383
0.67257101938052
0.431330517865375
0.497720547062155
0.661764114825997
0.609924461325272
0.438804352844595
0.637225950753904
0.618645190956488
0.551833006040663
0.57135260786825
0.562522536251699
0.738090900574655
0.581213151341788
0.577041368915512
0.631906802098311
0.629045982327193
0.545714165192824
0.582982769913845
0.760342106249285
0.636618203523171
0.573243005653459
0.684566430022767
0.692655499077253
0.719311540356116
0.590816172624577
0.707354059997592
0.689882188331997
0.482346026080695
0.552974800103564
0.525141174928537
0.590001364069937
0.717879581984486
0.559115102780671
0.74745080220536
0.726634691277834
0.657932505442037
0.857812453322571
0.635956368302612
0.782100910844248
0.651408430164459
0.724244710505055
0.642536017071407
0.885015689994217
0.624223176454827
0.497846712954139
0.730420557581453
0.808477503775837
0.657092606135653
0.74788376600271
0.56720431694206
0.569387444598016
0.802299719544841
0.658672168979228
0.625105363661844
0.706664338297177
0.949315539881032
0.647936305245224
0.797919359114239
0.757822175487744
0.773099403769716
0.869832042579912
0.64114822958274
0.800134593722032
0.805888687716811
0.650805824658976
0.661761002665881
0.730278371024751
0.601518238598337
0.613723504605894
0.717344964786119
0.591489458007564
0.683588106342745
0.826364380181533
0.756308039897211
0.909107992605386
0.770402398810199
0.732218702609796
0.68131049863966
0.916574542359139
0.886399712627018
0.676637320727724
0.81618921482228
0.722839035355757
0.775136227815613
0.781815381321428
0.716772996501716
0.765109105254783
0.88515906219689
0.646341719547813
0.665481724048486
0.900572583335041
0.864068231714005
0.789168726327179
0.831736554238329
0.810405632908377
0.739010143749107
0.891998077651516
0.836088283560521
0.894801239331499
0.802039556420745
0.706627276106327
0.695586262502939
0.795520052780028
0.838536323129426
0.880000130240407
0.98102311312485
0.903877161508164
0.806879197375067
0.809910422502741
0.849417481067874
0.859872755591138
0.774212260199002
0.684979166619054
0.900557573450905
0.9487158617481
0.971135810970055
0.871460277753391
0.949790716770405
0.876188417709285
1.00146689791297
0.757402054224804
0.960123183462763
0.946371632117978
0.874698868155049
0.827728301673965
0.858496791665414
0.813162367311481
0.837203430635811
1.00244786622345
0.863044526446832
0.917436858548015
0.811739770109967
0.823183254890288
1.0033583522827
0.923661999349232
0.85369293442448
0.928108792044513
1.0439397675656
0.895999445014443
0.958322416346747
0.942661652410189
0.852335218535401
0.87504120117036
0.966996517962102
0.922917893401802
0.833117387690861
0.953421672861646
0.877759305106982
0.884402348248545
0.88450075482862
0.956247668855829
0.815232495519841
0.976130396414669
0.881417405154773
0.83238355922911
1.01368620653026
0.880733885413333
0.865142743918237
1.09090147031716
0.895556900423668
1.00299730275971
0.917584214955201
0.892925639164851
0.850079616903484
1.10040868726307
0.972713362694405
0.721873840429507
1.13344988698193
0.992288639450551
0.996416866531708
0.976012610729635
0.94213066253872
0.895781419655601
0.940430930567498
0.854993942775087
0.883587127777723
0.856089937175947
1.00795278721659
1.01793765086057
0.900713901103754
0.773954718831511
0.942871598876355
0.970343349024033
0.883367149804024
0.986657360584807
0.921354636435614
0.980317390746538
0.961198593519829
0.831225290072053
0.957373405129468
1.00541632207903
1.06067402641658
1.06207079426241
1.03530308329088
0.960173235497391
1.03867194296555
1.11023544805578
0.961272589848045
1.02854230172851
1.13965089088475
