-1.06679277973034
-0.997253390458177
-0.998151463217271
-0.918581114836537
-0.883627539721778
-1.12254589341074
-1.07722695850567
-1.12379573094138
-1.10965806597528
-1.07747987495878
-0.913678739648569
-1.04682711314467
-0.935080492274775
-0.947672399970442
-1.0344896991113
-0.994803538689804
-1.06514261093497
-0.960646038386681
-0.799647388320873
-1.07951646412178
-0.864754399735979
-0.952734563425788
-0.984661574307848
-0.926162698762203
-0.901326864088847
-0.878537234125752
-0.93903293246632
-0.857620514437586
-0.993444172508273
-0.83262303826737
-0.955751193443999
-0.774597768181974
-0.988144058143903
-0.716494924425541
-0.97745364474511
-1.01439048827767
-0.905480021142521
-0.910776627833501
-0.729167731659421
-0.84299268845357
-0.872173956029803
-1.03713309361249
-1.01747466214937
-0.727862173655499
-0.820851448659415
-1.07436673603618
-0.912964704379851
-0.780276993936171
-0.749898646291843
-0.907297317507994
-0.970641133587642
-0.973823660369817
-0.942064647330701
-0.913978303089603
-0.988095380397248
-0.952369023744368
-0.861001985870863
-1.01668795848585
-0.827810534140683
-0.894038576600402
-0.912140175241444
-0.79898420284465
-0.939358855030337
-0.875428940632385
-0.880561788811892
-0.791030072868914
-0.921522791610818
-0.868599775092048
-0.84251312694968
-0.886935045729336
-0.970216335032835
-0.831353769234325
-0.790188883077038
-0.768138832242266
-0.707389540812091
-0.801481645449452
-0.79001176025445
-0.843418908103069
-1.02342976939585
-0.876363398461183
-0.780625054539067
-0.883955982641786
-0.772328347538658
-0.750651414148139
-0.847028653017868
-0.957902996317122
-0.722357965028373
-0.970899270247917
-0.824080283106057
-0.792529752602032
-0.941981868311227
-0.907236609927411
-0.776149159192141
-0.870533093547342
-0.921568010808161
-0.799505195621268
-0.750225446911868
-0.91444416671113
-0.697153668117601
-0.77811441705873
-0.803289606731689
-0.735311596198768
-0.813555613685796
-0.940416030851392
-0.903592832826008
-0.785967386958098
-0.901438558974903
-0.762869929327047
-0.807478150637074
-0.90387778135407
-0.689581102363161
-0.748768035781417
-0.832878113268807
-0.757104595220204
-0.773676636322012
-0.779831122072477
-0.725594544453141
-0.807706045676998
-0.700473010317627
-0.810793693139545
-0.835425052367485
-0.872566509541295
-0.66082594938466
-0.732829064691302
-0.679288455578223
-0.685497878877312
-0.832663097236571
-0.896851987360774
-0.804537113011425
-0.747866286501752
-0.834408854112996
-0.680871018268013
-0.668186987100555
-0.801071739050503
-0.69022639193843
-0.707057821406382
-0.84133436557425
-0.825757653444506
-0.71109509868925
-0.658971981430922
-0.791486668029602
-0.754591039705215
-0.730272125110362
-0.792152998005071
-0.75769507286415
-0.865711735597241
-0.676310649217291
-0.7368760138407
-0.724929232257118
-0.706613954432551
-0.748438869688847
-0.713371570281672
-0.565815656805272
-0.637279360878885
-0.579014002469346
-0.622156832573655
-0.590286516796676
-0.661167956017979
-0.742533128465224
-0.664574955790991
-0.68537541250725
-0.832762145523875
-0.712587163455925
-0.583935752654318
-0.608798631066605
-0.649735513434986
-0.57366400470768
-0.849386721864917
-0.60892667531889
-0.654910692785869
-0.719947255020431
-0.737649746997607
-0.684000815005313
-0.754166204900999
-0.55835585471726
-0.591637699477256
-0.603037109536698
-0.759581254717792
-0.644538230871643
-0.494314007632003
-0.447712116972254
-0.683161241949223
-0.746112970119186
-0.503216349143662
-0.663543413320584
-0.562981137646958
-0.782196583690001
-0.666319857782468
-0.728946435646433
-0.642283517462729
-0.679523065396845
-0.595006854394804
-0.513400128095542
-0.748084495989433
-0.669820819863401
-0.579221179685874
-0.708371638121098
-0.71263393555809
-0.591953511161891
-0.71428447799324
-0.621999998037157
-0.675189820810181
-0.487139861883296
-0.652175173853558
-0.658237285047509
-0.61652753576793
-0.469634221055498
-0.617976626782314
-0.684878552066385
-0.653145589176212
-0.612969316579558
-0.572388267410953
-0.539518124986893
-0.526450504718773
-0.645243425122986
-0.637511734877371
-0.58184344406786
-0.535711933791769
-0.462641898443766
-0.609582438142748
-0.599141307271217
-0.706686864475941
-0.396816981558062
-0.493760990740514
-0.511638250179157
-0.577228475416554
-0.547501017614039
-0.545255245120472
-0.42290673982085
-0.693486950470432
-0.650485453608328
-0.551055032395431
-0.448217747506927
-0.418650718967623
-0.436987748876489
-0.678065648719348
-0.315389951614536
-0.510735928943589
-0.516570030678027
-0.47890727100373
-0.53059242201184
-0.536997755346477
-0.395680146499922
-0.46871655090643
-0.540224272186895
-0.475205264314075
-0.553038288974302
-0.436888344965605
-0.355387643121856
-0.623806292369542
-0.568450903785858
-0.56003882657081
-0.531766100163196
-0.559866600552751
-0.49353891140328
-0.366924526356201
-0.540944214270898
-0.445375313903546
-0.579649324988128
-0.580207723027941
-0.304710842052858
-0.43811170955924
-0.437145837218625
-0.634972387374699
-0.437925185545793
-0.330194802419096
-0.43266730311603
-0.401847364108476
-0.498980882116194
-0.474067789970064
-0.555986322795533
-0.410444483500681
-0.502297665670212
-0.473986750918968
-0.405451982761948
-0.400247193144981
-0.545339678150197
-0.362516480770148
-0.491501601495885
-0.429512566628287
-0.396260120393315
-0.478757648073209
-0.544761229925816
-0.480757526990183
-0.235718804813901
-0.373938062616999
-0.401082195220664
-0.362529832088638
-0.527335353871095
-0.335641678215494
-0.55894850467365
-0.379008411882177
-0.386899989408009
-0.187234352880698
-0.425075481615875
-0.406422828333308
-0.37918271152773
-0.494470585594008
-0.440878098775431
-0.482232074664712
-0.318372093648789
-0.49292970011947
-0.502848885396715
-0.353325139300772
-0.468548327680147
-0.346836381436918
-0.424622924603523
-0.340606540866611
-0.478406826056994
-0.396408505698156
-0.490791789744968
-0.347788633826632
-0.385715106982006
-0.252496868336919
-0.445456869033605
-0.224411660905645
-0.567399266945754
-0.157372110635722
-0.277789766700126
-0.331003654084112
-0.370110870494186
-0.294523452323998
-0.267011009578226
-0.496854710451482
-0.288736070329825
-0.360396027934247
-0.290425027916538
-0.461785667100124
-0.253480633597405
-0.483617208295098
-0.344194358393389
-0.413882673331739
-0.31217768309302
-0.508028130324267
-0.214979632028585
-0.312931601095836
-0.179070289144267
-0.338994372590479
-0.236934690992262
-0.320231489597064
-0.246900929661887
-0.233763498653665
-0.30751289828762
-0.358576585270461
-0.205474200892101
-0.154394522516667
-0.332399215542735
-0.364446054424136
-0.369940364766772
-0.311990350564734
-0.183429193457909
-0.209401002150553
-0.217151629333461
-0.318351039112755
-0.152007340460329
-0.316999421168299
-0.272482141350409
-0.267399608990511
-0.278004525567186
-0.267009368809299
-0.22613082231865
-0.371651590777771
-0.243727753882923
-0.391186303505049
-0.299728031442748
-0.254016575743016
-0.321875103510948
-0.175027224668679
-0.296667333312082
-0.309925071908099
-0.15661841094189
-0.151609530723973
-0.371381826186196
-0.232897635288818
-0.258074469309205
-0.242017747457076
-0.262016511000849
-0.274724610724318
-0.282006045123685
-0.278589007396182
-0.147104834213057
-0.220844666178272
-0.371134318308638
-0.163180346617431
-0.214908751982712
-0.148475565741904
-0.183387255994
-0.302623457896988
-0.143330331834567
-0.326240170647125
-0.172799882564
-0.189932077418677
-0.348837150049322
-0.256050822413888
-0.253101273409238
-0.107804777101593
-0.268296346128942
-0.244326329415383
-0.328463710741176
-0.133212887716038
-0.0685921975846807
-0.0238612222594619
-0.17530104564595
-0.136627349113686
-0.324504104544559
-0.31066642113065
-0.16138822509259
-0.119331480948724
-0.0773339376349299
-0.230412352502124
-0.197263079773255
-0.0702281100039187
-0.130615934427595
-0.276208835740605
-0.144947431225484
-0.24759998796844
-0.109604283825182
0.0184330839050823
-0.0875542092098187
-0.152755227092919
-0.110154912696816
-0.118574612558138
-0.0928785438335677
-0.14190411922796
-0.114311204238172
-0.168141675823892
-0.0481025803415772
-0.127063948825222
-0.109058864518607
-0.242136207442075
-0.0366515378869725
-0.167174970118367
-0.147404557728507
-0.173783454996963
-0.110686060421882
-0.165517292290456
-0.305916472801391
-0.0954641262976137
-0.0218613253086431
-0.242070730100977
-0.210601136060399
-0.196411534678554
-0.082844128058993
-0.0714422399305633
-0.260578766087991
0.0283891856987588
-0.0632555993856287
-0.00960742220981931
-0.246858721058537
-0.0910418520970941
-0.20496858180317
-0.111045508252626
-0.215442138287389
-0.107073887859831
0.00819849548418713
-0.0960446829903263
-0.240408905031414
-0.0763408507363487
-0.0275095414131591
-0.0334892364389436
-0.161496182784252
-0.138231649146249
-0.00243749591583344
-0.157515503304981
-0.134998902412122
-0.12166906833249
0.0458083105560436
-0.0773773536713308
-0.0534845373988727
-0.116133496330399
-0.0404639987068973
-0.188812515594953
0.0208772714380104
0.000309740678345661
0.0369956676614521
-0.0803057909190071
-0.162884415538153
-0.0111008998881213
0.0100725196661702
-0.0627666915825363
-0.165190857450235
0.16615323425094
-0.0920381688032588
-0.0133007561681494
-0.160142241932909
-0.0733944277502153
0.0857786320494103
0.0349700810125259
-0.0621939470152603
-0.0577735125648747
-0.00272357259677299
0.0272785488666532
0.0360396372575335
0.0199778638600145
-0.0840818932396878
-0.00231538125394144
0.0149103030204301
0.0834991208449929
-0.0529516917495394
0.0259251741097071
0.0358409042771559
-0.083068687509308
0.123881021884893
-0.0301230308745239
0.128358959263915
0.111058403449667
-0.0496021831045705
0.0651686543628726
0.102762589524098
0.0517109764299189
-0.0140973474558373
0.0142046578235428
0.0550608458664529
0.120122571942031
-0.125063721421469
-0.0423947115077622
0.0775669165906719
0.0807419791617093
-0.0192157755780935
0.0855315397651587
0.0422001071305681
0.132574000616027
-0.0562379928838738
0.102488858604767
-0.00154068316133239
0.145804446040659
0.150985314496913
0.059282349551512
0.0338388316602852
-0.0873526290072607
0.14961894769308
0.038389534541532
0.151183016227382
0.0913429668958673
0.101893925781712
0.0478623089734294
-0.00453564685737808
0.145415702186494
0.169577035831313
0.137279323513597
0.128662727275791
0.0860074170124652
0.261183476154002
-0.00892303471147909
0.153632282960486
0.174271492954898
0.111896132032827
0.249467909323585
0.0529572535592498
0.259635747735525
0.109637797961405
0.0250019877777231
0.199309333625148
0.0860038389492301
0.120431185470687
0.335852777058349
0.0477817758889217
0.142804577225896
0.286340384780397
0.0152422273098067
-0.00552042390544776
0.117659350362799
-0.031387588370998
0.219903480663763
0.207852971658788
0.146225851469447
0.0337166695098987
0.22662058172802
0.170444374613441
0.119556062717505
0.157230313961135
0.199698556194956
-0.0652321197404207
0.160515157338301
-0.112030822681456
0.0797855786146476
0.202529241079658
0.212849557157137
0.243430625584594
0.336319369671716
0.181707950284695
0.33213560355978
0.209690536770634
0.191021326805382
0.182429021305584
0.199671546706846
0.111837048491548
0.131909930919559
0.177442058647291
0.19256629261755
0.185960220712463
0.263786196630408
0.184174293766007
0.19447404642956
0.261711110597051
0.121242847065979
0.260997730859942
0.262442264523246
0.278949121914569
0.265914456304876
0.164468772743876
0.371364442710186
0.156308958184882
0.36730146591925
0.331605023879017
0.0873976996279289
0.201664725109635
0.422126558922962
0.198857952949969
0.377699001894729
0.100241366691442
0.190939159231469
0.367350151770167
0.233360049347187
0.210541478916129
0.337089485760716
0.210825864574008
0.216391530226335
0.312081540199767
0.228719529796235
0.170498820606501
0.289704188502035
0.383733799836807
0.347870718895362
0.211879185231186
0.190425020092135
0.281038063642605
0.260116259735841
0.347592134438194
0.256225754338665
0.300105835025562
0.230944842082203
0.205481890918754
0.175026209950059
0.302794293775719
0.322950734319208
0.324957486990975
0.262127443365904
0.127736412579744
0.297138438505795
0.373689870403386
0.235671511454888
0.455792247597965
0.297300014132
0.357423394090471
0.241707340726719
0.300421575031469
0.280846027479249
0.289410570391395
0.321592971965764
0.140516224542112
0.212321070105841
0.553807280834732
0.366408953243261
0.305944023397371
0.402648029505555
0.274156268183767
0.339615129615132
0.190215237702274
0.275168395648892
0.446830243838972
0.337791949268537
0.205883657795981
0.355636066369384
0.199252755387326
0.30710053680217
0.328724260148784
0.308939649367096
0.320657586516649
0.325250284314611
0.276302027451061
0.259960775973096
0.291214533675579
0.319080796691825
0.36623569548553
0.339075583023571
0.366819611327553
0.180262565282997
0.364174919104632
0.317908157455186
0.453287111126868
0.351401222278648
0.28124576810357
0.360933341361013
0.341651591643982
0.301174324784619
0.375477778824807
0.450232464246483
0.455156761731529
0.532008744385517
0.343300319839884
0.285719251262732
0.622769906900938
0.330649554846993
0.329973074813869
0.523193928934207
0.43079546079042
0.358875492403618
0.358397836560329
0.399186040377327
0.456301143317
0.385075368234375
0.411862228457433
0.31255964463087
0.239566544332335
0.400634395387002
0.424222877560447
0.346486048733681
0.593124775828357
0.402733158994741
0.457878918951121
0.477578808915033
0.438163994727085
0.480314462476245
0.361246960362863
0.475798300481843
0.361611985303432
0.364469432334256
0.364758339837737
0.404962233425907
0.337156148327245
0.456901403428092
0.451833451294543
0.470452654555986
0.436619353415379
0.349055593206961
0.228574995761109
0.590859004974385
0.457671263275462
0.56286633672974
0.464603552780916
0.49740537550597
0.46887416929861
0.448276997136919
0.451376604147418
0.457778680223332
0.400647089099347
0.437900662660663
0.500830681239049
0.420871818766583
0.454634891592156
0.480691572768658
0.478613722823143
0.568114812448846
0.502100117530283
0.504003456935815
0.567628952666469
0.464496810012512
0.609878102988667
0.330784508720135
0.438944137007072
0.699063417584547
0.537595661804534
0.505410121658909
0.482891451120716
0.581588124508327
0.50026647814863
0.434888129331068
0.486554801495764
0.549726539470965
0.613876837904438
0.51735650915707
0.407993809703506
0.545766470834462
0.49160093376984
0.480974458304865
0.770464775956352
0.434261608707452
0.582429963235711
0.602648089526446
0.529493142098027
0.58932238575745
0.609718116623289
0.659909383246773
0.604753483445478
0.715775080932906
0.547995701763241
0.605143667774648
0.60059484732557
0.465584334300186
0.518702578395582
0.616379052966335
0.723638295300484
0.52697745014319
0.631327966659845
0.60789059107014
0.469141189511678
0.563819571653048
0.51241534554148
0.629210902127149
0.640412758641042
0.559758640014797
0.474335617325413
0.652338351842155
0.681682349853371
0.606558859556335
0.665620286051493
0.729951729259321
0.600430529857743
0.604030729069079
0.707315372960523
0.703090883405449
0.601141138807018
0.594042239467661
0.616266047479729
0.551981841536988
0.570762882212274
0.64518277881245
0.558192366835257
0.661393628032901
0.543817235413821
0.516303132531834
0.693471929504151
0.569176836682434
0.561247458169702
0.777336898717085
0.440753658047947
0.590465583737006
0.636040550471759
0.710618506907455
0.598423665016543
0.647333821328678
0.686631256574412
0.571638443788806
0.708933441846844
0.63712546399765
0.763440952300084
0.632159231911621
0.560990393275731
0.74176674990234
0.73382355584142
0.635448596630248
0.729015699211205
0.752630398715337
0.502469439670577
0.834235211896678
0.644391180133018
0.748152069783516
0.768837568083299
0.591464186971458
0.783908417228557
0.76801039882491
0.650326719007782
0.768519900651378
0.65156984812305
0.526091950985627
0.691389208512935
0.614471827792411
0.799308860426811
0.734294897421215
0.603223044838627
0.611166732570198
0.625634277189617
0.810884588177793
0.811783032998845
0.731533999449577
0.606724923932534
0.66503044412541
0.578366577536069
0.656580967962958
0.641592092779503
0.598725224554066
0.744172109587892
0.738348660991562
0.755731690955702
0.64067647109242
0.555602899802704
0.886437976451833
0.702944973327859
0.757677163824522
0.721097305096499
0.714450409957398
0.762071401249296
0.597551484228796
0.707663314012621
0.911746762927615
0.86802631180975
0.713231374395157
0.896512866339356
0.793700758240485
0.667614624277479
0.745254095478123
0.827394180912034
0.806938365374264
0.822613841244716
0.674744556317646
0.727029477728532
0.770757456454599
0.682284659591997
0.888554102173067
0.808112005707005
0.613816522335652
0.703306797450819
0.730471177625111
0.878895799916838
0.752312882830229
0.83173467205265
0.851128622437134
0.788667412498925
0.613461299465671
0.861747616572734
0.796338986951895
0.727156668467876
0.802697082171702
0.735746922635821
0.97624877982542
0.785179104528169
0.906801612296972
0.738374079628571
0.681516042821063
0.774061063213387
0.802080486880953
0.774101562722506
0.800326171866863
0.76422195619425
0.775838657758993
0.9177938900844
0.914467087822442
0.90087177997419
0.78903136538336
0.929214897229197
0.869441719413118
0.876003099115828
0.971161099635556
0.759143301282544
0.970378373674729
0.89547958204965
0.757272820075421
0.867048677467594
0.809707473387991
0.805691693444675
0.867977592209004
0.93153031501483
0.899673057421356
0.898239907132334
0.939710697653845
0.788516047738874
0.865011682222366
0.795993042122562
1.06510818555877
0.814634559300526
0.807005154626586
0.955470550036406
1.0399899535216
0.762437598248789
0.889751401648141
0.723428611051958
0.978156050513203
0.866189128162945
0.968919574123867
0.850130091179448
0.823714914260529
1.04690430912796
0.918136361829278
0.917750957223253
0.664258864756157
0.926737859751405
0.922046662138369
0.885689252308627
1.0664387962078
1.05215674476872
0.81787780756524
0.914330112546788
0.941539906227911
0.947151342226122
1.0437910065635
0.988554506707817
1.07786808200917
0.959535075997588
0.935941595399874
0.822153878781073
1.00488885836697
0.941239087827787
0.90935273801107
0.99097857325224
0.964681677950461
0.851374903384251
0.973136887199882
0.86551520593739
0.856186432082727
1.13579784322649
0.843702482598793
0.878959348699186
1.02428537946403
0.996358247629768
0.841157772587111
0.887735053146169
0.9929559820941
0.989315356426225
0.835648318316838
0.975218831810858
0.878421360097157
0.938132557019788
1.04909396695468
0.93899769043549
0.865551976458026
0.952925952228609
0.939498102955599
1.00103980802582
1.03165855213875
