-0.841557450540279
-0.949862641115149
-1.11427007395732
-0.960973579674629
-1.07610668283839
-0.951220214341406
-1.00736757974483
-0.974236427204129
-1.06459754644554
-0.867373600380674
-0.889530642145396
-1.17529150390204
-0.961060728506717
-0.907179687957163
-1.05058758807836
-0.977594736618836
-0.984837672320573
-0.92644990027092
-1.01392727525163
-0.963696147626447
-0.941222612966618
-0.921572055175635
-0.825552671251237
-0.85679358224226
-0.969357195982235
-0.950358273933281
-0.877497168600282
-1.03501829206656
-0.900574264164653
-0.8843256162054
-0.873938818193719
-1.06353906562508
-0.768034883444025
-1.10385072432155
-0.930980926831787
-0.851994028990178
-0.930554629990835
-1.05677682926938
-1.05201077298614
-0.841542866290099
-0.930744572824188
-0.819265457775805
-0.940922519650155
-1.01870355323903
-0.839556005386882
-0.856446088275795
-0.929629166305857
-0.911916711454065
-1.01117353577205
-0.838787066590229
-0.886761094518436
-0.910685740098635
-0.881740723435343
-0.858951092472433
-0.728640838884053
-0.936122071261033
-0.902214991764147
-0.879375184161888
-0.867444128220418
-0.892754081966643
-0.790194562729774
-0.94895182133633
-0.934175439193528
-0.946973985837889
-0.999941261307955
-0.847530929485158
-0.923687047277737
-0.821237218814
-0.864328394690258
-0.942792666588897
-0.942133397735145
-0.890927839266358
-0.982370813019053
-0.919455315421687
-0.839129815260356
-0.89945283410755
-0.833961900476274
-0.952740212104935
-0.83547959999543
-0.872859621022415
-1.0262667238813
-0.746367923659888
-0.861174790312658
-0.788247043061968
-0.846408786819281
-0.724937059090986
-0.804141799833358
-0.866660638786743
-0.837709227194896
-0.889292875226434
-0.736366472077025
-0.819798855572618
-0.706871158450934
-0.910112545185447
-0.764661985293367
-0.722374553501684
-0.811357521545565
-0.87343493510178
-0.881001786311738
-0.755481849027833
-0.699402863261646
-0.716443472487597
-0.68432390813918
-0.755389303399773
-0.787634372614239
-0.708617213256028
-0.775299222081957
-0.754817781919105
-0.712204482585306
-0.782339011726806
-0.650798591193162
-0.682189395331229
-0.845854111742223
-0.642340448209251
-0.840023298529134
-0.604119649380479
-0.781209651215446
-0.770314537074257
-0.600347361160705
-0.810777677131731
-0.748412001603871
-0.741460714777058
-0.792587435619662
-0.718584907923668
-0.593390855245972
-0.554709849594614
-0.845080763830399
-0.672493974673244
-0.732061278669332
-0.589721352717658
-0.75275399446326
-0.623108351056399
-0.637951902426068
-0.7199137747449
-0.876503613710291
-0.775363237607668
-0.862598535836588
-0.514170762869549
-0.69410463866471
-0.832269232558152
-0.717122431390948
-0.625629770588876
-0.691241593051469
-0.686032644074867
-0.824908300424326
-0.763453106234857
-0.71020648188316
-0.75919732970154
-0.679879183108185
-0.767260615449684
-0.614960430266738
-0.916431445000154
-0.750583942002504
-0.700365374126866
-0.660896598524792
-0.754552452107297
-0.535174706078521
-0.509665066848043
-0.690621265968411
-0.658943477994659
-0.733553163349443
-0.640890020166167
-0.672362322360546
-0.577368357560064
-0.706208700171252
-0.538090613370042
-0.594456729541466
-0.547767975513391
-0.694541389477446
-0.562132761014878
-0.822383209959944
-0.63009747122096
-0.758210383267377
-0.635885421753091
-0.618727307460753
-0.34571535559819
-0.720647792191766
-0.540084639297186
-0.574877750214903
-0.62572763118763
-0.813058564179947
-0.588932042740314
-0.677906828443158
-0.561749612558281
-0.706215178357231
-0.657565601087835
-0.522304364266296
-0.650797073557592
-0.645935309309091
-0.657299834432001
-0.506449143248973
-0.598240213780018
-0.572737852937466
-0.742662804091893
-0.69343548045146
-0.591127186955671
-0.729913677283865
-0.606995138752024
-0.431677788846548
-0.620256249381234
-0.598222590302018
-0.636851734251576
-0.582916512053063
-0.461217170098341
-0.644802981102497
-0.545507782974157
-0.635034132230127
-0.645527264507395
-0.599375119570906
-0.57140452347674
-0.410985511195694
-0.639763122234592
-0.636975591721636
-0.372668202870752
-0.562301043150569
-0.625885937258735
-0.613116817876451
-0.612097961561026
-0.643205358886707
-0.643404044503092
-0.556326568123991
-0.452990208364265
-0.443824627972598
-0.489517941069048
-0.545544611485989
-0.61891884132336
-0.526598687037396
-0.501803964411289
-0.556049918721982
-0.639908656103034
-0.509088323267743
-0.409574295450096
-0.519361698813274
-0.234014924800045
-0.444109429616785
-0.591234706062656
-0.448761668997939
-0.533404870949552
-0.636948890730056
-0.444349392199513
-0.470099256192483
-0.629112565746607
-0.695455638100636
-0.548682002789821
-0.525321645415212
-0.538559436966143
-0.556433946352379
-0.524755050779725
-0.523933355799705
-0.327963327088565
-0.448770633447171
-0.51071151311049
-0.563767848981525
-0.514196186658188
-0.523264515479524
-0.352241641672135
-0.500877105317976
-0.477586818349152
-0.611489737826039
-0.488867014703475
-0.422732150118
-0.435594121673513
-0.450373487223287
-0.489609983887431
-0.463034484627187
-0.509626776991284
-0.548464151115236
-0.410595131379788
-0.414017898239412
-0.361429219838567
-0.553928858151306
-0.48589935385593
-0.394375621987418
-0.420858112070489
-0.40760708438938
-0.281533492687083
-0.336509905161568
-0.668130912163371
-0.381814046272299
-0.433191737293436
-0.324057872800638
-0.556444597403111
-0.455861941034987
-0.489625936005576
-0.375311965868886
-0.520355082373805
-0.271596570400483
-0.517701287696807
-0.502702812325026
-0.559407402801963
-0.34901001605822
-0.396594229811768
-0.496576843108111
-0.29571689668454
-0.43673200749198
-0.410171570901359
-0.388250395018033
-0.349267943473065
-0.309724842760971
-0.314726884422337
-0.427798955208076
-0.390599736623653
-0.353064694708418
-0.229626856982475
-0.389981054221913
-0.421910674312702
-0.382279382803927
-0.385671905778038
-0.410295875782913
-0.439220199927779
-0.311233569548052
-0.330267279384273
-0.361903706469217
-0.325556126020832
-0.477517962805378
-0.434740266478993
-0.370717497704743
-0.313410292767421
-0.346992215596245
-0.304511247006933
-0.224042821685922
-0.410260954243276
-0.522400027517697
-0.444617772358627
-0.269687863865989
-0.394603565158795
-0.358420965742624
-0.380336375778535
-0.312460711974314
-0.389502538805832
-0.366604011062158
-0.250823822708964
-0.246059749712265
-0.312008564262335
-0.384418739619703
-0.326661354003178
-0.23652278591319
-0.40106279545285
-0.31008541203859
-0.348712526465273
-0.305077017643129
-0.280182090134184
-0.243492989299506
-0.275241027267094
-0.185173712702874
-0.193538975859699
-0.166717924798451
-0.354135579359869
-0.315413863791348
-0.262690028727723
-0.364847294361161
-0.247431866223599
-0.273301747139104
-0.358007451678605
-0.233617556034861
-0.170388190630417
-0.15671422892274
-0.357314696607269
-0.174779075043044
-0.199388939033642
-0.137590027289371
-0.293238877119056
-0.336726351760095
-0.330783245211494
-0.260310742503938
-0.32822140534654
-0.291784685203672
-0.129523681636676
-0.106760693758216
-0.327366379742305
-0.230645605759011
-0.0511954955374534
-0.27957425775494
-0.243846830947657
-0.102068789908337
-0.300132308959327
-0.228635031307073
-0.343089683180711
-0.28608959554711
-0.133932028404011
-0.333109208983304
-0.281014419046239
-0.16573459956486
-0.17166960634541
-0.0682389201220573
0.0357924541899095
-0.316485844549762
-0.231710650388116
-0.191738234167863
-0.142323578872772
-0.243832754105025
-0.113188884466843
-0.272987558444084
-0.31193837915683
-0.0920588372228954
-0.229678619261976
-0.126216239373601
-0.176782160802127
-0.407921440327115
0.018098270786474
-0.231209076529116
-0.10932621825696
-0.227260642537754
-0.2775964228444
-0.147671508265596
-0.323429045695596
-0.161348008210864
-0.16296569657023
-0.203107725341623
-0.252768522068076
-0.393393295089256
-0.205877323526443
-0.155003393945124
-0.185449852335284
-0.125107077174642
-0.189550245108062
-0.152006572520245
-0.109375041652688
-0.0367861805581248
-0.242591231492942
-0.226845953668739
-0.0586356310795711
-0.179290521149637
-0.0339137582030928
-0.130461293152924
-0.10624424385854
-0.115259572511204
-0.128273557520879
0.0680323550057385
-0.132258413178076
-0.297860701047647
-0.185797146612642
-0.110968971644759
-0.142964238627399
0.0126698577055602
-0.0866172179215847
-0.211784263255099
-0.135777607829899
-0.155071123413899
-0.107445190451768
-0.149721511568215
-0.119368594076758
0.00672330975439265
-0.0956435330900937
-0.0783585810262072
-0.0890125363132655
0.0583506899867926
-0.165733823108998
-0.106218258290262
0.0431651237105163
-0.0681489389284977
0.0540568791606565
-0.0142133458591631
-0.131228808336681
-0.116225143068357
-0.102502682019819
-0.159223952071445
-0.0546830617199475
-0.116947557366661
0.128735388146377
-0.0470342560448828
-0.168847105064539
-0.142302926707066
-0.169406469614929
-0.014872036830568
-0.0294667468807399
-0.00158794544763624
-0.00257971265058892
-0.074031756864107
-0.132019731747736
-0.122896115341027
-0.0510210229213058
-0.0799173435305609
-0.0301693732007924
-0.111492884372159
-0.0930872805729904
-0.0209513957578401
-0.0870834099090408
-0.0227341285938748
-0.115868248882215
-0.230653472405201
0.050846920906578
0.0647245190968999
0.0661056501616273
-0.0361605091554946
-0.171852643329954
0.0648675479944831
-0.126687039166174
-0.0531775736300594
0.0206885863175553
-0.117712733859381
0.142832715391737
-0.0187362849866327
-0.00388418910444794
-0.107820384634804
-0.00329439264609802
-0.112937534334762
-0.00228921282366444
0.0441681296606871
-0.0258561993839284
0.20825239767877
-0.242532577995639
0.0620507606763323
0.00485262576811623
0.111350235965654
-0.0287677475761837
0.13658571043592
-0.133448954904662
0.0844713480471232
0.0445984622704228
0.0715410106214867
0.0978916462495801
-0.0843546937105743
-0.127977074293287
-0.0479279942239353
0.118077050271496
-0.13134270381402
0.13864336118179
0.0450165688755302
0.0229058596708842
0.0485860892533531
0.0605432641771503
0.0538655286996255
0.15817704621084
-0.121527866561935
-0.0380844760927572
0.143973085906228
0.0475396979395415
0.0756175761927036
-0.11484616947677
0.0324973641734447
0.179036780022699
0.0575086063360491
-0.119882769514382
0.0369563679262512
0.111513560687621
-0.00524487712822901
0.0550260755284791
0.100208988955858
0.124260483878037
0.146071198934501
0.132481862665576
0.0898031659224921
0.119004705859069
0.107554544783534
-0.0774150554555832
0.235885758713746
0.0885209532944361
0.0153101487129641
0.0953719411751518
0.223698646908154
0.115221266142246
0.160704852181688
0.179469194285734
0.106742451412358
0.205574517579384
0.0741244922861635
0.166620524583554
0.188088711907905
0.241664887801916
0.133953362196051
0.227096015735194
-0.0184772392591643
0.19546756853849
0.114964078702834
0.115083302023135
0.145865561310919
0.027382917579703
0.0569334296073025
0.225214141740759
0.188046833036865
0.177244802922496
0.23925509902519
0.233795745473984
0.0667456105454057
0.153894233742592
0.131011151640517
0.0721900841286321
0.147455265861211
0.210356287588488
0.251309567920233
0.0957034152247072
0.0145745682051875
0.154278039219669
0.0717343694806005
0.120542732409063
0.110619832162679
0.148732598988562
0.160753143779695
0.174354811146054
0.27795359812582
0.097878112049413
0.179091335777125
0.293401878486387
0.297156838863748
0.184743170483806
0.0460159448931629
0.111468612316226
0.47071729165091
0.254899616084674
0.152824764441624
0.0907546682805606
0.203949861543945
0.119837335301298
0.220799103990962
0.285715570929686
0.150832046670375
0.266746720727374
0.236855594527225
0.31718513016157
0.076773019663997
0.161576323826386
0.0962569200832666
0.177523509827065
0.162253071582519
0.125516237159462
0.385155554442397
0.298985721856806
0.253771668553444
0.325279312705905
0.2189001165841
0.302235895549542
0.344359237971492
0.256811411332184
0.294549903825087
0.205753169062194
0.232616784297891
0.377488619851764
0.216017956878487
0.317869429736784
0.306021828854073
0.0966627186664715
0.286733993789609
0.238499159085262
0.31893822790671
0.14748465226335
0.224901834459986
0.124696434337297
0.351608317021433
0.159948865839214
0.333289949710682
0.287535159988248
0.366412363532882
0.269226449484459
0.445309096969925
0.4016748061396
0.319004835368785
0.286953331392305
0.195578251030057
0.288308467107001
0.381529518140805
0.18591214695824
0.247153600334305
0.292068429367711
0.289727155176127
0.308499674886823
0.30799690431545
0.162857757344213
0.399645158982959
0.444718360478212
0.256788608458075
0.396493914554464
0.201561372581457
0.237657648554065
0.191481691371833
0.391396437967855
0.559117808198231
0.283169985673826
0.244225218595215
0.341452481979095
0.392872094262947
0.361359203353878
0.471607856476224
0.376314878665394
0.448311308513807
0.235968248371835
0.247812768589191
0.416723345997971
0.320628280239409
0.275620155127418
0.484706522438061
0.444624647532677
0.336946625290981
0.311285396481296
0.282323470788963
0.298883689585024
0.408746881126814
0.392037443447385
0.363322367681242
0.338849570848185
0.326596990167028
0.27317400812915
0.374973120053995
0.356042219383511
0.238542430520155
0.365240641607626
0.327918223490306
0.225088804233778
0.491675999973045
0.450766636968823
0.455646502177913
0.469560359872549
0.604257665395872
0.351365811084335
0.239718065461362
0.51027903613179
0.454462398025194
0.355840514123696
0.505209366117544
0.391409418915757
0.608066212056531
0.354793817585042
0.401456227317935
0.467586319757417
0.40482167812932
0.418154294043559
0.458130630046521
0.462602746946106
0.416723398238717
0.398185931114244
0.422161383716872
0.658902249684579
0.438090188778407
0.542072309852284
0.507338407281384
0.368190177422132
0.603216403707959
0.59186127473844
0.459063425767768
0.5297116849671
0.380886087161714
0.283583570840366
0.4982710499253
0.485379364190607
0.572425948249046
0.361104978690636
0.380108537999465
0.409974934321027
0.37039365352204
0.361089954290667
0.540135779857957
0.480972183325674
0.566841867847646
0.501471311749215
0.433306279534695
0.515043691121721
0.571170131836622
0.535211186228858
0.658169041541726
0.487287878496984
0.432744553167755
0.625455451685311
0.553026533879038
0.449279664850808
0.519034331056996
0.496947427625247
0.451918567843114
0.420277019658
0.582093535275702
0.611987982024766
0.666968539072994
0.615530032115313
0.574893516779889
0.534563629351138
0.620233206354281
0.632294556067753
0.592593569543633
0.583524392157463
0.559634273291227
0.495178665132162
0.545912956846521
0.534292353947511
0.522831271231431
0.506042506166452
0.425899660809274
0.602170371142448
0.550669198188841
0.632737311507897
0.584852007511346
0.605855661957072
0.546357471368928
0.567245799298363
0.497817424801258
0.598735862175425
0.537278859319352
0.60381240224953
0.563351383864105
0.504108738091318
0.587201607322238
0.506585260211208
0.550747762788645
0.534465478070666
0.620139461662834
0.630878409804732
0.625658992032058
0.497326607771499
0.489126053643199
0.548306855557173
0.527462563914647
0.779616082897262
0.669427673083118
0.432087725466947
0.506061124490922
0.684199032536078
0.611390671967825
0.450597271374749
0.625784362313314
0.642722109634189
0.554716536607868
0.570905385256439
0.595667028340579
0.75195002524664
0.574373757814645
0.552369362113524
0.637102998246539
0.640760839163096
0.552556425278738
0.571969029166003
0.73844845912268
0.611927342194645
0.577603690843956
0.707234992809394
0.690744834808758
0.719799343852558
0.584948476670986
0.709162452759968
0.685586521892367
0.491824010481524
0.575829025653243
0.541200371739758
0.600959940574721
0.73458521211885
0.572866783058103
0.752250324491367
0.716509320296777
0.666847809026317
0.841956822221173
0.630423972694508
0.789070535932629
0.643295185871539
0.727367431368877
0.657818154480453
0.855842354260759
0.644486939519342
0.468769389176743
0.729207297135707
0.7983361232352
0.644926755469237
0.734486560851514
0.602259012070924
0.567785025599159
0.807560160646006
0.68274663366358
0.594422843939471
0.689423813601601
0.934110280783018
0.652947650648969
0.787557926912104
0.771459663056078
0.754456842063934
0.885026831347808
0.654001451221594
0.806319725860989
0.786692602775136
0.657252834574037
0.68109422595071
0.74371768749616
0.589565612313446
0.638756286321874
0.705322168409695
0.571394873741748
0.680516871492719
0.827374784401755
0.758873354553332
0.927699387786455
0.7923536854862
0.759564394081872
0.677674567573916
0.913880103742814
0.895338807483945
0.671258769884675
0.822724305696006
0.726643626887372
0.801051930782175
0.757202147368031
0.717492597325227
0.765167110211391
0.872622275067512
0.692894812064436
0.653042469781273
0.917395716259063
0.82453322325433
0.775951200147331
0.822388586015528
0.789190541308842
0.732915210261975
0.898652648433402
0.843633223444452
0.890802248784829
0.798118211992653
0.704563853336875
0.67773039936089
0.7698332949733
0.844611899236845
0.885876507131429
0.985253882481849
0.887144234061017
0.816597481759744
0.80116753273405
0.858724570145444
0.864267867448222
0.76169229342691
0.699739748181168
0.921209254172318
0.944008694237426
0.981219796863398
0.875990488628419
0.937098717314915
0.860702550099993
0.987524038018387
0.777094149781988
0.955833922737409
0.932190234192242
0.874279303965872
0.82622982826744
0.854114717672934
0.811260932831679
0.846646268930993
1.00220508556349
0.874810168237875
0.936153604531113
0.82702358099225
0.830736313287831
0.992092979862311
0.913448471951416
0.849552066660841
0.938659841729211
1.02022878799539
0.87811641693098
0.984932793820924
0.947391883265335
0.845528284691499
0.857343583245439
0.972850824955925
0.922300094313576
0.85127732404845
0.942279596422417
0.899091780482431
0.896007229128497
0.891759663645613
0.956054554770811
0.802380833225482
0.983640329907867
0.867883107718951
0.827011685709939
1.01210378443475
0.901542594608821
0.883897615898057
1.06746973173859
0.902816636535478
0.988319379076719
0.894696191139169
0.881744500480373
0.863934837164058
1.10347539918753
0.996588921334163
0.732345717900389
1.11580614288461
0.987382631398492
0.994211991804282
0.959758097946653
0.919188735072867
0.90434243919686
0.918614826380862
0.854407542209516
0.872082076289243
0.886684603493772
1.00828512632999
1.03545637487649
0.897460478903696
0.781125652631932
0.93825180240739
0.9912854671932
0.890145738123109
0.963270129913587
0.928531288517641
0.99286739632317
0.96434395177181
0.830520942577973
0.984410465407452
0.999294414087177
1.02758874408898
1.0428382982947
1.04893142268384
0.994956602156834
1.04449264667896
1.12197678611132
0.951402661737999
1.03228818554082
1.1571526792922
