-1.06082991152803
-0.99632812879012
-0.992218195629836
-0.937215807802941
-0.91293782933608
-1.09944523596056
-1.06312464892142
-1.10153194238986
-1.08757569323633
-1.08673010855149
-0.928532218704458
-1.03837266613601
-0.946459579208928
-0.95082387384792
-1.03573115405457
-1.00454211707748
-1.05826584050055
-0.972717538023075
-0.827053155695353
-1.10029908973396
-0.890748361735544
-0.94546677972446
-0.980106174461617
-0.917566165889777
-0.895781842233843
-0.883050944271972
-0.915065226817395
-0.84174756813705
-0.990647739073736
-0.838907031327464
-0.944574266608807
-0.785410860782924
-0.984458305902891
-0.745480692392336
-0.997700177001318
-1.00954064870168
-0.895836519160669
-0.915480841207821
-0.759416183883005
-0.832545596052603
-0.868381151304712
-1.02507051844674
-1.01770889263855
-0.722736166846804
-0.833489456940831
-1.09692264397758
-0.916102692034833
-0.78744121902867
-0.764227529639924
-0.9218879763359
-0.957060330983472
-0.98275996661639
-0.967448158107956
-0.921106351508355
-0.989968975438057
-0.940847728000019
-0.863872931723812
-1.03244329081166
-0.830596393039989
-0.899516504781747
-0.923487303044546
-0.811663234788444
-0.958860774622492
-0.887676206558185
-0.878307816265959
-0.773768740395152
-0.92344492532496
-0.862279716828358
-0.854501642055566
-0.89965733925654
-0.938754611974447
-0.823635381484362
-0.789025357619585
-0.783313374513015
-0.677376982149046
-0.792354848004113
-0.794758619861491
-0.831207425524452
-1.00329191483803
-0.867280166487693
-0.814273331202241
-0.885405322150276
-0.754944227131442
-0.772165432655085
-0.849528429191479
-0.962755714510663
-0.729791636286565
-1.01412560058514
-0.799323959194973
-0.807262684632544
-0.938289726427771
-0.897157256873858
-0.781660987696791
-0.867507240568764
-0.935071788604018
-0.813804671674
-0.747924804367979
-0.924342952483123
-0.701855235825488
-0.7913665154081
-0.790735584769399
-0.724516263281631
-0.795168388886719
-0.896135932015083
-0.929235173258457
-0.765993711617004
-0.897028322935513
-0.774144182820573
-0.758530754183022
-0.913320009385367
-0.696826829032762
-0.746492780550288
-0.816643362413246
-0.773795967239159
-0.760969843920234
-0.758471871450641
-0.732100126907063
-0.801859138173632
-0.707662763469008
-0.806405858880002
-0.838150723907653
-0.86746840594156
-0.665633477571227
-0.7507440023992
-0.679647188251835
-0.697526510330138
-0.843929172997662
-0.879111073408651
-0.794516342818819
-0.731235660720017
-0.835609130119958
-0.690509719183451
-0.676175067712702
-0.789192166674398
-0.680078350116349
-0.681539574635347
-0.840577197169365
-0.808854167911194
-0.71336752528839
-0.670259947069776
-0.776225139998925
-0.763373668595248
-0.735332755417585
-0.806310855504771
-0.746572666121043
-0.87625105679311
-0.671806541319854
-0.758970862302179
-0.73315429617196
-0.709671188644872
-0.754271768306992
-0.721603256611859
-0.568788370456985
-0.623080222366637
-0.574796913927838
-0.627195649664361
-0.583426157030462
-0.672491202994691
-0.742351439669569
-0.681200315980816
-0.693984469993789
-0.84414034363875
-0.721029155084753
-0.605586904734527
-0.588968902619174
-0.653587454506824
-0.566340427471024
-0.843015876976793
-0.619892167635863
-0.653159010771259
-0.739988084774407
-0.723705869001442
-0.690485164255056
-0.763081259836003
-0.563314176426386
-0.599603070101234
-0.592086974738436
-0.75354882653046
-0.658908202546542
-0.484498523477668
-0.460878630692431
-0.695268810267017
-0.756083661261656
-0.49541881478788
-0.645807055399124
-0.596499648928897
-0.76019999420204
-0.646550221193128
-0.737441794435419
-0.634999329825383
-0.651278466546315
-0.587012067909908
-0.490225027876982
-0.745519258647433
-0.668440017171003
-0.59848164067524
-0.712408288319677
-0.71771022861536
-0.560547123593428
-0.70858098940633
-0.603434738021158
-0.666800713518049
-0.494275045028593
-0.635766416349652
-0.654745634238532
-0.643650733895033
-0.464139086684083
-0.624812548383228
-0.705803674536607
-0.677624072756274
-0.621436346487067
-0.536841624015173
-0.541301729595118
-0.554880333745395
-0.640632300074257
-0.637417848466159
-0.601676778811133
-0.517699116940227
-0.43947740175211
-0.590045130040829
-0.606224461449083
-0.695935298108188
-0.389435581521728
-0.47169492463721
-0.528364032580804
-0.562838083633663
-0.560948948952223
-0.572556609146597
-0.417277715392068
-0.703800511308123
-0.636814334784404
-0.552037155848472
-0.448456161862424
-0.430954112089696
-0.432461051785113
-0.67520806730405
-0.308691342388665
-0.513706420661498
-0.513526991340738
-0.485655826278542
-0.53928458492367
-0.549845443294482
-0.4198204550565
-0.46004301362035
-0.54073074737396
-0.472318738094622
-0.537125370576583
-0.450197689161312
-0.3443893355284
-0.623337061533672
-0.576056281968911
-0.549866597684925
-0.528793181603567
-0.562532111824937
-0.467282507608985
-0.369005196896145
-0.558139910114988
-0.451618885175591
-0.578681743649267
-0.590316047318148
-0.301038835612066
-0.417039226586534
-0.413092386350815
-0.644596294168724
-0.447836352130381
-0.338090660144568
-0.44511252631093
-0.408570637352082
-0.500035364711459
-0.437117435647278
-0.539237965330381
-0.39781612010579
-0.515921158438063
-0.468260585049205
-0.417041956603189
-0.410900244702726
-0.521000454916238
-0.357975660336983
-0.47864768961285
-0.43356512633603
-0.380581517630225
-0.462899130381016
-0.554482477016704
-0.462641366873939
-0.22931541791137
-0.37538258316861
-0.416274169814504
-0.383273484096084
-0.529338856166578
-0.299999357369215
-0.566901852434839
-0.373030079659597
-0.405986728434564
-0.160905284508143
-0.442255446161324
-0.412888282795882
-0.384441617433045
-0.504350689848829
-0.440857274672904
-0.478702072478932
-0.346396292825212
-0.517210892463234
-0.509893026867876
-0.368188513540202
-0.452900790001208
-0.348321789732617
-0.435869262988862
-0.337983346359957
-0.500161454439014
-0.413355920933705
-0.482406038228325
-0.347570426733908
-0.378406403631684
-0.269547971426805
-0.443063885809221
-0.215103602169134
-0.560635190989328
-0.146551359922863
-0.293082175668522
-0.323770004353621
-0.364409024244551
-0.298314654120736
-0.269177923976925
-0.490525960767351
-0.280060327159252
-0.354867593736268
-0.285962167747178
-0.464014134099811
-0.213310452830022
-0.461200085648509
-0.340109404419824
-0.398574480476365
-0.332561763825994
-0.508852736124857
-0.21515241805242
-0.304301643984172
-0.166470936469086
-0.368530928252087
-0.231694453182272
-0.320717216627229
-0.264265877444927
-0.221426823388727
-0.30768035638299
-0.355660481353912
-0.202628313746153
-0.152163634098054
-0.319951108563489
-0.358199549992834
-0.35348240645289
-0.332656714443338
-0.19456726351413
-0.194831879837582
-0.233578964495303
-0.314900387201524
-0.157063946070804
-0.307301967257194
-0.264843907615864
-0.287969528499091
-0.309757059321815
-0.262861380141649
-0.204974712711129
-0.377309716170272
-0.246511238987565
-0.381155396142638
-0.301626963994699
-0.268980914821585
-0.332627161867293
-0.173009170663909
-0.288888539182867
-0.300426975685788
-0.189923313558591
-0.133786697957109
-0.397368296602236
-0.196126027042222
-0.27186791450134
-0.250133829165296
-0.270419891893565
-0.254672223424016
-0.309377967589261
-0.282590030653278
-0.144381754294517
-0.185913390103991
-0.397108829848393
-0.162688342679475
-0.230173218949441
-0.125728509102183
-0.185262960390077
-0.309781925401885
-0.170101149252888
-0.303235046704293
-0.183819562794303
-0.21544810554117
-0.339905510284579
-0.244930133977751
-0.251649292592632
-0.132163804243206
-0.27320291173444
-0.258310539318047
-0.308684267653907
-0.127239178846844
-0.0774265117376157
-0.00563582199377737
-0.197140496366085
-0.144360442828943
-0.326704826469476
-0.314441631783489
-0.166440530722705
-0.104782216339751
-0.0831988060917886
-0.220903033458666
-0.203755311084275
-0.0736394716068547
-0.128779689741272
-0.288387425682816
-0.152035003925387
-0.236185873304576
-0.10843408736425
-0.00822317910443986
-0.0977087796498612
-0.13306332063424
-0.115433999690341
-0.131517711173779
-0.0819540748496136
-0.140525185527889
-0.127357745309204
-0.172051799042227
-0.0344998681585786
-0.112316948803454
-0.105773189664025
-0.261655638720126
-0.0382543365397525
-0.151348626496381
-0.133528920233354
-0.197077890516055
-0.101408665689737
-0.16890098086021
-0.312644011958795
-0.0919785653874471
-0.0492921545031895
-0.209345377301424
-0.196793044596036
-0.204037248192356
-0.0799734838395348
-0.0565933716239863
-0.241587090305222
0.0320485305731257
-0.0484593174826944
-0.014724791841177
-0.263712110912624
-0.081012723962144
-0.204272613965656
-0.106194817254662
-0.222886398781002
-0.112127292199581
8.57478987617338e-05
-0.1082937917279
-0.247214565596348
-0.097904210255279
-0.0144497917344863
-0.0274143005715032
-0.167210156075359
-0.16225504612512
-0.00742050234882237
-0.137045343710098
-0.144689502396553
-0.0970580266012845
0.050010747246978
-0.104442678964077
-0.065257260944776
-0.143802967076141
-0.0387699460019067
-0.1919215194813
0.0244235235101286
-0.0203596784394825
0.0412207101155075
-0.0750585226150108
-0.172041480264109
-0.0257503151816007
0.00752189378721082
-0.0555317951456178
-0.152508496302463
0.190281364737485
-0.0859937233471598
-0.00987964849895919
-0.14797748763382
-0.0522762586118303
0.0784256407099553
0.0239420616741111
-0.0799580216469945
-0.0877249226689965
0.0108543645284498
0.0261620680211053
0.0234290161167234
0.0334245749213559
-0.0905173579639288
-0.00778856330555327
-0.0109039257926448
0.062200690203842
-0.0653440275990141
0.0232930698694948
0.0217460917584923
-0.0903410678698554
0.112497372350692
-0.0319431903266284
0.137999781117877
0.114877412801666
-0.0264933312299987
0.0451959312577707
0.110964211204104
0.0432417907563818
-0.00801954256538175
0.04890201692365
0.0481228882686246
0.112051124630723
-0.0774676048944361
-0.0270503320868118
0.0774782692645629
0.116913835584047
-0.0112500666906626
0.0786242229362444
0.0581711331615445
0.137118390531123
-0.0651546495135882
0.0861168567830996
0.00405450197296508
0.15506465182268
0.148609882482146
0.0566726142325385
0.0653034539690313
-0.0903573592492
0.122059399477058
0.0428526028527808
0.13669685875195
0.0897236075195066
0.109422042176433
0.0470474204913389
-0.014027179958438
0.161352444556377
0.198235584392082
0.119165783045245
0.103223904756512
0.0867097267461872
0.25180236588324
-0.00342116702008687
0.163453667923377
0.169393195790104
0.110841984881529
0.238793269615994
0.0451185744261931
0.252649084793934
0.123582733105806
0.0172961467252089
0.208724932486784
0.0707427354683598
0.129235915937086
0.342939281010885
0.0501236363373123
0.11370633093785
0.27843807127904
0.0250008677516604
-0.00385325014889361
0.0947743334892278
-0.0416967624998114
0.21182970785662
0.229195554742451
0.13509555511356
0.0245974663475269
0.236095061161174
0.164468452576412
0.10464542777035
0.177632073908387
0.194065160399748
-0.0529287408451559
0.149871967236979
-0.110750386767447
0.0985501808235082
0.217127175016358
0.216192251882023
0.245965021685958
0.33774262956097
0.178505123118649
0.328678586815136
0.220730787732781
0.194107956829635
0.164875556564783
0.204927284834242
0.110430283988581
0.116647582579209
0.158766584891712
0.192797581535514
0.221878416049844
0.27180614783261
0.175180738455813
0.182973648425212
0.24154631359976
0.119553983730122
0.262558521168043
0.251228716423148
0.300928276269391
0.265483420733464
0.148763875520797
0.356604607285797
0.159100625428714
0.360660741275601
0.337158753474121
0.0772532636767375
0.193912890526085
0.425518897326699
0.19410678182951
0.379808803471044
0.0932869124137621
0.193330683635967
0.355610143831055
0.23050016316191
0.21659683190459
0.322888597404495
0.238061405244385
0.219150764482544
0.313225079050896
0.199918191812211
0.193336748390306
0.2863026040018
0.401398813576248
0.3206755014276
0.219950197852473
0.2066110093204
0.275817802740798
0.271441690525341
0.334316513454847
0.233844314877979
0.319273585115267
0.214873005771407
0.203354631878075
0.179697196542785
0.310677878410838
0.339995017611693
0.340302234389558
0.259665588016288
0.114058428480877
0.293418815930602
0.366834844261366
0.228940773916551
0.451251107365161
0.298856696968623
0.359856107440267
0.270970045910427
0.302012407986994
0.283610368708216
0.283172917812129
0.321628036130517
0.157354867291393
0.220027391239473
0.533722926834843
0.392895200472414
0.293725447711447
0.403631575194155
0.262091334072852
0.371656241044013
0.190452037065819
0.245753215029729
0.452868111799074
0.335846543752307
0.202262635545439
0.364275807085025
0.212256372280054
0.281838924161182
0.332330409383161
0.32872283463575
0.34108836641325
0.315665974411399
0.276385854065829
0.255408881655304
0.273067400097909
0.307239402254107
0.366926014818771
0.326955680280821
0.350825891050702
0.190762825991738
0.347345816283276
0.316238426345394
0.436553666935008
0.364501563005268
0.277174603581669
0.368403728073584
0.348887355820907
0.298365844841585
0.391864016872578
0.453813116898151
0.456754936214952
0.523979614497382
0.341305143804711
0.298915869554878
0.620695614602168
0.32035550293647
0.314494241528212
0.520443849012114
0.412097585993849
0.339165052027757
0.358024564296917
0.407216442656756
0.479177630608576
0.39873562901149
0.397254532639352
0.30221570883002
0.203746842171451
0.395943829840111
0.426480880004312
0.339810178184002
0.57516616178577
0.392740909172572
0.452708509619362
0.470738407836823
0.448933030992656
0.479241153694298
0.394275416813444
0.471501694516509
0.361787176586622
0.356725370634151
0.382638593477663
0.403579031036704
0.345968091116995
0.43470499514659
0.452658500578576
0.456912936493842
0.438784644290661
0.349011691731367
0.254185133765863
0.592532098990967
0.471941597602085
0.554503828913299
0.463259598062416
0.486219070263478
0.484998047417432
0.421261772372888
0.480209786810316
0.468801248611479
0.383222578698511
0.443833460110732
0.504730956086986
0.423626695708878
0.486543655636081
0.470756114450518
0.477832354089915
0.571170474180417
0.47625777002604
0.52179932301323
0.561308159304107
0.464625018238093
0.600914210529781
0.342028363157032
0.43495774392558
0.679627972617606
0.552158586875627
0.487316433499032
0.454682575834209
0.596751036938784
0.508961285855597
0.447433438623097
0.462399519904394
0.529358712750195
0.608164539423422
0.525753098232776
0.423255406693876
0.54652847954707
0.506114723793064
0.485771649286229
0.767957794554359
0.441594028154999
0.581866905223619
0.618873905900136
0.557327380669704
0.588847715945048
0.607478687809588
0.654619023192288
0.601465254837997
0.720448916028624
0.561710841653734
0.593714712018605
0.581292550922696
0.45958246338515
0.50826834507291
0.590390273840603
0.710232561344496
0.524088522978678
0.643692463865283
0.609690291412546
0.480236465011073
0.555991781434589
0.534335367535191
0.644783781993081
0.629604949098908
0.555269673368733
0.474748287044527
0.664501683880556
0.667682445868346
0.607131672104383
0.68224168288855
0.716485021219449
0.608421221588334
0.581769542203286
0.695555727787224
0.687474125017616
0.610030702780898
0.579943362307117
0.631187368720425
0.560709203599346
0.553130916098033
0.628310706698739
0.564150407270989
0.6473842822988
0.563840998696258
0.522522430016838
0.712076374715501
0.574160574795499
0.546720584951012
0.783358455796894
0.423333387389919
0.565867685736859
0.655299708498143
0.709791726745826
0.611897902319241
0.658081731343324
0.674145175958061
0.594944784728401
0.728124323600142
0.62163941075886
0.769105830122924
0.643951501596366
0.577340143735817
0.730690470785464
0.73341812673843
0.651072841067063
0.738568364550939
0.749029586934998
0.500020334599151
0.839900271370099
0.651418941299605
0.735617091048832
0.776330527806112
0.60062378478109
0.796218728461037
0.775983902810291
0.657369518974947
0.792226519645351
0.661874503015693
0.528223318467373
0.681985312864202
0.623121992869166
0.806272199474907
0.741264237740113
0.589856627047864
0.618910427638051
0.6225649631994
0.817185929195068
0.796909387387267
0.737235395018354
0.606728720606654
0.673354084068773
0.575781044279401
0.689086686397555
0.642092936023794
0.598286914142476
0.758075694815462
0.764179723702206
0.753411862761462
0.612842317599863
0.571607244577445
0.880842159884021
0.707318815113939
0.779250610025213
0.694183131011964
0.711823704725606
0.752061491433169
0.582321940710872
0.716844497401884
0.898691361689826
0.869617129117172
0.718691130761557
0.906290833619986
0.799870728503486
0.682872160005765
0.760845581557963
0.835045899614269
0.802691610012324
0.80209420502466
0.678648923030669
0.717095402410939
0.774294632222387
0.664675640225753
0.90698699424823
0.805750567321088
0.618185730998875
0.69495057276427
0.745107546945436
0.869623661217638
0.752370663204009
0.813086882138609
0.848468153503677
0.781380808944172
0.61528806162451
0.8432742189216
0.796863979100392
0.736343077258287
0.812435015281667
0.730941063988623
0.959967723162759
0.761876531185562
0.903451494248293
0.770322659770066
0.668095108829634
0.768524149676634
0.810102014402394
0.775303332261881
0.787318088762606
0.746147819435094
0.75850723342915
0.910979353887239
0.89222773252267
0.92494043358537
0.781449585462174
0.922970145869839
0.916400673275416
0.878383961283991
0.95543481207485
0.761898184958366
0.980333728293248
0.895503163883016
0.749187774154657
0.866455112115137
0.790496427936915
0.809437822104748
0.856745355427148
0.92061326506348
0.897718700710896
0.878848739077399
0.96059498244753
0.78273259963209
0.849250638682296
0.796647384501239
1.042969545252
0.798858847429827
0.822070526100004
0.922385044345729
1.03961797811939
0.789594397620019
0.908147978121623
0.696522141674141
0.985020810266189
0.860634918346701
0.983951438226103
0.842720552032082
0.830534528292773
1.04704058684957
0.906355292183498
0.914682933403722
0.661938647353538
0.923867534490246
0.913289587197562
0.90713627412472
1.0871056717939
1.06199117350932
0.815370336061938
0.920285173077363
0.936729693108322
0.933399185481445
1.0592233391005
1.00646213691281
1.06643513593589
0.977498505187483
0.941010568039186
0.785423732376554
1.00377219239908
0.93186178671179
0.890806925345564
0.997714646889436
0.980572830779558
0.863252495340085
0.988806649314615
0.873691451420242
0.844707046712489
1.13118017238145
0.817600817451631
0.851792972588507
1.00627864214169
0.966154901157998
0.83595346236225
0.868629681381579
0.989862460620707
0.989861509298453
0.832371730628736
0.942266821439037
0.877887062728954
0.930846715221589
1.01657436446524
0.925668532288545
0.861858165400439
0.95362757427631
0.935149661728951
0.976000818699212
1.02883420899191
