-1.08324638275928
-0.936245320178326
-0.873623323687203
-0.972433836487727
-0.950028211814727
-1.06222178813961
-0.977085348639418
-1.00821482974715
-1.14177380073815
-0.89638800435661
-0.92549130816271
-1.05033326186397
-1.07897225929295
-0.953510230732959
-0.999983585334394
-1.01013932497462
-1.02174869816484
-0.944504267386361
-0.890441810752209
-0.981969011881103
-0.814623748400187
-0.91777094945489
-0.884844931629844
-0.900452911013904
-0.899987965764825
-1.00628961637959
-0.909211305893208
-1.04679686618218
-0.969464013498644
-0.931737285172626
-0.81285385039796
-0.876316295752101
-1.18418267264766
-0.876067583276665
-1.02575536480292
-0.94075329690616
-1.00740262927236
-0.910391928378185
-1.11353202760038
-0.933029641858815
-0.781767960200014
-0.963492679553704
-0.938813333405619
-1.02635268541236
-0.879839339661155
-0.916828171678621
-0.870971578216262
-0.946140986696817
-0.896710278500569
-0.939144948367012
-0.973535140672256
-0.853925272398638
-0.840619507042952
-0.819407359753583
-0.7826819411153
-0.798505221142816
-1.0504730063931
-0.764069647660921
-0.786939379984675
-0.752909818760159
-0.992143386563758
-0.788696580695273
-0.910110751746088
-0.784826256890826
-0.879532301637303
-1.03431139118523
-0.792940092828035
-0.822933429216675
-0.781435815930817
-0.704274354630899
-0.706554984677493
-0.739004884427687
-0.863728334612795
-0.988862019074966
-0.774288215880591
-0.910305575864684
-0.818802293474424
-0.957894822366676
-0.786676607876929
-0.887655348605762
-0.800125306717487
-0.828456266248185
-0.967129333678633
-0.814511542193363
-0.77733479291186
-0.774068531827541
-1.05086464652865
-0.899646375856644
-0.88814900431256
-0.740786487430417
-0.628071877612171
-0.670350126063515
-0.778299619266033
-0.933687323507451
-0.761891237357519
-0.78308823519531
-0.88914204589152
-0.847354709108028
-0.814495034549318
-0.805047273888847
-0.826272147885648
-0.80770660593518
-0.827367206820295
-0.861132256837597
-0.774895765027291
-0.710125219406446
-0.910722496613479
-0.725049685288943
-0.733587831929972
-0.829479432390663
-0.626385155312672
-0.96242035277079
-0.686468650690993
-0.830175314577861
-0.750721691519227
-0.785681118968999
-0.855826537693476
-0.698065413534555
-0.743890207170626
-0.701837595791862
-0.774001379272562
-0.767597646312662
-0.791082084146293
-0.629830440153075
-0.737494998071551
-0.781604201996061
-0.575737044593
-0.685974972789597
-0.809895099289122
-0.74440833394137
-0.522675879281094
-0.680696096594237
-0.789509986365469
-0.783895102852771
-0.660538386531247
-0.719528076664065
-0.68444009946553
-0.595150268815114
-0.71182404150864
-0.846436688564942
-0.71098776824975
-0.683548662251315
-0.595895842290207
-0.674120349991539
-0.66663786495039
-0.654370143173034
-0.601450665566191
-0.697899446671315
-0.81621768097088
-0.689254876225962
-0.767150021908041
-0.722055171414469
-0.676814100409365
-0.763312361161307
-0.505342259966644
-0.652350227435823
-0.756355690774585
-0.726288720838798
-0.658749266973941
-0.730665838940993
-0.778898165035649
-0.559303254198013
-0.679081555834901
-0.585153486521018
-0.831568173724582
-0.684979782600404
-0.665437207000894
-0.607500747339173
-0.648505175371261
-0.73868395190271
-0.756874955479381
-0.565250799564462
-0.680523129569557
-0.634522227355209
-0.459144396903899
-0.727060737320372
-0.600629686329667
-0.737940781323219
-0.533239972282168
-0.514946979006043
-0.578431312468978
-0.748143360668743
-0.519116381891781
-0.584756664390788
-0.586217886009351
-0.526671611255528
-0.725973089479124
-0.692285308459106
-0.682763983074416
-0.729697099140378
-0.660889392164951
-0.755579842608035
-0.582776233113415
-0.636587776272947
-0.453501312993896
-0.538990402599198
-0.613956003707041
-0.571636110085667
-0.575303836346549
-0.612108058519084
-0.597170847303103
-0.615541406813738
-0.629452267996559
-0.496986487224199
-0.411284086420516
-0.545318784580317
-0.702956736176846
-0.469214884090822
-0.553182730818548
-0.512096706362642
-0.571714450914285
-0.694477303394909
-0.560088096830145
-0.524582538411743
-0.587697142751682
-0.416781429077929
-0.462848096606321
-0.555277177195833
-0.660095261501929
-0.630391284387547
-0.621282352089182
-0.595273795022219
-0.641669878303326
-0.630241774271106
-0.56231544271474
-0.511441242161646
-0.655276195747193
-0.62785535971066
-0.579684773320244
-0.577166324094037
-0.691717637792461
-0.571435959736884
-0.540746633447891
-0.381354680353731
-0.595081516767029
-0.578630233045647
-0.274390113409186
-0.543521202667128
-0.461343782941708
-0.594825801257071
-0.590281566561258
-0.797793908497504
-0.529410103871066
-0.489771652791045
-0.528481515297251
-0.577878853875067
-0.5128159856832
-0.491893173866967
-0.509886986698508
-0.514274313091068
-0.43198810883646
-0.353125273749148
-0.561799769089506
-0.508151726358481
-0.404212297571504
-0.434860483808909
-0.513318964745852
-0.392127031373211
-0.447916681526773
-0.558467364764255
-0.473266692430853
-0.605276104868402
-0.489939696182911
-0.439744850315919
-0.445499832085038
-0.405697447115647
-0.571701145996048
-0.617869137968966
-0.317422472822669
-0.39943557202912
-0.394699640293476
-0.349060290707132
-0.422343307933657
-0.45222071240233
-0.376624148131367
-0.494203480858232
-0.441246622785392
-0.655495558639928
-0.514931502933316
-0.527498514611538
-0.464290652475354
-0.45633038293914
-0.410806826153401
-0.430844681629682
-0.47099437983814
-0.266090467917093
-0.359013132697719
-0.45885152845964
-0.437738419789536
-0.307909571116646
-0.413080180343781
-0.476947535845146
-0.272479911489789
-0.454754290545738
-0.395497193066994
-0.293360692761386
-0.428255321276042
-0.317085057917358
-0.408428843771307
-0.327530753338016
-0.379356301823706
-0.455445516927394
-0.360909776149837
-0.218995151249145
-0.174836537383014
-0.420580606880455
-0.347153620280535
-0.37434173351624
-0.436115727607142
-0.426906055946241
-0.309888730720852
-0.420826461762626
-0.167634591263979
-0.353205929811807
-0.280059212927263
-0.513705141317181
-0.348218190156234
-0.343084121600946
-0.461784783408921
-0.277522823465199
-0.363966962959491
-0.379867209971092
-0.341773660593226
-0.305152299172392
-0.33622864497656
-0.419535176541552
-0.374225172512908
-0.421475741331789
-0.349338468770012
-0.307778893858113
-0.388879807898945
-0.446611954488848
-0.362935578113348
-0.398423643350658
-0.357484614027235
-0.35248761676729
-0.428621494455653
-0.280370171894338
-0.266973393413903
-0.260954645856736
-0.339753958020582
-0.321897902741707
-0.408015297283009
-0.364908552691516
-0.381067248596468
-0.281878229261706
-0.370267637305271
-0.202290969047149
-0.227907053547295
-0.214186381283931
-0.359456750243085
-0.23242648837549
-0.205288490465809
-0.365969881857587
-0.291932586221962
-0.177113418800651
-0.204519870290071
-0.207029687894731
-0.404671013649037
-0.178854051002475
-0.213347746531546
-0.300677911060805
-0.218937478371085
-0.153840197483665
-0.317823982215626
-0.260001291664716
-0.197769751400024
-0.179923016533531
-0.381486444848869
-0.306546284526459
-0.236760427607073
-0.415365041988102
-0.275972473571246
-0.25146292828466
-0.410397182738123
-0.178529373701403
-0.259939816702136
-0.139302918739382
-0.196020768690413
-0.358057225779258
-0.272447703684805
-0.237395246752864
-0.318940858749116
-0.29681753979218
-0.210111749629778
-0.219411781767559
-0.32171947580997
-0.216482403472322
-0.286629752092931
-0.0945536344618886
-0.236511378372504
-0.213660894119279
-0.184309318855435
-0.0722190158808632
-0.10676122897711
-0.0983531071411791
-0.0779848210235406
-0.307617618251293
-0.177089138046563
-0.323051167967645
-0.342992858267328
-0.110815778661517
-0.281948625272909
-0.0985506536688296
-0.174003826090201
-0.198295024023942
-0.152202675620979
-0.10501229251091
-0.135976638712049
-0.277261267471204
-0.21282849242254
-0.116235132120663
-0.0565234312578047
-0.152574392931759
-0.207656367513447
-0.092889926563205
-0.17833961260176
-0.28037640009002
-0.179058045464168
-0.164910191007409
-0.133679230729122
-0.238687476914948
-0.122656774047427
-0.145113665918184
-0.275454486638999
-0.0570211049371315
-0.146735828382281
-0.255778994930586
-0.20539033366543
-0.161057165501434
-0.145611125932268
-0.206738039265811
-0.105276785254618
-0.200721786363377
-0.170871284178252
-0.0467544815329255
0.0165584974648312
-0.109476370429688
-0.0540993577902619
-0.258175950847672
-0.147192642455182
-0.23122479597642
-0.117072114949227
-0.0899160034091981
-0.231225888070009
-0.020832954163552
-0.0132730017480331
-0.212465429179663
-0.234543551795953
-0.2990528634775
-0.0987524240538227
-0.109674154623885
-0.189200846153632
0.0213890889516513
-0.0424914129838409
-0.117654161521549
-0.104584067355055
-0.0150783869752095
-0.135764280937689
-0.145785171134356
-0.101724773273502
0.0033152929351158
-0.0320017746581325
-0.0987425462798193
-0.0750488976313261
-0.015960987670772
-0.0282833494915532
0.0912293754677216
-0.234986460097264
-0.208791196638119
-0.0955219464559073
0.0276417441018579
-0.126629271395381
-0.049919609683568
-0.0702874020786129
-0.0707945995313896
-0.0860571431050697
0.0200020808130075
0.102649885665364
-0.162496228709417
0.0917342640583003
-0.191876153701755
-0.0924163591828018
-0.21426360665315
-0.0203144674640339
0.0836407115410322
-0.0987699221769079
-0.0812298827050769
0.0200693465328845
-0.0393687544797386
-0.0288758127555088
-0.0401069195381731
-0.096590523194912
-0.0276079553391937
0.11260939035679
0.164316462305484
-0.115991528085739
0.0134885688844233
-0.00214029605988794
0.159871754257751
0.0433472388735008
-0.00356310624234235
-0.11331780035531
0.0680467205734714
-0.032814825379545
0.0802015637488051
-0.0278567253449634
-0.0297124437806944
-0.0673696850533554
-0.0342660200134321
-0.153061008641183
-0.144703707418485
0.0039068557075897
0.0067427642214987
0.0709521408142349
-0.0625590260787635
0.0270392466399388
0.135581001780974
0.134815274196794
-0.0096220086864187
0.0489972384620509
0.0972715880118764
0.0407643741112456
0.093882442739343
0.128268331675145
-0.0140923451113975
0.0506988161604034
0.0801011248696658
0.084071712338854
0.0655473233225616
0.0306870414535918
0.152596317613254
0.207041592171976
0.12548125457637
0.139686930688814
-0.00468507998012594
0.182281978705211
-0.0314805367808903
0.065680180958343
0.13711429395747
0.0297077993998828
-0.0978987656268594
-0.124690875353175
0.0624085125360483
0.0896132394873212
0.213687159670423
-0.0129607310250369
0.0484079712071278
0.139711437061348
0.148222188954068
0.143064393400031
0.0673162715263855
0.119987083555957
0.229003912072414
0.0100550277268502
0.0117623591226609
0.263342358506085
-0.0489409490652565
0.139381812721083
0.217894388742794
0.0897358254612317
0.106017071994628
0.206149712994426
0.2456617343184
0.170457848502021
0.077870617577137
0.133456465975846
0.0905864373170898
0.243653830799948
0.176517675810232
0.0831784403016087
0.281971769110353
0.0435907241608879
0.0689340040009053
0.200212959497784
0.117672963764296
0.153875794063037
0.0859462829898
0.0781098357134654
0.150302126683426
0.110533646350671
0.0480265711461801
0.290696747676909
0.178489325475076
0.26455221602694
0.0104798138844513
0.0300167256670361
0.257964800592515
0.00245472317084867
0.313750402613622
0.149385012024534
0.209353816462953
0.20031991124615
0.27282444410393
0.227713188847989
0.147101821362304
0.184047679725783
0.149951877303318
0.238568562302211
0.294652087940676
0.296514880322873
0.12433776820057
0.156252305923063
0.15225464729648
0.274721342400097
0.325962807312469
0.227004010142004
0.175608617981151
0.13927276951542
0.266461414737581
0.294658981713035
0.235926902321456
0.233747579331542
0.148934814082712
0.25240487071786
0.255515004152484
0.154509203341352
0.123223682943777
0.254036088792248
0.243947460152719
0.199371044579124
0.257847238980248
0.236231102368962
0.201620350688791
0.241367630478247
0.155211620106065
0.173559863813175
0.304047094869907
0.345672371603331
0.305715763582723
0.339632858549652
0.249331798571408
0.352534150769858
0.251090206624875
0.0372263714587575
0.166739166916948
0.384124581224891
0.0571260724338387
0.24739090686713
0.22283915439038
0.25666480511965
0.427155526158081
0.373643020489816
0.40787108371032
0.314710882566169
0.260468037318165
0.258767655043176
0.279915639297119
0.299261253787527
0.356491757481636
0.517096537400059
0.445570047092703
0.294470116772235
0.16805922739922
0.228464047761865
0.212832222407683
0.421728852464282
0.281917138958058
0.259656077285315
0.263546044547726
0.361381520724935
0.290355162529061
0.371588392908955
0.368552564947203
0.260078564054235
0.284164150181728
0.331357620753228
0.326596227543076
0.290756026898722
0.208449282998639
0.218829896850207
0.362300784717774
0.339867087600828
0.21427068387597
0.512920518140402
0.322468016072181
0.273595206181554
0.392716293950343
0.322313588071715
0.357341333498298
0.439674330631896
0.387907365548252
0.407596202499696
0.114429942433106
0.321664209946507
0.468148125768333
0.254755447635215
0.392201334185282
0.479147603906604
0.393190796660135
0.432234705130533
0.276414821916017
0.350507515730282
0.268074320324943
0.41112619729523
0.553759676344781
0.25117934767468
0.259167530419879
0.369355183177793
0.377736465334565
0.407855322225334
0.367121396115078
0.380270364907936
0.397185215494175
0.291588565252563
0.472724114547138
0.384959402144991
0.394908012294564
0.299489451263777
0.417219250625579
0.338979379055826
0.381194106285247
0.456495492114209
0.433988553251889
0.472529593908129
0.428991168003621
0.387527085307739
0.464713457765872
0.635262855284441
0.554981358092358
0.408256764256952
0.39889625231073
0.456623999621584
0.497796981274123
0.508465637649579
0.418190453938863
0.373018430128399
0.323376689473116
0.589869856718124
0.489381892063509
0.585491093132179
0.306581316649235
0.536087300978017
0.444849412231327
0.379412515708256
0.529797563507834
0.444719430498143
0.438411033457693
0.425636231980746
0.440104149225769
0.587956880105716
0.487995126918359
0.476041007180244
0.56798303348296
0.368722882556016
0.442380951467995
0.423796491169996
0.565534220096081
0.391224973647818
0.406067191346743
0.452615305862005
0.431668154523432
0.449396468879199
0.481460208545021
0.35151510357251
0.514990441196713
0.610965867041363
0.567336283406933
0.575996927422199
0.483638793199947
0.570607044500105
0.463504671338186
0.513843027882131
0.523437984411518
0.7208665389363
0.526077951990219
0.512338831277917
0.460868498344824
0.544300089693947
0.564954592718216
0.50148720044012
0.512938510224073
0.585404624089141
0.607040125944555
0.737419147021641
0.632054041171073
0.467877912544972
0.409251113894994
0.714933815222952
0.461372818101268
0.455456074194363
0.602503883238207
0.492974926832741
0.637842138251461
0.556474844375696
0.629586934667476
0.590023296790623
0.60457251813883
0.667338255081868
0.587155356479426
0.541530322225558
0.615838441156183
0.568219019947081
0.472205700936165
0.658420383005869
0.623536562494163
0.632546252381762
0.697444251317271
0.608999181132694
0.464348521988392
0.528679187171848
0.608977286092374
0.540575202680726
0.530454226196026
0.517994408137202
0.624430213197957
0.641867200513601
0.686889780518942
0.601050359892444
0.548338505460263
0.802802970460807
0.613661805132589
0.70085068412017
0.70140799318363
0.718024060941284
0.645528506085442
0.675461179060112
0.503236173031316
0.700985797705385
0.598946803700216
0.46116184544803
0.645003485616434
0.409821047399035
0.487327457468689
0.821747252842076
0.553201458389991
0.762553884049984
0.736326868312534
0.591680555011038
0.559894218159118
0.593461138369944
0.696861166896119
0.776626809779004
0.531299825641179
0.717195438945335
0.422836560392603
0.70225956807269
0.713846933394248
0.675387474121196
0.667494705820567
0.826636772844019
0.666160371686235
0.805831001729561
0.680594976925827
0.574874296216733
0.630215051562024
0.718854443582045
0.718198764139
0.685540792754533
0.786723136832031
0.593206278421416
0.600938065942778
0.671846423698269
0.659259322468914
0.540080454042115
0.686307259649807
0.661696650069947
0.757879323997971
0.658720211827676
0.698022659833709
0.733946673384529
0.785298955329652
0.678705407609422
0.570802413512824
0.663961276447446
0.745711790254797
0.608163298165087
0.606982734963458
0.688129716456633
0.778672041355065
0.846320981814848
0.723819815493471
0.660863323445191
0.746971946601056
0.668704880397366
0.621315001522851
0.748938274526766
0.777047221599303
0.753376487515489
0.748153133499292
0.962337135440166
0.736681824738553
0.888954616417478
0.851002934538649
0.49847150086458
0.689157944011824
0.86931045173493
0.785306449621523
0.783268802072336
0.840898612107508
0.601600209612589
0.713122984069675
0.801072703439543
0.684719461606258
0.810847810219415
0.892893254793901
0.836758866008974
0.784895351069348
0.722467543386067
0.946465918393893
0.960698657379206
0.644186686155083
0.999545475816065
0.922135210159827
0.732943809118829
0.771693695074772
0.827663763499983
0.975129317213603
0.813723187726856
0.86827842962486
0.873271247555045
0.904849787123423
0.901551897552114
0.915046654971696
0.776613471475501
0.782783444753073
0.92134919773961
0.913885294165835
0.840690992276473
0.886979841137598
0.826197066714129
0.681853015479882
0.844150922515429
0.792981829295334
0.925578482500721
0.780428437528221
0.738446328060002
0.781387383196635
0.891618075949477
0.930899633874533
0.841135615600634
0.734603859948552
0.938981755124224
0.864014229476905
0.955065373330778
0.961965049219121
0.904527985108207
0.79720488803592
0.931407417377726
0.764261872582284
0.700991563290941
1.014048056778
0.961874271817117
0.839470079504685
0.777680520357877
1.03891258132343
0.902769161584054
0.89302965361797
0.92816359008629
0.861524854404729
0.895772485432454
0.957535568063576
0.939417832075827
0.9460596671174
0.778174685356749
0.915342924761396
0.88273061447512
0.852613635529946
1.07066845438269
0.884101039471623
0.912399418472076
0.877163884496278
1.0451869511287
0.898497195037606
0.893499082301522
1.02342306328368
0.982950991267074
0.98168965681215
0.853888730047073
0.926384107812773
0.750909749069147
0.943760803182246
0.844628931203305
0.968625105690391
0.933364380413043
0.850710887623787
1.06165320087919
1.06294225020427
0.917598879474836
0.856370520073645
0.781408294318814
1.08916547581996
1.04552741529518
1.00855987164518
1.06683737817879
1.02924190101591
0.857823520521951
0.963180484623013
0.867018726283013
1.00556409626731
0.848811835650354
0.976977886605043
0.944920231703238
0.939642203377402
0.914773131400317
1.07637682893779
0.986132445482914
0.988324094988744
1.03647955989704
0.970846097401222
