-0.992781719220681
-0.978578154694262
-0.923793396233569
-1.20194362449316
-1.05948432891701
-0.918899632059967
-0.767818192057626
-0.890749060426924
-0.99729011523278
-1.01373807654862
-0.926018278923293
-1.04696675822353
-1.04037625916481
-0.994412888664487
-0.872745400606861
-1.1860482357044
-0.962451613614951
-0.964846460485161
-0.993440270714893
-0.846514944681988
-0.878929707814191
-0.869412840492436
-1.10928549441388
-0.890028190790728
-1.00891987681526
-0.961037374964312
-0.901158378690133
-0.925099508139884
-0.984490772501736
-0.89503835050024
-0.930932921020161
-0.922708910288723
-1.08459034264391
-0.754878768671148
-0.963145899635511
-1.09533159820581
-0.922061913865234
-1.03850838142438
-0.891084579956877
-0.990076946230531
-0.824814892372389
-0.953847061292193
-0.918107543224196
-0.867351922759499
-0.763231714163375
-0.854326157059556
-1.00842339302005
-0.924234471338393
-0.738972179271328
-0.923789956238213
-0.848978116055045
-0.884641125782346
-0.779954103157517
-0.972638385600097
-0.777084403275636
-0.954714396879404
-0.97468440292443
-0.913260421320869
-0.814870264467962
-0.980221373574101
-0.888828116045239
-0.933861939042247
-0.954895027596733
-0.933329805114357
-0.900189209615882
-0.641784384941296
-0.860955177300814
-0.912739938566985
-0.909446325414663
-0.875032033510812
-0.931523371413304
-0.797133523592602
-1.01113506499085
-0.872745723324516
-0.911493236691452
-0.858394381318051
-0.795153888063705
-0.86539036113661
-0.877638745779022
-0.813427067513257
-0.845157007476149
-0.74061207294603
-1.00868724032088
-0.81308847316212
-0.718786532561287
-0.891067310445697
-0.763874406247658
-0.735659888767133
-0.854277262299528
-0.899951304657721
-0.856513797803767
-0.70745243348589
-0.902818138539017
-0.721916121367978
-0.794363014349034
-0.711578426731091
-0.782010073210753
-0.77520702222942
-0.778469697625491
-0.769538058173311
-0.803130678550456
-0.722359764946321
-0.956149900731601
-0.836122448119033
-0.753877537640417
-0.842014293173869
-0.814178151807468
-0.809728469477764
-0.83336522949202
-0.674528200947284
-0.778672970325594
-0.672373216638093
-0.720874213151246
-0.72209379748278
-0.916505078039188
-0.768396170359402
-0.849481384238512
-0.680020910151671
-0.732276788575779
-0.63099113461376
-0.781331558946565
-0.754586023384834
-0.679802084874352
-0.696900688005246
-0.615529076686398
-0.625590035229229
-0.779112981156574
-0.693390833592392
-0.815751906291401
-0.723736598457267
-0.706570572174472
-0.823621454732243
-0.700645051735533
-0.665934033895977
-0.54319263687974
-0.675949510996617
-0.60718185996899
-0.652309260311892
-0.665155949308815
-0.646699520945068
-0.682413264914255
-0.75033210025747
-0.836994109445186
-0.700518962536774
-0.798430715662793
-0.719455124470132
-0.621209759739744
-0.771340979559729
-0.517084628994544
-0.753981730351403
-0.696118195036049
-0.853677150535279
-0.680210677003648
-0.665845406726252
-0.798365262548528
-0.690621928132001
-0.729932356652307
-0.779178241336394
-0.606789998425953
-0.701727010274734
-0.66201324476276
-0.739659149413767
-0.710065135085535
-0.605722355522291
-0.59244205303095
-0.736729377403261
-0.478270478513818
-0.859586532675782
-0.738816083768857
-0.647915139592943
-0.712154000853261
-0.7427532312974
-0.687857837923332
-0.873250042876863
-0.652676816111015
-0.506570550271482
-0.729947181864946
-0.6988087569439
-0.695391933797382
-0.645532746498112
-0.53157401065733
-0.520590499828965
-0.713141006907924
-0.64644488967269
-0.631024859954193
-0.679517418051465
-0.558616955996033
-0.763267097996516
-0.588013889550516
-0.705073665399189
-0.610299568672866
-0.657215760491783
-0.613420574464068
-0.596568935327133
-0.620506150521024
-0.625655017809888
-0.615864129030021
-0.730545138841556
-0.790175516593051
-0.691806403852979
-0.598444387442968
-0.692179815701374
-0.56674468590725
-0.469076758556164
-0.514525760601843
-0.599466121011251
-0.64201439258172
-0.737458535181421
-0.552931158021839
-0.639803374298527
-0.543079713069587
-0.514918860501962
-0.430235617823443
-0.767721397006215
-0.677858605032149
-0.615729940893146
-0.36713051878304
-0.559681657605102
-0.574686927704207
-0.655593658446684
-0.623232949114245
-0.531996029406586
-0.525853818995043
-0.501699100965539
-0.542245886803613
-0.40482700738903
-0.662604149451986
-0.594739569419318
-0.570111240931562
-0.578954101586349
-0.624354245875616
-0.626877930262366
-0.431740499756595
-0.608014042295274
-0.520464917914975
-0.532986458714864
-0.450383994750883
-0.756552911236755
-0.484658019130114
-0.569085458286437
-0.538699589293009
-0.556228029250315
-0.437657395155203
-0.381839409024329
-0.564817283128885
-0.386962786365071
-0.554400613182829
-0.456512420712064
-0.605755225835103
-0.47151179093009
-0.417834034284731
-0.454027133312448
-0.455665691016998
-0.3638822169255
-0.553412415981571
-0.627225174099947
-0.413722257029696
-0.354514540540752
-0.519914020977546
-0.535980701096944
-0.486823487578443
-0.414979601546851
-0.599651849236789
-0.485958933317839
-0.524366613309118
-0.493452396757209
-0.246884720332535
-0.549286330501421
-0.392559552102115
-0.513874545774803
-0.411541519133
-0.373325736277256
-0.307843987004907
-0.28803068347618
-0.625697252056732
-0.330856503949349
-0.476595780337026
-0.493984753246863
-0.297245384287901
-0.472003822091851
-0.507993714396579
-0.435691937097942
-0.523435835774158
-0.380857385964605
-0.452725095858244
-0.425730355156619
-0.144611781983066
-0.53282143518498
-0.419300075896297
-0.358993802390513
-0.416023183868382
-0.451404411850396
-0.497486175277473
-0.279834727529039
-0.365832546336293
-0.333244824469728
-0.465455299574257
-0.31786309965384
-0.29120865028969
-0.354410949564734
-0.422641899065125
-0.415100201573732
-0.347452472898694
-0.364656070703299
-0.313083039943391
-0.290295156776916
-0.460959296445576
-0.401208033182433
-0.394010606492323
-0.364962209340478
-0.406553836802339
-0.492490094467971
-0.411375000191951
-0.39355196130386
-0.404268334064325
-0.584866559299069
-0.445215255823364
-0.346309111217085
-0.368728638024097
-0.404610994931784
-0.338689115682762
-0.35402327334264
-0.472242697684121
-0.313722907046686
-0.199908117076183
-0.418490099420491
-0.405786545386035
-0.232932938147742
-0.218551562074782
-0.343558833408497
-0.504151737440989
-0.400971183284135
-0.20861348497937
-0.386553524136581
-0.385012500949517
-0.282233963015121
-0.340449592451672
-0.307972001172593
-0.389806316491111
-0.347548132315601
-0.268355018689018
-0.513328037643592
-0.149049956768053
-0.308102293914306
-0.141903967201092
-0.304005620484133
-0.264706070554169
-0.298567384988325
-0.278022189866681
-0.22909340080127
-0.346060719316741
-0.27422784977647
-0.280977850332127
-0.256591380231499
-0.436589778654968
-0.25867868496319
-0.335157946688176
-0.276497687611127
-0.444437378027724
-0.390891775165464
-0.285335136717328
-0.355387257888197
-0.351560688203281
-0.125196301510046
-0.323036270457616
-0.25407212396632
-0.195864659444677
-0.33079996115356
-0.427980323173385
-0.294815845651822
-0.140828163903016
-0.326800270643255
-0.232412882531677
-0.266201896447367
-0.279443779455352
-0.286116691164537
-0.102391398475475
-0.340650663780197
-0.305305629267127
-0.233680570905915
-0.214049103030737
-0.145843119884887
-0.360129707824532
-0.33023460232065
-0.270200786554506
-0.245242706038423
-0.339378047558723
-0.192583471777375
-0.290515016911555
-0.290803416510509
-0.387456345439145
-0.285389390693928
-0.21539164770974
-0.164525594530824
-0.239848610946905
-0.200284258905162
-0.312650348773589
-0.207642467222808
-0.0739682045368354
-0.109331661416318
-0.23430980644389
-0.253313226231056
-0.199551338570848
-0.256141623295032
-0.334861661293096
-0.160360663424741
-0.251424192772256
-0.171075197408504
-0.197254450480546
-0.221796124542899
-0.216983918392036
-0.15619582311518
-0.250855432372267
-0.232454750373762
0.00703165219698346
-0.23327876884606
-0.224420478208562
0.00144957166197884
-0.266800096967866
-0.153976362889072
-0.0978322464913326
-0.182271919062986
-0.177093469186398
-0.0396074919134448
0.0869132876390884
-0.0695025176841517
-0.0980772063751199
-0.0280116842980923
-0.304017518431736
-0.0800939355938046
-0.28980964031144
-0.120651015641473
-0.166393515852255
-0.0237859356174884
-0.0746995099975027
-0.14416155862438
-0.199057653244058
-0.0925477984318634
-0.114653599661784
-0.0976149579739175
-0.211828386096116
-0.0721718226475903
-0.0261041779299915
-0.21201587746097
-0.307382815590142
0.0163247902436714
-0.159896638710723
0.0187733163047208
-0.0683164214629714
-0.106272773811576
-0.141966296344025
-0.0928670794710482
-0.133723440469738
-0.158720805491696
-0.0823964417946659
-0.0865214722129543
-0.0184869280076282
-0.0230575137768833
-0.0720756714867327
-0.113299859295642
0.00686592513572075
0.038241023865633
-0.10549378066052
-0.0529791310315337
-0.0364492651459818
-0.0964001033181629
-0.0327548093075932
-0.0446618817601663
-0.0185607346768828
-0.0326423711840401
0.0523456367960409
-0.093779361304103
-0.0893486837067938
0.0434033757885284
-0.076284224523793
-0.165494878889343
-0.0571452921633366
-0.135944800027555
-0.0340268367258299
0.0879772990144242
-0.0651057962457854
-0.0501163944650967
-0.0233854176726402
-0.00803863431896024
-0.104055291201133
-0.0545273720046725
0.243421881973286
0.137741190063676
-0.010613423484043
-0.137933803332712
0.0477623890786843
0.0275956481903026
-0.0621876559399021
0.138758040690314
-0.0419361914751495
-0.023983121594278
-0.0236750216390591
-0.038947860858759
-0.171250240246227
-0.0305761605464426
-0.0619702522076521
-0.0686628984360016
0.0655958258932059
0.0565744691389132
0.114371926873847
0.0772368769786204
-0.0654767819661292
-0.052688463988917
-0.0292154310640973
0.0420097322267662
-0.00538249978691267
0.125957471360169
0.0554129475526786
-0.0421738670105819
0.0310998080299391
0.0723630943014851
0.0536565855996011
-0.0246158931080142
-0.0785685814712138
-0.0606048967974324
0.00655080063747382
0.0364884700312303
0.0282077845814271
0.0661751082234667
0.077961195903689
-0.108994450531372
0.251887335032399
-0.135034376106685
-0.0442310841783632
0.00016758694241571
0.0879122177483681
0.0818766283853475
-0.0780023364132457
0.0684443005026362
0.142947495793842
0.0871853413268027
0.106853444320035
0.0370679506419293
0.0357734798349722
0.163984045463457
-0.0149664537062054
0.193030355541746
0.254039122810755
0.041312707616029
0.0759295356725819
0.0226250736999429
0.115151227757907
0.0043175433732432
0.0919708886162288
0.0819778888890778
0.0111743001928134
0.0727017531995055
0.00317298557713636
0.0865606197281833
0.0643271816296867
0.16453303858472
0.143680319224318
0.183435710166563
0.146011193794287
0.134517037195404
0.162682854265923
0.0136526921565219
0.0672595869554321
0.121456686564141
0.161040199496029
0.226589951663557
0.226751022024269
0.17683913526328
0.100752078894216
0.147291319161998
0.13548010467633
0.0393118495610201
0.139860991115074
0.160098126633886
0.194592221998859
-0.0433252494406731
0.235177704336039
0.130927197492458
0.128431222545965
0.2231810122718
0.325428171852586
0.146385943077468
0.156730895916241
0.11347294096876
0.134910172110081
-0.01977841552084
0.283119414275603
0.398325058849549
0.120812606551595
0.228452355012307
0.0750383808937264
0.10968477408281
0.157448493824203
0.31705456187654
0.298789174738724
0.406614124212405
0.0593421904563667
0.249617353725938
0.272770579649201
0.0972862785565874
0.152721698265557
0.238579833501697
0.233739225645202
0.17114796746874
0.109369366243881
0.218338752330942
0.34029911213396
0.295406080672773
0.239049389405625
0.237754243573454
0.212386631438009
0.218566727009843
0.132779207467055
0.323021179174442
0.282409474829193
0.28435097728025
0.375159742320204
0.275174298331233
0.146593262904217
0.248757585617939
0.197088835763963
0.296607058758737
0.307473761499689
0.413440464547251
0.156459826884858
0.30227620037407
0.200822922900057
0.155119450546703
0.232749248433108
0.196661206349939
0.281157459528966
0.257954338032209
0.299243316850717
0.451223875005084
0.335562725855104
0.325885483224038
0.263438209275064
0.353573873604846
0.313405377732227
0.295260187025347
0.188684409958353
0.330794425184856
0.282148220580589
0.321985563910148
0.287316709142422
0.15724789947427
0.250450141582806
0.34496637383798
0.485324912463241
0.31808004288264
0.375930205843295
0.226806018253945
0.319848251785703
0.224077646528067
0.265679444294318
0.318599534594029
0.285956651190765
0.272479383396046
0.365342812709013
0.441527032833836
0.317676498416088
0.322462258019126
0.426690802817464
0.362102494030261
0.36970591819078
0.392747637471686
0.30769145327291
0.276841333462938
0.17212973356446
0.422543015599177
0.463607345189846
0.335231582152755
0.399339483185193
0.474703128426403
0.351315937678483
0.334046571581147
0.339089059371567
0.3032911073813
0.274752036306367
0.504540249597804
0.360501035997937
0.565861430830505
0.414697646934165
0.292835340145887
0.24196044472825
0.341733337340789
0.462615942328201
0.335311913022986
0.415394077259156
0.330767160664936
0.300460351620481
0.527976430408486
0.485494002823227
0.490529098361264
0.357996899095619
0.434269972819299
0.387663160813627
0.587376770324205
0.358758417130694
0.401580083501192
0.412733243317347
0.467998023576551
0.517524792885247
0.417876534776903
0.352094459861385
0.486726022576175
0.287035847871934
0.354314165967692
0.447052978812898
0.451920690575163
0.378943992856961
0.490650095498168
0.442214940212136
0.409362832339502
0.265201817060028
0.3459675249795
0.368419518065355
0.337313591826984
0.466042797077751
0.455804284045009
0.472264818737158
0.326966501456919
0.30525086948618
0.363514325370056
0.510617000099155
0.57611200337627
0.481207330706763
0.562958331280121
0.469302276078578
0.51088848454075
0.459019831510071
0.405457150150568
0.552090685990285
0.424716910629149
0.524681298071511
0.479467565630216
0.505909257360656
0.585155345034786
0.582217297600399
0.484343835666407
0.499870697851189
0.396355787881417
0.374102441679704
0.529005655767292
0.51428175346614
0.536563933520084
0.492972897967442
0.545983643737009
0.524438448640425
0.4395005365614
0.580240913537423
0.455451302076869
0.402861931971674
0.42343409534974
0.527678092791633
0.633508845987521
0.497247283428323
0.473883774089882
0.573305762082643
0.660392495842603
0.505093243712578
0.407879328580238
0.392495818172732
0.492607370174373
0.593328287457554
0.568425414187033
0.492203875724004
0.456418715925709
0.440741507231423
0.42355583200705
0.372833187074998
0.552446466054284
0.446396292187333
0.707266059208182
0.632705059315999
0.597790134988421
0.62299691772789
0.517301626318056
0.590244944946722
0.474947927565838
0.510604068104487
0.547269865236703
0.392513043366521
0.768099965048855
0.628930350890382
0.585983697192721
0.643800946628578
0.802131072168745
0.579959483215745
0.613249523614478
0.74863239207125
0.744174801924654
0.705966966311071
0.500216696284751
0.607499055816015
0.572702756081831
0.542247485957943
0.685332973347699
0.638658735341756
0.562023745079201
0.704132384638596
0.577709530648489
0.793979366876578
0.589362290844152
0.594004610891143
0.681520322519046
0.643591536325681
0.716417718901199
0.446656885848718
0.673120549905784
0.614957315146966
0.740110357417252
0.629548403367241
0.572968539534114
0.543371433530319
0.62481773213046
0.719854386419881
0.671798370679536
0.612524115453423
0.757623432109768
0.704098539377958
0.454141412349515
0.620056718446566
0.686920782513465
0.717160401458581
0.541096999532675
0.587250186211513
0.617138295613469
0.54540178663539
0.653571850239413
0.734324669718244
0.654089527004733
0.572116039365018
0.54651933418749
0.603863021979786
0.743462096801703
0.708201402658235
0.731845107059009
0.664237507312432
0.687503195651428
0.578350569546574
0.657114501472284
0.767809311653133
0.824463643113912
0.572392746171999
0.735503796806163
0.70235506467174
0.756721545515483
0.663849276807859
0.637642126125781
0.692971459991951
0.643749215083396
0.793198083635501
0.582875868538781
0.755416411583641
0.597944664306759
0.715581117330668
0.611438728622303
0.693655921457548
0.658932862264159
0.535278811923527
0.513140507668556
0.807741485446896
0.614226210998398
0.691766891795098
0.884279320863831
0.810911725914402
0.814323022737912
0.683802557533762
0.769054049127864
0.716095019164009
0.703697882027009
0.72033629353808
0.792247687207559
0.751034907922839
0.777397933063104
0.806325498265719
0.753985173336918
0.760545787297787
0.758707757126021
0.879349235138281
0.900105918059375
0.882465017626991
0.767976162388873
0.83384916386896
0.800987124073807
0.6496639733893
0.717071937904537
0.897749468621151
0.968529968175524
0.589983473517652
0.728966237220058
0.762949762153671
0.810524692228493
0.752981285368048
0.864567407007317
0.907288461388584
0.585493379408378
0.850558079984924
0.852419620434834
0.809961648110275
0.753164960604566
0.828227407606548
0.666486322492123
0.738912168387061
0.84263893600756
0.79758668052686
0.93021342546549
0.940678515601146
0.828551145663219
0.749602316910453
0.932475498184999
0.755699179328013
0.737635922246591
0.988433804416028
0.697890287467791
0.755712262177075
0.793336953900491
0.640047090551862
0.816344834961556
0.830345622067959
0.942878411212605
0.803613589132143
0.765860008155279
0.877773426254742
0.947466188322157
0.911099117582007
0.67096542446289
0.959178281279138
0.875723917860722
0.77712998071122
0.836884677192322
0.759641491985393
0.730357023691193
0.853188212502108
0.956145322080425
0.680843515687695
0.746068521789244
0.918513686998338
0.810290488763009
0.915719247735939
0.982506145572616
0.770473265987592
0.989258410063304
0.893160397746388
0.916405084906919
0.965955037507538
0.855473052800264
0.781009879342353
0.984015275975185
0.853395457402474
1.08251729659249
0.761321407833944
1.00588660249357
0.696310231060399
0.877445811206016
1.01958007877035
0.877704626113632
0.844925430557111
0.87864212786146
0.817590112183618
0.954667095550645
0.798685855450695
1.02066679824095
0.975567332896759
0.960981398253089
0.917618468902542
0.884981609174693
1.03066430347194
1.05305594806187
1.05755863659421
0.854974061274411
1.03157415683952
0.854457219515725
0.97521188445728
0.746340405747286
1.12475885444897
1.00613072686983
1.01340467579185
0.9869867106799
1.00827601078492
0.938161853194237
0.885520217762276
0.968924648169223
0.984867808943187
0.92274175572254
1.02139915911478
0.987594311501686
1.18289060877525
0.86577043556121
1.00150807191522
0.918429846755858
0.957402188756491
0.895545344218077
1.10046321267976
0.918137742444874
1.10876152099504
1.15339327752384
0.925772133894352
0.997977121004277
