-1.06595722780503
-0.975342173491312
-0.991822962981971
-0.918940985195884
-0.911267299399821
-1.12025759022022
-1.05208201309242
-1.12596188807718
-1.10683194256202
-1.10078282719291
-0.919809971998264
-1.05591655208441
-0.946615108191412
-0.950001599987203
-1.04629059835781
-1.00940716333614
-1.0524759331018
-0.961245807236439
-0.813385750123999
-1.08109229339961
-0.870754167826389
-0.933599302213478
-0.989063419816249
-0.918692418892163
-0.891665494536348
-0.878844385972729
-0.928212100062004
-0.832117823201783
-0.985732005028928
-0.858300272237601
-0.95898145147089
-0.75252565947427
-0.981145651282515
-0.737012647709275
-0.987515100614978
-1.01067441072806
-0.902904955783724
-0.904722714296542
-0.734330886241792
-0.839850363848871
-0.892666381278822
-1.0378419095043
-1.00562658620643
-0.737005876466396
-0.804924295904129
-1.06992036754317
-0.925213881917543
-0.791209030789618
-0.769044711583488
-0.929032166734236
-0.965618665964659
-0.96773177115781
-0.958409392584019
-0.939737911047164
-0.988693278197182
-0.954141953949574
-0.863171713691013
-1.01608525202734
-0.84914239119514
-0.893030787230913
-0.90570845939643
-0.796310724223586
-0.957676209943997
-0.867747224760885
-0.850837190043978
-0.765002050407549
-0.923828397027961
-0.876614324494676
-0.839386207232505
-0.878951694187093
-0.98317608648955
-0.82887676695875
-0.795961043323745
-0.782967046204224
-0.69302803491658
-0.795354009955203
-0.792015472343064
-0.827697531630411
-1.01795459899021
-0.868792253156297
-0.785378852586475
-0.881049376937994
-0.758912850110881
-0.746766762125351
-0.849530297212122
-0.963727237212986
-0.719222388223858
-0.98464347205819
-0.796993545974234
-0.791800726136293
-0.953246597702962
-0.919106404504475
-0.76889098376315
-0.904422851900178
-0.927336082906415
-0.826821233461795
-0.741746304959269
-0.901847472829061
-0.688823994588808
-0.795584500762438
-0.802060764719379
-0.732338658518935
-0.804040008321175
-0.909530046742623
-0.90579392934998
-0.76422211012575
-0.887159175699496
-0.782604036639981
-0.787034279401903
-0.917790083082906
-0.677245201703965
-0.738450800931393
-0.80937874078686
-0.779881161653708
-0.776337472805105
-0.748835021822429
-0.719189504554759
-0.794173472834615
-0.713783295373722
-0.801489187203036
-0.832802271773154
-0.882408497587328
-0.662916444705999
-0.753586939842985
-0.674693045503664
-0.668098464995599
-0.845002376783449
-0.894386895684771
-0.794802082107277
-0.727885228138558
-0.834352585385888
-0.692544311964666
-0.646544919994748
-0.798551425318604
-0.672756633499024
-0.693158719372416
-0.838045270255339
-0.838448221519997
-0.701686110355503
-0.658305670912321
-0.774490646554558
-0.772505548448808
-0.736160853712885
-0.803607511494678
-0.729977279988026
-0.893614416040059
-0.684975700066601
-0.742315161446615
-0.731549092692185
-0.707059174494948
-0.733436653702667
-0.742885710294204
-0.560521549050698
-0.630003878590011
-0.568661085318374
-0.618451707096524
-0.607505980712792
-0.655762444279606
-0.742400597926132
-0.674043935939094
-0.706972400663996
-0.84542046355905
-0.724878761073935
-0.592973348421969
-0.601049236335839
-0.641347655933191
-0.580285046138597
-0.856207666464208
-0.611518118956624
-0.64330761095382
-0.726356003860071
-0.739171818308012
-0.686243123621092
-0.759038318558388
-0.583248975388031
-0.590120119248207
-0.595526619184631
-0.764146696543749
-0.640441493547239
-0.492198221806746
-0.445360769039015
-0.679285217127295
-0.730296246333867
-0.507783753838168
-0.659546861153296
-0.563507187349862
-0.795326939840061
-0.640404191618839
-0.707003246450375
-0.648953884627412
-0.678064748622556
-0.59886174954351
-0.481412137322052
-0.748104348071672
-0.669597515947123
-0.600408966767469
-0.693892142826888
-0.722819953356438
-0.609607761761298
-0.725149623054518
-0.626551815656836
-0.661196118231688
-0.50091255902615
-0.648219320143918
-0.654188347586949
-0.625105153751264
-0.450518779322608
-0.603053102089501
-0.710058887429544
-0.662541550926305
-0.619538908873373
-0.552316733372991
-0.556126066902933
-0.554381973831064
-0.639705081594688
-0.629795312751597
-0.583225217992497
-0.529161605305129
-0.466599382385584
-0.580207756755646
-0.61123181720412
-0.697719888550952
-0.371054005176683
-0.485447523982038
-0.502670899651415
-0.580879057028593
-0.546291608153082
-0.569734606138836
-0.407514000158958
-0.694973824289026
-0.633715902713759
-0.55805718548589
-0.464837478952313
-0.434089330212548
-0.413821360161376
-0.671398284672412
-0.286579096286684
-0.525459270575253
-0.521962708735095
-0.500053617189683
-0.541622964805654
-0.563862115039492
-0.402159990814002
-0.478496354503261
-0.510420233420457
-0.47101446662976
-0.520074470403266
-0.438378322430378
-0.373517396576744
-0.607843579833718
-0.574841190411329
-0.534042282094053
-0.523121252605958
-0.562678772780526
-0.478818567393808
-0.385464767372561
-0.544145317043068
-0.453925065052793
-0.578622535594291
-0.607640644831989
-0.285036869156352
-0.435468626920807
-0.428124073739065
-0.616448994237417
-0.46311633002144
-0.317290083631419
-0.451406586070187
-0.386700993225672
-0.491912680684565
-0.469139065379523
-0.555692402905681
-0.38893135502696
-0.494793433133203
-0.463619129862676
-0.431364346891369
-0.391066301695363
-0.560216734361701
-0.353428116887946
-0.49265658795621
-0.462221104669578
-0.418305301611555
-0.464744115710839
-0.567411900617037
-0.497457143024649
-0.239419961506782
-0.376318002308624
-0.417248364126894
-0.373449849705768
-0.514157349887493
-0.317475487441839
-0.553635585937249
-0.386975440877518
-0.39612730170869
-0.179130796544486
-0.439217721783967
-0.416911651804252
-0.37531428599588
-0.516403604063559
-0.454164396193017
-0.470467232712804
-0.334490426137516
-0.514886727966717
-0.513560990011833
-0.374020958678938
-0.466614564269995
-0.335027655190614
-0.443669554080707
-0.308687861185056
-0.482308944863765
-0.401928171490097
-0.47753054813882
-0.341583931813138
-0.390193584972111
-0.249686238688566
-0.433538361504569
-0.206360260608281
-0.551756677416518
-0.157882529200492
-0.293653006617531
-0.308272166302525
-0.389233758759722
-0.28519850923613
-0.267768409635277
-0.507202757139357
-0.286756434847732
-0.364932903535185
-0.278673867006019
-0.47131519969812
-0.266797678161026
-0.462996775501519
-0.342977306985969
-0.39848111063315
-0.308675564569718
-0.507746851994421
-0.208222172256105
-0.304216082003063
-0.177578829650483
-0.346355352748484
-0.224905689852455
-0.315989349767282
-0.26753973129316
-0.23969480801789
-0.304241921828607
-0.354176622884577
-0.216141372116266
-0.159439247814623
-0.333891125476475
-0.354400450847185
-0.361263789202708
-0.339956520015826
-0.184056748782285
-0.222071698119197
-0.254067290463124
-0.308196093775759
-0.164983266296075
-0.321013689894553
-0.269506424432777
-0.268259442385559
-0.297501519081042
-0.273244757267812
-0.230657790846838
-0.388080617098461
-0.241381368248436
-0.393808664195768
-0.319652306206714
-0.252458636924153
-0.316078982172948
-0.167889179442311
-0.301610630597569
-0.301354614103071
-0.187574878062231
-0.147579180986644
-0.367867503934228
-0.225810593629041
-0.254956645190932
-0.219983744653714
-0.267220042554756
-0.248651971242682
-0.29548293480051
-0.266457366076521
-0.133259899363107
-0.198283888509617
-0.387348055147725
-0.156967892814044
-0.200547956302959
-0.119905666020562
-0.166676323781368
-0.29858905083931
-0.165655496057963
-0.304978250263717
-0.166956685374631
-0.192827564951533
-0.331075310477711
-0.270855610928791
-0.244620670637774
-0.123990824089835
-0.274983998386394
-0.263416082198447
-0.322448410652802
-0.128643376368334
-0.0701076823647103
-0.00557313583411194
-0.185300676157248
-0.133328641281114
-0.311335730887012
-0.324969828935178
-0.157555672766252
-0.13183325592101
-0.0952646327227746
-0.241307403502465
-0.196602642078762
-0.071145152536677
-0.147857827653763
-0.282450593198436
-0.15291741778318
-0.248321622859897
-0.117191868997053
-0.00936033595089042
-0.0906748655968915
-0.157963227785808
-0.113628388211333
-0.132857326477998
-0.0604705222544175
-0.119920485979976
-0.113969609778459
-0.150239446233765
-0.0237752993156649
-0.108414087012293
-0.137372351277112
-0.248752881473279
-0.0356668612009131
-0.155967433448367
-0.151199918482288
-0.18282615918694
-0.0979262928960308
-0.176808321549094
-0.319812100890684
-0.100064375240582
-0.031843483796812
-0.228790235494072
-0.207262641258247
-0.20832713118168
-0.0924331466346474
-0.0550522253888961
-0.251069490466317
0.0352237124487191
-0.0463984073365903
-0.00528519385858721
-0.23976966225846
-0.0904227181318782
-0.196570214408112
-0.0966747033145977
-0.238267798710225
-0.097917268917065
0.0141431822057945
-0.107838937257092
-0.245793669146859
-0.0730601251141823
-0.0266067576448435
-0.013080925562259
-0.139924029864115
-0.14800265503721
-0.0123726560550676
-0.156068399412072
-0.128440784895195
-0.119277172716867
0.0443703859784535
-0.104946343223471
-0.0705387513059882
-0.133673231131687
-0.0677098938754078
-0.198849048875096
0.0360377447019013
-0.0265309932721355
0.0371425939587016
-0.071509853434573
-0.175017076965719
-0.0058032669815396
0.0296873435489229
-0.0662095553466437
-0.14122939509669
0.19139084291309
-0.0889512289075794
-0.014438837633277
-0.165969041398591
-0.0581952921255849
0.0858521546080798
0.0232083446758661
-0.0634677127032342
-0.0700092943195837
-0.00551536029920157
0.0345068827961462
0.0494625562228784
0.0206766863304651
-0.0919032416283479
-0.0111938553211565
-0.00907851955189753
0.0707896002146997
-0.0519765599409596
0.0255050188621933
0.038246133165195
-0.0610299049296955
0.108106549515931
-0.0397999648126373
0.138255394797207
0.11888386515937
-0.0294586956006547
0.0544332434226061
0.11241566321738
0.0533882701551653
-0.0177839591786178
0.0291254145851049
0.0484979251385272
0.123678279031523
-0.115797558616665
-0.0131313847936454
0.0642121097027959
0.0877714282275854
0.00109669449603421
0.0850379946062816
0.0615237991158142
0.137691586384269
-0.0709900405840621
0.0992898821264619
-0.00208506456999853
0.136640712830338
0.163750444283876
0.062104718616087
0.0592948211901503
-0.0956120715137323
0.119112926242628
0.0445733641204851
0.144852020927287
0.0990174013204074
0.117051750549287
0.0797087641773156
-0.0135457726008456
0.170601711342051
0.179877512750516
0.124014821219579
0.12523023099084
0.0833225813666613
0.262348031081571
0.0120958516404318
0.147402620590681
0.190408834440628
0.102469414840002
0.24409480697059
0.0517266100635394
0.264134946471873
0.113960467599387
0.0183754947446516
0.197693992349725
0.100741749946874
0.147697881871467
0.331533274135825
0.0637991512978102
0.122143840373038
0.284735120829212
-0.00154514870338386
-0.00088817623515347
0.134855338705265
-0.0260851357835176
0.218347884360463
0.20832489617813
0.142214334543184
0.0471670344591437
0.236070301374421
0.173986136039489
0.107046398804603
0.168733426450733
0.189308859613072
-0.0605061435746104
0.16639932848784
-0.105294407126765
0.0805881333098495
0.210088017848203
0.208217935278983
0.245523191832572
0.335537362639372
0.183949665271807
0.327464935584986
0.20882478311161
0.188453216129239
0.191204211395372
0.199252375510461
0.103640680679362
0.130139471302524
0.168077013261704
0.205056759571583
0.198089750834023
0.249169836796002
0.171810865085902
0.183551500831388
0.224654466014008
0.11847091099688
0.273666326421251
0.251361883200551
0.281374089296546
0.279486594259903
0.156381537165344
0.359979916384961
0.154703281204509
0.385305132589729
0.320171044053659
0.0877001064097739
0.210697176726113
0.417065755407628
0.204358873659331
0.365850203958676
0.104407119472127
0.184548672237858
0.362601638020906
0.208923936135246
0.218515050436788
0.331865379895156
0.210206893361516
0.233951785037186
0.327432832774873
0.198710076373742
0.192112361346448
0.302987205479195
0.386320223021659
0.341040847771429
0.201484123198108
0.198248372690156
0.264764813976704
0.264301629094134
0.333675721807315
0.218281136377967
0.300393449492385
0.213886910178212
0.229416810511957
0.156920154379798
0.308587871913649
0.337387771671133
0.332396343803411
0.257599036405534
0.147560093172716
0.290413181815535
0.379351760565602
0.231178608205039
0.45972170802979
0.269403293097476
0.371169604904042
0.263470182938358
0.292200408755028
0.272036767235832
0.288398634952015
0.318296859586924
0.1502157922301
0.227576402360074
0.530707943999729
0.388171347924128
0.311094166224383
0.407394522355695
0.28431218619883
0.366703355124995
0.183519468859378
0.241335346703046
0.437549095453241
0.333995701421177
0.17780132866636
0.366510628190756
0.215567165460709
0.279192450570363
0.329410562527256
0.318509326301826
0.316831566831906
0.334920322455072
0.278064044138379
0.277735990224438
0.287091825230006
0.298989966155937
0.36505520296842
0.339167907135127
0.357904130492532
0.1772487105632
0.35392499158399
0.306874346395587
0.445714392881698
0.349027591654805
0.302020867343335
0.347126396844201
0.329615515906646
0.300766191823324
0.368193037815713
0.454473621661454
0.452734066267114
0.524524370872653
0.335492669156497
0.282418346405544
0.610343774506785
0.317331145003799
0.321495169600608
0.521299675381803
0.412587312669605
0.367056054197173
0.362298930576069
0.40437955098478
0.473088779391259
0.398105560979503
0.391989665507061
0.308024998080601
0.216550788425361
0.393268480993259
0.429958979900809
0.356760085695057
0.568322339233112
0.42210263998395
0.443753739816278
0.476406443206541
0.434789717486501
0.484818312571673
0.379992446262869
0.469521574127067
0.350819584290202
0.356709173929969
0.368315164819064
0.402179442657787
0.350213996444016
0.436767312459806
0.4641751248567
0.472605256173781
0.447291263169881
0.363468673119049
0.242782611849507
0.581878828315103
0.454786529827456
0.564579242451027
0.475334666886309
0.501509268943432
0.463517691527871
0.459593736336141
0.48176464059149
0.481667918090613
0.412182710417724
0.430829215514303
0.50063080750596
0.410831656663542
0.482472257203362
0.476676110641058
0.493756393684978
0.573822538317515
0.506654216714556
0.494633028423193
0.566075309730534
0.455116814025306
0.619117534783048
0.341664067976187
0.421987663328094
0.668125530534105
0.540571310524219
0.486319994890973
0.451693626213613
0.581856608343301
0.500011112861219
0.43769485199677
0.477735191536194
0.537648246457761
0.612784754337019
0.543493792120343
0.430946165792154
0.558390196372581
0.513638699252231
0.474521598708702
0.771404195102627
0.444336327929882
0.571799705071641
0.612981717023249
0.547529591799502
0.578467141444508
0.610014882298369
0.640419103941965
0.61422227753666
0.710786540822419
0.568007476420537
0.589205701474922
0.60094384940935
0.472896654925845
0.525535228257616
0.601839523612472
0.707587411704838
0.533218985624549
0.62676749193277
0.616105579731335
0.466891325862757
0.552012679543547
0.50897020707136
0.630396040327567
0.615099235808015
0.554884866805113
0.487696442027357
0.664607558906068
0.65922264323697
0.595703898505717
0.675166654312621
0.760510673039602
0.596724720990212
0.583857371117406
0.700297273879676
0.679905129439629
0.588003472695492
0.585498025229862
0.618817935320556
0.537899193326748
0.568224331065017
0.634886441638749
0.559669998248897
0.633860698103526
0.551376996519517
0.537451818595719
0.708305936791608
0.569401731124204
0.586890469570515
0.787659557277026
0.420330045681971
0.577759578794712
0.640854848035308
0.711350058882757
0.613341817236219
0.6453524063998
0.668343596248867
0.565689459620157
0.719515962553442
0.642482408117495
0.756958161242037
0.635664076009083
0.574871429623746
0.755807918772859
0.71220874304493
0.645892383491108
0.742637725236428
0.754695746247172
0.507738935957711
0.831788821987435
0.640790564840171
0.735976681192363
0.770510166001914
0.600664692070689
0.804274880836866
0.771629780558689
0.652000155323987
0.767614355626887
0.673412134262762
0.510455449391572
0.681799826384388
0.619938255637162
0.795926080413315
0.728386595193896
0.603419271273389
0.641028362506249
0.629174014021629
0.821814126703431
0.812152587304141
0.725052735338973
0.617101815025888
0.664829413657711
0.577116289663086
0.681234419799961
0.645300601591488
0.59740107866413
0.765742444204473
0.771307918323143
0.753362771836073
0.631699961287276
0.577929700459311
0.867723853705399
0.694210824170122
0.758717723500137
0.712535546819562
0.693007117443118
0.768121787416296
0.589294696861293
0.718726865192768
0.908197486773259
0.860161034951962
0.717591038251133
0.899369266370958
0.810704344832775
0.673703068989884
0.769181449198312
0.837084553835474
0.806490358065594
0.802974505597634
0.654994975136863
0.698379127721012
0.784948066484207
0.685215826219017
0.920233666821906
0.791838936838928
0.612226854541033
0.699647944538166
0.746220501841098
0.871453983565999
0.757910996094617
0.820435188246211
0.847112142002941
0.790157823674026
0.616950182400296
0.872540023402592
0.808890669229811
0.722725538718573
0.80019636764766
0.738031880681693
0.94097571573851
0.791680031983587
0.913708037579237
0.753837291011011
0.662537654484338
0.755160317038962
0.798534800307897
0.762472393656601
0.800536665145938
0.748483578605841
0.768703214596186
0.915289153208254
0.916308283646513
0.925887399086487
0.791330017005926
0.92599551790448
0.886443018919418
0.869525834021669
0.95354206604381
0.753059032464312
0.964799735689932
0.885746662485293
0.759466918179802
0.869678390099687
0.808589276742702
0.824291443555811
0.863215950116443
0.921491341857869
0.882137813661087
0.88767911412558
0.967176020924779
0.787457538015316
0.870704309392016
0.796716822626459
1.04057115451799
0.815022435560349
0.801653564236583
0.946533901066615
1.02989207707431
0.785789338582083
0.899334651510399
0.722450315299295
0.962067550047504
0.865378857200898
0.975341683646658
0.828848980449097
0.833472027752006
1.06142725488427
0.908735619917102
0.939403197155865
0.671129398805845
0.92901756227978
0.924785918348581
0.881148146030736
1.06499737312588
1.04593951032765
0.807897649873264
0.919310006102318
0.943456275386997
0.945607679418619
1.05712243270452
0.998330421188126
1.07413760907308
0.95823021657879
0.94028069509948
0.828789652548581
1.00985550288255
0.91614275920034
0.906756109731146
1.01746949886996
0.974466368060503
0.857158811630539
0.968869821085453
0.871561261506393
0.847614680066232
1.13085745969832
0.835064604003567
0.855317665864317
1.02344225805698
0.962678456974673
0.842582511535525
0.880759355107461
1.00067397956696
1.00386644197473
0.854423539878594
0.959291689662155
0.871733985774608
0.932330012840741
1.02546890104399
0.912946934325328
0.872967216806951
0.938765033551634
0.958352712178916
0.983806700362076
1.04082116131872
