-1.15704934478641
-0.802922513317457
-1.01060243876383
-1.02921799116991
-1.0583046341404
-1.05411159797833
-1.05270072234001
-1.12418503277434
-1.07968817540929
-0.784513228552891
-1.06427893932142
-1.08334865680872
-0.875382444649169
-0.964718211685029
-1.00465087290222
-0.981883718400551
-0.951125681127843
-1.0570069429046
-0.998398194671355
-1.04080683154201
-0.892708866215976
-0.979745630808803
-0.735880380283385
-0.9274959405133
-0.894395735438479
-1.00436075863716
-0.934119060509388
-0.967465952834044
-1.00687054389472
-0.950674501601789
-0.750218340374969
-0.988128818951879
-1.0072819848784
-0.884597640027871
-0.821755605254322
-0.854362884784577
-0.874819123271389
-1.03313600274514
-0.923984323034052
-1.1085474775102
-0.726522805242414
-0.957414735775048
-1.01143301563579
-0.904274562201473
-0.965576313943084
-0.96168159016902
-0.891904599787524
-0.812010876706789
-0.879833372873655
-0.892405388235116
-0.85471816562407
-0.965391592306819
-0.751695482582042
-0.848407073328743
-0.900302124097301
-0.915284833234067
-0.924027964269685
-0.859580656868381
-0.797384283845286
-0.854197006042972
-0.907598918543327
-0.920820020280064
-0.728264155763506
-1.01197005488209
-0.763066306570426
-0.910663664810771
-0.871208850218758
-0.935858781889282
-0.74329553495085
-0.81728187191856
-0.850898984909222
-0.747459414727183
-0.902414177088154
-0.763458834110623
-0.825283484687677
-0.861007517818819
-0.885365434607907
-0.928564838102303
-0.801392972234762
-0.743809596045148
-0.909987888433324
-0.77399212987296
-0.804314358037606
-0.87453297120558
-0.900537197059769
-0.787700028265171
-0.838467424045882
-0.853074515901322
-0.831281488626498
-0.855735234579788
-0.867067559113898
-0.849332523704912
-0.89263335014501
-0.787961708703151
-0.798924722633264
-0.806512300949466
-0.761839470810495
-0.883879981823719
-0.852406239281509
-0.725658675558597
-0.825867389627114
-0.862190998473457
-0.847495768503959
-0.653771374054668
-0.682621025137818
-0.957250472170985
-0.91396002890213
-0.580265746250411
-0.846304040828976
-0.699583335926673
-0.727005908213832
-0.866259165226607
-0.793748943938458
-0.613754363761664
-0.730767193072074
-0.85213686823438
-0.759964807314483
-0.716000737785211
-0.941035310025661
-0.766351086288147
-0.643923975249448
-0.859996520005996
-0.879991613141249
-0.729487215551906
-0.619714752919209
-0.863477517161897
-0.807967095816337
-0.582768858420084
-0.723927359249326
-0.63862568383083
-0.816138475393706
-0.761913940126031
-0.795587615264856
-0.687595426418515
-0.744774964058431
-0.71486047684801
-0.646891248823575
-0.552890740422003
-0.5423137381856
-0.775757993181696
-0.771701374609357
-0.695874878972603
-0.783523505910193
-0.78170975228592
-0.676471519268797
-0.732990218635524
-0.737303814442144
-0.821769263457172
-0.783649375244296
-0.568480401471582
-0.68064049109882
-0.779385353556555
-0.736440168318933
-0.774473259804969
-0.550854757694966
-0.637214633631798
-0.754665637669188
-0.751754896141862
-0.842818901580541
-0.650107368707411
-0.742345199913893
-0.650328078897436
-0.800191750989734
-0.595638817356805
-0.66484272831931
-0.665410122234916
-0.71460512254461
-0.5569062338937
-0.76719536196514
-0.82437120753578
-0.734776245229663
-0.607563212424809
-0.639667636469743
-0.57015557040409
-0.578326072484975
-0.620704048657386
-0.873888483662888
-0.585782579148853
-0.572574109784861
-0.737496547461075
-0.571780126515441
-0.445093870080364
-0.510429939451415
-0.718222731485069
-0.48020557996001
-0.526927576500715
-0.546067324602046
-0.6169732481057
-0.684214760765717
-0.572655995849939
-0.612076178704097
-0.618392384851317
-0.579163385332163
-0.609264912151273
-0.549829032985533
-0.613589295171341
-0.727127748387525
-0.612878312795821
-0.675202411186759
-0.545187465949848
-0.678253475059695
-0.482300364261957
-0.752438453136057
-0.50134016131569
-0.560075571094859
-0.54821004354737
-0.606018480461611
-0.488408225001687
-0.476805784182989
-0.603433973373462
-0.609554401938959
-0.656024356733533
-0.464090974024479
-0.512321551400204
-0.650177080586536
-0.536209065438756
-0.497701979812647
-0.687665500121287
-0.530546350188336
-0.552037984976919
-0.515125501795799
-0.566932840138242
-0.52060424937701
-0.648693924158711
-0.61921239277488
-0.556202997605943
-0.586381312648739
-0.712045355288028
-0.554603400056423
-0.555681668523417
-0.594587648998141
-0.74753036562803
-0.484144078205658
-0.46870811569921
-0.44109332771984
-0.448981790511731
-0.424205331423719
-0.570645774521745
-0.554729408754449
-0.562527266011153
-0.700716292320141
-0.321730490353215
-0.46170816705735
-0.619598838170008
-0.44978131042939
-0.445316143004449
-0.534414568285299
-0.468018052674311
-0.460815566700872
-0.434817641956014
-0.503670829285609
-0.508391961874658
-0.449617716707827
-0.620810479634389
-0.520627307857427
-0.507405943808202
-0.399437136224104
-0.464005071905313
-0.495120850877539
-0.466374772551499
-0.660892341716203
-0.350461552780888
-0.536097285485863
-0.438051731823189
-0.435002281646214
-0.608905032249908
-0.544631046386098
-0.47465910247654
-0.371122431215653
-0.446703723700743
-0.506239176143435
-0.483676920125783
-0.440617849720028
-0.287116766683753
-0.552144816198362
-0.433033738823852
-0.595240099640842
-0.490055181278478
-0.499218576736167
-0.387424904819287
-0.295643730673334
-0.44138886654837
-0.435919015968323
-0.417313078952695
-0.396225851663185
-0.340801910140714
-0.421361708894738
-0.288408014231707
-0.57895551542722
-0.387376527696369
-0.517110507608087
-0.576751696618288
-0.413677364302443
-0.336909573486898
-0.573959344012957
-0.413009996833877
-0.463222582736394
-0.33862144626014
-0.282041970721502
-0.33843391967953
-0.388157366840569
-0.402271283935322
-0.297756715551087
-0.386633443661178
-0.368375231036108
-0.492220941070475
-0.426952417541828
-0.361361087621958
-0.395964764525537
-0.426836658556377
-0.228399882334554
-0.289866191307891
-0.358554600925138
-0.417373227329035
-0.422001859216413
-0.501613248465361
-0.248106482420855
-0.462687391156002
-0.317890186897775
-0.359078535807647
-0.323705389033583
-0.384591217415793
-0.34824752604439
-0.366391092418921
-0.322869688355775
-0.333693955695047
-0.405450426344501
-0.354357832503609
-0.39630660241583
-0.43281481560266
-0.293835446031123
-0.377340611032969
-0.210886765073195
-0.174069572833626
-0.354263683952594
-0.316758204829283
-0.253371240680482
-0.295839984819138
-0.239856764128857
-0.265855899025415
-0.347836469137742
-0.264523035557187
-0.275952348442821
-0.336985410608833
-0.307620243446301
-0.283708407402724
-0.455183110680012
-0.4411114463238
-0.315947130540562
-0.238586521355457
-0.368094864251204
-0.326769236907139
-0.375560009912587
-0.329966742524223
-0.36544769976923
-0.358505404575672
-0.209674325710458
-0.309756707956485
-0.353148672370143
-0.252854626388642
-0.254097702913523
-0.216925897776343
-0.32490589875648
-0.185573005857099
-0.173420023519677
-0.170761972845604
-0.17471484398143
-0.309049126642834
-0.202605397630037
-0.277383104817483
-0.393255596246976
-0.22160481639018
-0.161144293161628
-0.154929847158992
-0.337498585873286
-0.377412227585216
-0.285725008752347
-0.37194645686495
-0.317248514078797
-0.307242780840435
-0.280473382611199
-0.297451776986148
-0.196998964191807
-0.223041550004204
-0.19543678063006
-0.242506973593255
-0.254892889942227
-0.230290008329553
-0.241658040777791
-0.20435095156881
-0.184839002961445
-0.269101735046736
-0.278457363841081
-0.17043907643501
-0.196863081554056
-0.176849919861618
-0.334465152759659
-0.241398720996105
-0.183163048395261
-0.136826594806414
-0.24812269416073
-0.102317875267472
-0.180730825677429
-0.20972352857214
-0.264659850932274
-0.150033216659147
-0.210208793798762
-0.253743383150624
-0.151242749884156
-0.0485278909380789
-0.167391227182128
-0.297323207759382
-0.15855432842825
-0.191716648635619
-0.221173960174011
-0.155636702450034
-0.148684421589931
-0.166006526248356
-0.201022317137669
-0.409270413741729
-0.305003819534908
-0.188359193843738
-0.0699438994379992
-0.0104331301948641
-0.0570624181313052
-0.314395834062562
-0.0566454804134197
-0.237320478317736
0.00679987995590993
-0.104329413911234
-0.250722297645833
-0.0856681957044469
-0.270312877482108
-0.102542082513069
-0.12507272842631
-0.056178865530517
-0.296500732294706
-0.0918975317243226
-0.179291273978842
-0.214324676006071
-0.016245781913144
-0.26962973096329
-0.0632819518529517
-0.13215074916306
-0.115259391416237
-0.0654890817931094
-0.208702950258676
-0.216193739982962
-0.0773201679946381
-0.257767475814539
-0.131552509426427
0.0758167540595367
0.0127072239953486
-0.110138529697244
-0.108082937432304
-0.0576186260589225
0.0587967764853254
-0.0215894780960928
-0.126789585510895
-0.177254309831444
-0.209215868974858
0.0356700638521114
0.0301356333063518
0.128770003033333
-0.052431054985691
-0.0964400071440006
-0.0571704961594171
-0.184319378287403
-0.187481435300884
-0.179183897703117
-0.0693204192295038
-0.0631595438176475
0.0266185234756763
0.106279815419958
0.114227568770606
0.100822888026167
-0.0680715127577892
-0.121905840231272
0.120848630599285
0.0495147139176105
-0.141218210057735
-0.102970721619413
0.0328858581732209
0.0599512235361832
0.160117506146626
-0.0281297807604006
0.194937789050553
-0.0273535739519996
0.0377387547660044
0.0307800343437394
0.0334485077024824
-0.0567275540197569
0.0641903679833808
0.00498541697244515
-0.0657636466552847
-0.105651630998021
0.0942765036296476
-0.0179108548230225
-0.0686463133828792
0.0542738748759101
-0.134107459344042
-0.00469612087286006
0.00134254099962928
-0.0810676969884231
-0.0852254780510125
-0.126419501745757
0.0574632966100714
0.0342405183365436
0.0535064181381737
-0.0154074795813459
-0.0541185520765737
0.111771347847019
0.0701289895038279
0.00339867052033572
-0.0912135101318431
-0.0341581260397568
0.0575866689268342
-0.143904876503798
0.0262982339585651
-0.110645755669592
0.0774076333274959
0.110501103351695
0.039316537764452
0.0264375579040082
0.0282940807677253
-0.0641150515557214
0.072787040789912
0.0795025682616741
0.0819590265800712
0.199005988647468
0.154277973793275
0.0593934674978406
0.118487309501729
0.22362250785192
0.110799978073513
0.0742222301094127
0.0616805620772632
-0.0741514326755918
0.0948922383961885
0.0870467376297073
0.113818628403439
0.0892783443533422
-0.0143002094494142
0.0848326820012613
0.239554411793516
-0.0216501536114015
-0.00998701641675328
0.080896744738217
-0.0243963873276474
-0.0283242026732537
0.16763297910439
-0.0126863759677943
0.0739470869687531
0.0574021279356632
0.0480552502875568
0.0168685767658247
0.128273559145898
0.204093463764797
0.243648082505098
0.0521970843794688
0.196361108056158
0.0242407325710439
0.142828943649873
0.230191622343163
0.166366100895589
-0.0327119375125283
0.304576369375269
0.102819141994854
0.0704573960273634
0.217082214257286
0.0234822769319726
0.207432743174324
0.149188899337299
0.0446291962758051
0.092673455983463
0.152672369649812
0.132563199095654
0.19691088037023
0.0836919773105891
0.192135821853401
0.0555131773571326
0.161532021739618
0.061674690987726
0.129172225331086
0.145491827199434
0.117347621889155
0.167725026702107
0.0261583190507422
0.134293569541582
0.10169352044378
0.199534619756334
0.107206451232748
0.152048983841644
0.198315912604547
0.249602670652024
0.232102088116151
0.251323653555937
0.218845056728478
0.142382256552145
0.329620722687172
0.0927729427819609
0.0594253260978175
0.208187142578783
0.192766230675176
0.186668356689723
0.167741906478288
0.259044571619966
0.142994742570923
0.195491588856946
0.188002101031079
0.085730259915356
0.381190988879018
0.254695493905463
0.233750895222612
0.119706458266904
0.163736990406919
0.213338797583413
0.357329453716143
0.344007554952856
0.351560698339054
0.19231556069321
0.242083182798762
0.265774886649508
0.155410642468069
0.215070564597935
0.299956700665864
0.327644188068353
0.260595866783112
0.281278520437752
0.269766841272592
0.188749272400486
0.22682630617264
0.333075261476867
0.186939023238131
0.169418627109627
0.18098920206605
0.082536619772231
0.21501095232657
0.246518252231383
0.269153456294624
0.29491670297857
0.344156997353995
0.230208880886244
0.359425237915237
0.297183514274732
0.31171959257621
0.345566143751984
0.0913841201257909
0.242248680198032
0.214735705464085
0.114653581431667
0.376250980177267
0.298500136020779
0.375776166694802
0.317201538439999
0.311957150020885
0.271436063670863
0.329091945675352
0.378724500754625
0.324951953329755
0.259600250829134
0.295765320291708
0.310174007280575
0.335584684488596
0.294120674323129
0.314405597492544
0.291302732591589
0.320495198108887
0.279625734456962
0.327144659197067
0.135740375510585
0.30577377266427
0.422225369912321
0.319031947748325
0.40843801706728
0.31591035937308
0.263682266167479
0.314287643847927
0.306449992885716
0.283290032790051
0.403502380922397
0.244696578096977
0.158902301090998
0.294012776158867
0.371875988951326
0.340354334729229
0.248520697044924
0.392753903792944
0.472050350436162
0.358716992227836
0.188009983022241
0.363635432928967
0.324125628776274
0.50677880955644
0.352904381651205
0.34739101722901
0.34397524582184
0.540319126870464
0.310402556941688
0.396602270067273
0.439909763673914
0.411443137433726
0.398119436944816
0.465051821344954
0.475526828993962
0.409202830323775
0.352731632501981
0.332174539773232
0.45428446880133
0.42505097046833
0.47806862256004
0.470129741115841
0.370152661097645
0.510979815018649
0.408472771271811
0.35547438307085
0.437410244525436
0.366859242515613
0.453139636045124
0.41772490790156
0.352026584537814
0.518161752834105
0.473367487601476
0.347409452639699
0.450876445162125
0.27869364215124
0.530915403287926
0.329143219770662
0.544893246363852
0.424671817041497
0.317509378340773
0.457043573521246
0.541667475109278
0.502290950544133
0.360299281531803
0.465065408971199
0.299817652827803
0.344541011913823
0.504328027935833
0.679798517652756
0.320811191907115
0.504779073095701
0.49981700041244
0.479366399748221
0.714321438128683
0.425143473638769
0.568580926544962
0.597799196392027
0.494868039665916
0.510946890012271
0.465037256269324
0.619279590287195
0.56312470901438
0.499688055232821
0.60305949830204
0.414651582092571
0.609168902865853
0.50766852039006
0.609553756813276
0.531475969431582
0.460278265410562
0.52928510421459
0.440408169427896
0.453207916211021
0.657505497605834
0.48963457641896
0.53637664634159
0.575794795876693
0.553879413767832
0.558487319720432
0.482045913049441
0.693730678780488
0.558756336765392
0.466437522452036
0.685691658202467
0.495331606659062
0.562742349758995
0.597322422297988
0.621405506649001
0.446717426335211
0.584273294637612
0.57929475098635
0.541319517807091
0.524907273436631
0.404881095310573
0.600241111665747
0.604702239860882
0.591707269944695
0.500550184607168
0.700989551028176
0.547288842436383
0.55054778858361
0.612366441104003
0.674075919312201
0.557879347098932
0.532268602889715
0.609073551937649
0.609773344780345
0.668160651685322
0.516571448189619
0.50717174964008
0.780049705572467
0.64721909217347
0.591738474068128
0.64119979474074
0.555565089381496
0.566886355909435
0.537467673104319
0.706302924362514
0.620918741300578
0.52967555330316
0.601007519737479
0.480090834333636
0.415726424697054
0.650764725481475
0.744929005674286
0.637153309657066
0.655906929919735
0.573880104240402
0.780813556836355
0.476837053783293
0.784947522945335
0.587177228981845
0.771090121589327
0.508118776918717
0.54791526465939
0.514527294216648
0.547642225191558
0.723236063502645
0.712515211206209
0.712497276498991
0.517844018205862
0.696923650671811
0.765139537016616
0.636407751812746
0.576245784773548
0.671833264944926
0.776750930357548
0.575683451359823
0.618293151994278
0.68349556321083
0.604714733985391
0.68366167755132
0.782815405217922
0.519741028644617
0.672986081942326
0.669907580349057
0.63970150983857
0.73939846272197
0.787962842184326
0.634755077362621
0.740041159641015
0.646991965834778
0.587560276223939
0.690200682936206
0.849624140134663
0.66250277455039
0.829670459010035
0.734900594348677
0.809374713899088
0.661534094609699
0.642471241875223
0.621196762347677
0.758605787752257
0.639997454742192
0.859586866580121
0.727063870957798
0.705720680090524
0.781858909834581
0.819579905382815
0.870135107536051
0.845094677716609
0.795134622593476
0.731171539610867
0.737925017520564
0.868628665827803
0.85444883531636
0.728024275931933
0.784468635318652
0.753798348958502
0.829020394770792
0.801708615071599
0.830258308564018
0.650420693682148
0.84636275854782
0.84562492344238
0.625008010691806
0.610573166253148
0.809834722019619
0.735328450771284
0.804359994062805
0.724878011569296
0.753432437819745
0.924838894487596
0.697705310931837
0.830717000479683
0.71258190613154
0.856483718108799
0.753097538003849
0.881871777389251
0.974516660743387
0.697374068794196
0.811934661019285
0.773095541460143
0.92729667704733
0.743976207274798
0.844397614205035
0.958943240931946
0.757068488621255
0.963071769868885
0.804957605411954
0.829981496426083
0.887739083191924
0.919087984652627
0.748864945865428
0.709848853889884
0.826445968813806
0.861181895427341
0.889151083992333
0.622670215487288
0.733219803901426
0.806704127503077
0.840257101783701
0.842344712566076
0.92387106252714
0.830743449436488
0.746698404472046
0.761405509956929
0.972148569556526
0.880389465929357
0.794191529544412
0.899940890864857
0.806271278308812
0.94418683037129
0.80863569232427
0.925573127620197
0.89863838943838
0.93785209151467
0.810362126165003
0.878698490019176
0.88801794140809
0.842373918911558
0.91488442920607
0.926640892769505
0.900497436148678
0.675802482588635
0.850967259434618
0.786624976673968
0.932002396560475
0.835230909127051
0.814306276280113
0.878732160090943
0.809894457162111
0.922579409327715
0.885895909153682
0.898508545390035
0.896731122227058
0.871759393717836
1.00564708213981
0.846975291552906
1.03016639392854
0.956997722073479
0.853540749173975
0.849515263300373
0.890379353764717
0.971647479280269
1.02247449115519
0.916230876386854
0.760708345965039
0.875098077027785
0.913461874140858
1.02811265369671
0.832619389809291
0.925691551006298
0.946532426582408
0.875734609684459
0.899047517724066
1.00542939459631
1.03096018002249
1.00285834477682
0.861229222817622
1.03801834824601
1.08424028098866
0.907003841389759
0.96011338464304
0.956429674179558
1.03161698190282
0.932364273458525
0.957725324607074
1.06545792319982
1.0581491834936
0.893372645296001
0.972211592196831
0.984974232605129
0.978672275539365
0.824698002447505
1.0493703215881
1.06471722124482
0.978099898290801
1.08179008349863
