-0.996887919813807
-0.968259110644414
-0.931898187921851
-1.20701280060804
-1.07025320319766
-0.91557474859141
-0.75236904460452
-0.883912011948708
-0.993701505307462
-1.02517264692814
-0.940395670726279
-1.06729404376864
-1.0422650563478
-0.984384221422134
-0.883691658399675
-1.17843856859085
-0.948571296189052
-0.971824916734332
-1.00496458787637
-0.871336422060209
-0.889725357048916
-0.87158030471927
-1.11794133789719
-0.893075826899801
-0.99887420049973
-0.946179232134427
-0.886746358881139
-0.935286970782665
-0.995322060039743
-0.907674205343913
-0.920741366801734
-0.908247031473772
-1.09945908154228
-0.769717251095743
-0.948189056896549
-1.07158311015671
-0.917873728947513
-1.05092606252054
-0.877194741286864
-0.98866037781767
-0.816671450278871
-0.962511397917685
-0.91747248430052
-0.875571821862946
-0.75987547025058
-0.8486743998509
-0.989927627307752
-0.934060739339231
-0.759939910698545
-0.951607724834575
-0.858780058974848
-0.879591370480364
-0.791258868444687
-0.958085025924181
-0.774729018677914
-0.960012736368501
-1.00321940209458
-0.916151544891487
-0.827606629538529
-0.985383212812497
-0.881650289012933
-0.9330609925031
-0.95708884430178
-0.949240137768489
-0.90218657965293
-0.650432071508027
-0.834607262673752
-0.910112044494841
-0.931642976556814
-0.868840112978869
-0.961347817936894
-0.825308920062256
-1.00494851377462
-0.868671409798769
-0.91622509816562
-0.868315972784025
-0.784938137835654
-0.859847674761288
-0.876098525898052
-0.834090054644581
-0.834663767068528
-0.761334616046554
-1.02362953243753
-0.787489403276857
-0.730324480437761
-0.883091749129662
-0.777903682005592
-0.737593867643169
-0.850999698050163
-0.868929998325739
-0.859801865827484
-0.710314339033878
-0.894540135463943
-0.700447013280646
-0.810082828972038
-0.745264419736827
-0.797973864491907
-0.791123400316335
-0.769588216619667
-0.768472683616135
-0.81025688899946
-0.724992293637851
-0.955090199247267
-0.832441773899602
-0.746374966297089
-0.832721332006507
-0.809103898245815
-0.786093536288548
-0.859391342261809
-0.659031845605406
-0.764273298835568
-0.69754335697657
-0.73401844039221
-0.706255775368786
-0.91603577131702
-0.765371541126273
-0.875400293243503
-0.661085738702692
-0.717898011170694
-0.631747923655517
-0.792535386343132
-0.761731114286032
-0.663505920473268
-0.704245105461925
-0.621003647662582
-0.62760246635972
-0.785072402897232
-0.705978739113846
-0.831054235136733
-0.720314188051625
-0.697179718267453
-0.835207991843453
-0.694592177880267
-0.649760780223443
-0.528289330268803
-0.659815357166529
-0.620584643535735
-0.639588746694492
-0.670210461354496
-0.650776776352084
-0.670963359819446
-0.736096169533955
-0.832382194334276
-0.710833105060968
-0.799490041193546
-0.720073448878541
-0.624197829586313
-0.734646830436791
-0.532720971945721
-0.762199837665375
-0.683577118281121
-0.871172584497421
-0.699797862235825
-0.66328304469982
-0.779284493423048
-0.69765285686999
-0.745022962544461
-0.79249758496713
-0.620502587484061
-0.71302498080218
-0.694315599957823
-0.720416545664717
-0.725519494569245
-0.600437251592179
-0.586979417347151
-0.742052416035682
-0.477469725574997
-0.870439102472558
-0.751963790774575
-0.617386739910341
-0.717319697300211
-0.757096384738703
-0.683270062977607
-0.851484284518015
-0.651096507260421
-0.523810467388994
-0.748681738099424
-0.713191883911306
-0.709451568826373
-0.610213362737271
-0.522042146822519
-0.525759320400061
-0.696237941364992
-0.640873902569837
-0.608228508501297
-0.676980667859168
-0.553134939034247
-0.749331369081542
-0.604244136357664
-0.704204480837153
-0.611667938228162
-0.683908818840608
-0.629399393862864
-0.623288229439458
-0.622891900307466
-0.629096338470735
-0.602230928135959
-0.701053813745095
-0.810097018929062
-0.690569955038353
-0.573017497002403
-0.67445879073562
-0.569584845118525
-0.476166897506085
-0.509102482795187
-0.576871433290661
-0.636339302974346
-0.740617789854834
-0.552212165101678
-0.636528582138859
-0.547881166821928
-0.509303895779543
-0.432583169263111
-0.768513273759614
-0.673733596159592
-0.595057823208293
-0.35267891660975
-0.56009754505198
-0.550717415804256
-0.646299315746207
-0.634678404955654
-0.508051438359065
-0.542564869032276
-0.494415111574816
-0.548157850338028
-0.396803536389594
-0.657432945124249
-0.580611813981608
-0.562516981250342
-0.595660523111958
-0.615225410240002
-0.639993836747415
-0.424067231820942
-0.581905045326694
-0.525606523503
-0.559117263826259
-0.436062857829208
-0.762063712022672
-0.473203997764034
-0.57352179801463
-0.536995305259834
-0.542604197638113
-0.419258318776554
-0.409702299792742
-0.582636381782496
-0.375752079934164
-0.583952942525129
-0.459665348471141
-0.604705674124116
-0.441176497651636
-0.403037125214684
-0.427568141584806
-0.44753973071295
-0.337522396897871
-0.572764762004737
-0.623727457819101
-0.417483078437145
-0.32975387971778
-0.50738084033729
-0.540942361854156
-0.483153997226239
-0.373815685161606
-0.597112809574046
-0.485746076622076
-0.541141040500053
-0.515398026045857
-0.243237914270336
-0.569229929588181
-0.387657210419652
-0.528547919435706
-0.420822553600522
-0.373169628534956
-0.329298434123149
-0.310637483145197
-0.638726939492785
-0.314997025426247
-0.485304376531867
-0.513292827499441
-0.292259545556036
-0.480134959632001
-0.512597584931639
-0.445851795375186
-0.515332786643235
-0.380840449405687
-0.461202363498584
-0.4323813492982
-0.147736134597333
-0.532869489824872
-0.416401756122616
-0.316693646092206
-0.440089540615263
-0.438652820606243
-0.494502639298585
-0.267200116609738
-0.379164315947019
-0.335608405305195
-0.452294982234248
-0.327502230167899
-0.342263684499768
-0.334905802150683
-0.451946669492594
-0.404475593800824
-0.331239205973059
-0.38195179395252
-0.323687852803807
-0.267589458986946
-0.467351891529619
-0.414115145262621
-0.374724000660997
-0.346637930289546
-0.412288224994797
-0.478913529300519
-0.382544012908671
-0.385843160512035
-0.406697020818777
-0.580957399746838
-0.436948653488457
-0.33810880477113
-0.350659382829664
-0.370209088777549
-0.344050697433239
-0.347889383963872
-0.471874472388105
-0.307390661064756
-0.198684111458043
-0.416521066914723
-0.395804029537359
-0.212906929164905
-0.259616170161643
-0.342679716988875
-0.515216876880537
-0.405703516257004
-0.219171493296816
-0.374109617844722
-0.354331853129607
-0.287140425915991
-0.323264366715282
-0.340277277750241
-0.376024903703166
-0.337075801797644
-0.278081284196145
-0.515636456244947
-0.175353548038607
-0.31971103222898
-0.122119565088103
-0.298693097265308
-0.262279859295993
-0.27732640759372
-0.295967266873962
-0.223609214321395
-0.34642527050927
-0.271731322550294
-0.280391603245481
-0.267284328372074
-0.448544129969265
-0.274233150070461
-0.358405119776531
-0.262276003196619
-0.450587567409373
-0.390191197923025
-0.275945093547575
-0.338357197807416
-0.365854822868839
-0.11401788360401
-0.315492799158917
-0.25105834017712
-0.182453129303415
-0.328630671782284
-0.426552433354712
-0.307235569139017
-0.125467140299291
-0.356803342320474
-0.20674713180507
-0.28335293758598
-0.263660828631027
-0.26361615636145
-0.102600254464338
-0.350941661669731
-0.293640908228606
-0.241496012445594
-0.205261664052049
-0.164560339272128
-0.327583359980858
-0.297095094378645
-0.233276680948968
-0.256646263284807
-0.32266146766692
-0.189529766050293
-0.283490600810798
-0.317748224802836
-0.366790246996532
-0.283327076885816
-0.222229358875528
-0.163180433034228
-0.25171251702749
-0.206264654083549
-0.305642195781824
-0.205931053043709
-0.0725369515410712
-0.114157010267561
-0.251309105747083
-0.239744349212462
-0.211900827567
-0.258744761247334
-0.285644420474515
-0.134307038187971
-0.261741666735377
-0.174170569465108
-0.187038405158029
-0.222719972247225
-0.189661854941343
-0.168527938314342
-0.249398883110532
-0.231956343117343
-0.00367218195482744
-0.216542354579942
-0.225124603492111
0.00557611385832139
-0.281668633828709
-0.174813652875338
-0.114857649725141
-0.173792301945006
-0.181544080045874
-0.0277893251350936
0.0699684798083492
-0.0642700661302072
-0.102246544319171
-0.0419867921112305
-0.281955275571712
-0.069115620860324
-0.289553937509009
-0.13227505894397
-0.193162193148226
-0.0478876996474964
-0.0989286385946344
-0.137716407160498
-0.203958735941676
-0.113317754921185
-0.118479564035323
-0.0863833900651182
-0.225624076608051
-0.0629817924846724
-0.0285215395233085
-0.204198106081762
-0.288471092119274
0.0114571039470294
-0.136797328467455
0.0130576615955519
-0.107569651420103
-0.1022324231145
-0.135638823471738
-0.0935507942882599
-0.145439090175906
-0.150317210623447
-0.0688324658151316
-0.0781209742575269
-0.00471138634800942
-0.0274937852025168
-0.0639016311157821
-0.124639823714327
0.0121363779050021
0.0599554757494252
-0.115916768835756
-0.0477297501968299
-0.0210213298142646
-0.100905819462169
-0.0293914780353993
-0.0338514347005146
-0.0447644838421539
-0.0227802086402719
0.0155167497039507
-0.0846444173790674
-0.113109067189668
0.041688020490084
-0.0567508668398419
-0.152241268865341
-0.0590160246252984
-0.159211072178132
-0.0189769943064527
0.109483616522554
-0.0614300912935947
-0.05923407832307
-0.0101413890779697
-0.0384050732839109
-0.10967775998779
-0.0799443730183487
0.250299167745875
0.149359110381996
-0.0210877034959904
-0.130231490413648
0.0438238160641192
0.0309925485886104
-0.0469934687610399
0.145263622124633
-0.0383072818336425
-0.0376316295011025
-0.0140563425310793
-0.0349195184762681
-0.186737975689836
-0.0432557259396491
-0.0662942111853846
-0.0589042840025628
0.0929947678478149
0.0422617801548278
0.1455289737707
0.0875418750537715
-0.0545294334193872
-0.0569860087035903
-0.0299779606865802
0.0169276838469173
0.00750081103242086
0.117263156591769
0.0625215473821989
-0.0416334878232819
0.0371206567100353
0.0629619655427873
0.0437799677721274
-0.0140146246021482
-0.0477578369009819
-0.0686101510621524
0.0101787238187042
0.0262855222973069
0.0447103755749693
0.0575497121118535
0.0702531017822727
-0.0871450056880954
0.241144477066734
-0.134098444287339
-0.0519429435534853
-0.00674184342509232
0.107698208492494
0.0664216939288489
-0.0730828566745998
0.0602850325640674
0.136369598819263
0.0712701424283758
0.0782139719870119
0.0364818626430773
0.0533406478634403
0.16176934380622
-0.0144922313184122
0.190967545749264
0.24907574858565
0.0455708086558478
0.0730887773881797
0.0284561445380806
0.123729174917425
0.00280737096803645
0.0910280845489759
0.0966590839312411
-0.000570819526892883
0.0594821496654148
0.00030333404904557
0.0847946169621336
0.0810819905571949
0.162627264636122
0.140266265862245
0.163269407022305
0.139071831485146
0.112474277131319
0.180515046179737
0.00915996639115845
0.0630162329660617
0.111072528078526
0.163725120865662
0.222886999731875
0.21189444177837
0.190212977836761
0.1227140366523
0.165994860479609
0.124600781807429
0.0527374768613293
0.136849752345725
0.148119292041408
0.180286256559926
-0.0222607085816421
0.230082734569525
0.141191048411849
0.147977421470845
0.216178013254869
0.319576824343274
0.145500289203429
0.158414692044563
0.103661607484575
0.126951865067795
-0.0153458817275999
0.294522682362232
0.401830242002355
0.137518001831547
0.233204664457844
0.0929556553383099
0.100258323269858
0.16172310272603
0.323095359301585
0.28534189007512
0.413953274081572
0.0461862501582264
0.236338630729798
0.241191353849196
0.126211843608294
0.146450417436827
0.213129331492744
0.22317097123648
0.176394170925011
0.125410268526475
0.255284283532582
0.335643233975522
0.293527070238192
0.259844817375586
0.249677526354483
0.218141198281481
0.203411306414597
0.140302464222221
0.326061892894776
0.292148281139587
0.291683407808042
0.389416779134115
0.290316017104412
0.129907374185321
0.268959754007667
0.221663674536821
0.279849086124709
0.287147968214078
0.430685282551521
0.184452119759126
0.321430515050036
0.197548781992661
0.151365690695499
0.230641897674482
0.187680220826969
0.284869458326736
0.268326593779991
0.295286454678463
0.448826273318765
0.338610392788015
0.314865504439408
0.254051271746609
0.35886699696031
0.288009876567898
0.289589985023238
0.190586822262611
0.351899801557671
0.277219656170195
0.331510038788164
0.288187428866028
0.148715411783001
0.239391799557462
0.358435187916567
0.48318411197925
0.302171053926225
0.377969510621995
0.212392197238837
0.331334397322435
0.205832262754413
0.27640744088886
0.330109566566808
0.293110965933855
0.256001174294876
0.369618104189508
0.471246288942183
0.324763780972185
0.306769958782035
0.417668722424576
0.363315238779736
0.376013039747387
0.388713882236997
0.321038507164247
0.280406243754705
0.149729699125969
0.406293819945449
0.462152688471564
0.333383994095773
0.388436361837656
0.49200233486535
0.344571026605203
0.351283260200833
0.366425975090376
0.30834325356787
0.274545374343433
0.51333683316739
0.373364495865264
0.570454801762543
0.413175850787417
0.31286007706438
0.233953358622786
0.334152850914939
0.480392032715368
0.331257501703312
0.412630903382971
0.326094102011585
0.299004548840425
0.546263926326323
0.476183575424016
0.474123110887256
0.344927303695741
0.411621089525573
0.388861219404413
0.601909896363272
0.404241695863352
0.427250115463679
0.396326098520957
0.469243733118246
0.492059889423905
0.412137931327797
0.338367011466159
0.462805723283805
0.304279779167052
0.346872942359497
0.433726873169762
0.445324490045601
0.383817564693453
0.495192089924909
0.437664765557897
0.42231543356381
0.265265187547316
0.376944019160617
0.347056268170137
0.358675873496834
0.451738292077252
0.468151489759599
0.484396370164556
0.345645182891786
0.297591819945224
0.357658366619352
0.490931991052184
0.585486586281896
0.475169124857759
0.537271372291618
0.478974330572825
0.490667913722166
0.471444603121529
0.388943734902382
0.546114102841412
0.416501048860684
0.532707795357592
0.490742156833415
0.514032927772889
0.608710605902507
0.574711905808188
0.504189498320204
0.491119539198177
0.409528238177854
0.390168341095812
0.515564115623738
0.530413201065561
0.528820597863942
0.524310591162362
0.555441459560099
0.539884862458995
0.462124168246004
0.574111707874682
0.466433520908119
0.383704665240256
0.42468957989742
0.519751349983733
0.643040597083768
0.498537342356299
0.452646390715727
0.554911262843563
0.6566727127316
0.491406800946212
0.410692739614763
0.407371053834687
0.511607348740579
0.590996437273353
0.570395174548097
0.493548886808807
0.460841878512312
0.449783103805781
0.420427388491326
0.371902538501009
0.529678832766564
0.471455755970865
0.711734617852997
0.625216229530411
0.602125536848267
0.623355006330316
0.533374705497598
0.560804369012342
0.490319542723606
0.498434830570757
0.56030476303716
0.389009206746737
0.771790182614727
0.630151886731254
0.573558002227205
0.63108550547661
0.806760235479614
0.592423002508569
0.589478157938657
0.738213083177427
0.751976073428039
0.681125369835588
0.529002559835658
0.59544683557366
0.573783131279101
0.536046817602206
0.670569112422926
0.670467718471426
0.566424761597842
0.705743185416495
0.570416579086212
0.778844931015385
0.597189203410568
0.603494313137343
0.719671741622284
0.641772633855142
0.707299439095674
0.447018358357355
0.651925319512593
0.595823869317785
0.748289360489061
0.616308378028437
0.553584666269197
0.543147663745467
0.613532764367017
0.755927926567059
0.677558489267365
0.625993900868647
0.747481330870587
0.702670784509133
0.448318107784323
0.612622900080092
0.701045773778211
0.728306385265145
0.53476911239866
0.573935655303266
0.603772333068961
0.532246739628452
0.653613547766089
0.74783530991456
0.666518638773254
0.588798348639666
0.538354154453187
0.62037073633335
0.745188813818829
0.709352371223288
0.723699278463583
0.648030184518037
0.690247214987397
0.600768558698093
0.653345429274246
0.792297276306503
0.831114493199875
0.546887095015989
0.743223960925589
0.713704222336692
0.743885256903187
0.688948983003
0.657384705390885
0.686281843001055
0.651395076715653
0.764629668858963
0.589474440573407
0.757298910721207
0.597513733387279
0.708302246420616
0.603692482650934
0.693194677323429
0.654220102123516
0.54071714596378
0.528296027936834
0.808198881149734
0.622767008486788
0.677977467826518
0.889811839297621
0.805228111340001
0.787135658941224
0.689220576997292
0.760175905804049
0.730099527849706
0.696638555673417
0.746535892428432
0.825549980450795
0.756236752754638
0.781852303298822
0.800616088930066
0.737053087604748
0.749662157727056
0.771520405991014
0.884583906876999
0.889195147028528
0.865677334540873
0.78602446684521
0.837137557622113
0.802009931526936
0.653464580853671
0.722848670300349
0.910688710240773
0.987516935356608
0.593909200712125
0.724266621316472
0.764947436667375
0.813643210575423
0.747754844354754
0.845282866089333
0.910028724215006
0.609208318162456
0.842172058728678
0.882648327141573
0.806154271063478
0.734146094781987
0.854322504596499
0.65803987859105
0.717702642354249
0.829235557057912
0.820086688953579
0.93216985604172
0.941609336101888
0.83585587137675
0.754685586448714
0.927563806546516
0.765603680459272
0.744883483882507
1.00220350833063
0.697097124842512
0.75603191851066
0.785750786218404
0.649922297860114
0.813581941052923
0.854680490200059
0.962057066211422
0.77394333157456
0.786378313821338
0.869046128963118
0.946290004468998
0.909290314383661
0.682018546186183
0.9299727167138
0.861272372449322
0.773509620696541
0.820521762557451
0.772492420865417
0.728132324018506
0.845760359813546
0.941490241569924
0.667213362131909
0.752708685587552
0.939529320520913
0.839926150243848
0.923662523886809
0.977884163009804
0.746854128265387
1.01098852745094
0.898521636439538
0.908158912423561
0.984774556393837
0.867994929615645
0.80296653655658
0.971543399888379
0.855688416816483
1.0800610247096
0.761325049557932
0.995181794300448
0.68708784423641
0.88287420381667
1.00597514322926
0.884650364841225
0.820955847532333
0.874726751046671
0.812284961703585
0.94580714792489
0.789387821726204
1.00985994829284
0.994714918910959
0.950924103685662
0.913921987240493
0.884438254312901
1.02786534581797
1.07933854524943
1.0765357916247
0.84410563181862
1.04272416471207
0.834545144770182
0.962941788140776
0.771321219976721
1.14594258358613
0.998369326625568
1.00050524961433
0.983047017645757
1.00711276847453
0.931403905392958
0.926474174990519
0.973955113703696
0.993247937137442
0.923217265292234
1.02292277303712
0.995091287795542
1.18559938431653
0.881734923094531
1.02153107572149
0.917336787412427
0.970925728311287
0.920648978538926
1.09778183323914
0.92655438012401
1.10012804200401
1.14495244684906
0.930429017076055
0.999397603160051
