-1.05359991775467
-0.992033159901164
-1.00063261027187
-0.918911251907614
-0.914853382938574
-1.10026585525522
-1.07444796481244
-1.13019811244488
-1.10262833137335
-1.09521848707561
-0.923958240762083
-1.0311413475349
-0.953687308640166
-0.965430462509919
-1.02453888843698
-0.981493542273787
-1.06416267742863
-0.952824554283587
-0.837047072532784
-1.09727701992742
-0.855871156143581
-0.945325041672369
-0.986049237632666
-0.913967307693529
-0.899683967804712
-0.888036966502621
-0.948817565092731
-0.840855290851555
-0.988168622839757
-0.837768424737988
-0.96076973431394
-0.766770764497597
-0.990511324197875
-0.739419825872581
-0.977044965219928
-1.02427020324151
-0.896647630660074
-0.90199893104785
-0.752009689576775
-0.845835723106116
-0.877845728884993
-1.04652364268016
-1.01748291586464
-0.72237595800736
-0.833949593731268
-1.04964275752164
-0.905145138949075
-0.777232070901704
-0.757100574109034
-0.914584840046999
-0.964044640982337
-0.960408800597001
-0.980286155961949
-0.916886042851891
-0.978378186476962
-0.935490899324958
-0.883363520370188
-1.0236649327538
-0.827607047837239
-0.888352611985792
-0.904166222822105
-0.781535711584741
-0.960386245314288
-0.873505927737361
-0.867253025427469
-0.784528507714386
-0.911300747301391
-0.880583557676665
-0.852298094824952
-0.873723593791158
-0.959209819218499
-0.841852981462466
-0.76502050885654
-0.774739681002569
-0.685054997232899
-0.771992721360509
-0.79817794491206
-0.824121258294669
-1.0212837905482
-0.881779476486205
-0.789698630585224
-0.868625640501396
-0.763989632303314
-0.758511537490398
-0.852087552661049
-0.958315182928796
-0.723956839807841
-0.999366543670912
-0.80899954103813
-0.812765777546422
-0.943099496310425
-0.891779871556667
-0.759572348820041
-0.89514016964221
-0.937067163481718
-0.818720144855199
-0.758757180816836
-0.908731828479895
-0.688315725444107
-0.785892263029547
-0.795297382242262
-0.727874309611726
-0.813049577887239
-0.925374268915706
-0.915303033953943
-0.787470899576031
-0.887282299098054
-0.781996434650794
-0.773528607575182
-0.913016522607066
-0.684740442654718
-0.738656980101885
-0.805563992931776
-0.770949127534281
-0.765834046796406
-0.756167843595911
-0.716612566792482
-0.78272553349326
-0.708777213598602
-0.781708319641721
-0.815034484692264
-0.874362153818477
-0.646706479199781
-0.729242934174351
-0.688740823518888
-0.69526899205476
-0.815025921214098
-0.915373481900763
-0.800402637377773
-0.757457413757442
-0.83133024145738
-0.672108742606539
-0.687630788799613
-0.792844701701773
-0.692682197904468
-0.695927373240534
-0.831612953363519
-0.813402896530251
-0.710009070199342
-0.659152460006215
-0.779282932211164
-0.769181115617052
-0.733845214414819
-0.796664261991401
-0.743345610620426
-0.891123601647984
-0.672903449170939
-0.741061623521898
-0.735230501241659
-0.707387427132519
-0.737767659386656
-0.734521677814748
-0.561943818341551
-0.623277373004563
-0.573433863360874
-0.630087656736439
-0.585964364571
-0.662218720766887
-0.740500299399946
-0.681509039907618
-0.711356690867374
-0.820426478974717
-0.714394042587308
-0.599972820882667
-0.60713283001309
-0.656439197575065
-0.572509890739621
-0.851995707454867
-0.612427015285964
-0.657707982948809
-0.742406166134982
-0.747233443882282
-0.676426240368275
-0.762912971389443
-0.565931005540961
-0.590094410232689
-0.602507649872035
-0.763699069332317
-0.642479077747189
-0.502473587396931
-0.47733761979983
-0.697640370904402
-0.742346244417273
-0.519398023777621
-0.640803859324111
-0.571930996977442
-0.745871066747773
-0.655007470991103
-0.714795142267185
-0.640788844174264
-0.678313303286745
-0.585448280969811
-0.504365824219811
-0.737274426398362
-0.673200706092226
-0.602386836487643
-0.707574600995818
-0.70952106888048
-0.595850318919988
-0.692464126577297
-0.632888754726457
-0.685776392635459
-0.510639079610135
-0.636235584786741
-0.683600205349102
-0.616030070646867
-0.466943712763962
-0.61353323402737
-0.683451000794803
-0.660102141517805
-0.624998928329792
-0.552987677277695
-0.545872564622525
-0.544199198224944
-0.622758527479185
-0.629373516878003
-0.590265550335747
-0.551937633361076
-0.444979617882307
-0.590314542543068
-0.624696247653254
-0.695771812280609
-0.393217453528092
-0.470382890947517
-0.516223270190158
-0.587971530441753
-0.555812840071121
-0.562840700022145
-0.397165680070931
-0.692739254225599
-0.63413715580948
-0.55259004045054
-0.454250799867168
-0.438121106234955
-0.430029469134789
-0.672671084729645
-0.28764930282035
-0.524786872070098
-0.515945169637134
-0.493055577524278
-0.552187971669531
-0.564903793263217
-0.416176842797101
-0.451626612603225
-0.514490436329549
-0.481988982943207
-0.529212487501461
-0.419169045509214
-0.363901617657369
-0.623052771531534
-0.5669537236015
-0.562512177674694
-0.510171232967967
-0.579300523113436
-0.49606491298604
-0.367158463638996
-0.550785677298083
-0.452959608637206
-0.578240375007669
-0.591731786833037
-0.285955576883285
-0.416200301833416
-0.432972991527214
-0.63423054349995
-0.440644904769432
-0.34013966495694
-0.449842433190784
-0.384617849567013
-0.480746749029596
-0.443870040723444
-0.540706550244264
-0.369802648803062
-0.494683242770385
-0.473874341444524
-0.417987097359917
-0.415504979953558
-0.547641880197541
-0.364138662748429
-0.508468757259328
-0.46407628119308
-0.398788432303706
-0.474237167447196
-0.572031102694174
-0.48031330929799
-0.241750689308055
-0.373290024955687
-0.40327321747023
-0.372968331685109
-0.533226654921891
-0.330496904540614
-0.543610387542376
-0.394348961159735
-0.404595836804059
-0.18078481702526
-0.424684838049992
-0.406157028097178
-0.38711288381783
-0.50001977699639
-0.431074327642343
-0.478466101081614
-0.325799790449345
-0.497564846652608
-0.516771654731731
-0.371462423234975
-0.461012974883371
-0.347796425151792
-0.428565578620547
-0.341593623871541
-0.50468995836689
-0.393877016112023
-0.486869673581797
-0.351567635975862
-0.39477338883247
-0.258866453762984
-0.434921029362754
-0.220498743158498
-0.552301446577683
-0.160922080732608
-0.309604621990195
-0.319313830571911
-0.356639365087902
-0.280315648536506
-0.285520675447071
-0.487286397175028
-0.294032472335213
-0.364824311066997
-0.303661418261935
-0.462127054947503
-0.267072566648633
-0.493951356905797
-0.326492933950339
-0.3968231468693
-0.308255606528514
-0.517977133860478
-0.199175989548299
-0.299622980181797
-0.178864214784912
-0.337079950184603
-0.233916732792364
-0.332885552678043
-0.273474846957224
-0.234098314045678
-0.32067031060247
-0.338740644808917
-0.19140549973074
-0.158949398126123
-0.328743889974529
-0.340923225613745
-0.35908631228752
-0.320315553858703
-0.20132619819523
-0.216424293715225
-0.241663102945497
-0.312711330398136
-0.147212808082456
-0.325780793468416
-0.243348271736781
-0.270461324727993
-0.298065645502329
-0.262307772834143
-0.217095279015
-0.367124670626866
-0.254776993002231
-0.368947436798601
-0.306536470122366
-0.269286232748866
-0.332755849847029
-0.157235216991463
-0.305202290183382
-0.317505376994412
-0.174313638886846
-0.150517226271046
-0.380803477084594
-0.245808770332481
-0.268351413009476
-0.23842589437618
-0.257387480491846
-0.258149736206118
-0.297237510374054
-0.266950636358497
-0.159322374005581
-0.201344787637413
-0.358308648713872
-0.181361109186361
-0.216582563619137
-0.143857887938796
-0.189974452305311
-0.291415837314918
-0.160582261787874
-0.342346517266947
-0.178368276108419
-0.207819920020842
-0.336079151733115
-0.250200736209651
-0.238410812843012
-0.121530639500051
-0.269992959032613
-0.251629115019067
-0.331966374391812
-0.113015700638743
-0.0602072028294239
-0.0217044056390105
-0.198124577195565
-0.154204728447401
-0.324048290579315
-0.316349844501596
-0.141048466875782
-0.125783571807954
-0.0832720955726272
-0.202291498724425
-0.177998319702226
-0.09715728783155
-0.135284208429261
-0.288981815934413
-0.159045354151269
-0.228856073780881
-0.125386170705775
-0.0139278304247586
-0.0994424251275282
-0.134621376316116
-0.0985414919541549
-0.123010810211772
-0.0948077449947413
-0.12517113867933
-0.123972214012983
-0.1682721375886
-0.0456889062725433
-0.129397709478324
-0.124067704024828
-0.256099821664545
-0.0551581643845101
-0.15701041404366
-0.154381536632347
-0.163623364670235
-0.104254765882391
-0.169048960557401
-0.296834028215752
-0.112259980978212
-0.0402473949864185
-0.219100371858348
-0.210068009990787
-0.193552733395483
-0.0876559504159628
-0.0573064225641152
-0.242416020283011
0.00711104288941735
-0.0543812944150854
0.00354161657187472
-0.266256363732278
-0.0892348138689553
-0.200382318049095
-0.097668528562734
-0.23034448864529
-0.107014298564012
-0.0202481391396159
-0.0932482782983878
-0.231929042219412
-0.0769185518992036
-0.0215804331916463
-0.00527469384946181
-0.164465547963742
-0.165433012457819
0.00619385258051645
-0.153887184343829
-0.125214553079481
-0.108767009161605
0.0364894172059615
-0.0814573293305007
-0.0782036075120111
-0.100159827556384
-0.0363397176304536
-0.197744104186644
0.0378392752482625
-0.0128399833334273
0.0326943826547029
-0.0745651838182145
-0.163892216696477
-0.0196674952021559
0.0232745998246981
-0.070651023391885
-0.136435409124046
0.185378351562024
-0.09617597735879
0.0157837097021104
-0.148393997028359
-0.0652140750070814
0.0731462734805528
0.042623933860196
-0.0790302797468548
-0.0690544898799668
0.0139917812428563
0.0224030297172916
0.0335107166876428
0.0415216188826418
-0.108603523063475
-0.0119678162318505
0.00991104270655468
0.0880871226462195
-0.0662963707867521
0.0307428349996161
0.0309985654268373
-0.0726562479058246
0.104241241113701
-0.0441302595190635
0.133141721257396
0.113002452386927
-0.0297960821109722
0.0583025563199599
0.104394854444465
0.0514089311697565
-0.0201706458897271
0.0136373145722968
0.0591695663633759
0.111292785943722
-0.0979721378088889
-0.0186075698131632
0.0612572688528145
0.0874808696024207
1.3712093688864e-05
0.0943499358282227
0.0433689701008906
0.131518497700947
-0.066834181045645
0.0794800642597158
-0.0062279487961024
0.137261734423774
0.158964967774724
0.0700109226202547
0.0428495628086973
-0.0916648589746881
0.144131647566697
0.0390333531753249
0.143738582642956
0.0950202531267136
0.107911073932812
0.0527818139518783
-0.00771974462293764
0.16745897647761
0.186854837351251
0.134946658704365
0.110699774988162
0.0864748162933067
0.229537069573007
0.0248058790857911
0.157491388278878
0.184039436987376
0.123711949338744
0.244473132227563
0.058371210819086
0.239384746105421
0.122520690553302
0.00871554921309698
0.191918805445879
0.0869421537020993
0.130718807260587
0.315516789536601
0.0385592283858881
0.13992436834841
0.27963279018989
8.4142978162912e-06
-0.00228801009548514
0.121014779707622
-0.0120140942386661
0.221414831760074
0.211448908610459
0.118342260689646
0.0579038957224184
0.244843713417745
0.176493529762764
0.102585909871657
0.157589292361241
0.18203236412839
-0.05575468637549
0.171758975073354
-0.114063852207159
0.0738267628947034
0.195559475264151
0.205848660026964
0.247309949448431
0.313503363023873
0.182479716220274
0.327676946027534
0.220067103898079
0.193093700713887
0.172135744959627
0.195669642812705
0.110101223871663
0.125753924471904
0.162147195205187
0.199407137906563
0.196535329602913
0.276196354406815
0.187773113330309
0.196681056140116
0.224535438690839
0.119165207981152
0.270615477343796
0.246559550910724
0.302396484930033
0.27878916421439
0.157246962437429
0.355937259361644
0.162231373334947
0.382333276541931
0.32025539124515
0.0791596076699493
0.188354903845425
0.420428101418023
0.206662184844732
0.38432637416195
0.0942441873407415
0.187316498212627
0.366212529597976
0.226396772744089
0.21651937758338
0.316130048861608
0.245007183132221
0.234109115954858
0.314586671541258
0.222305806221448
0.195454506150249
0.290650698312063
0.405375672391874
0.321696715467644
0.190361299794264
0.186805495123899
0.27465698405032
0.264430064569326
0.344309106947753
0.232577531221237
0.309449708752968
0.220485606022709
0.189643567720221
0.167512805333589
0.316744407073475
0.316260835095014
0.330876394206231
0.23734384780115
0.12273477777427
0.298288182729275
0.387928628336279
0.21268328852334
0.441266749263676
0.284718207361899
0.365971512095662
0.267274072264278
0.286022434386922
0.277364076747548
0.303391643980043
0.290354256186114
0.155123482726926
0.222044483090982
0.534630273894999
0.362705079746355
0.295669289473559
0.414910223286019
0.268881469365289
0.3802136153129
0.209047287233217
0.257587547309188
0.440424056077274
0.348827111130961
0.195623254949468
0.352135631490752
0.21768413317276
0.303316937812532
0.318412391183491
0.32311868445772
0.313533373774334
0.302122052153207
0.284989520448008
0.263644472729778
0.279418636512595
0.328562436295803
0.357083502545089
0.328096653202343
0.354684887415145
0.185770264665512
0.348620698477901
0.304531846338546
0.442049648463206
0.325065032185086
0.290133099623969
0.370313906102844
0.371983687870091
0.292600961396114
0.385728373743671
0.460519953932192
0.435790379844463
0.536616224699287
0.348063766282246
0.28087147773078
0.61529396596917
0.343669643644302
0.32085327553918
0.499750996325745
0.406767095917046
0.363130034260337
0.363261967676591
0.416193742812064
0.473345017491264
0.418550156098804
0.393904172597673
0.315973313810967
0.211319991543237
0.383871839686072
0.429868366345944
0.348646673328224
0.563723736283445
0.397252246937218
0.453019401953462
0.458015968755684
0.455830151003153
0.479518689060359
0.381856721833283
0.467035807029892
0.338729075581508
0.329383959269128
0.383747141170938
0.409524247921219
0.356068311161204
0.444741079715674
0.453640388209104
0.47868258725594
0.440593904673996
0.333013607162577
0.260325559630194
0.596917079713102
0.455317233207884
0.574457395818019
0.484587438215842
0.495005017712208
0.47700976355787
0.441040752375021
0.476461780958676
0.463712572089993
0.387197302932566
0.439081049895954
0.502259832962907
0.403444104667291
0.475779151377152
0.462919519711445
0.475030830351286
0.57113079293273
0.504579886948201
0.483858416104307
0.560853740383172
0.473160649471746
0.586047933344082
0.317253696383686
0.430712834565701
0.675055779075543
0.545312235928127
0.489973146940938
0.443373194003734
0.592560163943901
0.515743387323478
0.454738398587088
0.473898263914591
0.525935520798224
0.601669954840539
0.513841982457018
0.427126630773926
0.563133496257951
0.492979224974052
0.474164511420477
0.750598301754123
0.45342931463793
0.572631181830314
0.618833002530923
0.535487261752399
0.583211685412382
0.607747906420084
0.656153736262146
0.593650085749298
0.730481986596766
0.530979494435204
0.581361095474637
0.595486541738252
0.455286302281312
0.53036924186178
0.60796831373263
0.689559535196853
0.532453530091792
0.617901013693739
0.600125202999399
0.456952869833482
0.533685796046117
0.518648407644941
0.634623176177761
0.624116373775316
0.557873712109644
0.463289646849535
0.671389633207522
0.693609491262992
0.596137007834914
0.686166162968303
0.743652052294186
0.619685355598402
0.590048716674522
0.709190366858549
0.676605643204955
0.600987811235755
0.602495798577672
0.622105420913468
0.577421291230683
0.569044135773059
0.658512118287316
0.586393240958968
0.663641918718605
0.531112370554211
0.521291901611945
0.699142067831168
0.581254635661778
0.568543133293788
0.79324571012097
0.416052874020856
0.581317785093154
0.644782717842011
0.697972510208659
0.591951821793079
0.629763727822521
0.689412956523931
0.555891838952543
0.738902259724323
0.635346079095833
0.75235150569971
0.630062998044616
0.572701595648676
0.730927303153391
0.729157205907083
0.643704342588095
0.73550881554954
0.74728864303412
0.510841916912659
0.811920054264877
0.642421453224295
0.75112841576747
0.756822085848056
0.581796195048788
0.802857197241857
0.774803577512159
0.651925781836001
0.772786879302177
0.665296168564697
0.524371143487581
0.678093368179101
0.62627863555969
0.809449362208572
0.723592124935719
0.605231811810838
0.640272339533503
0.603366986203727
0.819967788494707
0.798337482293981
0.730996443804755
0.60491105522198
0.663004392316303
0.586681341120181
0.677145446288933
0.626898985093151
0.605153903833062
0.749776907695838
0.767766446320238
0.748157166207094
0.637591681842956
0.581228310323989
0.861099336202747
0.694357574137398
0.761756134669504
0.707743582137906
0.702497590022352
0.741623957732531
0.583840499061206
0.731914902070142
0.899495285756077
0.85807126134739
0.691704534082159
0.890364009911318
0.802261690508887
0.658806201489585
0.737431190937471
0.838523434844303
0.79806284643043
0.813112695695145
0.680514100101523
0.709461637601115
0.764837687006976
0.70220748420329
0.884029088136088
0.813139008205487
0.610449453087646
0.690996006452194
0.731021253543092
0.886712270458381
0.751671070438766
0.835333808228931
0.842998273762961
0.790668094496249
0.62329019143426
0.882924221161562
0.801964574784294
0.725262625355956
0.801047940387425
0.755859059948267
0.958871318135687
0.802001460125801
0.911689586927347
0.76811991591185
0.66672664185979
0.767703136403406
0.781444284570995
0.776906373013425
0.781147700608785
0.747215929535735
0.765226916251914
0.915750443023617
0.917768881897518
0.922445993933617
0.782601001797232
0.915972239414799
0.892925277758678
0.875722883100998
0.938660315300207
0.774531338340904
0.977244362838771
0.867600896002568
0.743794269897027
0.86960957073792
0.81836659611008
0.825334154320152
0.866992814046968
0.927010752475266
0.883203565565264
0.881042771923623
0.958889593395445
0.784386212346745
0.862965065487328
0.796802315117991
1.037611681521
0.802405181936956
0.808905361846633
0.935229914783917
1.05314756333986
0.786450357002438
0.900544225242522
0.716776758807955
0.96679674727367
0.890023632758734
0.962689668914111
0.838266344028761
0.830049725022612
1.03893714191623
0.904602394198289
0.93861395369035
0.690246565133356
0.917862793647491
0.931405935745513
0.889356003116391
1.0655826774408
1.06176046161476
0.819326544933428
0.922364011723071
0.934976603881823
0.960943912658118
1.05456552930531
0.989814456822035
1.06368957362286
0.947373073050332
0.943227200965986
0.824966446498775
1.00787919977426
0.921778023382408
0.898120759656636
0.995194236139162
0.950589552645847
0.837907295234495
0.967177929977062
0.867205561936243
0.846663955189221
1.11955902284123
0.835143676654012
0.874928920803651
1.01106207725347
0.964708984361924
0.837770361577575
0.88574686525971
0.996999204227277
0.982223157908681
0.847028958860594
0.969444000805624
0.865808415224257
0.943980087131067
1.02213168260523
0.92965941918562
0.874356076444481
0.937079513877798
0.935401546182269
1.01033798699839
1.04457236416496
