-1.06613909918435
-1.00297555592491
-1.01018035556218
-0.915789232593132
-0.911798783358478
-1.10274378000538
-1.0718286201762
-1.119843435247
-1.1001391800828
-1.09800161225118
-0.919151903306394
-1.03100899455285
-0.951627670777186
-0.942836097323595
-1.0387016441898
-1.00172354081224
-1.0640850321384
-0.953726668468918
-0.824433156356832
-1.0737933854334
-0.876706083356575
-0.947428868404887
-0.985658554435742
-0.914972892755521
-0.894130953881676
-0.881811745380873
-0.927806672735389
-0.837468914062605
-0.998243619414039
-0.849527544503997
-0.947520179187311
-0.769619189134429
-0.978405428439308
-0.735170564142974
-0.975544805639948
-1.01432256654236
-0.920685406009473
-0.908506985304633
-0.747964506159641
-0.847109667000194
-0.896044759455656
-1.0684899073771
-1.03745233509485
-0.712447916938227
-0.832649543619166
-1.06251237010624
-0.90693741927248
-0.793926352512774
-0.758865535076785
-0.890718431366265
-0.970722563827813
-0.960746982694268
-0.973881072426389
-0.895653111942686
-0.977780486501497
-0.962535330694289
-0.861805978924333
-1.01290920069524
-0.820023796759406
-0.900064397136727
-0.89405902241444
-0.799760216274427
-0.942872764165171
-0.873643413936233
-0.873665354573575
-0.781110939291831
-0.899780905531405
-0.88352091470429
-0.850622242461403
-0.872249182911991
-0.969041900465385
-0.843846275542996
-0.805924453407306
-0.790683336180682
-0.696015706318383
-0.806267291355064
-0.803895344195852
-0.832894124195121
-1.02360816910886
-0.884007828035853
-0.806295156320835
-0.875662044570868
-0.768341300631389
-0.751229402613688
-0.843256868478108
-0.936577774208156
-0.737328463490295
-0.999258034352676
-0.792383228079195
-0.798621294319704
-0.979606033394322
-0.925783748301766
-0.77198259816408
-0.870830612676214
-0.93125262267794
-0.809141263300678
-0.764538285882768
-0.908008451698866
-0.696821145667453
-0.784096369808822
-0.799699608883251
-0.724474796354069
-0.799320730208432
-0.931224834760277
-0.9183607941938
-0.767072218113317
-0.885589271217737
-0.766626807181265
-0.765918813838966
-0.903059312476725
-0.690552085897404
-0.755851587565305
-0.803978168726202
-0.774028529219805
-0.782666842086746
-0.755241873002334
-0.730152157616025
-0.790779005120153
-0.69521774647941
-0.785087655096618
-0.830282861181977
-0.877841723167329
-0.667650194997865
-0.736181347676805
-0.663455859581418
-0.71144291035769
-0.850295195072063
-0.887743599468651
-0.800551317494729
-0.731905203619053
-0.830155183270256
-0.689845829796889
-0.651675061137123
-0.773814053441719
-0.695489714591453
-0.699140042901504
-0.853707390687052
-0.823584454548372
-0.695017162481409
-0.655605545175603
-0.785228641070934
-0.765887821979471
-0.739514281145304
-0.795279032283495
-0.749662016824226
-0.887564636819051
-0.665539409074664
-0.742133764059352
-0.725141829048268
-0.7140703525901
-0.757951471736606
-0.727863417638892
-0.56849594089449
-0.625438035612973
-0.579226609602845
-0.635677586299036
-0.587356456808686
-0.662789832149928
-0.740054391777631
-0.661935464959292
-0.700618799062437
-0.827840900915109
-0.703308801384838
-0.594980052254847
-0.597999681825186
-0.654205850291565
-0.56656902714756
-0.861605410551077
-0.598075944245124
-0.655784062285464
-0.723233452199129
-0.720065468561038
-0.687671009771402
-0.773014842566818
-0.561370570551479
-0.595293576821739
-0.584724573777108
-0.766424444058849
-0.644502073939115
-0.487241323493243
-0.452789915397627
-0.67308673105743
-0.740809855561836
-0.499627437758393
-0.651356405906304
-0.580350510099442
-0.765655678169355
-0.640420066980863
-0.717205955942645
-0.630985187851577
-0.673031584322156
-0.586459689717855
-0.491027406846247
-0.732491008242784
-0.682968526144935
-0.598014295953764
-0.697737905194289
-0.718441718459282
-0.606496162086868
-0.71895391250702
-0.602385534260812
-0.684584814891393
-0.513147510707992
-0.655441949339618
-0.636019370480076
-0.628175353897568
-0.450049587883218
-0.624569164581973
-0.688353793494639
-0.667361805221494
-0.617922799705125
-0.565657977728427
-0.556208290184115
-0.545773198285687
-0.624760007290646
-0.628242780546016
-0.56537535627
-0.544939099185975
-0.465533012630991
-0.584784484514198
-0.616222984449371
-0.698242558580544
-0.393238543380902
-0.463163189553219
-0.530727873909246
-0.564451782524508
-0.57379282535978
-0.563425645689195
-0.416336332312499
-0.680542755747934
-0.655362688500871
-0.54405858846073
-0.450210726078433
-0.408319471162106
-0.426486361997008
-0.661810494475176
-0.298882691840064
-0.506091514866475
-0.492265338771951
-0.476052283213878
-0.536379136854711
-0.553402758149667
-0.415855869705411
-0.473684931290567
-0.506574848608462
-0.467623332172323
-0.536171008114257
-0.446811604100368
-0.366161194437287
-0.62120269266364
-0.570050381716774
-0.569011542007236
-0.534732288792245
-0.569512206073299
-0.50224225894964
-0.375924175893446
-0.539761354328838
-0.432120278919485
-0.559686716858718
-0.598281470962387
-0.282503581821322
-0.416041765707002
-0.435181842565972
-0.617876982064302
-0.444637837570673
-0.322900328166559
-0.432124279373988
-0.385712079489637
-0.48518251522266
-0.463333962375498
-0.545746879269675
-0.374758050687067
-0.507409480330137
-0.484045849143215
-0.440810611943648
-0.400511514935954
-0.536241936541934
-0.374007536036362
-0.492300635418474
-0.4299274014257
-0.405491588447605
-0.477875191003099
-0.570676595041913
-0.464469723440851
-0.218891415516626
-0.371895831601683
-0.402480120078654
-0.375657336876398
-0.518306526257915
-0.306337031451553
-0.556605510797694
-0.388400230466139
-0.389878460573982
-0.1698540811936
-0.423229072003273
-0.406209691585912
-0.376237476797571
-0.514382641904232
-0.438489635205663
-0.477956714486362
-0.33654211374224
-0.500623085875795
-0.500630922403378
-0.393286343162042
-0.452890033862837
-0.349986182053523
-0.431558461917445
-0.329327680378734
-0.485893880617874
-0.380735076033884
-0.481510799209935
-0.35678397595491
-0.376889311206995
-0.25338253508544
-0.438705503938072
-0.218599164731161
-0.564242630751466
-0.167890468407765
-0.296142510051756
-0.324877265502644
-0.371257490103876
-0.287834907606261
-0.252369024881765
-0.485972101423764
-0.261287171373155
-0.35574762143303
-0.287600020857169
-0.470033430390489
-0.246980041378179
-0.502088705192874
-0.33827003618776
-0.390472688241403
-0.340937771299907
-0.517667848385011
-0.20970030673533
-0.287113444820595
-0.165224714082628
-0.349469085761379
-0.241652698331045
-0.323947490997929
-0.274632756099903
-0.231703083334119
-0.322374561701313
-0.329817775447795
-0.200061491763971
-0.15922675589953
-0.3158571036075
-0.345191015100513
-0.368842571970668
-0.319736561735203
-0.205754877749577
-0.213359376157377
-0.211785460520092
-0.34214213731668
-0.155183021133433
-0.315102639791977
-0.246775080311698
-0.239605302264493
-0.290540090783864
-0.266083663129394
-0.217141543682295
-0.379399525941321
-0.219530538578374
-0.376915985927019
-0.286619578096269
-0.266473516059073
-0.331469164264307
-0.1649731209607
-0.304905331803961
-0.304315234916311
-0.180589711075378
-0.150729766665135
-0.369336045228885
-0.239453964441256
-0.259866691904119
-0.229860506600156
-0.276858259699929
-0.266472876085038
-0.284659689317963
-0.27441592996828
-0.141798048252825
-0.189896009521846
-0.381527184691343
-0.16710966798432
-0.208740594430827
-0.143766474087353
-0.165433264615339
-0.303385727848299
-0.164067831372728
-0.3331644920858
-0.165402859240156
-0.207464236993855
-0.312950732336048
-0.250715945556545
-0.263768783554118
-0.134386952448451
-0.270230639138075
-0.242178184058075
-0.298026175728279
-0.123307656994501
-0.10074944649841
-0.0201156112341456
-0.212318633055616
-0.169091354185969
-0.335707690984018
-0.325400054519578
-0.150109895887261
-0.133306500473435
-0.0820112460127756
-0.232859099618245
-0.177672557044554
-0.0806347346537439
-0.100453461083396
-0.29779867740224
-0.141181883220905
-0.228739929368803
-0.125388999446779
0.0014168414919892
-0.100771384508097
-0.152318844854175
-0.113130087595247
-0.12155833826784
-0.0758017364794797
-0.147537163662313
-0.101813807428535
-0.183323172862607
-0.0222283416508796
-0.121669011699981
-0.124514076555915
-0.241190828561189
-0.038217054109089
-0.152987945757118
-0.156458648815412
-0.163978103883885
-0.106266468949916
-0.176897470085397
-0.298504646900794
-0.104491006347224
-0.0251146155330563
-0.220056739651562
-0.206754585323156
-0.198800047575339
-0.0867146851521385
-0.0388609716751809
-0.240031071121457
0.00590334737496321
-0.0404814228320597
-0.00144714982450786
-0.256921187701627
-0.0930717995871407
-0.204296340498123
-0.110265234673444
-0.22742808214032
-0.137350655695463
-0.0199834160268912
-0.122792392154647
-0.224863234986746
-0.0973858737113378
-0.0384126792033597
-0.017969747940164
-0.148652109274943
-0.162350801467043
-0.00747952597298989
-0.133533711452013
-0.135074332768069
-0.118964644851418
0.0298643821402311
-0.0935396068437481
-0.0522156472446419
-0.11003701753167
-0.0512976160206956
-0.187271391020197
0.033847900195788
-0.0215263761570736
0.0441960406223909
-0.0843196496190609
-0.16265814530157
-0.0171444006522675
0.0122935053404343
-0.0587892914642756
-0.157051585223434
0.187696291170531
-0.0663663929471413
-0.0020716111846206
-0.144091862035116
-0.0770050189029094
0.0889643092457594
0.043699722527433
-0.0597312967575946
-0.0755756432610474
0.0093288529226448
0.0227529664668617
0.0355981223336282
0.02023086185372
-0.097009576953592
-0.015587780779797
-0.0157676726657255
0.0747537397581982
-0.0642994338262255
0.00546631879335422
0.00966755701478181
-0.0734525374329762
0.102219706208232
-0.0450430310182676
0.13714063711045
0.118095889851713
-0.0321929839741677
0.0660305767126275
0.144380953769959
0.0763909801116771
-0.0207436443217125
0.00882833056619875
0.0460736236401488
0.102994639597665
-0.0873774994380841
-0.0250025886101096
0.0719759056681001
0.0954391837482177
-0.0151094560631791
0.0733775403614672
0.0454484677980553
0.133164717346937
-0.0615482893397329
0.0789885081016356
0.00402766745173287
0.153719599065926
0.158305797456122
0.0679236409648496
0.0444295996892781
-0.104231370553433
0.145967626690326
0.0469130207455815
0.149360658181678
0.0992345798119383
0.0905194898934189
0.0648587733179745
-0.00922764719297377
0.157841211949218
0.18289240838215
0.123090573486884
0.127838027947994
0.0891977111896251
0.235383348464658
0.0174418884131093
0.168498763388019
0.19241565150927
0.102790499390947
0.245577575434821
0.0686781386404284
0.260420441968168
0.117196997907184
0.0167374366632189
0.194398217608756
0.0887091729586063
0.140757593926149
0.324695734066641
0.0588544793838076
0.118647531510332
0.288680490425078
0.02274284677485
-0.00990418199404849
0.112794186806147
-0.0453546229925584
0.228015647133018
0.228892324337746
0.133668379981046
0.0245080143207054
0.247088925998749
0.175199102628819
0.10629839437662
0.183955211505035
0.189076598869429
-0.0557758196649137
0.173841804338527
-0.119582063511012
0.0636949297300643
0.2060650749314
0.231123393661226
0.230437405381624
0.324420883769458
0.199767091274531
0.316475269297198
0.205378069982753
0.187023689010319
0.188903835424891
0.206810371418295
0.124365243220892
0.114689966425462
0.167030189238791
0.191517898339296
0.185619921467027
0.263762738159388
0.183912985383015
0.179967115226227
0.258033350498962
0.113687219614516
0.282595030477551
0.242613127465325
0.273142474951007
0.253443036743087
0.1633621559678
0.378013341571879
0.139204239860786
0.372285009944267
0.325593621526437
0.0770248553117613
0.194125318889854
0.416834304646377
0.225645346927374
0.371305365710628
0.0966611513527188
0.198353243420195
0.36370099426177
0.247919140255452
0.211008925456045
0.321786097663915
0.221123199979914
0.236689279263342
0.305672076928529
0.214099113671388
0.2164756434838
0.265472236967805
0.386730018480572
0.333992878895173
0.215715481085079
0.20808936187409
0.274588067335088
0.266645429375064
0.340231180865906
0.210698636246877
0.30438592029786
0.202360827700202
0.20540268200884
0.18028649515636
0.300001763411185
0.335217832408068
0.31064377257461
0.247928689197467
0.114272396159228
0.290590687915809
0.392818893606567
0.234132756403636
0.444129534291664
0.282230848847712
0.379949582879206
0.25944514875796
0.294312921809104
0.296349124745005
0.290744781319267
0.317157274488813
0.152945021610583
0.226031425076786
0.547476500142565
0.361789007624083
0.303149659661091
0.409735256235554
0.293408713809305
0.357180450210465
0.187128491618017
0.260000253863401
0.449931265391081
0.340170376730165
0.171001754547525
0.3470194671631
0.215024314495931
0.301202270372915
0.320781656963831
0.342352330259049
0.330744478918627
0.309759007326404
0.289108233811941
0.261357432570867
0.303817463610713
0.316134091918352
0.376695829531891
0.333998627549854
0.344210034056862
0.182084625849741
0.372691432040242
0.316253688423082
0.451596177612321
0.341726561158776
0.277297616976329
0.351171161381914
0.334057840499907
0.300053569415221
0.376681754531716
0.460316658487906
0.434676363388165
0.506049995336829
0.329197717540365
0.276457016011046
0.624745814693753
0.316870016936162
0.330867794697241
0.518379134949182
0.409321697781468
0.346126430390183
0.358043820417525
0.402046137593691
0.484357652826393
0.388511712199593
0.403715550894054
0.327914228340175
0.227641135749875
0.405494545554092
0.433856224499322
0.353254293035102
0.558285565821686
0.377819391620841
0.46536884093695
0.461384029369279
0.447193037700993
0.495801872854158
0.386157178242911
0.45070205765949
0.35720303189228
0.352518164171718
0.380538974202087
0.412187669014062
0.348984246459195
0.447801162053883
0.449811209961324
0.474320071029304
0.435196399789295
0.346397952152059
0.242952236799369
0.596038854990781
0.449181391431014
0.546671360959546
0.45761755331896
0.493214714653872
0.488471387479192
0.448216366954778
0.4701782159862
0.477049090971005
0.392811255858069
0.409252077531661
0.485146834532651
0.422097866910078
0.480026188886131
0.468824180626794
0.487344228676874
0.563881360943384
0.514844430634197
0.504135449082052
0.560655989011971
0.481727588614125
0.617716774751307
0.340554800210626
0.432731366334071
0.680356200988447
0.53494897384416
0.465864164571196
0.435842102957788
0.580185109239034
0.508016989247779
0.437799771279384
0.47655621615312
0.542056289912642
0.602674725570515
0.493704856857636
0.417493846952662
0.545604466184063
0.498168651963828
0.466437635273846
0.756578701615511
0.43247896103912
0.580828712330234
0.626452476016206
0.532775764173166
0.587576868602048
0.589324066483855
0.656936940543386
0.602947035875653
0.712805740647205
0.548304991009213
0.6119879899597
0.600067215308276
0.460045447036812
0.517234600399061
0.589684960445038
0.710435311812828
0.535900232959456
0.619185556252308
0.610848426991067
0.467891309886326
0.569198456237628
0.538029540886522
0.627700274490082
0.622664081042191
0.548659567502436
0.461940309642911
0.651799835842124
0.675271118646609
0.595174240806778
0.68917833845087
0.752476800096514
0.61950930494045
0.588781805135987
0.689305483954603
0.686899773064672
0.60547403291712
0.578121706001482
0.620843321046904
0.55343883634457
0.571910091646212
0.650240364183597
0.563218048687983
0.667814726297098
0.540865947352312
0.535180635765807
0.698603814113929
0.582998369319697
0.553113070072085
0.769872459701266
0.415553175759648
0.585801136471734
0.651486857238798
0.696780133986972
0.592172870679402
0.66075799580098
0.666028913478596
0.577105407618173
0.6975817417246
0.626872293390442
0.797799467473319
0.620821868830924
0.558556776587436
0.736818703348864
0.730540693731624
0.621369015127761
0.721970891974227
0.732531769104568
0.50153575067439
0.818595298951881
0.646085789401764
0.760337191580758
0.774264383995221
0.588341259701906
0.782809601899873
0.776117485710082
0.63530186319217
0.779790974513832
0.656419331249361
0.506969250146012
0.670621816244808
0.629226947067529
0.801506370851869
0.7294184743169
0.606681247346542
0.648909654963108
0.625547560611894
0.829751597720603
0.80400159825854
0.732988857020527
0.599234134636146
0.687932747983518
0.585165091071625
0.686667855325694
0.63694735906404
0.601255528474766
0.739273285830967
0.758372018534782
0.734962242001056
0.622878828342927
0.540917927012225
0.853012266629416
0.693721458984595
0.755951378264275
0.713441022748674
0.685473630705279
0.760485246049673
0.599987369474822
0.721886568109725
0.922865126276572
0.852312158317875
0.706357311107364
0.899934046918523
0.825254314124182
0.686920190782103
0.737959519948457
0.855619750192403
0.798668804207811
0.803405285935503
0.682280846050138
0.714789432325528
0.765597580853269
0.673291410716862
0.884908103089109
0.793866702734549
0.631705726845004
0.68719455454003
0.737935971170343
0.882201503648699
0.742693950887927
0.844269422782501
0.856182920870776
0.775437520791426
0.620651673648936
0.862581982953362
0.782457486076615
0.71768300621066
0.812659946027107
0.729635810185674
0.943427881142437
0.785377919632882
0.906440471731811
0.75424623207796
0.678946454554338
0.768102039019023
0.779391689435083
0.766373071449675
0.79804116867602
0.744290775656462
0.775786804665091
0.915807897168156
0.910538874970806
0.925038119249862
0.780376155501893
0.934596357123016
0.88716435977925
0.865967765632846
0.949940162703634
0.761222476679467
0.983878650484266
0.88402801327601
0.749937248634374
0.854697649719021
0.807730796369689
0.806674264145363
0.864161946405845
0.93253963119847
0.887735613842174
0.895978685204496
0.961411989520169
0.8023670287446
0.857542364989202
0.796849940461996
1.03461309765139
0.829211848637132
0.808974963245312
0.946980739962524
1.04732886325123
0.773059398070418
0.880161363937843
0.711851386715995
0.949865493893715
0.859678782922202
0.97167643321097
0.842356185163454
0.821764874337697
1.06713093164506
0.926848513116986
0.929430561844966
0.660835005346178
0.923895452139078
0.918155625160906
0.879466576554169
1.06608902703652
1.04938897289955
0.819288106204624
0.923561574559344
0.92281391175623
0.934355464390024
1.05733500311618
0.98388490554775
1.06473995993944
0.969110365292698
0.944488676944295
0.861243927061654
1.02158197008997
0.937124138814441
0.905395897974776
0.987603267164798
0.984948376953608
0.859327803965506
0.966986423482731
0.871941107691264
0.834011045808747
1.10078826906216
0.831580145445798
0.86529590080391
1.01509724277481
0.953638126466957
0.848763797104193
0.887656878321235
0.991071998066139
0.98211770317345
0.843610299879758
0.950286916392332
0.873227217906597
0.930170643516864
0.995052458853462
0.92951957281355
0.888567497103845
0.949654401817644
0.934901649516143
0.98381536631455
1.02734663049682
