-1.15398127377672
-0.792949669560507
-1.00155674440649
-1.05638971289988
-1.04307374653524
-1.05414680633134
-1.04451668185278
-1.15512659927903
-1.08422727179356
-0.784589630838356
-1.07104607630146
-1.09585072935004
-0.898098174073999
-0.964211523484054
-0.992155831076927
-0.980615417044294
-0.95039188395822
-1.07406859531998
-0.972034186781116
-1.06099098682081
-0.869257642205589
-0.966582425110104
-0.753450968126986
-0.931291846770108
-0.909537400290526
-0.994776888289137
-0.937894918114799
-0.964595103699871
-0.980801904748161
-0.960989194373841
-0.750182444383804
-0.965474500659274
-1.04281006815996
-0.879715655165186
-0.832994598142919
-0.854270360298431
-0.851285693544345
-1.01416165570575
-0.937723848984706
-1.12483356010565
-0.73746510722855
-0.941440197487169
-1.02367623314305
-0.913373461656012
-0.978787251802147
-0.965682781600407
-0.875010185189406
-0.820209540934697
-0.873466772109148
-0.8901715043195
-0.856106584800319
-0.971339329652444
-0.726769117326951
-0.823539745620695
-0.898099272785671
-0.894293946362724
-0.943031738587775
-0.858534636719392
-0.802872227411824
-0.86594607563293
-0.908889202399744
-0.916455652185627
-0.747330341909163
-1.00244149242
-0.749139771008278
-0.920896770718107
-0.881749886559368
-0.961883581843238
-0.740659347418408
-0.800239739706632
-0.838893602766319
-0.745497239490962
-0.900532155892626
-0.765563673757233
-0.800120359394431
-0.857825431095506
-0.875699116222157
-0.928062549200526
-0.786450414563834
-0.719287351630886
-0.885236475746816
-0.759925461867733
-0.790423092987523
-0.872986688832048
-0.902077086326172
-0.787399977937349
-0.840527832593701
-0.851763147180173
-0.830855383260916
-0.856947538328515
-0.850420087397937
-0.865220282003593
-0.87540999782909
-0.813682180894164
-0.795043397227796
-0.809714871413951
-0.760299343704252
-0.883332521842494
-0.835047975177582
-0.718349948921193
-0.826532841188752
-0.873318558481645
-0.842959034142887
-0.658221114029937
-0.696081902840661
-0.966476774539478
-0.92261649725179
-0.58045767698693
-0.848642828454316
-0.726837852498695
-0.735984537132364
-0.861831478714542
-0.797241554114735
-0.608856945022312
-0.727021416980513
-0.853586615599833
-0.751155132540714
-0.720776431515472
-0.941460506064216
-0.742074237830774
-0.642181293954815
-0.845041884657661
-0.863238793886059
-0.742411948420494
-0.617505418013699
-0.863917642768469
-0.789926473977458
-0.585382706476108
-0.723278558815947
-0.62566070212615
-0.824876225924527
-0.757194369183558
-0.780417874734085
-0.696625364784137
-0.731265269872215
-0.685798018867319
-0.628348268140113
-0.568200156815051
-0.548546752952273
-0.770468734045729
-0.771282664233136
-0.684611744771364
-0.757252364506187
-0.756725743647994
-0.685418471593701
-0.753519931007614
-0.74475252362535
-0.822580321478604
-0.766199627823806
-0.579058354191326
-0.681852978167202
-0.786040052107089
-0.741223506828443
-0.766136826809888
-0.577996813665942
-0.634240447446318
-0.778357402430883
-0.75199702611054
-0.846341275931888
-0.664324447593789
-0.715270463510759
-0.644038540006253
-0.80013030433949
-0.576723774608379
-0.646862347709146
-0.639879076690611
-0.709996963589276
-0.540836226195002
-0.761118365568905
-0.813579727674952
-0.744144529950601
-0.589021343482772
-0.630167724057771
-0.56046092602949
-0.568699111268904
-0.642160266516723
-0.873957050326037
-0.594008341099917
-0.577291645921085
-0.722696250407145
-0.582559118681664
-0.453635476784214
-0.51080021202053
-0.726859397238447
-0.473725632600584
-0.537998114667606
-0.53997056443119
-0.633896040848224
-0.682305020408934
-0.579232932261254
-0.600249534123699
-0.597601350456608
-0.563824566255282
-0.603462252557745
-0.540458547008108
-0.62333376981785
-0.712025190121313
-0.621685635697368
-0.695752622029679
-0.541396794789889
-0.678999375258724
-0.471328290884682
-0.738019551927472
-0.50864541807827
-0.545788793462992
-0.546324177931691
-0.596314652858886
-0.485482363445332
-0.477340104047095
-0.586785880066159
-0.616042031215255
-0.666408153858502
-0.461667405347006
-0.509216773333476
-0.645033107253609
-0.521015622985909
-0.500302227297413
-0.694424615127769
-0.544742684191005
-0.551222246906182
-0.50282393044358
-0.592371260851757
-0.51610438667136
-0.6468551058991
-0.621081683587049
-0.561362935536876
-0.617710777830643
-0.702793466052017
-0.546396045080485
-0.567734101935698
-0.613821720282893
-0.745985141428083
-0.476832855108458
-0.462297546002195
-0.441906122381651
-0.458919166984062
-0.434974722844625
-0.588383692331207
-0.525710860291898
-0.571858566306811
-0.712473820005756
-0.301155355641335
-0.457445237600434
-0.595611690587424
-0.444662026827117
-0.458688935210066
-0.541891342545405
-0.492047433214622
-0.471548481830111
-0.427104767607958
-0.527803520455563
-0.499055013532915
-0.438225170003213
-0.617615990881232
-0.505889449913707
-0.501656270186632
-0.405882666969178
-0.474736603754864
-0.492057932343641
-0.430172201588833
-0.659951689803434
-0.343849566830619
-0.546048706527938
-0.443587943118816
-0.431164181036829
-0.609537632266788
-0.52573826111634
-0.506262300000157
-0.390693242918554
-0.448746475023964
-0.506257552611738
-0.503404860433383
-0.432277703101803
-0.315289190548945
-0.525455743584558
-0.432978475207487
-0.594183789766727
-0.519396087611551
-0.517040832895535
-0.378566671625523
-0.304940222226587
-0.439726802903063
-0.43408588245311
-0.406352147656145
-0.380907543033945
-0.331424385224624
-0.430284769928431
-0.302235548050414
-0.581137334095934
-0.383584064023076
-0.510551360619514
-0.592731845621421
-0.42323154079645
-0.342118517916908
-0.571397988106456
-0.382021335952608
-0.468014814612398
-0.354572844397962
-0.290450281784892
-0.320988655717576
-0.398112074340038
-0.386062706729895
-0.308883415013125
-0.385034140463425
-0.414701207440389
-0.457860696346054
-0.43650530068775
-0.351919926823888
-0.409655425437156
-0.413813652047903
-0.230810548325497
-0.266495207338405
-0.386936985981516
-0.427831236786554
-0.423416762000505
-0.513999437675092
-0.219571252677818
-0.451013588414417
-0.297897572921089
-0.35676273264439
-0.317122857249472
-0.377513790667929
-0.353246056766313
-0.385743516126817
-0.301191054659478
-0.333320346347167
-0.42057174012377
-0.377394341061219
-0.425737809258816
-0.419112564063394
-0.311123023149108
-0.369901831457788
-0.224584478931571
-0.188862675632411
-0.343087868669677
-0.319534222842987
-0.243043268431293
-0.277493992479457
-0.240640681769969
-0.268533595803588
-0.365883600147084
-0.268366257220674
-0.264228144994468
-0.341163592638553
-0.304671239060095
-0.278769975601519
-0.46025920387747
-0.454518548600857
-0.290380909749194
-0.233462814341085
-0.367738511590102
-0.310046812286857
-0.361907024091249
-0.349984718757976
-0.379459653274357
-0.343304231564501
-0.221870218984098
-0.30878363816269
-0.353887571625772
-0.242635567027096
-0.251055304095544
-0.207249857353472
-0.315578074590539
-0.182229490671187
-0.176888053970324
-0.176896724394018
-0.179734767733692
-0.308867298430203
-0.209458906981588
-0.274479401941105
-0.390071907167752
-0.238264990194345
-0.154206193802534
-0.14086635716894
-0.332803972480575
-0.374978437370877
-0.298816610451013
-0.358728020485859
-0.298037371636373
-0.28582472916848
-0.276600739011707
-0.329697130766422
-0.197499457837831
-0.229138023557194
-0.210638521056119
-0.24174546175168
-0.261672787271989
-0.215710073598756
-0.237381818897093
-0.18738805865628
-0.17856089369834
-0.252300131570504
-0.270405964872412
-0.182391174409187
-0.196035694530622
-0.171820063107436
-0.304437013274575
-0.231910021210338
-0.180309006384673
-0.145996839910632
-0.236413735060475
-0.101628639149518
-0.163451797836135
-0.194008190095353
-0.254279948522012
-0.15470742490651
-0.206227713370225
-0.258562776920343
-0.140162583549524
-0.0584937760027605
-0.185345494220687
-0.298188969967377
-0.166713649311749
-0.188966838949772
-0.250347687277142
-0.170451964740459
-0.11632285346132
-0.150852906195058
-0.192438683046004
-0.39380014802383
-0.304774494563231
-0.199163073754304
-0.0541141032246522
0.0118056760517562
-0.0613706652371694
-0.326514239492548
-0.0411999362463952
-0.220735492258942
0.0190904963144732
-0.0785945883472693
-0.238399429206444
-0.079869828256673
-0.288235990855008
-0.103733392178122
-0.118519017027724
-0.060810141835697
-0.295283916552383
-0.0882898606569555
-0.19262056205655
-0.21329768869457
0.00535988343953059
-0.277345576755288
-0.0884707541751008
-0.123045514955603
-0.122186818588088
-0.0906702653585401
-0.210243827017585
-0.227607379308988
-0.074338907797006
-0.282022442824988
-0.104993223171585
0.07263441551446
0.0188360758301844
-0.10877384200703
-0.0974414699809124
-0.0820036201671345
0.0328943366654408
-0.0113975650961036
-0.124726369459433
-0.168201422218321
-0.194526695987394
0.0370767768031125
0.0136538019720151
0.134095261519089
-0.0687694611970946
-0.0901205630339642
-0.0768302935561698
-0.18691900812877
-0.199114044582598
-0.198806271666832
-0.0391425105178421
-0.0709182181280547
0.0263562728932443
0.11385310230113
0.10858925808617
0.103315538653527
-0.0753771034742415
-0.0956397810016499
0.110739694025213
0.0543826649144714
-0.127910631467259
-0.107404960118725
0.00372201629860215
0.0585472458815339
0.136163047186777
-0.039758167720613
0.208545064803271
-0.0143747950243633
0.0568111270272432
0.030204786936941
0.0203738589695612
-0.0332016456066942
0.0679440762998219
0.000993827525208389
-0.0700823384196846
-0.110013534665753
0.071569121625624
-0.0169478343221079
-0.0671327798504325
0.0490418716173973
-0.144761730515649
-0.0226584444101602
0.0131273273794144
-0.0849959866515943
-0.0788623602701189
-0.119394536748627
0.0335824383756916
0.0266548377641817
0.0550438314744951
-0.00251050402756218
-0.0503580541424231
0.0966376929767468
0.0662318671443337
0.00571868943602361
-0.0773254554956876
-0.0282835546730483
0.0497809436858145
-0.132098115344889
0.0496112665566038
-0.0962560100765169
0.0702236698053012
0.0980126769799131
0.053368685420961
0.0191667578764787
0.0206007363208378
-0.0668686982440194
0.0584229646992665
0.0706508903136384
0.0735956044102267
0.202084999048681
0.14645973723148
0.0562946261784565
0.140032585481622
0.234849315871128
0.120350369621845
0.0599627957686891
0.0790493447004468
-0.0706274211920299
0.0797893239027979
0.0807369620149861
0.097414355098665
0.0730437682202832
-0.0118437397886031
0.0850358383653598
0.224604762158701
-0.0303136433281503
-0.0105864537866127
0.0835585919630085
-0.0099397273060054
-0.0223923194977099
0.15600357640767
0.00798206726589577
0.0855168543065564
0.0642258064257733
0.060155924737088
0.0262684938902583
0.130550323928477
0.196530159043337
0.244882865932391
0.0599024972002983
0.184563010508651
0.0140479768562882
0.15237520734671
0.226259247495835
0.169783272906982
-0.0350894485107823
0.27230963145178
0.113071941405923
0.0534424119601382
0.202077312878302
0.0650278833327539
0.219142530586099
0.152126224766877
0.0547966106298357
0.095219800799441
0.163263675812868
0.131535169823388
0.179444113517205
0.0785220814049109
0.166125754689419
0.0423623560352087
0.141894910923512
0.0617728448023406
0.146146843938207
0.147745442103028
0.134648465882801
0.178095969651134
0.0573294738735489
0.124060680336581
0.10582794422941
0.175306765243046
0.106724828679197
0.170778998093216
0.218719269060821
0.234019374608408
0.236357313260687
0.257744583390069
0.221395399525271
0.15423171990926
0.321247753485239
0.0753761662772002
0.0442195177211542
0.20645401568693
0.183567456439744
0.207593857350247
0.145690104734394
0.228685968943263
0.149941905083826
0.204948471507697
0.184322507455499
0.10704255400205
0.360872315941233
0.233219377655818
0.249199583346544
0.126597610491637
0.151362530674304
0.231898360893781
0.358442003367309
0.341249828686925
0.34328614710654
0.189035929305766
0.239413963171083
0.284346745017761
0.155343646328879
0.226073398438798
0.302174615657783
0.313453549737841
0.29137882432393
0.281473682196281
0.256422153326181
0.191170909045271
0.203906484920585
0.331796074858441
0.194050531981018
0.142957290305265
0.168524882509596
0.0839826533025742
0.194940900374987
0.233255868301857
0.271856377277981
0.301048144096059
0.341141781421236
0.248309449374851
0.345976618885121
0.279957546378415
0.301326450936527
0.343861259914563
0.0769294113487386
0.228802351876417
0.202466759178496
0.120482576100904
0.367879411672237
0.300301164452352
0.358501731273836
0.333109796081456
0.307933872818031
0.273712904597917
0.343766975024536
0.398073898557183
0.320642105725263
0.28608991294848
0.318694152083623
0.327730077660232
0.353571281393015
0.310817195037708
0.314932294608456
0.278559781969659
0.329660389593115
0.29304903043899
0.324533490578977
0.136328380411534
0.302211115075165
0.419284082575509
0.310387107008246
0.404768341570135
0.314973769894964
0.296072867680997
0.316069943737727
0.311133372863526
0.229527470088388
0.427061304988435
0.243343267238083
0.15356747325514
0.302462985788444
0.374603674774566
0.326429470103888
0.248951123003328
0.386719025408302
0.47984565397933
0.34924753350955
0.171428374144648
0.365455081022456
0.311568501997771
0.487479673272747
0.363973923861535
0.352208662280212
0.329865049149535
0.532997064716228
0.317354047905078
0.39883160966886
0.434139003319922
0.405550923816369
0.417509159725523
0.467518478219256
0.493936953444173
0.406552023199031
0.324338511461624
0.329706872767229
0.462887384302357
0.414307825178455
0.462819726959372
0.488954850897492
0.377760630394201
0.503380623879096
0.408832254977119
0.338618726859855
0.419790115363182
0.356089628900771
0.47049870861675
0.404883602786572
0.36208372036046
0.539649235770152
0.498331530339735
0.363010539031858
0.456305297294378
0.275729611493785
0.54513633541004
0.321438747607559
0.532977440552163
0.406986234483985
0.310333185197051
0.437856300253032
0.528389814299916
0.493343955016393
0.370481761367749
0.462970105672473
0.2713283241984
0.338330267450265
0.506687605909476
0.702847737450288
0.311085345843476
0.501079884697445
0.510623668595
0.474928837513731
0.701278322126969
0.437860806302284
0.561855139321149
0.594416078301871
0.490167151098109
0.505083420404863
0.467582839694522
0.625475773723462
0.550038613647254
0.505971820958855
0.592429748580789
0.392385890878011
0.598357694188221
0.490746888264214
0.608101607062733
0.531633447439661
0.449838477876806
0.554849213040265
0.456587248529376
0.432883931428548
0.663497023935781
0.471230717466162
0.534737730825732
0.592649366475279
0.529414191948289
0.535353579972444
0.483984892312684
0.689732418203317
0.558027426788266
0.476888777765371
0.669465562741553
0.486348150626294
0.58015334450965
0.60715812204303
0.62689213519287
0.447018436790238
0.59173539342331
0.587547278734586
0.569911276324281
0.529810976329469
0.40424980101773
0.602721426900219
0.618275003460064
0.586499373454668
0.48265604826388
0.680735933741647
0.566273411553231
0.552613671601625
0.614044453818274
0.688361979774922
0.549066229323213
0.506041585526845
0.619900043032093
0.616888375581251
0.652101024990321
0.519567282530346
0.520742079202111
0.762153379028623
0.633814554803455
0.595150735375011
0.654270434585935
0.52998577791696
0.565624396281317
0.547233290849333
0.702738817482534
0.642555219226714
0.506530579066556
0.611382677590933
0.476695307994914
0.426838938693615
0.655713161466587
0.741513148193549
0.644011014666866
0.657068880833353
0.589205956022173
0.778020726501981
0.477134697941672
0.782320029509053
0.594091928810352
0.752677552453982
0.524690736015074
0.536270654398238
0.522265215631534
0.541833864778296
0.740070693067907
0.714183441177621
0.695353554343943
0.504553170878155
0.696631048830767
0.742089913845756
0.668456391704333
0.549016746738703
0.650099665968559
0.787765590105882
0.578895446482334
0.615291816899521
0.661923081165685
0.599928253661905
0.696070994894513
0.769234466643387
0.533366659993372
0.664261914654332
0.692544533459733
0.652679318067471
0.737253438167313
0.81354074910418
0.62946830263955
0.733466731807501
0.638858905107331
0.584020852815891
0.70098422677561
0.847565672613759
0.652444555500148
0.818413116736644
0.745624474577193
0.818190623316445
0.687392600500983
0.646263412384779
0.623462507363614
0.760980691107186
0.646233099411689
0.840296370193406
0.713588467866375
0.696195975904684
0.807610810108458
0.819546046044645
0.869672755083035
0.875911169979962
0.7912365327161
0.74040605732075
0.768283011027645
0.864267573647124
0.872265241216976
0.734772080091406
0.771312723011049
0.758337576769095
0.840443470866863
0.791120363127655
0.829441975096959
0.663711899274495
0.834867487914627
0.850650909072337
0.613754704880977
0.615374233980116
0.81204786648813
0.751511351783927
0.824891874901059
0.749950177824989
0.750444340650335
0.906615079748962
0.697040449999725
0.835821821338562
0.737520297064024
0.850865086925061
0.754055333375549
0.885750496803554
0.978243720140179
0.698623733796313
0.823482457680452
0.76561613230743
0.909015764522058
0.728327921108677
0.836726432086863
0.943419384144305
0.76416278965921
0.935003715528001
0.808592658073284
0.817128214868335
0.854394837273929
0.918043214328297
0.726713846854393
0.742584557651392
0.805093673214044
0.860360388846394
0.873183554093948
0.631802212013976
0.724682602287041
0.80010266500196
0.850280937841696
0.852264377851607
0.929584069912889
0.824978449534198
0.73782200189572
0.772224677419959
0.986818129653346
0.886495756164264
0.779719283160324
0.914558093433884
0.816936600599539
0.93072577784532
0.804830007447719
0.9201155599146
0.902851327260499
0.928939393307704
0.801408665681595
0.879650004360914
0.909783964134926
0.826119008451466
0.897554585020508
0.908318137086505
0.918300228055473
0.665920206829074
0.847528964386041
0.778789117173122
0.940818279506385
0.835597304925485
0.823469618896731
0.875603244983936
0.81648003865316
0.91953800038954
0.88469341789328
0.903665657568435
0.89369415876342
0.882390260762594
1.01115899772794
0.839514207103359
1.00163479521829
0.939342921629937
0.834585443571162
0.841667768888074
0.914233756827877
0.983931342977611
1.02851760078607
0.902582971004837
0.761440963115663
0.861504833427846
0.930135789723437
1.01085575834118
0.836000982475483
0.938020882544885
0.972534433856945
0.886260286114897
0.917801474573471
1.00036355373733
1.01636665469674
1.02159426571014
0.877201933246188
1.01895979472379
1.09692708946164
0.930788640349407
0.981812791089538
0.967631378416376
1.03557267497273
0.939594959947685
0.970984130663526
1.05586936537336
1.0515561398491
0.897973035756063
0.969375130116044
0.969770729411653
0.99546537903408
0.835931145886843
1.05941783865321
1.05987753441019
0.98422586496241
1.09153356392796
