-1.09674300709584
-0.952942619331138
-0.904149112085316
-0.966390800929407
-0.932626066333258
-1.06355196127873
-0.972387398510575
-0.982993634150649
-1.11609955180774
-0.873077170016849
-0.930925560339484
-1.05316598076756
-1.05954728886385
-0.97208895694527
-0.988557909115545
-1.06111817331003
-1.03119632208858
-0.938235077406445
-0.897315004949082
-0.986375336826359
-0.837524050658955
-0.90648394187692
-0.874783879564946
-0.918352179676222
-0.898698324084758
-0.99982950479806
-0.899022130695108
-1.03581769104537
-0.974485446456638
-0.946058766270076
-0.825031146915301
-0.859028151304991
-1.16683573034681
-0.881888476580571
-1.02005020519415
-0.921740949153633
-0.984406301916551
-0.919171514952423
-1.09981175292778
-0.928279608968188
-0.794559030518284
-0.963459256033595
-0.941360744849202
-1.00511004735033
-0.875495248893473
-0.919404790236757
-0.863881856170553
-0.942209074595774
-0.89276298222732
-0.915684289052315
-0.966570920440664
-0.853345503959888
-0.836704434610431
-0.825796684576388
-0.786258598374429
-0.802494828380271
-1.02390515672796
-0.772638993292432
-0.791737481252074
-0.749603872212352
-0.990918759295355
-0.799596179989225
-0.890132367125479
-0.79267570805745
-0.883388553720565
-1.00359424122832
-0.776407374828353
-0.80967773484162
-0.776003425734881
-0.683273928961755
-0.670105799708609
-0.744487019689834
-0.862369244232348
-0.993234289591972
-0.780507487612239
-0.9142743488966
-0.832883802505274
-0.953177283562267
-0.782655547297912
-0.871649165315313
-0.806547443804229
-0.829094192148845
-0.957092481384459
-0.816725401940868
-0.783392194920263
-0.758984754022827
-1.02560753520733
-0.894032901085235
-0.88660670401678
-0.754714628477815
-0.620208727272822
-0.661280011030727
-0.765439385950512
-0.914161923952129
-0.753705456854427
-0.780984256135505
-0.886324303975341
-0.872653964895342
-0.804672059198466
-0.795094671358284
-0.823513484897398
-0.820860609722692
-0.836723450194132
-0.862586940175836
-0.788417096508511
-0.720888477451168
-0.881490136032168
-0.725014801833937
-0.734344417994825
-0.801209751071045
-0.62579759640097
-0.95183053708657
-0.694721101607174
-0.834303873335125
-0.773061298706653
-0.802582952973473
-0.873777590867676
-0.702831868300192
-0.725542828216284
-0.718601548527505
-0.766770496319736
-0.754172077573832
-0.792010966258497
-0.645467364480135
-0.714664837992713
-0.783759575621337
-0.569066079975699
-0.687826444489519
-0.781315683361618
-0.739188405361739
-0.522123877097259
-0.656546895476421
-0.794795615441113
-0.791212947090456
-0.643048563302252
-0.713675693099709
-0.674508138252197
-0.609384891532934
-0.708425658282488
-0.864842586093711
-0.720461162663827
-0.670465482052701
-0.617250179442928
-0.677011261818748
-0.671593091217396
-0.648791252801235
-0.621751544357285
-0.688253195441979
-0.813555040761581
-0.685499166363454
-0.774517214300749
-0.733824571149441
-0.676735949667811
-0.783886580348736
-0.532876443394772
-0.644254390323867
-0.781148077359698
-0.71381194603329
-0.659780968083358
-0.72511851768707
-0.764151016727913
-0.544572036750075
-0.679816773509892
-0.598529021382856
-0.83332364595091
-0.692448049844779
-0.667111465763832
-0.609524697945633
-0.647088501493274
-0.737037267938293
-0.73086946142928
-0.543358192972524
-0.685201248854722
-0.646353175211832
-0.469511093465966
-0.729645084648671
-0.60443933302443
-0.729146776911635
-0.539556140506111
-0.510752276879162
-0.583900689505538
-0.738246656752059
-0.514479298108156
-0.575271381771421
-0.599271017384406
-0.519559175714301
-0.689988098949879
-0.691368924862138
-0.675766760906029
-0.728324208391848
-0.665066331736298
-0.770257346315853
-0.575210007944008
-0.619655594697848
-0.415459496508677
-0.549730410581311
-0.613621095431543
-0.594370829335537
-0.545868744282121
-0.616911751208405
-0.574412532463659
-0.619222103395352
-0.637026900156314
-0.515048232526273
-0.412648292716108
-0.524559948235639
-0.701791910551336
-0.462478118254189
-0.543241875673622
-0.498409506606353
-0.580477280729455
-0.678261595295247
-0.569601122366428
-0.544357189618981
-0.618566350607427
-0.428946905540881
-0.469551743311381
-0.537760598617158
-0.663612336762362
-0.667259962896124
-0.635699770816868
-0.594229353405857
-0.633513983324458
-0.621531909381028
-0.575801578441575
-0.535509556411029
-0.65874862421045
-0.626157756207563
-0.588252694276347
-0.580540340178704
-0.662804104284007
-0.56652746395328
-0.540061255264871
-0.345208889051726
-0.592811647240664
-0.578969131810829
-0.263467755560456
-0.548688166888818
-0.472142768667373
-0.598542119624589
-0.611732928616795
-0.804128668678507
-0.528365883290876
-0.498166316384741
-0.538862583993801
-0.574644328347005
-0.486176839096861
-0.492840614084769
-0.507764793433762
-0.499073654278871
-0.408329952263091
-0.356396981768085
-0.583914743908082
-0.48860526755287
-0.40053590476418
-0.4298140076849
-0.498431827466888
-0.401047257701861
-0.45527329155463
-0.563251133973082
-0.476477546502248
-0.613002959083816
-0.478432024235866
-0.421985931645566
-0.448443343729756
-0.430844294032456
-0.549163938918869
-0.604532816376397
-0.340862685910189
-0.422683672163168
-0.401173284886201
-0.375144261738005
-0.403578236990155
-0.443014385716399
-0.358638851331197
-0.496983499039661
-0.423805984894873
-0.663273045165099
-0.519507390364642
-0.534270843242191
-0.44538044263458
-0.437146978507893
-0.412678565673024
-0.437190556408209
-0.477387730917478
-0.265841196593658
-0.351506478538394
-0.442432049249692
-0.442086109069534
-0.304222209532175
-0.389242416955531
-0.470563004033872
-0.286370993107199
-0.467975539582793
-0.384524772092976
-0.318104621680341
-0.433120825017238
-0.335512946755717
-0.408044147553047
-0.320126359391877
-0.379017468410344
-0.438835324751011
-0.36811839210832
-0.224313141709432
-0.184537577107764
-0.437713544925977
-0.381387507372532
-0.403172666886031
-0.417975894604549
-0.433914102643091
-0.311281200878052
-0.408638537991565
-0.173167098545838
-0.351415002046983
-0.275503984708295
-0.543174479074201
-0.358775932431178
-0.321764862361071
-0.456119622274567
-0.255866165062611
-0.390286413262525
-0.368027495015054
-0.33786556582793
-0.321363280873993
-0.341120600770843
-0.411857139014415
-0.356098259512985
-0.435958970877581
-0.318825514444962
-0.300154854721412
-0.392934843958153
-0.440088812778113
-0.335452306350833
-0.387976379058422
-0.368433663012461
-0.32299568387781
-0.42181585030035
-0.283604422779487
-0.273579451889465
-0.268209020012843
-0.356945131014084
-0.339404418235735
-0.424460614785585
-0.358939261194197
-0.389026513718856
-0.270970668411093
-0.366028144043068
-0.185552519068891
-0.235175402192813
-0.219634133898738
-0.355542808291647
-0.236803918250703
-0.208532219686929
-0.355633969017283
-0.312358481255928
-0.160257182961748
-0.210803977479411
-0.195720104374468
-0.413321975677606
-0.194738349730762
-0.211478442991025
-0.315778841059499
-0.211983357695806
-0.17328988956889
-0.298489802471418
-0.266469661888644
-0.210523988167738
-0.207632530421978
-0.38041008413205
-0.295905996116302
-0.237276091001632
-0.391857634586933
-0.292155591314024
-0.252811719610007
-0.404321678127267
-0.155176868102737
-0.25234520175862
-0.141390976681908
-0.208770412334632
-0.325292075889399
-0.293021121320671
-0.278705875417268
-0.329905867048286
-0.317209569680468
-0.197571059371044
-0.250193391456165
-0.324259353234941
-0.236483036458545
-0.297406974726538
-0.111642486332544
-0.232868555941184
-0.233112799126577
-0.173031941882488
-0.0749989944507221
-0.10529410112712
-0.107768151061346
-0.0936002384337918
-0.319190396323629
-0.184698113154879
-0.284575905941801
-0.317529056919164
-0.0995370285216838
-0.295594630583913
-0.08558280289075
-0.179864413650753
-0.211679193076862
-0.171689305502339
-0.11409437141199
-0.132773543115391
-0.270929988498659
-0.200808936082105
-0.112364223143478
-0.0468600510310176
-0.145413214938759
-0.223726571014889
-0.0959580144117451
-0.200598976760646
-0.273065651050429
-0.17840986791727
-0.128725133771632
-0.150717531691652
-0.221335711904581
-0.132151341660099
-0.147420571547518
-0.259594002504492
-0.0574820612804188
-0.141147083668983
-0.242076558507758
-0.164327587720702
-0.162654033397426
-0.137127086696139
-0.182741330231069
-0.108529413585688
-0.197687922759915
-0.193949099385949
-0.0668136450081106
0.0261289385339245
-0.125355369884221
-0.0387814952577906
-0.249473460509144
-0.1562913537106
-0.226315341866414
-0.13880369650933
-0.0986255604792263
-0.217167901971229
-0.0334590379664918
-0.0180217459064249
-0.21750588747022
-0.239771107142877
-0.284846772536736
-0.103133921457393
-0.0753669182853335
-0.202114015547567
0.00564838910006947
-0.0634313010286218
-0.124319110757512
-0.078410666803616
-0.0247548424267375
-0.128659786418512
-0.153661975512698
-0.0884037488525615
0.0192980539753984
-0.0268333056410968
-0.0689396626882317
-0.103322099527117
0.000296357734920731
-0.0464013487351033
0.0883512278428033
-0.224520207444842
-0.193459558055502
-0.0811543940304872
0.0269516821939794
-0.13341235036421
-0.0737907396072245
-0.100391477866672
-0.0792699683679908
-0.0848883282715352
0.00124709652348892
0.06786261459834
-0.190339075462525
0.0671989078116561
-0.175364605388488
-0.0774801501348958
-0.219919977296064
-0.0314187290521134
0.0999202056295634
-0.0906069711714691
-0.0861839688748074
0.0176227718331627
-0.0511588616190516
-0.0218607602152641
-0.0355435558824596
-0.134349946934214
-0.0206722192838012
0.0903140639432947
0.144832375737799
-0.130412763138414
0.0105120301450301
-0.0174440311877609
0.143048318408375
0.0723013250307502
-0.0274047235499823
-0.122197996443633
0.0702722729177862
-0.0348629122811963
0.0692155531839817
-0.0387595591285429
-0.0327383030820085
-0.0614477736145011
-0.0382965268994534
-0.152960522160462
-0.144572868282948
-0.012559436207534
0.0225866036251925
0.0899167957882608
-0.0290534945016888
0.016632615742212
0.14796824445399
0.112091404045974
-0.0362664310033807
0.051994943493099
0.0842514235250006
0.0386734892020774
0.104430558551184
0.136388184639305
-0.0213539875162867
0.0428052553623741
0.0797415020819164
0.0836193960816733
0.0649750741989996
0.0435325110262835
0.1603811440694
0.22276892683341
0.12627466557936
0.134592444122442
-0.00610952685271697
0.176440109703607
-0.0359879177643193
0.0603900883321861
0.156072506563721
0.0433168082699781
-0.0978540270763713
-0.130205356523008
0.0723689293723906
0.0977424392771845
0.231401384765062
-0.00834326060163715
0.0387240451417065
0.128002532706355
0.161627212024851
0.125578057724952
0.0828594249735354
0.120077913397201
0.231047427955971
0.0077944927617308
0.0268972471711485
0.254571507637008
-0.0441899584040008
0.122141708195074
0.232798129903656
0.100619393971099
0.116200817747858
0.213843629607558
0.252036436738781
0.17631834535738
0.0886969090176107
0.127984018098328
0.093719499640193
0.206814277804869
0.172759481632498
0.0592582140057711
0.283650865152069
0.0416420216667424
0.0737388905059986
0.20026974340948
0.100950408112653
0.171326770931343
0.104278854491045
0.0738936641549118
0.129649016418757
0.135177282596696
0.0604531624845557
0.28835838631513
0.199876981348383
0.254058668984227
0.0140534135094921
0.0219048938538858
0.222043367912589
-0.0193903158368238
0.305889757958544
0.161167285030992
0.196170887375376
0.194911558165658
0.262985587567145
0.230064838062684
0.170768359329116
0.185845588090941
0.162759761759274
0.216139222551797
0.301129990257701
0.280108334090742
0.154457364616277
0.12851773674932
0.140991400095173
0.256830395964718
0.316918832051495
0.227417190444056
0.185784643617058
0.161225704605711
0.262270063715736
0.282321771221514
0.2355637090996
0.247875884915329
0.132565431101269
0.273662178460685
0.245664840200497
0.14363962292701
0.116484269047662
0.257128138524757
0.228148336209322
0.192579022229532
0.248751911249073
0.217159862578008
0.222287940774753
0.228101022843219
0.180355627910748
0.180936558753089
0.306412918037166
0.36549556695155
0.30633193995583
0.348525864947633
0.260604761470335
0.349298644684809
0.234229340942197
0.0400586949014605
0.169274191672363
0.388818424229998
0.0470237796197956
0.252484376873882
0.218657966933286
0.251083470380462
0.440004652760992
0.37955833889482
0.397613426709214
0.305609582438542
0.262838805638055
0.250628300745399
0.272374724782543
0.29542545195334
0.342922569025863
0.479991381841918
0.458017431507212
0.317772355240567
0.177026343921435
0.222079098978505
0.218288847372405
0.43643214073138
0.291383279802933
0.264668099732611
0.257579700974754
0.36126731451475
0.309087414300315
0.372530619287959
0.369698110990415
0.264849474590001
0.291222745811023
0.319935359597684
0.337232548702929
0.2989679625999
0.185072220179982
0.22375609923541
0.363439078536271
0.325883736651577
0.212406031873777
0.506058487427712
0.311796493632828
0.250770986796673
0.372821014473057
0.305994855842341
0.368405765884672
0.433272084569822
0.380697615398079
0.417170409022829
0.113172918251451
0.305177567494589
0.48382736026289
0.249328244429197
0.39766599753304
0.479604479705983
0.38427287457648
0.44299859106778
0.276681028539629
0.350361978626692
0.288370382355003
0.419128986517997
0.529114550349836
0.254649212320032
0.272689056145652
0.39949390737752
0.37224704853531
0.408750995460197
0.36637799288258
0.369528967225872
0.42449387322211
0.287513150125488
0.492486069808579
0.394767901416208
0.404182261562651
0.306711792142479
0.42791646608519
0.335977466072051
0.378132913618843
0.433784769859194
0.434847722950634
0.477991340632123
0.420825528921611
0.399437348954841
0.468959573953482
0.659094673698448
0.536621780652733
0.419394932939061
0.409427034566029
0.455529355280534
0.494495214225934
0.469490263358398
0.433956423610751
0.364409598235635
0.336611884330244
0.595685469453165
0.495946168526035
0.593423895386917
0.311966660062591
0.542481712314411
0.476246961698081
0.365790952465585
0.514549643075995
0.427890275539865
0.428419385144815
0.412441741992532
0.440055725433645
0.5618595439898
0.497861836870919
0.456668378575981
0.554029036260361
0.379829323599523
0.443337857222968
0.434334981898986
0.562817500060847
0.383848209851399
0.411614284124714
0.427495616129708
0.432604531444219
0.451991764274509
0.495101865794024
0.363628771523762
0.528260358923139
0.612698417539127
0.565714692622369
0.597135744053168
0.489412791471894
0.565617131302359
0.471120276864002
0.507985635009633
0.513834565839435
0.707334190821681
0.522755023204935
0.518290883781625
0.465531542284755
0.545031209948063
0.585803921415559
0.499056886055431
0.511890039072956
0.61399393456896
0.594507243689709
0.721852548227636
0.637755566010709
0.453291253403749
0.4094935739747
0.701169303249902
0.47910564703802
0.461130361450405
0.599082937717195
0.513155082092816
0.643231367531467
0.56015484585987
0.636421787418509
0.6174667661425
0.620631954971756
0.688476807291287
0.61609211716829
0.552280150262726
0.61750253959403
0.575250126153756
0.481934741997038
0.65120819304949
0.634781222856576
0.64869403599138
0.692640191284681
0.60818546908046
0.489360042166969
0.554268235132661
0.63300784829057
0.525215901805356
0.532888422915034
0.517149512244077
0.622645990146257
0.626745286759805
0.684634036494754
0.608441674008048
0.54374012695219
0.791455243121102
0.613394928568091
0.718042455787247
0.689150330532938
0.710120749844563
0.631812086540957
0.698508009695836
0.49842763033863
0.682736170969133
0.569123994291761
0.465951808575682
0.629923405548746
0.419105755741642
0.490288309175147
0.842416136312787
0.556273727313018
0.791857001966492
0.736374899011394
0.593412086298707
0.553171390593108
0.60870883443903
0.697402778204067
0.755654994247004
0.545043726825002
0.717300499996129
0.430949055588521
0.679391835099294
0.717271865551231
0.664100039940653
0.672079191664645
0.808054415653614
0.660518351339582
0.784675485515431
0.689476179044953
0.578758624543191
0.603994052548791
0.726233995633092
0.733895539289168
0.668268736173725
0.775747076006186
0.592430203930303
0.583883303638907
0.680454734380306
0.642893045324402
0.535519705547354
0.693542656984342
0.657724080449452
0.758083857147642
0.64613408494943
0.704399652854463
0.729680554056367
0.793462875703536
0.684792528348757
0.563809142994629
0.699267854323051
0.748501846709906
0.60977752394724
0.595287286521937
0.700191913212725
0.793028743518918
0.864390416068054
0.709414934933586
0.664800598543866
0.729322288562346
0.677575723297434
0.635666782471009
0.743744590560615
0.785588027255052
0.754220134912062
0.758554125120693
0.966200001934519
0.740005608461135
0.899081216702216
0.841942815612066
0.493681480622912
0.715147174447219
0.855933935673723
0.78430519487098
0.781993413498716
0.831904816114499
0.606880120573613
0.720051983526175
0.78925343193046
0.673089593411801
0.813296242045556
0.869259150312561
0.822979355253231
0.782177058536468
0.725349393316038
0.944111413037846
0.967880402575997
0.636545797434282
0.982055270428776
0.926797826306065
0.733571645607176
0.758715529459775
0.86713576141382
0.975856421176582
0.789674433181039
0.866807047439043
0.885589219806421
0.918492123505175
0.901665735520897
0.925014931700515
0.761237831535806
0.785896091917923
0.940139642158187
0.917185218695093
0.848940671445721
0.911871873929492
0.79812488742051
0.689446736481156
0.836850917672803
0.776109549910606
0.932756212143711
0.777821075168686
0.733631713255341
0.780162326849023
0.87981944022495
0.942922889136542
0.827884989484414
0.733553375260528
0.906360772457862
0.849932211277519
0.954885556692006
0.952743355122103
0.894939544146722
0.782441346132462
0.924029480464276
0.757495413672927
0.686950684489689
1.01527773398049
0.960963347545708
0.82272285812711
0.778690742967333
1.04310434286606
0.907759184309314
0.919941058265693
0.934315267953279
0.846946673172112
0.881212626844831
0.961187563671975
0.924468809855187
0.965373937935589
0.753967589268211
0.888483896594171
0.849088753146621
0.871837825339412
1.08162568447581
0.902162841042048
0.913340043296862
0.865112316894133
1.05337333952222
0.911773126111372
0.889786529516293
1.02752138718532
0.976473443313083
0.968980601337226
0.838553991743497
0.934159880297641
0.754293134738013
0.950108011438573
0.866659677876243
0.953615599039529
0.920113869348614
0.811044451440069
1.09238651874375
1.07875202026507
0.934844881088358
0.866278107279129
0.770958634727219
1.08704927531099
1.05927041134635
1.01740163613365
1.04937076421696
1.02447572454997
0.844991376087539
0.97847555513487
0.887767890483165
1.01614070163417
0.872058478160005
0.983293881063049
0.929994983280391
0.952337327747165
0.916954411052266
1.06660863522222
0.992593916070978
1.01531187463754
1.03168338886083
0.976702372511756
