-1.16064642876731
-0.790522347295725
-0.99613440810995
-1.0477761326331
-1.07379420902667
-1.03312694344452
-1.06832234440145
-1.15898620448855
-1.10994950887693
-0.803831664354683
-1.0769982851188
-1.09371988383859
-0.89629106141658
-0.958718830775393
-1.00919021130051
-0.984406917837283
-0.958251256608619
-1.07748207226203
-1.00059987088628
-1.07306853345483
-0.887484404809241
-0.957071685821414
-0.743883007527382
-0.925608282372391
-0.899550297082752
-1.02666243792114
-0.943563351465751
-0.979907375447355
-0.997567980026825
-0.978995877378522
-0.725234078950676
-0.978506229744944
-1.03996242148362
-0.895061891420647
-0.821549138178301
-0.870422954083644
-0.856508164392899
-1.00951718848128
-0.916314093935063
-1.10908915369319
-0.735094264220792
-0.956021881611194
-1.00885112328859
-0.907049923309836
-0.970815300627355
-0.971353783285711
-0.870844750834328
-0.848104178711181
-0.863770399948385
-0.8952217652056
-0.836801276799334
-0.980867963825953
-0.731846630177173
-0.849061806053009
-0.871096869582591
-0.900433801081524
-0.951500450016416
-0.841593433253649
-0.795576323088837
-0.876453927720196
-0.913986431518471
-0.894382945901394
-0.755747080340361
-1.01211066431458
-0.766665028549866
-0.92378337105213
-0.862309216651519
-0.949128279700275
-0.723465277113996
-0.813745721533446
-0.835156784803005
-0.743942835836377
-0.902593681229586
-0.772480846980078
-0.83226963836736
-0.855263579424532
-0.859873993480411
-0.93450055537855
-0.78399772010783
-0.751751802315047
-0.89129948689608
-0.76407430895147
-0.785731160823611
-0.866199220797996
-0.904324999771247
-0.788865501639891
-0.826091283627087
-0.866322040508589
-0.826652645230334
-0.886552972770826
-0.845465117547805
-0.837675267978717
-0.884040934701243
-0.784629174555808
-0.809368370685012
-0.794575137739132
-0.763373094707663
-0.866694879722079
-0.825539091070406
-0.714145542177442
-0.835303780491721
-0.848395627112187
-0.841021826378524
-0.663585176967403
-0.68048278289843
-0.97807096854762
-0.926930516601293
-0.588549435732609
-0.841382005286607
-0.696135989323495
-0.725705295025879
-0.857033117772767
-0.774120294457425
-0.59506126441237
-0.727267394028946
-0.837185806414131
-0.760163547798353
-0.733581656882053
-0.932516852133095
-0.769848150323211
-0.642500827460927
-0.837450440737308
-0.8683890207983
-0.715407811462392
-0.612768563140289
-0.861852988255735
-0.796478569303593
-0.589430917237414
-0.74355185714787
-0.616781589880618
-0.812195406217106
-0.753326792041578
-0.796089980055728
-0.697343690559542
-0.747878045275804
-0.704879458866092
-0.65032515574656
-0.562771491121495
-0.55086139579395
-0.786022566322516
-0.773361554755985
-0.691161767291783
-0.784606647923043
-0.76688679933833
-0.701401353820485
-0.750718503642131
-0.72203560464243
-0.80631966193352
-0.763626157423889
-0.570916923969479
-0.682222406951138
-0.784363433629653
-0.726952115193706
-0.769413302285871
-0.575691226689374
-0.650754512151119
-0.775385314430466
-0.737521834694892
-0.840564983612275
-0.672118743167987
-0.74404179524634
-0.661630717570646
-0.805762867400697
-0.588990155612667
-0.662144064231033
-0.678992577960203
-0.708404773343419
-0.532995925012487
-0.762512167167071
-0.796960192126654
-0.732033545236412
-0.607698607025735
-0.634420896478493
-0.562070168909919
-0.559304921792738
-0.618118567469252
-0.876169129395449
-0.583190237398353
-0.565636486843876
-0.709444937335459
-0.564069228716165
-0.423448175434134
-0.504609886603914
-0.735917949576681
-0.470467521812163
-0.53621816645508
-0.519059998919694
-0.636490888245075
-0.690199267266642
-0.576799150490351
-0.599005142787129
-0.601696492356368
-0.57401659896015
-0.59116523882384
-0.537714152394089
-0.624125449222977
-0.730912702190097
-0.611862697521971
-0.680094402640796
-0.533330446084215
-0.675700306226648
-0.474921506136422
-0.755852933669721
-0.526483513229997
-0.549193916162757
-0.559428923665127
-0.591446464594316
-0.475617500831029
-0.480390389586904
-0.597342939843607
-0.587127012281011
-0.665620869209891
-0.487626352297092
-0.524761943372674
-0.640365754366572
-0.509626242750609
-0.478608478729793
-0.666826263283034
-0.545568658885001
-0.54885047307416
-0.486428891644085
-0.590173892422998
-0.522852745101862
-0.622256384151785
-0.612183160328904
-0.564164112184249
-0.609841423425338
-0.694903234088189
-0.579431672697614
-0.575349279500775
-0.607721100139704
-0.759232416775007
-0.494738790325009
-0.444088807109215
-0.432268907251285
-0.428367152004734
-0.423106692601785
-0.601451011435379
-0.544127962164623
-0.576716679929151
-0.718584411301563
-0.299230125390883
-0.465270638625687
-0.602693570804369
-0.453171428311652
-0.446205283667432
-0.536484123090905
-0.48718172573099
-0.463038390526205
-0.458451908564243
-0.518597898122913
-0.525641066774185
-0.447646428834383
-0.641353170877718
-0.52239021269235
-0.505131301631228
-0.400732060606823
-0.455878436695062
-0.495532363745267
-0.448380688888465
-0.647591576566422
-0.353204908152471
-0.51790908385973
-0.425737040300982
-0.433152274507603
-0.607274937562773
-0.519057806606596
-0.488176316527423
-0.38433284634124
-0.445323831815261
-0.510506717882983
-0.495730521004347
-0.435932341838353
-0.30252490732788
-0.542686291655143
-0.432109083453271
-0.590760629614347
-0.502290408994722
-0.511886687233843
-0.38017378416378
-0.288477541796081
-0.429325758211995
-0.422609600725539
-0.438224616068306
-0.390503571697592
-0.353716588447501
-0.432998835670134
-0.319797251015999
-0.587160763413306
-0.384698699348361
-0.512419667283432
-0.562653102204806
-0.431409111503891
-0.365316321724324
-0.583068361229115
-0.394099897867067
-0.468001995307416
-0.33830622506609
-0.311366191460282
-0.308924743550612
-0.391126174485243
-0.385683775805267
-0.29951136556015
-0.393176301787037
-0.412825417794815
-0.465508456027999
-0.425867756532996
-0.364445614936931
-0.389865308199702
-0.416801157456063
-0.224522109172263
-0.286568748825529
-0.373002094403245
-0.440465047321376
-0.413415950004943
-0.495686841235855
-0.242771933877288
-0.468342724226739
-0.314566570548428
-0.376189567949153
-0.318986616731747
-0.390186708889704
-0.367745103659254
-0.3937975323686
-0.330772888167772
-0.353177911924897
-0.433527209660762
-0.375033938155579
-0.422715864301193
-0.408317518631522
-0.305566968936273
-0.379536695331808
-0.227847516825539
-0.175525788334886
-0.332711211745345
-0.330035723754651
-0.234292558599074
-0.296687402570091
-0.221407477354748
-0.275908802441117
-0.366146045448094
-0.266288995108121
-0.276581501220031
-0.336156867463085
-0.308981116195087
-0.290212965811898
-0.452527851708727
-0.456126202600982
-0.311694604278496
-0.247402303925556
-0.366623886108027
-0.311612679238605
-0.372107960011048
-0.331102726082365
-0.380674495260271
-0.339504390185309
-0.184045758334378
-0.308402080515437
-0.34860311361175
-0.235504877594295
-0.257207993732019
-0.211818207243986
-0.301554543351769
-0.203153606863284
-0.180935056864495
-0.168134408597371
-0.136455564092004
-0.30652145082033
-0.210824237796065
-0.274591585787896
-0.399348505969743
-0.236019153310028
-0.153425370889865
-0.155232156446476
-0.337269200899725
-0.395350834282294
-0.284816767260738
-0.366132862566622
-0.308483669047384
-0.313587676869864
-0.267364290462535
-0.33436489097549
-0.185308559608532
-0.23981599050824
-0.19060059432228
-0.233335329033539
-0.260683235079375
-0.220647871952121
-0.228993316238757
-0.179045595930664
-0.188256182387125
-0.262230746405223
-0.269588180009274
-0.171712975677223
-0.212079980648492
-0.174948260328965
-0.314008090790787
-0.229660422011475
-0.188721784281305
-0.162691678940896
-0.246437262544511
-0.117207470921008
-0.151783799443508
-0.202084023256806
-0.268749718516447
-0.164763165177333
-0.199922297935921
-0.271296956284638
-0.141680994390575
-0.0575944586433691
-0.182229407233467
-0.296034199945123
-0.163830653573376
-0.197668946853687
-0.239534942310757
-0.173336325085258
-0.146131885957155
-0.13789164022774
-0.193114366690873
-0.39668387700948
-0.297226009286775
-0.191410057918953
-0.0768864266278537
-0.00303636954299683
-0.0529086824402274
-0.300459060064849
-0.0417892781656685
-0.232769300458778
0.0117188283111146
-0.0879806907177725
-0.234150576394187
-0.0799554428907005
-0.3017538190042
-0.0898155089381717
-0.147880479247601
-0.0550041235753344
-0.295486869028884
-0.0777755854701395
-0.190157188813214
-0.234707998527623
0.00407813710452622
-0.255284333414486
-0.0901382401049883
-0.137537209341245
-0.11876001686044
-0.0799968593333461
-0.211686499945725
-0.228032822275529
-0.063212150317998
-0.302546596750521
-0.105404086897521
0.0613206760426622
0.0133440366935599
-0.116721768411688
-0.0757366360462929
-0.0650609029987003
0.0444783173391793
-0.0124148948157347
-0.111477817385612
-0.167282235758419
-0.184190718806821
0.0423802143838631
0.0141433464017268
0.137228238766575
-0.0480323870716243
-0.0890087829936284
-0.077849741330031
-0.209528936902025
-0.170434293629745
-0.194163914964002
-0.0548659455074748
-0.0782191891252678
0.035445333103739
0.122813365060494
0.118894635121714
0.0907454535101278
-0.054380815215022
-0.10096077140326
0.136965411518042
0.049229861427509
-0.130989134871288
-0.0973106881268095
-0.00195850403849324
0.0567436805067944
0.142558811386568
-0.0160176770888372
0.215527535036823
-0.0185288070709587
0.048719692362657
0.0235976365349705
0.0456089005320891
-0.0450551211572469
0.0663783198017491
0.00701089818665902
-0.039447865466426
-0.114949494075481
0.072378968779055
-0.044802776297007
-0.0644772059865273
0.0549875476628713
-0.116331625271306
0.011027300060359
0.0145333595253811
-0.0792133950115372
-0.088368134212268
-0.11345424984074
0.0434652117664818
0.00851874658832308
0.0423752191794785
0.00254572308827077
-0.0618919159278548
0.111140910150935
0.0437932493395496
-0.00627432906078932
-0.0793665351957299
-0.0270746178937721
0.0726376369989617
-0.112521516213581
0.0396636084713457
-0.101992050776078
0.051888249554965
0.0870552134317625
0.0447026548097142
0.0390920175548918
0.02065558529092
-0.0877099167727009
0.062224301554202
0.0900259528657979
0.0469296345128097
0.195474428351748
0.129672945326028
0.0539452714850006
0.132983802389666
0.232984787888916
0.134493981716547
0.0721935439605033
0.0718629276796523
-0.0705950044114455
0.0723346227896387
0.102522033000838
0.111282089189673
0.0950817244802672
-0.0243384432056101
0.0818874435208158
0.223805014016494
-0.0496658683275272
-0.0120594682845098
0.0930245740144781
-0.017353598442912
-0.0384376538047405
0.18075126341332
0.00299777701364671
0.0884698509509146
0.0465646380369803
0.045861741767865
0.0242423328692751
0.142829786093518
0.202109607643672
0.25683771057083
0.0470627945152497
0.198292502323009
0.00244394855874492
0.149288785074213
0.241385896763227
0.19030752436343
-0.0333270398797521
0.288743536369867
0.118869018499129
0.0712776578139765
0.205286541380896
0.0644170113134086
0.209898313511272
0.146638353927374
0.0629957622832197
0.0786929881757047
0.156059736875913
0.125381767526746
0.211534306333321
0.0898465327549479
0.187434704203485
0.033699618888377
0.121295046380839
0.051649280182316
0.134024441746718
0.145577247147772
0.122376580524687
0.152596216357954
0.0264098572749693
0.155191489805161
0.10895524865361
0.201582765791652
0.131030436362126
0.169690008214671
0.203399483397967
0.240706754737319
0.230815710732411
0.259944374817715
0.225935922746674
0.148418049223781
0.35159416311517
0.0860060725745
0.0566377827380931
0.205033296946914
0.194293895240228
0.208096663891054
0.157801314861565
0.22214227106371
0.135672636229454
0.203237550380253
0.196572423045899
0.0863084374424995
0.370266892408807
0.265973532924108
0.242160311659621
0.140483486485791
0.163358610084313
0.241176781765171
0.358257947951325
0.334136269277353
0.361835961388223
0.191877005970961
0.24404429078306
0.286414098821489
0.137766753966699
0.210955301926464
0.297844004147322
0.311126634252105
0.277050407162296
0.275173888456451
0.248279005220015
0.197474457217765
0.210920309417275
0.326718951631833
0.171151278321535
0.180536936235762
0.181910591146805
0.0970571798181055
0.202964561286579
0.214043829573495
0.27160935781573
0.275753945647331
0.369224634565519
0.241020236701284
0.361056577215852
0.302834430981442
0.303832785698552
0.355481973757634
0.065951320571353
0.229648697577249
0.196203152412379
0.123600353119147
0.36145473005047
0.302319497747668
0.352168456395563
0.339294533762332
0.298328901525424
0.259475623184129
0.341255133758491
0.393326520056745
0.333692408936045
0.267184043911978
0.304012961241676
0.308448696196842
0.341467424059635
0.32061292764553
0.316000045286816
0.26115510859349
0.323106356043891
0.274673299282654
0.320903575882349
0.134603008168509
0.287240570981779
0.397593053831034
0.319755075355799
0.421170970974002
0.307360780556504
0.260920425521072
0.317970662325277
0.304479396665798
0.258295117735864
0.420188246689883
0.233646805445795
0.164468674663368
0.298300456400484
0.355512718530617
0.336844631735802
0.25282471661588
0.362023886904612
0.478208514041951
0.368253391732456
0.163375077699872
0.385667708379831
0.321145137929313
0.49091054093101
0.353787603572328
0.329080125377595
0.341254047799886
0.533922066455396
0.306101297571203
0.394767818230086
0.435112931271081
0.406550898641094
0.399152002688918
0.4679718043068
0.477716844991976
0.403715868663073
0.336565680835129
0.324203601449881
0.446087464819975
0.418217901400369
0.448011745429873
0.475497124077001
0.38588717557374
0.491454841492206
0.375260901299349
0.334521550222523
0.404714607511692
0.3754658109336
0.480831490084321
0.420563926301763
0.351296009342321
0.533632024472801
0.495674252791478
0.378449931488172
0.440643127953531
0.286928807805993
0.529746288921778
0.339519041149068
0.520973389372569
0.428074127873482
0.306859553625243
0.450192565581064
0.523586393107352
0.49203298157178
0.351907373128501
0.462733301010127
0.282130533712166
0.336074408064464
0.501353965138491
0.698722060405544
0.316139936176573
0.515459905276751
0.534443711855537
0.488472738662243
0.703984388815534
0.42914947150829
0.570927715869607
0.619196803221603
0.497897753364405
0.496854960856791
0.471237110134021
0.631903837798843
0.553785966582982
0.507828014516735
0.595274773251827
0.394941655843457
0.614342384589802
0.499635045495181
0.611117322132043
0.542988265813703
0.417851644892352
0.517231408264584
0.442919117831543
0.450246449897074
0.64244320097797
0.489496531215633
0.519584916642215
0.607204504633338
0.559724266863662
0.549109520946464
0.479794845552154
0.683839936461398
0.554123774310901
0.470814036369856
0.675616855366974
0.507986443452633
0.552945548539494
0.591271182271714
0.616650147364165
0.463006097089911
0.564869476679831
0.589791716594977
0.577387423863653
0.541190169094947
0.400768409898832
0.612671472357844
0.615777964019247
0.568526743969771
0.500499666668071
0.675748628808682
0.5543323954768
0.553244833529739
0.599786010965024
0.674402192822748
0.554946983388715
0.5207100475557
0.62643788458073
0.601939493929193
0.671901708620553
0.535769474198642
0.512955022701002
0.768338014316543
0.659391950998426
0.56594964771037
0.667207166274956
0.528865729349647
0.558935494363196
0.540640775845779
0.699200374642821
0.628871241445888
0.497855840022743
0.606064241979831
0.478125691338249
0.422340065673241
0.654949943074206
0.743283770389482
0.643314858732017
0.673682596799331
0.591935083568906
0.761183202097257
0.483283037501798
0.762637426655993
0.613971248983639
0.743158939742017
0.504300424244722
0.528204207025886
0.514977984645239
0.555664639568698
0.725092131852524
0.694350696997154
0.70398239624887
0.529552476082434
0.703027878677668
0.751311816861466
0.658676148796317
0.532325463586605
0.672579886840431
0.769987124253197
0.554274043164686
0.639954033578327
0.657381309798141
0.606705003788946
0.705410027290559
0.778290030762556
0.511284552135331
0.663280853112977
0.685075198675383
0.653369919319813
0.751044528109515
0.793489609008413
0.635047886389486
0.737648627463221
0.656091720540479
0.587135962856693
0.700314875863974
0.834483361417313
0.66628173767812
0.820830416850292
0.745009549092312
0.823403276326386
0.654705644480517
0.651064505894983
0.622785311485908
0.733734480651309
0.63025249209163
0.853079816437043
0.718133157938905
0.697977492827118
0.794001259041699
0.799788258713723
0.862782802261089
0.860599063101084
0.796105631005504
0.740231412815622
0.737305299538142
0.87914520094603
0.866598100490513
0.750044381931378
0.777859145884884
0.751370293707254
0.817498008471826
0.789816219047805
0.814602582295085
0.658710594412034
0.846526206294951
0.856778741710034
0.632306894366684
0.627448406426364
0.808568848750279
0.749531723542449
0.83820155497697
0.742310664238046
0.747415884250156
0.919663692632493
0.694278899391743
0.818144580530867
0.704812897010042
0.853032530765312
0.762433691176011
0.8670738906839
0.967325599923185
0.709411576273807
0.822329970728418
0.777090621568835
0.909787013910536
0.745027091330868
0.843488888382177
0.93800711958155
0.749381368260407
0.94971392920073
0.807696129518231
0.827288433541949
0.856479915184039
0.895910094740842
0.741076191657356
0.721385070588734
0.826226682771226
0.873377333514548
0.891170094175315
0.636505077431717
0.727805493304827
0.806541122441459
0.833916961401096
0.825640641262163
0.938681723618388
0.820854733691782
0.74978106703869
0.759924937415649
0.981582057881236
0.884606592732994
0.789164399794824
0.91521981672774
0.815412872632965
0.906445861417118
0.819331405551749
0.957256429006954
0.90661514559641
0.945302441626114
0.841696022627865
0.87924914356802
0.895909382589471
0.86485295418616
0.881790356730741
0.93036094114991
0.900975585876848
0.670748050350107
0.848608146137449
0.790532810580724
0.94909527078555
0.84425345006127
0.819295113229826
0.872201417338148
0.807308166077675
0.921409747607668
0.871787558840624
0.895989660334917
0.890819529198266
0.912244860533255
1.0268939829103
0.854621221122938
1.0382614335129
0.953111795350262
0.837207270022645
0.827979746398517
0.888053694565238
0.973512124130862
1.01642365266757
0.919934006501024
0.766819548575085
0.867085514146953
0.921780388220494
1.02357509655259
0.839544362953281
0.913990655150589
0.964866679402382
0.881268677016831
0.912268591774557
0.988947721787564
1.01491639358713
0.985825365140552
0.868035158006583
1.03841044594591
1.0909414375205
0.895002203622162
0.969659066536898
0.95567250539024
1.03754352094971
0.954148092757591
0.956679067118702
1.05338598045276
1.05817328678193
0.911453087032873
0.976491204093345
0.973375821770877
1.01440181017266
0.833935306803634
1.04111571597111
1.06644007440421
0.97893347389356
1.091145916353
