-0.979788264749987
-0.950325184748871
-0.923980818709229
-1.20900681857943
-1.08197522352634
-0.923309114386717
-0.757990960903967
-0.874595041041284
-0.978580392806599
-1.02825009101346
-0.928033549453456
-1.05342786898788
-1.03855471868859
-1.00531352490385
-0.870973460883521
-1.18003594991855
-0.936729635978893
-0.95523722351694
-0.981757723938737
-0.867249485667033
-0.914559708539154
-0.871143689587747
-1.11691315567019
-0.900048880851077
-1.00465929352133
-0.969933891880621
-0.889012031603606
-0.916401757549459
-0.970419656832965
-0.92039044610564
-0.923473519003241
-0.933846401404554
-1.07190962534946
-0.745582973255894
-0.971453691445769
-1.07924983768591
-0.947243688208545
-1.03257536284499
-0.892313337231084
-0.987200572763076
-0.78811766276297
-0.964192874793602
-0.92281407791321
-0.883078068953423
-0.762738026477422
-0.842539591326522
-1.00936776976316
-0.936436970347797
-0.717141927653073
-0.915535335640818
-0.855922790074246
-0.883165333791134
-0.789600466361126
-0.952765858843907
-0.774462761458427
-0.953175163636418
-0.98755353467986
-0.916347474407246
-0.847528982194499
-0.985731708578486
-0.890926106564069
-0.947810050845106
-0.960424488470533
-0.933340367283477
-0.903905251370839
-0.645107762934913
-0.855359526574083
-0.892485766665755
-0.929409031792793
-0.876629485097717
-0.953139061837717
-0.81373684013647
-0.995069804296509
-0.863481495005953
-0.919155797808316
-0.881010547401229
-0.798531765479385
-0.865040466650084
-0.8701540066649
-0.801031150441708
-0.831385788421664
-0.780084778647628
-1.01943204241489
-0.795201126286184
-0.739036118898272
-0.876549854195714
-0.776093165510888
-0.727852409086623
-0.841258987407931
-0.897494500704026
-0.854157594620212
-0.703687192781415
-0.904926482292327
-0.737655782076894
-0.817195720532476
-0.745563318082938
-0.777594685744009
-0.774865237408679
-0.791884302849472
-0.765745372602619
-0.819538231760673
-0.739403302047264
-0.947808973577529
-0.86575224984896
-0.742903125897495
-0.84974424015003
-0.814834059744794
-0.790168859617468
-0.842285350008443
-0.659333566684612
-0.778186430621905
-0.685719505903431
-0.7229477240849
-0.716789384292388
-0.888867404107145
-0.762512574220881
-0.878981907027166
-0.678058117825477
-0.724020198424529
-0.618256974234216
-0.785244060207159
-0.756056409637662
-0.670699155100736
-0.686472986510406
-0.60580043948455
-0.639999489279808
-0.798434609509118
-0.698779807969625
-0.837375860341185
-0.725007615581151
-0.695008140843765
-0.831414217682774
-0.703757122964617
-0.650609127370494
-0.524642358194777
-0.658485842205161
-0.625763474714425
-0.631570394041473
-0.682786142387278
-0.641569698826774
-0.68855888986825
-0.725876418638048
-0.813176212681029
-0.697297167762335
-0.795443276301921
-0.720948368912544
-0.624423435571433
-0.766951277794133
-0.54066377357699
-0.742863684591636
-0.686824577482932
-0.870720740671752
-0.711092898753466
-0.669087931115468
-0.775571993196305
-0.67735309058776
-0.711843078011556
-0.782930894033323
-0.614645541127521
-0.703590599804364
-0.657080876632892
-0.750216734475647
-0.697725793857385
-0.591146344736832
-0.589055920409676
-0.749092093940288
-0.497023800762151
-0.875316856754372
-0.744444113499207
-0.626163372185988
-0.701348370621183
-0.730133434389751
-0.678068466711574
-0.853852244533841
-0.647762424547947
-0.517824546210042
-0.749684194229101
-0.708696892508702
-0.698218291053403
-0.625478984912087
-0.527178896038414
-0.539631806577989
-0.70116687687657
-0.647996962438148
-0.615183917349273
-0.671870814410439
-0.563301263344973
-0.757272952957823
-0.611230201211465
-0.703310504778528
-0.619266695616389
-0.669197341675554
-0.618916145778855
-0.611533655588738
-0.616490051189773
-0.620941142968432
-0.599689836150701
-0.709458668905122
-0.771877281260528
-0.678914437930556
-0.57568799124608
-0.704618223442736
-0.564204959648051
-0.47456786667279
-0.518447633808514
-0.575958584859402
-0.657071585292169
-0.748086142717975
-0.583424524047431
-0.648396731924547
-0.546125376141338
-0.494452472427672
-0.445229205551927
-0.762541934411413
-0.686545121026984
-0.598988815932608
-0.360317838165947
-0.568402145800208
-0.545087096829888
-0.639969734069622
-0.619304784129394
-0.516759040048604
-0.525202448975533
-0.485766728356514
-0.568798267916264
-0.394004237341609
-0.657130619099016
-0.576968014992499
-0.577341922520445
-0.589616324419656
-0.630890308387549
-0.629220333829668
-0.420950034993816
-0.593623352195239
-0.524003259059472
-0.538446862684928
-0.447941709040256
-0.755965650599814
-0.482989505065107
-0.572032510842407
-0.55122607896277
-0.554082511020414
-0.44635432688295
-0.38674499856606
-0.572034296710641
-0.383972387840431
-0.574542517373303
-0.454191912658373
-0.605962491035742
-0.459096359888753
-0.394127443656585
-0.450585633673659
-0.436577981822543
-0.360131405958397
-0.561228375977823
-0.616040503317159
-0.440005635025945
-0.319300370759468
-0.516243377951906
-0.532074227080938
-0.488475894755836
-0.40011444641408
-0.597161459897086
-0.490949054516961
-0.535414317987605
-0.49079461218588
-0.244080682868174
-0.573803255621238
-0.40170428966937
-0.531546079996128
-0.413549035134202
-0.362973030089491
-0.298849867521651
-0.291282171805836
-0.634926619681568
-0.310889353080557
-0.463585735467829
-0.509257272344484
-0.321159158119432
-0.445895981312643
-0.500630386046615
-0.426563737842948
-0.522897008457901
-0.377099844178613
-0.482655318950078
-0.432350896407111
-0.138117615989683
-0.524352035288405
-0.395422301523962
-0.311843700196325
-0.438198339960628
-0.455304856647002
-0.499713461759965
-0.281487857823739
-0.398494510015672
-0.340256441562431
-0.469163972971069
-0.31241688507033
-0.333199646069171
-0.347029234946589
-0.425160510459495
-0.417530643037091
-0.315496122879598
-0.361834048624117
-0.333036388947604
-0.294572935120088
-0.470241249377333
-0.41248171378599
-0.383813126035138
-0.35770768687049
-0.4083028636242
-0.486665811861636
-0.407273505877894
-0.400056394894205
-0.406060574787765
-0.577493604363372
-0.425894878629853
-0.321660654437553
-0.352662110941644
-0.388005694113745
-0.328378815178323
-0.360996123375924
-0.491791082901859
-0.315720464302307
-0.182592694204672
-0.423995291209758
-0.400313501962847
-0.214659641619738
-0.230578933870577
-0.339490852017145
-0.494540071539004
-0.414707873862264
-0.218305178306176
-0.382563631912303
-0.374962984208035
-0.272897344994581
-0.319935459753368
-0.339261072617436
-0.372677484712501
-0.347571000658047
-0.268080383033531
-0.543086949549105
-0.152299283529535
-0.301842415769082
-0.1321982903445
-0.275447031323555
-0.261625819747928
-0.269439150603061
-0.302779516153113
-0.256306942050247
-0.357849337855331
-0.275712360169523
-0.268453090793404
-0.256735346380654
-0.427687266189638
-0.277297340476556
-0.346099642979135
-0.269841844384348
-0.453203542931386
-0.380802829893503
-0.295307733228989
-0.32979570862331
-0.346329570897421
-0.134429818514555
-0.324892011853745
-0.261879106071918
-0.179458327488636
-0.328474420275578
-0.421448059866272
-0.297438902583433
-0.119538594851492
-0.352164276795809
-0.230419331591374
-0.279465617947645
-0.279419764278968
-0.261446992118262
-0.0933709326119316
-0.330128652865234
-0.281806081331459
-0.241757676835705
-0.186837580199146
-0.13541360097536
-0.351313686345868
-0.308216957353166
-0.250953699680984
-0.244225601640984
-0.323224698390506
-0.182528934421924
-0.285543559300929
-0.29368130543648
-0.38294933182586
-0.288100066169946
-0.215690310326726
-0.166198376654181
-0.2503434007614
-0.209568929723107
-0.323109086668432
-0.203214622937871
-0.0710190532367442
-0.0980730019018468
-0.24210308074291
-0.264838557936555
-0.185790525294166
-0.253238773174839
-0.307820947893362
-0.150682149470537
-0.23911545304618
-0.180024436595435
-0.190491406621194
-0.226269194269929
-0.201514064921039
-0.172311572820477
-0.245277596159873
-0.240374372354977
0.0018774712274999
-0.234953716594306
-0.212762712706749
0.0117220997100184
-0.285979672284348
-0.164254144206439
-0.0858237968975444
-0.186468176891313
-0.173975523279001
-0.0537710355556863
0.0759686489535575
-0.0705194394652359
-0.108520701301597
-0.03788713333292
-0.302819022430122
-0.0887427292363558
-0.288537704546293
-0.125109230969281
-0.165172688704996
-0.0178630003891308
-0.105132600990688
-0.128408368954717
-0.201895396926921
-0.0905784712298024
-0.120105744473096
-0.0877130669581543
-0.219259584211776
-0.0800942877512744
-0.0457786969865683
-0.214792185460752
-0.284240017643418
0.0158831334414787
-0.150726475516797
-0.00441755203578934
-0.0896559240109481
-0.11695042700793
-0.120321770707435
-0.0904492853145896
-0.14359236199454
-0.156797381539148
-0.0681419445161433
-0.089126337397799
-0.0188052162284149
-0.0248933097376761
-0.071091839413678
-0.119312236929125
-0.00213492118992801
0.0653395369091731
-0.120317539505516
-0.0421064438918085
-0.0297791587346723
-0.109987322858557
-0.0206874396866757
-0.0173950276288949
-0.0218651446360694
-0.0380668784816404
0.0296806619010358
-0.0846790925632896
-0.104944890202643
0.0488712730394376
-0.0473620898481695
-0.169877506223535
-0.0621629875002624
-0.142561850218814
-0.0359843519028747
0.139789487187678
-0.0529089387786954
-0.0597804837667489
-0.0198845018456373
-0.0174798755757022
-0.118977097050787
-0.0707619623856776
0.240658395692806
0.139363433756027
-0.0181816954717461
-0.143297307392975
0.0287074213527895
0.0272799726531791
-0.0647534013491568
0.152740559318083
-0.0413329585598219
-0.0497013140762581
-0.0213319972837368
-0.0458414187538669
-0.170280575197417
-0.0319927971418455
-0.0369923740630363
-0.0805034869850943
0.0705336707395218
0.0554640752713437
0.13868992807564
0.0717046176427381
-0.0626205835941615
-0.0396666384938096
-0.0149007257972479
0.0624973527023854
0.009008409922183
0.125323937982743
0.0645173507802475
-0.0332140981063573
0.0360851509665049
0.0546057160601374
0.0512245697949119
-0.0153114372638938
-0.0718006522403332
-0.0695891125534929
0.0140666273616991
0.0375953168177447
0.0311362042934254
0.0598297337350515
0.0744082142859169
-0.0911764925480506
0.250542594991147
-0.138905795107544
-0.0421797052539375
-0.0147947822559663
0.0873770964847347
0.093675793490085
-0.0914755736092564
0.0555234829081864
0.158621393638248
0.0873017493352786
0.0963356003153236
0.0267307532506975
0.0436359183588292
0.145441802894262
-0.0144068795052741
0.187060679199532
0.255383928485207
0.0281848474808604
0.0556121829595314
0.0212600875884335
0.120420844285284
0.0416130484999595
0.106039904088927
0.0606301947533027
-0.0122643054383313
0.0733055626320162
-0.00127326676395353
0.0994416074166546
0.0621353494565402
0.139249283203987
0.150230942232077
0.171657868030463
0.110977045455168
0.11844460648857
0.177974740105385
0.00323183539121761
0.0834208707220184
0.103829135100825
0.156589793556155
0.212858048519897
0.24022014183736
0.187897508821415
0.12786255910331
0.149670225007132
0.13849694889624
0.0494868168217482
0.131409830637362
0.164707676495502
0.174861067491149
-0.0298633876535529
0.220124338022144
0.135846997913954
0.138858531615344
0.222987919908243
0.319723336704917
0.13365619021816
0.158422356734759
0.0931625199284318
0.13723305546651
-0.0130487846944121
0.303718321269605
0.394408626526352
0.121203188290772
0.235148751336778
0.0679211883614274
0.111768601979237
0.136116884011724
0.312808582918026
0.318197783937874
0.410093509852441
0.0808707771481732
0.257486129804099
0.263775033675986
0.113430535168662
0.134139117427931
0.22261557958177
0.234896717284134
0.155493808676276
0.111608807613696
0.236324089989941
0.324251946354771
0.292904090178435
0.240601152827979
0.24759306844261
0.212832225049071
0.237861233242685
0.141676923772081
0.342485267628715
0.279475983365165
0.308343357968743
0.376065431685157
0.288254670805696
0.130921487639592
0.247049953413898
0.220092550269542
0.291203927676364
0.29866914575584
0.42384428329115
0.180131409241352
0.32538549535518
0.198986403632833
0.160130007290598
0.216527513467466
0.201515809945233
0.295743876194709
0.246379907203742
0.314109808784511
0.457852406292027
0.346829064221505
0.32451212410588
0.234510561303251
0.361623848804926
0.311545970605824
0.299442787796722
0.201202500450986
0.336283073104282
0.293572853582175
0.336278567965005
0.312814931332916
0.165554565288367
0.224050660154121
0.340392215974173
0.462345926728264
0.298120603817083
0.362392052581997
0.221494606383005
0.325527532926645
0.21928694278521
0.280332033983183
0.317853659740982
0.320889502611078
0.26097566292417
0.370070890807751
0.451153840229715
0.327293868514634
0.316861371580848
0.439199921571122
0.358233235210755
0.368955686503032
0.393863296288363
0.323519976088796
0.274005988341232
0.157114913572432
0.406640618663129
0.493520482335761
0.347668644057128
0.415194479146762
0.48676987899356
0.336529792839463
0.340670501904078
0.363445851812689
0.295491425304506
0.287723593924906
0.496608043108064
0.374201646280482
0.564664116753476
0.431938321022923
0.302053044036375
0.244778410008768
0.336116998087637
0.455333333400813
0.352739822185394
0.432741215713978
0.328753861290601
0.272382139080475
0.520489630162983
0.484960700473736
0.469461118633748
0.347053582796141
0.422256847365972
0.385000433059369
0.595570654418456
0.404656251669111
0.403101973264208
0.397880610628069
0.482340723318147
0.50130072866854
0.434294249958387
0.328148465339492
0.467961403248205
0.29256492718032
0.349726911172813
0.441614769923839
0.435103055793276
0.378588798238662
0.494839867394278
0.417807208565935
0.405605329063765
0.26826750418696
0.371481693672224
0.361689604179547
0.340019226318682
0.451673321642263
0.465140318643253
0.463714241625097
0.34807012183127
0.305146902707671
0.368142816692885
0.499859968521264
0.570839014875774
0.452522889776159
0.557859385349223
0.479528578684952
0.510741864446901
0.478411725485637
0.396302361199115
0.564532449252667
0.426036244788121
0.516514096939384
0.50944049601843
0.520167474232714
0.606009481895996
0.56250934678787
0.481489005965901
0.470557691425409
0.398057731435071
0.402357055837215
0.540609398921018
0.540627178302817
0.540415489947239
0.513294784896699
0.539260992299402
0.543921449222743
0.462194623572923
0.580548431648004
0.466292809943864
0.387165483200415
0.4354816130576
0.526917887050548
0.654106888817389
0.499803325343856
0.460222036395102
0.577150797535453
0.653001091301439
0.502328593919694
0.415930768041751
0.398899407239569
0.489652813124616
0.595835157826181
0.560968383092084
0.488201175192778
0.4662956040269
0.441015358045869
0.424786695353207
0.347790665994375
0.53004571758089
0.451367842682398
0.71149111486221
0.630721783016674
0.588603134727062
0.620064518163903
0.527153280323466
0.601203373681752
0.484327136877298
0.519334528435583
0.559313704601439
0.376324797508569
0.768497741066458
0.63138896525004
0.582503288448599
0.628096770726133
0.797439594096448
0.577867842471164
0.598610156815784
0.746084491008687
0.739015832200862
0.699537156538057
0.507148938881623
0.614725473516671
0.57538457289784
0.566163511813679
0.683342531954396
0.642131369453191
0.56191775104543
0.704118990444542
0.571852465898153
0.780878196719642
0.598370199756418
0.591220814041314
0.700638324457163
0.63004741104426
0.718665799539274
0.44349127335051
0.689383652144091
0.591004108607702
0.746461886727961
0.596654025758312
0.529057650459177
0.54593243098459
0.623050752825214
0.750692817929821
0.670719846526519
0.618027506993471
0.757521727073182
0.708865814269399
0.450514263849363
0.603133281291756
0.697894679866172
0.721746458712026
0.553689349536419
0.565306905865135
0.591143040531048
0.534592587792459
0.648080914082904
0.732313039956279
0.679931645323915
0.576847845691826
0.547318605188894
0.617497861257602
0.743931064394709
0.683423272447846
0.73610819474406
0.672713996733926
0.69668641414199
0.585523715982832
0.657560437522632
0.778668288632133
0.837163687256016
0.581080198962449
0.715209467317931
0.702189698260745
0.761885229323465
0.669956923847371
0.648098438684482
0.693074710850279
0.633164603554245
0.802692816121923
0.569035210344079
0.772604170930382
0.61086823394618
0.703475935939748
0.598874774590837
0.677589640652645
0.65662808893725
0.518108812971722
0.498772798678711
0.8079779332191
0.60415596705638
0.683469734181315
0.902850707105381
0.811267241004675
0.795120549399707
0.686458061326558
0.760971539909226
0.723873948971732
0.713989947479542
0.731281822248802
0.807763249919743
0.744983560547409
0.763771454157124
0.796630037239608
0.730476700175432
0.752750642310171
0.769721453904309
0.885988794818665
0.887008752704929
0.891231850190434
0.742378437635629
0.843324684736262
0.78908874150013
0.63883983192031
0.720076299513245
0.895665945493842
0.990903442539514
0.587637557118632
0.724636402654647
0.758272329978967
0.799945451777348
0.740048052743347
0.855746755765522
0.890549929875529
0.599992932738532
0.849949899885512
0.87752469937577
0.80976224426136
0.757131374969014
0.85192369744822
0.648313237800383
0.711041758111926
0.829532474418686
0.815372240080924
0.935191351063776
0.93329050063826
0.840210839671225
0.762316715190887
0.939342543827976
0.763636325040347
0.728636035418836
0.988877664436028
0.691020964759894
0.771984627797585
0.791764864218079
0.661385586473335
0.819099462210264
0.84556813909292
0.950832074127601
0.788308616226858
0.7618874128405
0.864567350899122
0.942510083161203
0.895044065518312
0.682290731005858
0.941176495688609
0.876370874487508
0.796646089613517
0.819446734475164
0.74548271772121
0.761102103908975
0.863666865976142
0.945796103608179
0.69171663756962
0.757802675735095
0.940070034561952
0.846308382844151
0.917351703813236
0.980357574140454
0.757293185718213
1.00425201885589
0.899763628228571
0.909017186065177
0.971535631284698
0.859665547123058
0.79676512845317
0.985487625840038
0.864550834592078
1.09525444481337
0.76010162644174
0.998587369232968
0.67444103728591
0.853679149685098
1.00833297800049
0.867829741446865
0.824172625720285
0.866486846447538
0.818128486691782
0.950385978118162
0.780017156161376
1.00980783918404
0.989971358618141
0.934527326527128
0.923751799873597
0.890739569720529
1.04413423590529
1.05373768449053
1.06508704458198
0.849142887268461
1.030293324392
0.829971372182085
0.963535434656901
0.763368527151124
1.10281930059824
0.9951040682839
1.0038904603283
0.986343908345065
1.01099371514556
0.932505256864923
0.909168252933394
0.968535711789778
0.981981469956579
0.922353495810826
1.03215291786731
0.986862156413341
1.18711478761575
0.876044791884332
1.01407308306249
0.926991228779163
0.964259456575616
0.895878906084287
1.09864301800184
0.941370111598282
1.08670279670053
1.14081727375899
0.911962232594282
0.995125548303005
