-0.981913380001966
-0.94612434391381
-0.901518567255839
-1.19575085049478
-1.07140806094902
-0.907705577104511
-0.75786145114415
-0.881756799452218
-0.999218826629814
-1.01414460763747
-0.925439267539446
-1.04505874344163
-1.04370834630877
-0.989360712761859
-0.880496068604211
-1.17324205394496
-0.973288306840089
-0.959693880853051
-0.998872622729951
-0.860836651863133
-0.88315401044476
-0.860190428433491
-1.11877584101897
-0.888760552662641
-1.02825340961598
-0.948457161541846
-0.910071823195859
-0.948812740628712
-0.972465336973485
-0.919280835072878
-0.899029525010469
-0.927306181297228
-1.08543646048485
-0.745093124399814
-0.969356592039697
-1.08485944244279
-0.920623141542985
-1.03566317084215
-0.897246478995705
-0.993627023009071
-0.812631727862368
-0.945942693303961
-0.91750247607623
-0.872755514876152
-0.768170889489315
-0.842417673020755
-1.00522222430087
-0.917887143186095
-0.745519957084953
-0.925999148915681
-0.841980451127777
-0.885685961588848
-0.781327030199961
-0.978253380988237
-0.767217844684713
-0.949999556225245
-0.969360142344865
-0.9262990469076
-0.811715085866584
-0.993309683505727
-0.882707470687975
-0.95591357361709
-0.963475744496936
-0.947635187350378
-0.89548239211285
-0.664977763502227
-0.833812812327484
-0.904473020382254
-0.938543474783801
-0.868100600211829
-0.93339573919323
-0.805395238137592
-0.995874569457931
-0.860918946699271
-0.888286358880481
-0.875347860761598
-0.788298434068935
-0.840616107311932
-0.876364034275618
-0.823345265073861
-0.817832561744495
-0.768229297382409
-1.01734275931844
-0.780965437089058
-0.726727272355896
-0.885913964718079
-0.772638035931707
-0.737941094720059
-0.856821286900701
-0.893696904975975
-0.872879975208903
-0.717028330798532
-0.89182475791598
-0.727429729990287
-0.817350332871485
-0.757958064620103
-0.7712658216498
-0.785141584916583
-0.789671256857297
-0.770608799110474
-0.801163341254728
-0.736307428247659
-0.965961898646586
-0.870311773305928
-0.745723114254144
-0.845914607455289
-0.804604820469829
-0.807709437781341
-0.846142512308955
-0.658384942343546
-0.798451873436032
-0.686754919524862
-0.723104732441025
-0.712103143800314
-0.89807301427663
-0.770966045469963
-0.86610525943768
-0.677626408449193
-0.738652079562944
-0.617703862267896
-0.782759919741924
-0.753690252008457
-0.673403088298471
-0.70672068547555
-0.649613020167231
-0.654164445969947
-0.769874813939926
-0.702506927918133
-0.821779450774836
-0.720571551823678
-0.680083973951936
-0.835202445564248
-0.690791790716668
-0.649669062792689
-0.54410941612007
-0.650185963173345
-0.623723790766821
-0.633569792398402
-0.663006335177406
-0.638430803511891
-0.696293720935764
-0.747433047999672
-0.797191269651982
-0.721185436907655
-0.760301734261857
-0.714931024250934
-0.622373520590171
-0.759006312886988
-0.517821032889505
-0.756182907794261
-0.686815041481393
-0.866150043959009
-0.715385091857005
-0.670474956480426
-0.787192090906013
-0.674358201835934
-0.710645984068251
-0.779761024039182
-0.612581742142487
-0.707551057766344
-0.681254120649101
-0.734059083731917
-0.708002602369184
-0.58817014853957
-0.579709730832117
-0.757147811586129
-0.49895115232436
-0.861956661343818
-0.745267164816828
-0.634386595216649
-0.711180546939196
-0.732093103535566
-0.682840596484375
-0.846935857469106
-0.65513060487699
-0.517395612257734
-0.730328351977447
-0.720108703974995
-0.71071624980377
-0.622405906703288
-0.534168893973281
-0.550058196732109
-0.725409962802868
-0.660312040258697
-0.628302251286589
-0.665129450810211
-0.544587794134415
-0.765593251872071
-0.610554653611424
-0.704051112006891
-0.613732688335547
-0.663272952282823
-0.62732316736674
-0.624266060143297
-0.603933617098566
-0.637379158090191
-0.61421971044712
-0.712275712445409
-0.779953303278215
-0.68827940829235
-0.579382981413119
-0.701136054558554
-0.565105858268546
-0.470726474781695
-0.496214905033111
-0.57665155359506
-0.664394855268132
-0.749869762696604
-0.553622357436858
-0.629468309705015
-0.54890196417173
-0.506605660013316
-0.449337858059356
-0.766828305254267
-0.66577749317537
-0.590740350097178
-0.375202914594013
-0.559849019873258
-0.551671015383937
-0.648644761287042
-0.611343273335789
-0.515764392294641
-0.549000096452433
-0.499330735629482
-0.553230297807226
-0.409249030161163
-0.647767966473489
-0.574383716651843
-0.56188939964444
-0.610563572866407
-0.628197219555619
-0.621752466328612
-0.453300356336134
-0.602348471389231
-0.530735409405741
-0.531548132563879
-0.453590867022647
-0.770035835707525
-0.480600332470439
-0.577281748563205
-0.524719389359149
-0.537814730503962
-0.423531930641433
-0.371172669338163
-0.560896035972476
-0.387840752315844
-0.57778900578665
-0.471756378598968
-0.611557673238933
-0.452108379338812
-0.401759587796755
-0.438554584008387
-0.438868596441103
-0.345226842759096
-0.569830601752432
-0.611126795951714
-0.431628132136208
-0.334311288775503
-0.500974542654644
-0.543794367197519
-0.49827756856657
-0.380191598802698
-0.607180429754051
-0.468791123561488
-0.526540661728957
-0.491384609338811
-0.244141734835163
-0.550877904927608
-0.402495763280301
-0.511585376159656
-0.408350486650766
-0.399005800167165
-0.294002194884162
-0.303151661924606
-0.639225170951684
-0.30310354025937
-0.476730287226645
-0.525701736094982
-0.3289794435689
-0.458507312813598
-0.504409981450852
-0.427385287022593
-0.501381942256695
-0.367988980733226
-0.460909395514601
-0.434505857521527
-0.163571877216192
-0.523257125146603
-0.413278594707123
-0.347732888540895
-0.440341460339049
-0.445737424850914
-0.480953075970112
-0.264544779815236
-0.384594315848353
-0.347999157062327
-0.456045058540638
-0.325272981418705
-0.306862883645249
-0.338935690367319
-0.437318562296407
-0.415927912826236
-0.325726678167483
-0.377726705812257
-0.342811696072968
-0.288454993230006
-0.460685109530625
-0.400570273533539
-0.378997818514612
-0.348817270310128
-0.408037838641962
-0.494604559427618
-0.408038221221056
-0.390670707917975
-0.422386297332592
-0.566640362846166
-0.433036001164321
-0.334746328034344
-0.338268225346354
-0.358733457882854
-0.339821637703995
-0.34969188737274
-0.467578532502602
-0.300132863163785
-0.169338226333861
-0.422730711042725
-0.409705298311139
-0.230600421613691
-0.240550862839309
-0.343459833628451
-0.507424140591298
-0.401305695170464
-0.217642439313798
-0.378713295404792
-0.372576265486605
-0.297422928579889
-0.349526904423287
-0.346193126097859
-0.400034367553334
-0.327259729511996
-0.285941410267014
-0.528831587162118
-0.177278403601242
-0.306801066440332
-0.132761455248269
-0.290059380792608
-0.243944891590593
-0.282824608405537
-0.264391392353829
-0.245921946942575
-0.357850325881945
-0.287050178989439
-0.287314406504187
-0.266630848079246
-0.462130904629746
-0.250608215148101
-0.339809048757231
-0.269551487575599
-0.448618710486346
-0.376663537251658
-0.276291853534647
-0.343695765573302
-0.338479207022792
-0.115547400036742
-0.302582774817611
-0.263094551513875
-0.195505973833562
-0.317364109019431
-0.415103266685669
-0.314174228034161
-0.121074687257231
-0.367956739139619
-0.226327915183328
-0.274708708118412
-0.272833692160664
-0.267408050747238
-0.107430030071953
-0.341804504864906
-0.27387516932339
-0.203638962866712
-0.207677130769874
-0.150998499164135
-0.360311768420286
-0.322830887090697
-0.24052491136598
-0.250282697274053
-0.330274612895342
-0.201997335362749
-0.284865292425703
-0.314110117661688
-0.356782408920723
-0.304093023382561
-0.22197020145416
-0.159604520621637
-0.243880875919002
-0.19509367136336
-0.315548681831123
-0.195537657867131
-0.0517830804866433
-0.105809855635372
-0.223679939499521
-0.241296659614244
-0.199431536554253
-0.231408190724416
-0.32266145637956
-0.142415717577409
-0.247749808588613
-0.166573139435321
-0.169448693188622
-0.228254567464951
-0.202023547663488
-0.159900180185441
-0.25901316731229
-0.246499734284249
0.0096263868997404
-0.233055123127976
-0.221354703851138
-0.00376224769674379
-0.286339577353838
-0.162069550616652
-0.0906453960840503
-0.200779601411743
-0.170398930832745
-0.0517358379383348
0.0571259471815103
-0.0863521878588715
-0.092743378389573
-0.0468721823076264
-0.308205071908254
-0.0624352608695633
-0.273962847963367
-0.127596038328284
-0.178035928293359
0.000928048178949233
-0.0932877265902183
-0.164868429082579
-0.202078875934815
-0.0927068347943086
-0.092020308721029
-0.0790980830575479
-0.229922085031942
-0.077451611662107
-0.0488494386983198
-0.22101928393584
-0.286718223616629
0.00621008694513941
-0.171160187853091
0.0177619920933874
-0.0999704171089921
-0.114202831158191
-0.139673393444909
-0.0715281889653422
-0.144529108270475
-0.147136338122154
-0.0958513337460059
-0.0983695909237131
-0.00219000740145047
-0.0261561942971701
-0.0706665888428083
-0.109884310999691
0.0103297562383848
0.052580941873949
-0.102361217219883
-0.0333281937233245
-0.0323120312347105
-0.107123574159654
0.00267162576787802
-0.0304417273073693
-0.0336587066719414
-0.00609207936765373
0.0279160375035135
-0.102817131124809
-0.119373294526505
0.0318793396347657
-0.043962623612178
-0.141671494618961
-0.0523445216413251
-0.133195524085794
-0.0402700017869557
0.114404597652722
-0.0467064945990835
-0.048401057820213
-0.0242238525293705
-0.0122262805380632
-0.112829522533038
-0.082469780904163
0.241661227483094
0.142103944563255
-0.0123677104601378
-0.149698607786286
0.0414804014385329
0.0247795416204571
-0.0486523223722628
0.144010120248902
-0.0366410088451775
-0.0288877793071566
-0.0433163923187069
-0.0185087026162072
-0.188042757461291
-0.0273183413769309
-0.0451855938654015
-0.070944021642421
0.0792153000724258
0.0567964887182214
0.131666267297142
0.066878697866419
-0.0565965208181503
-0.0740468991877407
-0.0157155930652959
0.0538562682990923
0.0147965017526958
0.122983801869048
0.0523037256433784
-0.0441620604165818
0.0152998757215678
0.0492260066674901
0.0544756922438986
-0.00616760886183835
-0.0655024353275565
-0.0512126771834229
0.0189171315874119
0.0202242775496654
0.0337619294151977
0.0733220303600364
0.0656062726636874
-0.0941320003068422
0.245170506239679
-0.120172303373453
-0.0304573503833158
0.00383022196377934
0.0984677967021691
0.0713352426760194
-0.0924639691015691
0.0541618013148485
0.152434188439849
0.085970368187187
0.0621914946930766
0.0478755420255229
0.0436011597984462
0.163865613846301
-0.0330169180727784
0.203610239051149
0.247312350053551
0.0419628867522049
0.0540796371471221
0.0181289706966972
0.122139731553931
0.0260704829151058
0.106576225929734
0.067759249253749
-0.00239150304691562
0.0738491416360094
0.0178595803615318
0.0883273121794811
0.0471910712636319
0.164884103567517
0.142436347292674
0.169763886259252
0.13263985022845
0.128043224681964
0.160368223730758
0.0132163851202855
0.0794404467160854
0.0885985452656282
0.177017779954386
0.21525997987075
0.227148977910771
0.174514340785748
0.10316312453533
0.125560829054735
0.161224869142032
0.0477611646879608
0.143330397172208
0.143022669715018
0.173775142435388
-0.0228029587157522
0.23518714180247
0.149640581428201
0.149096612058997
0.228499717669101
0.310648817703533
0.145825361149535
0.160066887172079
0.0864780584503312
0.141072370884583
-0.00696815175702217
0.288424858289586
0.398043457321016
0.125797741455753
0.212956672481948
0.0781719191590936
0.0944653142596178
0.140488017172936
0.322077368718715
0.306085889131959
0.416137405592876
0.0637148657012934
0.228602101418045
0.270236615319711
0.116438581323399
0.125503024016917
0.241961857499483
0.236399413183409
0.180676885814457
0.120794057791212
0.240984171124877
0.327127462679132
0.302640031722033
0.23133278316182
0.235878612991306
0.218787327003491
0.228051764931922
0.127920695548362
0.340033168168147
0.269270195198766
0.310601442536677
0.371670604442727
0.286353146189641
0.119744835036081
0.258650280366886
0.213050469633768
0.295248115756526
0.274187142715788
0.42368757403555
0.161419718471442
0.304780673550161
0.198019348297052
0.170858286537708
0.225431829277885
0.186620019537168
0.284615688725715
0.248698583632557
0.318814620265934
0.469543417231806
0.345268363966912
0.309291720864883
0.239344195540902
0.356890695234322
0.313860443950815
0.297247000828423
0.201724678479013
0.3374311015694
0.299793824174723
0.308525322337707
0.307496775739366
0.154807451224734
0.250303558769103
0.349842112616216
0.478453321813636
0.296323220954382
0.362439660206931
0.222290991123678
0.313372808855551
0.216679290876971
0.27564910965817
0.305852446612851
0.320436709869092
0.249460254226332
0.367052000009387
0.457189641928822
0.324994175519177
0.307829912435783
0.443261574803106
0.358751036976246
0.401883552288393
0.411149872997676
0.333820258716781
0.259222746581315
0.174210018417736
0.39886267060712
0.482331794328127
0.3498701234667
0.39909018990122
0.496956011719067
0.357392466141886
0.335263673013717
0.353476403348387
0.301335335527236
0.278844808102552
0.492187343240126
0.349402270817268
0.571041103873522
0.412941460205169
0.287120287455666
0.245783034131797
0.337512382786349
0.479073503974801
0.345111337576527
0.41653687895257
0.336843862030873
0.296957659300421
0.518131734135636
0.468912436808961
0.47404908001831
0.343204472831929
0.442354213088791
0.369647257041809
0.588822532074157
0.381136617425221
0.402117613527862
0.393231375450385
0.475515896879751
0.510015651761203
0.413014953684154
0.33999385013607
0.441902083437343
0.27754169368038
0.345724094928226
0.43556541848596
0.43957564414194
0.380624854543834
0.506736190578491
0.424399648161134
0.405343677161574
0.288691762243029
0.36217708892845
0.367726793079382
0.357174157666675
0.435877391260255
0.429832767543959
0.446214177376417
0.317954726746304
0.298515585577626
0.363213469350433
0.48169993346421
0.573581057338351
0.469382987268343
0.556186485428026
0.483374483269779
0.497323524263196
0.470052947459329
0.402964483390824
0.546263786949529
0.43430882798042
0.519219515279031
0.497442607097328
0.507647929841682
0.587897127067103
0.587359636587543
0.507104740075336
0.476347808065443
0.400662066362634
0.389117368516758
0.517587208543391
0.533755608560049
0.544344603345475
0.499915005957956
0.539082830846666
0.529268898689027
0.445655780691129
0.58259919915765
0.464279074782129
0.402839542010424
0.435213903418826
0.525995345262635
0.659553845174149
0.520613293313514
0.464110805857079
0.549719491825927
0.631406210967545
0.498258541761777
0.40701361256625
0.403242356496171
0.527388519729842
0.570251111091972
0.540655852021099
0.499287543443812
0.465411814232964
0.448620071858515
0.445599738349787
0.368719999458859
0.535826228097465
0.446755234798084
0.688076419287401
0.627719895260768
0.596433323685001
0.608566748819747
0.533806816575854
0.573112704908532
0.499739288560433
0.524618733836383
0.552502560396759
0.397059921906011
0.763906248923049
0.660673670719842
0.559525195349135
0.64776636488383
0.780537042639166
0.575152063283532
0.583987342662297
0.73863071843745
0.745157413215323
0.717909302253548
0.511596485783974
0.620665421908615
0.596376445298187
0.548399547114226
0.692523698729959
0.638269080038549
0.557275662923119
0.70499260864572
0.56974488652735
0.774503931699031
0.598179572763049
0.595983697510933
0.701393604924273
0.644412185874993
0.705382897634707
0.460824722137202
0.668749159479175
0.595945144455764
0.73195080860302
0.636012044330155
0.568527305064986
0.537402024556238
0.625443341433114
0.745377024486684
0.664714996815505
0.605174849954699
0.737883253614893
0.71561321516339
0.448299503725538
0.604475827746846
0.679553779077046
0.709519684597967
0.547872058397104
0.577010470893163
0.602361549583754
0.551564323517417
0.662144005878669
0.754411969239311
0.676292124299013
0.580749470552599
0.533079767781831
0.612195120005561
0.753160713461477
0.714864049656789
0.724763021665214
0.670140143691655
0.701620980726093
0.587292350379084
0.651075195516385
0.762903476209838
0.850600416287574
0.571246235220271
0.711593649681829
0.71424189754463
0.744451936298125
0.688476267543985
0.650662467983257
0.699622556803093
0.669427461944963
0.790026647133464
0.573833853494123
0.764050381274242
0.594091705628947
0.713169384075304
0.61980948765304
0.705800254986132
0.677961061550032
0.553400086541788
0.522712654913859
0.813187649006526
0.612006953560664
0.694831453188559
0.905677163843739
0.810513368723192
0.799769127738387
0.676690151647045
0.745495096063409
0.709124224614777
0.710430019754974
0.724023892513021
0.799011215166311
0.743342499574471
0.759628019903784
0.794323162467525
0.740477682958237
0.763635456546057
0.766891940885423
0.884619583674965
0.888684794702351
0.862464140258278
0.755146339406828
0.825207201648426
0.811053888812725
0.646584901508928
0.714746876695646
0.919471550568378
0.987986534664912
0.575378669691391
0.719736275932356
0.759171334485129
0.808019270967391
0.742714789364625
0.856129757701247
0.923563963496601
0.589618277672189
0.842209004650806
0.870967169054641
0.813763853030361
0.751723196931573
0.839971911682565
0.676415253449135
0.72865835219521
0.836841410615825
0.793614845962912
0.902752845526148
0.947875827121721
0.827851118964693
0.778850868901809
0.945208687915195
0.768268213833773
0.709818904129271
0.993517044083188
0.696668879782586
0.7562861980963
0.778847182565551
0.652693338738842
0.831947869702813
0.873411779594068
0.942305346761924
0.807421242821888
0.775228887099746
0.880040258904143
0.92975452118177
0.892636662860736
0.674315211002876
0.925067954585252
0.882863555217088
0.796281115646994
0.822869631615561
0.732009673833459
0.744231148266349
0.864432995685816
0.922282236694509
0.681524274917321
0.756216964371243
0.94185758511028
0.843952884281816
0.931880745604427
0.974115006073844
0.758483581597354
1.00692657894444
0.891086760997642
0.921055740120935
0.97680136183104
0.870223281143159
0.793881761613657
0.983478425789013
0.845548557796768
1.08545498633144
0.766890067721951
1.00042700226174
0.687686595143467
0.867064901960111
1.01027917536933
0.87294013254268
0.834243554638734
0.84885040373813
0.787878070552952
0.951110484494767
0.774262727715062
1.00160340131641
0.977704863850236
0.94547844783916
0.928589850161
0.885656034295942
1.06001978655919
1.04861972130304
1.07996160331578
0.879707353222243
1.02400868201027
0.843732039162137
0.963828748492144
0.753896617155109
1.14635924438865
0.989799564818984
0.985451891479676
0.993685967089812
1.00573053855882
0.944093474508955
0.9119475915238
0.983442501775396
0.966612759389757
0.927870023999238
1.02893624525704
0.978362058191155
1.1813033103335
0.893024890633166
1.00849645918327
0.934276543072523
0.976647141282971
0.900191382705819
1.11025613058927
0.924169560432925
1.11150907350136
1.1418113802566
0.914892766324157
1.00287261487793
