-1.04160626298584
-0.972406208832711
-0.979172902908337
-0.921796644444429
-0.915302264813131
-1.10887488143868
-1.0750108603888
-1.11888703676366
-1.12271585525244
-1.10457754850696
-0.921203643685758
-1.03050044722391
-0.961013821492107
-0.95877724743717
-1.01261830690534
-1.00835433665707
-1.07153827547779
-0.959510240383918
-0.8288597224231
-1.08018396536034
-0.849525629777218
-0.950694342360587
-0.988468686039119
-0.904327183237407
-0.905288725958926
-0.902303509893884
-0.92321744330692
-0.831741561706871
-0.984410038586162
-0.837243590472963
-0.953078567019916
-0.776878658438847
-0.973773871476766
-0.720409596423857
-0.978722938379903
-1.01963624205257
-0.915361685114631
-0.896661984503818
-0.741955558054027
-0.812833932643911
-0.87897523375713
-1.02870837232746
-1.01089877623928
-0.720357880030639
-0.801469818567489
-1.06919572061309
-0.906004999029412
-0.79012898684218
-0.764538545910051
-0.913796728832465
-0.959950542459733
-0.957611814600168
-0.969180087014892
-0.893906578226674
-0.99623235392183
-0.942473412588663
-0.863592029078029
-1.04762338452372
-0.833266415915681
-0.897781637230564
-0.894529855345382
-0.801399451448766
-0.949261303091801
-0.8552605077294
-0.873959637387019
-0.762476676563567
-0.9175008851914
-0.882644998615178
-0.845654180557822
-0.872289922289611
-0.965967058635358
-0.855989893843883
-0.795091166025752
-0.783870472328432
-0.676880551045974
-0.797506888638737
-0.796451101522388
-0.815725473174906
-1.01927906548996
-0.891474518352689
-0.796284345296332
-0.878539152063947
-0.772261323641398
-0.765234215687793
-0.863486866198137
-0.964157736787722
-0.717599199766718
-0.994483844605054
-0.801321955988419
-0.788057354070803
-0.954483043397839
-0.900102101940339
-0.778863584661826
-0.887118261444995
-0.92712352013338
-0.822647493432035
-0.756624377739483
-0.886641446013389
-0.670292040538573
-0.79085822648747
-0.771583047916851
-0.719496810724442
-0.804789660479903
-0.926639129225078
-0.906771518051637
-0.778236567781523
-0.888295052311665
-0.773415194246273
-0.765021649198974
-0.912043123349792
-0.68884466097263
-0.744540115919265
-0.812168858123885
-0.7920655688625
-0.773751541800702
-0.742570922017494
-0.71871500560461
-0.788002001152375
-0.699394475877741
-0.805545377240169
-0.835931666330627
-0.888580252511024
-0.660919830404324
-0.735392098794888
-0.672578667277553
-0.693141619134444
-0.829491085253069
-0.884444766652302
-0.790388468491784
-0.73234976688783
-0.829609306928836
-0.691724260725537
-0.64831777688767
-0.794766333374877
-0.696479709030525
-0.692817003010418
-0.830337992899037
-0.829138333323292
-0.707794792345036
-0.659120652615672
-0.778075746505478
-0.758196048683945
-0.742370696927072
-0.787208539633172
-0.750795556526821
-0.880626052042021
-0.687053206859178
-0.750150358420796
-0.732120052238742
-0.692835888066179
-0.757759427767939
-0.735929166320829
-0.555969471640035
-0.620226052474575
-0.584807571698917
-0.628090993777978
-0.597301335367808
-0.668418675360123
-0.748796331696954
-0.677311512596529
-0.708912975814681
-0.849347118848693
-0.739335252695763
-0.591709051865816
-0.596750667303323
-0.646749430709821
-0.579282922064293
-0.833945798983409
-0.592867917615601
-0.646974789081712
-0.733367698645695
-0.742155804528689
-0.693105054513621
-0.753066819373074
-0.558856442804002
-0.566995377906194
-0.605836644406641
-0.772216539806286
-0.641607834484937
-0.505147043768911
-0.467790788333696
-0.699297741916158
-0.749838137298417
-0.492023123801998
-0.662519826242109
-0.586376373465867
-0.786646910692061
-0.637111699254869
-0.725781423426944
-0.628096476648551
-0.664763968998695
-0.590584505084851
-0.491893569829257
-0.753762967603087
-0.662443028276925
-0.608626295580499
-0.705351462817801
-0.715017255944037
-0.592595400670599
-0.704919553817781
-0.609413653211033
-0.676559182854832
-0.497080695307905
-0.665711032576814
-0.670478886310641
-0.61655973906904
-0.445385465778507
-0.619058379505472
-0.683341139572712
-0.657591407100091
-0.620949533784762
-0.568577728133098
-0.541592943001759
-0.530569340872043
-0.621160018554471
-0.612308125838976
-0.58606893431091
-0.528527895936882
-0.450523245289872
-0.59278749444225
-0.618913138052196
-0.702885670572404
-0.415108172925627
-0.473138235557647
-0.523863877749575
-0.588400603964993
-0.563884431875688
-0.581988788704876
-0.411611230326098
-0.707985485089912
-0.63628929798089
-0.56099085266541
-0.445849780456911
-0.420253925466878
-0.406689131378054
-0.669120540675913
-0.304497225278734
-0.54099049585465
-0.526850886655523
-0.469479609362351
-0.548582213980648
-0.568935407153681
-0.423620174842591
-0.479300573493898
-0.514096981658016
-0.456365898785684
-0.530192800052933
-0.416948395749299
-0.369897523416979
-0.630009547115112
-0.569033540365015
-0.545977418175374
-0.513690454227745
-0.556440723364112
-0.479018640064699
-0.387470843402042
-0.529072838014593
-0.437278256283519
-0.581828167016756
-0.59470730976696
-0.29292752987768
-0.412568997683974
-0.411879146635893
-0.625098317579622
-0.452560398075754
-0.336521654705396
-0.444667657438391
-0.383053894289919
-0.496102982378187
-0.456935295391689
-0.552042217364485
-0.390444356055127
-0.504261950176324
-0.479384954811946
-0.420409689112591
-0.420939193523199
-0.542811303205271
-0.364447242066252
-0.49502389035305
-0.454316372428475
-0.405130333390352
-0.456308165695487
-0.542174965073786
-0.486071460688344
-0.22958231258681
-0.376748995158235
-0.409628595646997
-0.361646935706752
-0.524464016131952
-0.313124971208682
-0.551314687551925
-0.389817156499085
-0.404210484790784
-0.166195869822805
-0.432836116889324
-0.402551385376445
-0.381191253637984
-0.526758184784032
-0.448326186633661
-0.482104945681865
-0.335392990355694
-0.495347744247675
-0.514929886591816
-0.379812769463432
-0.450573006874955
-0.34811932490302
-0.434662396443283
-0.324420820362719
-0.495727448149337
-0.408039313101407
-0.489934556764453
-0.338821448771358
-0.376983094978304
-0.250470522829487
-0.424381053914391
-0.228427371573809
-0.547686746823697
-0.148099814989204
-0.275458751016165
-0.324388409353142
-0.356914491528524
-0.290745681181318
-0.265975606621451
-0.489790737220374
-0.275753017828986
-0.358570428216744
-0.288553833258665
-0.492665180367779
-0.258465743599154
-0.474394580707158
-0.342912468017244
-0.397437842606228
-0.333410309370127
-0.490429033872786
-0.204020733471342
-0.305594841774919
-0.186239333707165
-0.354643088433511
-0.234299902812462
-0.339333326960894
-0.27685792404149
-0.24045414149809
-0.307545245749349
-0.366943157808114
-0.23622285115511
-0.155590049055023
-0.339985361477426
-0.369115940429205
-0.349675333166288
-0.31812119134869
-0.191380262542558
-0.194841617518993
-0.234893829472416
-0.321387460408814
-0.160156161112769
-0.311036307756528
-0.245194952217164
-0.2835476618761
-0.286085649021431
-0.264690673538581
-0.22103229212525
-0.369012931209418
-0.248025933700866
-0.367478811999934
-0.296858475909841
-0.245478300170282
-0.319229284900147
-0.161036821135771
-0.298046985896579
-0.324236625902011
-0.17883333304447
-0.148732940740383
-0.365253525785536
-0.220378373139751
-0.260640543043896
-0.23087398903931
-0.273301724974476
-0.248419468767811
-0.296661877301975
-0.294812129321498
-0.158514948443015
-0.192964204934834
-0.39104692407062
-0.162170355797392
-0.198171007924933
-0.131268536070825
-0.163864693780726
-0.295963266390769
-0.154856247536538
-0.320739106783141
-0.181316829022273
-0.202514157522889
-0.330189870381858
-0.23849218314759
-0.244712395057096
-0.12386989762549
-0.278355276722561
-0.24493482365872
-0.333628853742397
-0.130864476991533
-0.0678329808813585
-0.0213071017530952
-0.198151067673217
-0.139282709754665
-0.313961412175058
-0.311728367615776
-0.162012528243933
-0.117174492857771
-0.0877582670650768
-0.235002583834352
-0.193828306781803
-0.0951983965033463
-0.119329865447607
-0.283932826341377
-0.148323459541411
-0.231112426729406
-0.126430809501993
0.007117275337798
-0.0800825086861786
-0.135653326808562
-0.0972770166919238
-0.144339219423147
-0.0876721554446331
-0.132916241031027
-0.11576508660728
-0.165947843393643
-0.026620041424965
-0.103349241635968
-0.0977516871401543
-0.243059917604313
-0.0230544896575189
-0.151350575950859
-0.164337301805571
-0.172329193956131
-0.0900619351617981
-0.167371814112904
-0.307551635968824
-0.0859773199088795
-0.0483401053629334
-0.20645677110261
-0.202971111210869
-0.21130843723692
-0.0867404607865674
-0.0531196246276012
-0.242866775643867
0.0313895163175301
-0.0536415043520697
-0.0150263899010496
-0.251542507368814
-0.0845283905624212
-0.216923649772415
-0.0921827502647352
-0.221186128597565
-0.127376533755777
-0.0173652572421464
-0.106690143631084
-0.2205938224236
-0.0668851049110825
-0.0295394383744202
-0.0259675624883444
-0.133635149911406
-0.161029965586443
0.000649678134568385
-0.152649903388917
-0.129388838570951
-0.110427862794148
0.0363089430751001
-0.0894538707817538
-0.0844654727500373
-0.119373678769713
-0.0399179012144966
-0.193100400340206
0.0146921542001657
-0.0100408249834365
0.0263666780992214
-0.073450508021733
-0.178019259071328
-0.0221165562518862
0.0143876344344592
-0.0578660096899231
-0.183400089945983
0.180152367755076
-0.0818682823589587
-0.0012246487697684
-0.149301089562239
-0.0634073876859011
0.0779191594545039
0.0298593546824708
-0.0778603567858396
-0.0645644354826402
0.00459947092834882
0.0414513084878527
0.0346451236698131
0.0266447144644086
-0.0909733248053667
-0.00441422645245602
-0.00733278200634843
0.0809356836525259
-0.0394826268422574
-0.0043175260921286
0.0250390776386113
-0.0726871000237244
0.112661054844012
-0.0241785663334233
0.127701137598359
0.118363749822836
-0.0241710474521181
0.0643724443001675
0.111716155539175
0.0379984634687307
-0.0129671200190986
0.035822768884591
0.0548873238497311
0.115549902815615
-0.10574301062895
-0.0271194255775622
0.0641131125942035
0.0979726262929907
-0.0179942083274583
0.0865447632505546
0.0578503246409042
0.154260168854596
-0.071557586419567
0.0762117822358609
0.0131584769401322
0.14529845683069
0.1412698674751
0.0707746225523461
0.0485669611713658
-0.0960683700058291
0.123061149960164
0.0536168793500485
0.141930402824443
0.10226326989508
0.110499192981199
0.0589892023074924
0.00266450459533532
0.166747033006305
0.189574085659191
0.106708558976712
0.114952259775631
0.0989674577315407
0.244715603992841
-0.0101002662897836
0.191518401563747
0.188798385716159
0.111152530977696
0.235072704128465
0.0549158774300322
0.25018173181511
0.12764397307017
-0.00652643097371083
0.191505194109927
0.0842266677462534
0.146881009726615
0.348636925352192
0.0252634035752389
0.133462682047957
0.290395195854785
0.00243739244762157
-0.017111588293551
0.113273961336624
-0.0286716204975448
0.231265227521461
0.2124314616595
0.117475604855721
0.0413157653366191
0.247458697643693
0.192640014030596
0.114110297874413
0.194091410130604
0.201823341449324
-0.0571613206102537
0.173058280820295
-0.110683600774815
0.0879148042662313
0.221460685270649
0.220497259213448
0.242583110791014
0.332153821540996
0.186586705773041
0.318527737670032
0.202934942224422
0.204304443506924
0.177247474180722
0.186383271931917
0.122467528179407
0.126892912774918
0.150867884805241
0.19970976889818
0.180199142042139
0.247369457233232
0.189604627798356
0.185056156687612
0.235467147042337
0.104221573327953
0.268001898959155
0.255221072215679
0.27946027328561
0.2568994086988
0.170411258548071
0.348903455987362
0.162512222860238
0.364180690502929
0.326794521259666
0.0856375050795229
0.203278306908121
0.425715557725547
0.191575836463046
0.367955527420447
0.122953893521796
0.200896825575869
0.352108000629833
0.251167501657794
0.211409615165666
0.315633738644091
0.2181360477163
0.221562763822406
0.30497150714919
0.224554647159455
0.19639016927076
0.289520999869672
0.387712725201031
0.329529429305876
0.203851282267843
0.179323477289771
0.277059150824813
0.278701593994054
0.352562556988627
0.232635175673333
0.30586288390476
0.209604144040158
0.212663542816227
0.16275897226331
0.317610794653616
0.316260440701982
0.325069990406193
0.241683885873286
0.12597245254539
0.295338175090299
0.370422508673731
0.244069974041653
0.440011481568176
0.296566929965679
0.377897197903712
0.256425126030837
0.292991684808354
0.275849197933294
0.296245150521696
0.315037256924702
0.154331244339359
0.220399365502782
0.548079620238762
0.375514976342759
0.31079535862191
0.407063147116764
0.283213961838823
0.37826432467689
0.171624654850873
0.254837504191986
0.44725475338019
0.338325001586437
0.171946640595325
0.366082159996514
0.207270082695433
0.289858022759641
0.325448544955487
0.322945373165055
0.319051673558182
0.295534816508322
0.27143069034758
0.272131675358137
0.285367820857206
0.299677965125371
0.373183063519634
0.327806724992736
0.379559906874277
0.178998064858203
0.351235295699634
0.32651222779774
0.445548552433262
0.342011138200994
0.308144529533555
0.350261785738876
0.349283115348137
0.312158520527275
0.387323520116549
0.473201738625097
0.450234254714632
0.521390474290479
0.351937457398309
0.290890586881136
0.627195102813041
0.33706079104351
0.307821526237029
0.514013069480489
0.403389874615786
0.350699556677695
0.372316051171882
0.393208898636063
0.467466478902102
0.397845677052693
0.389681472859296
0.321965667895983
0.233558344281657
0.408585377353114
0.416626194987254
0.338258866139739
0.568283381562072
0.396160448727568
0.461941130123484
0.444573928205437
0.451945418105687
0.491853310377095
0.389134693490706
0.484348096894309
0.358532768095331
0.343831091924666
0.373315276010857
0.391580524574279
0.342133314417141
0.450957051228335
0.452688050185835
0.445382490300409
0.458116797317695
0.338089034037037
0.247053646345374
0.574347441014138
0.474138177542149
0.569244404491183
0.48291966570701
0.501653630600291
0.449418383412186
0.425250148538805
0.491281527136609
0.461287125444983
0.398439357549124
0.425465927477847
0.493690529509368
0.406541660632002
0.477672237181255
0.462015485081533
0.474986738210097
0.564574058760644
0.492620863316961
0.503761084123838
0.561138602204082
0.46293960183277
0.602119828675385
0.317612019149091
0.408736378596606
0.691073919717598
0.558525722436968
0.485854218809412
0.438284187544462
0.600942718612461
0.505982225504451
0.42579331153122
0.476726555898995
0.537594406488078
0.594374446745931
0.53132550642257
0.434673999852283
0.543186046400627
0.514256279986833
0.47576456600908
0.760602536994843
0.446202606621705
0.611626907999545
0.59782121065255
0.538140759522392
0.591197125473837
0.606634926337412
0.643856826676893
0.591133690598177
0.719847677378097
0.54245594687615
0.589069253242271
0.604436176107722
0.452261865977044
0.53560614837047
0.594501689015904
0.714982776444062
0.551737709857227
0.637068132822373
0.617342400437132
0.436772378363905
0.560774792290001
0.521928207997099
0.651776804158718
0.635995833962793
0.560745423206527
0.458019786958283
0.662109301595937
0.699069912755559
0.595236458003458
0.692426315262422
0.75794316798417
0.605382634394661
0.594865503253913
0.707501481920086
0.700930045898329
0.604688106071976
0.582513190043348
0.624140220448562
0.559569635087908
0.57601854191022
0.649716019601853
0.579875000446671
0.650978056424777
0.562820510238144
0.532655605861033
0.718482880101849
0.561424028513695
0.564569192843069
0.772361816781146
0.43521353523573
0.593101752668525
0.627810866279957
0.713970969289077
0.596936449173539
0.643065080805639
0.686384044804569
0.558314559838206
0.724512975157747
0.632641592952487
0.770599772160692
0.627187422598287
0.568971083080606
0.719401184266617
0.71843107405313
0.608611934365991
0.735488719512561
0.752012352233669
0.51482848935214
0.827274277812025
0.659997229809911
0.741782572195097
0.774175710672383
0.599043338661938
0.81327526636173
0.776809584955917
0.622151477721186
0.787655980671836
0.664737489183991
0.515006579957324
0.698306781122032
0.627395107496634
0.816598841425575
0.742045314549217
0.595497498345447
0.632804353717622
0.625175017943495
0.826009228966176
0.782150181718973
0.731664371669414
0.599837357960733
0.668703605035164
0.600444017060871
0.672826008598352
0.651625246911904
0.58843443180026
0.747869721134595
0.752635571862032
0.72289967227121
0.609395922578931
0.573335175043714
0.859053134828211
0.690237479561269
0.778766607302846
0.714211554676182
0.713185833910244
0.751807893490832
0.577327053799051
0.729854065954884
0.905429953831897
0.866190402003645
0.698949767429249
0.893006423197981
0.804753314387138
0.699729059132196
0.737248093183036
0.826419771849934
0.806478278548173
0.815060342999426
0.677522314706193
0.726031914200907
0.770708427760358
0.674877725983749
0.892349731297292
0.810330039664127
0.601429969159616
0.683035516682486
0.756201805620517
0.881601004962806
0.765336922605396
0.83261473654832
0.859538229238037
0.79586024370589
0.616123501173067
0.863108055916084
0.801725077275465
0.726263561581964
0.808775840212445
0.769639232422768
0.93277743897853
0.778411606835331
0.902163295680987
0.756395355000599
0.662828178577046
0.751385967011302
0.782074263845546
0.76298394365021
0.798685520336621
0.746036875353838
0.76285317671432
0.909142015363013
0.918680135246284
0.922766028334472
0.795554379733798
0.949978050378142
0.906153414423917
0.878994448090659
0.943465612149164
0.762068614585249
0.977413750854722
0.901156036278162
0.753323205833664
0.858738577078562
0.81401593673799
0.813718506736338
0.845584127208301
0.928211847042258
0.87769458262123
0.89184786282082
0.941624221645706
0.806469612418992
0.867430236180013
0.7884059246719
1.04694422590089
0.805576433942359
0.801499003400355
0.948771832441206
1.05504331644639
0.787360503657068
0.893799068963007
0.721501262912334
0.961576805902126
0.875082900696117
0.964664101385068
0.835643708991151
0.834248869282325
1.03347119645822
0.907488185160835
0.943619985817671
0.68186079447633
0.92189675959851
0.925119344034329
0.892207387211872
1.06989241722613
1.04978709849157
0.809249172521034
0.919480199556901
0.947791765863667
0.971114387808204
1.04729374592906
0.99013456168413
1.06921686095762
0.942331523186513
0.936568114192398
0.831023124484527
1.0117002854975
0.918463102972379
0.896236972374792
0.996472032641584
0.954155773545921
0.846127012323365
0.979243529375198
0.863142241936517
0.852026890350458
1.1280060852031
0.854518241121862
0.870850290586578
1.03196246578588
0.961971738319959
0.846510995858853
0.900303529750911
1.0141923197757
0.997852792842088
0.849631403142233
0.949294101341411
0.876376001152352
0.93622107753573
0.998466779205065
0.928856394274845
0.875682272968261
0.957776094434208
0.932842489867606
0.996039001946295
1.05204728939596
