-0.997864074403904
-0.9475834338441
-0.937686171239996
-1.20398951996829
-1.06253613275718
-0.930288928663542
-0.787653351817748
-0.892257530814684
-0.982192736244214
-1.03890271126245
-0.930628855627897
-1.05016038924737
-1.03159676164435
-0.983156026403746
-0.885407467064496
-1.19720731508056
-0.983110138531781
-0.956719177744231
-0.997985334732966
-0.852702801363939
-0.895069534981901
-0.874557339246775
-1.09792269661148
-0.893837701764295
-0.985257076793969
-0.952929465784513
-0.902169425316786
-0.933023393547924
-0.982577378209204
-0.898706785681891
-0.917724262277093
-0.903261540442586
-1.07646965498251
-0.756010684845146
-0.948524761258963
-1.08395634052106
-0.935907319180104
-1.05116958890666
-0.898203123353366
-0.989109376289294
-0.824331436107066
-0.957066443980006
-0.892760367596934
-0.884654229232584
-0.745035488372313
-0.857514886028012
-0.982879495567696
-0.945772921133071
-0.738107925511115
-0.928468404896885
-0.857303161040631
-0.871825696365987
-0.808401773697912
-0.969256078196081
-0.76403396846735
-0.967070198697924
-0.968245069347041
-0.938139460569425
-0.804428461011764
-0.980721184808707
-0.863855719053445
-0.940035393704617
-0.946386107333167
-0.914548001434681
-0.901703976013695
-0.671124797076248
-0.844814996430501
-0.910173387150482
-0.916993398585778
-0.880421103587644
-0.949727655503391
-0.823261573169322
-1.02484780762013
-0.864879375549094
-0.914407904681465
-0.864226792557175
-0.787810819390491
-0.85887719933027
-0.881896808826243
-0.791332474429193
-0.841278463892316
-0.758830635339663
-1.02444711152086
-0.77709755957882
-0.735444029277041
-0.90874342178542
-0.771231545432347
-0.737902821998711
-0.84223086131743
-0.900164518255421
-0.870020796264731
-0.726722999660222
-0.910990586443867
-0.737955472942672
-0.80657320084471
-0.74331639808332
-0.774163050716544
-0.780391570317132
-0.784507430197523
-0.760139077769496
-0.791364073145956
-0.750368194771277
-0.94570705743591
-0.86191017369801
-0.74052247655949
-0.835237548642087
-0.820013963919319
-0.794826518686684
-0.849046338206821
-0.67087781519517
-0.793225686804309
-0.680153781736204
-0.714963512407054
-0.70913699161854
-0.927581486006983
-0.744034149683217
-0.863455456303199
-0.657969935199108
-0.736406987617011
-0.630592297541242
-0.778086651610427
-0.75922911069062
-0.679448543548068
-0.708528764575656
-0.620413053236962
-0.629557903780004
-0.793403873499356
-0.703900059035743
-0.805315957461936
-0.700236297750065
-0.71050466278616
-0.854424740593317
-0.681517858563563
-0.663337024498996
-0.521790733792519
-0.65595014740331
-0.634822510387833
-0.645783546521797
-0.688098323675259
-0.643607649191158
-0.679967823885632
-0.754286484133082
-0.839198045665948
-0.718857337365683
-0.792880993431358
-0.72996650957364
-0.646596148368249
-0.782309238196474
-0.516838975935624
-0.755505277905158
-0.672833801182571
-0.873248655581029
-0.694161245583692
-0.6612674588418
-0.772380286249174
-0.684734231068158
-0.742333207700442
-0.793072243767768
-0.601485401762307
-0.716136913264671
-0.684877530167612
-0.715832673196526
-0.701908600388192
-0.614395217098247
-0.610038076024711
-0.751855700780299
-0.491549150630568
-0.871103064295026
-0.758837575116356
-0.643956104788122
-0.678793141273579
-0.75814339474408
-0.657589534528322
-0.862177603532439
-0.657374186921342
-0.530678450984389
-0.735949641819998
-0.69038958566851
-0.68249404398314
-0.631191908725742
-0.511304571386514
-0.526903524188651
-0.689759545755548
-0.650831240999434
-0.613527056291
-0.674079895838289
-0.537060460474752
-0.750758911332975
-0.60048091204508
-0.700503705300966
-0.612272509267229
-0.672780138298747
-0.623975484791903
-0.640142126996548
-0.592281942018205
-0.623057076799786
-0.631618470117047
-0.712654475275769
-0.786689172971433
-0.69733751020087
-0.59462276969791
-0.710204468174919
-0.5712717734132
-0.479258345038907
-0.500788899009444
-0.578329569454078
-0.643745311611387
-0.740477570991721
-0.554939431095087
-0.649201094291526
-0.525101325972719
-0.510062633674201
-0.45005878095082
-0.775187427623307
-0.665208181881804
-0.608127164504881
-0.340242341321114
-0.556559130571945
-0.538134990348529
-0.662800120579709
-0.615201719850127
-0.507422397135103
-0.522480606877251
-0.507789795180801
-0.558370815840626
-0.39591744787496
-0.646705094308189
-0.606856155345751
-0.565614650808093
-0.598589348882855
-0.63582682890093
-0.627196329439089
-0.441528287274516
-0.596401491620923
-0.515702574527939
-0.536735542789138
-0.455282040225142
-0.778331309029899
-0.493969286352912
-0.563215429020672
-0.52213428188136
-0.537495054446935
-0.438421302630829
-0.402073249643605
-0.57061696904778
-0.385192580851493
-0.562111415599255
-0.472189293110472
-0.60391217392122
-0.440424466397467
-0.418519697131892
-0.454702706849502
-0.45763891719692
-0.352698414043331
-0.567684584208547
-0.610211967464484
-0.435811046153346
-0.354426451400802
-0.526440648208884
-0.548905905201906
-0.49958332896205
-0.39620716909584
-0.620589540978643
-0.493159147839541
-0.541044997320016
-0.496248027248854
-0.243962965618514
-0.550943987317702
-0.410438765703119
-0.506861997027103
-0.413115395117766
-0.384029575974677
-0.30415007985784
-0.297433583482513
-0.641388322801434
-0.33218514983556
-0.458586017145789
-0.511009780555662
-0.319882013314562
-0.459330685888224
-0.496185308392615
-0.409586909426786
-0.507188509328802
-0.379763485958288
-0.480887257865619
-0.426741158272313
-0.155127287142789
-0.534671945487299
-0.426338705183533
-0.328022774494229
-0.432504310966321
-0.439208435362556
-0.48089337547339
-0.282195593064714
-0.376048293682102
-0.352551010558855
-0.473387960751412
-0.329516824062006
-0.310578359376866
-0.325615042892955
-0.444231381911632
-0.407575904142238
-0.335167123226077
-0.355074168882051
-0.320172323196709
-0.27829123407836
-0.451021555440784
-0.412099629127064
-0.379711680958792
-0.35877435503585
-0.427630915614593
-0.490965916083582
-0.419426406623975
-0.390173437231264
-0.41253249388693
-0.556408086820726
-0.430667793062018
-0.340083855356448
-0.351082374109919
-0.396775166285556
-0.333031822240051
-0.370833584030052
-0.483594494890913
-0.311683935502779
-0.184635600083754
-0.422082679374081
-0.414302403554745
-0.24075630352588
-0.239515951626698
-0.347866017404432
-0.516864926225726
-0.418650793707913
-0.225847996131976
-0.358842118640938
-0.380385892917305
-0.298657509568669
-0.347598241673062
-0.330417051199297
-0.385409930076086
-0.33661937168291
-0.285196222457753
-0.529337827830892
-0.174446326629139
-0.294906699571452
-0.124706108248034
-0.292891889990018
-0.248089529809819
-0.298467346088371
-0.280964139090542
-0.260817117982881
-0.361206112344966
-0.280327387886613
-0.252485932818353
-0.274786173956746
-0.449482662602196
-0.27303370269323
-0.366956443406844
-0.270133674795388
-0.451982666566984
-0.404187792838793
-0.264754238808963
-0.343822177016922
-0.352946802683107
-0.123001398366206
-0.336703416549604
-0.262484543841598
-0.19912548479702
-0.30923146336815
-0.420134332506099
-0.310125620381245
-0.132108413951764
-0.363412859122299
-0.20996984357444
-0.256866184817126
-0.266036045330904
-0.29483882674398
-0.135914927473137
-0.355911044327354
-0.303679749352748
-0.219781590867036
-0.199886936149844
-0.119620191354107
-0.338845814384017
-0.313014370354266
-0.237912859005291
-0.248368498822232
-0.313082413288463
-0.195940896797653
-0.307875651108292
-0.307539435392647
-0.388607860607774
-0.292276637075159
-0.22131950616464
-0.167839096517263
-0.265988324201497
-0.217982841474111
-0.313626874744989
-0.212081917430933
-0.066008741911336
-0.123641480141065
-0.233296050297302
-0.262558411735918
-0.219389795129073
-0.247547382208852
-0.321133149017155
-0.144511774809847
-0.245455479918836
-0.181001059478934
-0.187343164006392
-0.226374065794132
-0.206367937827481
-0.159375484608731
-0.242472252047057
-0.238637183646845
0.00908621214547359
-0.254762282833721
-0.224981419118392
0.00909837920132339
-0.270360756619403
-0.165973492629895
-0.0903382747134296
-0.199522160892348
-0.18151672424147
-0.0563971469890869
0.060801487029541
-0.0739119516045752
-0.0897390810283971
-0.037881824520918
-0.277009266953105
-0.0653588057673559
-0.293599283010879
-0.150572510656766
-0.188846238874087
-0.0311726328258564
-0.0998176228456853
-0.144084349380759
-0.18798066210244
-0.0713598045979626
-0.106611721696673
-0.0836334514932955
-0.223283667132166
-0.0651446306779044
-0.0561811293490766
-0.214846260621932
-0.316137929301868
0.0145811112615167
-0.181209684294124
0.0123995130568584
-0.0964058639425148
-0.0972334993249227
-0.145696241066059
-0.0954083485760173
-0.143523651404414
-0.14217581765532
-0.105534686682647
-0.104392397118416
-0.007311975727567
-0.0298033885573909
-0.0663237340334588
-0.145848431033276
-0.0137429760920324
0.0546502600313277
-0.136249428348008
-0.0477626246424561
-0.0312551661622275
-0.102815055850464
-0.0541498134501226
-0.0399763025353499
-0.0292637296003965
-0.0213099349237099
0.014257512413984
-0.0937349601102765
-0.102367985581243
0.0304385542898479
-0.0541229348479545
-0.160636877296629
-0.051288763152777
-0.150540473834242
-0.0556605425639878
0.112704912139489
-0.0557723693121165
-0.0377023769863231
-0.00934819317223571
-0.0247204986354602
-0.0998536495634862
-0.0693322803629923
0.240982635620325
0.14858254423148
-0.00180972482895654
-0.147517157936935
0.0444635547374014
0.0262298612789218
-0.0284021063877527
0.13798919133619
-0.0544570645120515
-0.0275219297431294
-0.0203667574220341
-0.0364599248742318
-0.193473495594381
-0.029716914499364
-0.0656761022773943
-0.0811723013104338
0.0706350116823714
0.0430661844565716
0.124432144491315
0.0598139568278994
-0.0623936653213016
-0.0540102231909813
-0.0309825839714394
0.0301734240655225
0.00990009810382139
0.128678553958456
0.0621491955692801
-0.0444880392976047
0.0525204673156648
0.0456458758478466
0.0520905188330245
-0.0199748679460448
-0.0746221687813028
-0.0539664638901784
0.0109931084837892
0.0271402010489636
0.0341940017396941
0.0714862618257292
0.0750088096421483
-0.0943783242719307
0.256600340915631
-0.138420503928801
-0.0202457962211415
-0.00750810915312944
0.087585682606555
0.0780437317551247
-0.0878633756750078
0.0702460503062115
0.152925420884806
0.0913055715046126
0.098599785330783
0.052412256911083
0.0454321551734697
0.138880735205729
-0.00325745394368086
0.194826609665473
0.256618471683317
0.0442052127424787
0.0555201415730551
0.0164121169927237
0.127437095753567
0.017593657822399
0.120007644610649
0.0406165896674884
0.010234521343617
0.065145628818036
0.0087322218257957
0.0982568357256357
0.0738112660225606
0.143436001198632
0.14568124959836
0.154798202446648
0.135399079369897
0.116193966913503
0.174878480256042
0.0150082129597243
0.0940801165015737
0.0997415230564721
0.176867557902467
0.222251062770584
0.234439336368118
0.184913793525197
0.0967203576612307
0.141190795517209
0.133038055435754
0.0406881853827553
0.126136081393801
0.159667158567237
0.155331022049343
-0.0300144587639856
0.214559410294853
0.130677530457852
0.143348637129819
0.236152809089431
0.311692411118212
0.154045800013312
0.159683134644889
0.0997749625150318
0.138177210281445
-0.0106517404955172
0.277404612462628
0.423185864754857
0.122706659712313
0.216028140914379
0.0565937388379087
0.115338017775049
0.144417496540112
0.309953767948346
0.312871877721272
0.412055599924641
0.0503889782459746
0.254198637592241
0.247634060802015
0.0954313670632009
0.139326374462724
0.226607702155292
0.237481629383368
0.193756168663946
0.115350719801319
0.234637266481182
0.326434445553961
0.299945273912866
0.244723449722369
0.238912401945664
0.215105981177409
0.212764489612208
0.143167612327974
0.338334960030105
0.292860619563791
0.312867179968332
0.380599068556715
0.288002418310739
0.125816325783817
0.247675649830669
0.210926041777911
0.289237762598018
0.296046687574818
0.429541515608125
0.157827613329093
0.301942439967222
0.188974371019412
0.164569197422155
0.221366900697021
0.194626220262054
0.285164480327897
0.247250810562635
0.28348199886909
0.46604015436431
0.353936438406658
0.309900493562105
0.249320249070684
0.369986947124129
0.291491438685922
0.302991304942263
0.184621822605908
0.365435814677964
0.301493549098393
0.32155701279463
0.307424310175713
0.143616857800722
0.239453110901448
0.351274209589571
0.466874791315728
0.293352108596585
0.379031806772005
0.217449085858847
0.330172601555052
0.212604425815721
0.275922610638866
0.326844374556196
0.30036885568817
0.249296596098573
0.353747730255836
0.458872825874046
0.326045637221286
0.317225850035674
0.434127825079039
0.375901216284637
0.377845897705534
0.39790570749071
0.341736838558504
0.255144111729923
0.179450583233782
0.410032006254658
0.492753978993597
0.314656666837099
0.402510684448835
0.484256417112205
0.34672974138237
0.328703739700801
0.357351043097216
0.302445869267631
0.271372468885245
0.490562651678948
0.371506235992913
0.549364560703061
0.416134986847451
0.288071095738581
0.252593177925944
0.334268099568199
0.462528673869539
0.328872340546491
0.413273044632833
0.315179256402036
0.306657502641079
0.534116804547436
0.475452712018313
0.482444745873033
0.336212861060207
0.403665270961592
0.392629588640624
0.583035775912601
0.366688971577451
0.40838069238439
0.384927835725804
0.452976534383024
0.507119623636368
0.419374516593802
0.341272041153292
0.465662910561
0.307394680084605
0.353011649850884
0.434706579030041
0.449633376992451
0.370639054297704
0.480180268958954
0.445603480900262
0.391780534000362
0.277898794320618
0.359700481687989
0.37966541889292
0.353854133681631
0.460585153322633
0.44605644682923
0.4682293114549
0.332410290619184
0.313617774505631
0.356305238787538
0.495778288141091
0.578830646163629
0.449187318219629
0.528648481122971
0.469690538297028
0.510202826841997
0.456266912720135
0.38903304666399
0.534349559488186
0.41841746641059
0.54215657271142
0.483511385304723
0.513272687492654
0.599534670022372
0.594616453110879
0.506399080922075
0.50260366733285
0.417261972155606
0.378663303921411
0.510559831770095
0.544393817681549
0.542603350160491
0.519820789584209
0.533054932298767
0.533194292333196
0.453462074298877
0.569580450765788
0.471148985840023
0.406228313868961
0.428599919798778
0.524923932809523
0.662288730243332
0.508404862765452
0.457905336996561
0.57455916877893
0.637405039074183
0.485032565398978
0.410014943616887
0.418482642159958
0.521059116823501
0.578103245750148
0.575044612647637
0.492398434685878
0.462845538393015
0.429689157140266
0.446669736029058
0.342171446649126
0.54177547393408
0.465239059935158
0.695025431941605
0.604958155134198
0.614321728659539
0.645767370661971
0.520357785277696
0.593961869642346
0.501367088263053
0.506904547929967
0.559274016376023
0.413489303360824
0.758358484792103
0.619515589083185
0.574379059415496
0.624432830878767
0.816795252549731
0.580958527479256
0.609173879710212
0.761988629341905
0.731908003384606
0.701414794564535
0.516634544701842
0.605875324400075
0.595747702513491
0.544553603183438
0.696677809859368
0.643655570786022
0.568059998517794
0.714900652478853
0.588954916887247
0.794665973249953
0.58913836492568
0.584888932290177
0.676964336857342
0.648306603827668
0.696702410766395
0.448572226160461
0.670228846835446
0.617274287108113
0.733418638975689
0.615267585776443
0.5508933448849
0.535080281820212
0.625520716328214
0.739942009990661
0.673902562713287
0.627691478292476
0.756132832506911
0.732432115389431
0.452354587643202
0.586228702898938
0.710776142181358
0.71015624557917
0.552730021079521
0.565794513543539
0.599765098098903
0.556682941604722
0.648112959709767
0.734756367942671
0.677637684843685
0.568687033546707
0.534036331364384
0.633443610925074
0.760855383208989
0.692416326980034
0.71959430566933
0.681049232195269
0.700324458633337
0.592268138834714
0.634899882835693
0.79350766592432
0.829717604291745
0.573362387576097
0.74509278924847
0.706690875800734
0.743550911405071
0.694181423446835
0.646195446163139
0.694581815236844
0.666834540618576
0.800760260485461
0.552517711450908
0.763688231129311
0.610405868424991
0.718584377438821
0.625049911259935
0.687790044444503
0.666703146845329
0.561691766824034
0.519037458346065
0.792400537384925
0.606502748477716
0.686972259581351
0.898214149535891
0.794649217940671
0.822651378852756
0.691795669794431
0.760559013741003
0.724131053315764
0.728089729125486
0.717192102137104
0.816494127756657
0.749356612655567
0.768659667595057
0.79658504692262
0.733363163925332
0.740147238213715
0.751634428405128
0.877749170159612
0.880862935559009
0.88430381983235
0.777743672332034
0.832528555682226
0.788215615576735
0.671597366466805
0.726094511220025
0.907265882125001
0.993289282128798
0.599733146051171
0.732593130024079
0.758087248713975
0.81396513893656
0.747101208394919
0.859976619156826
0.906464846744561
0.576491324954515
0.850098578187086
0.878826122333396
0.814627193613777
0.757223038154724
0.836717139395856
0.655636726036497
0.723317078825742
0.844635938846951
0.804931736466928
0.930400860004799
0.956176325015693
0.828362601604786
0.761954451552413
0.948346493069888
0.748985125031991
0.737554418642825
0.98989644474921
0.676446528701009
0.746005105971773
0.797217372415358
0.625734482741995
0.818238028228605
0.842967810005308
0.936148655277406
0.807702186136554
0.774851018184895
0.864600333983852
0.957300491458362
0.906148971444892
0.677765890405013
0.944447532585929
0.863381337845018
0.792867425860272
0.834086313640584
0.757614191653619
0.742945590213915
0.865826745132992
0.959593775406768
0.683311297363236
0.759644707262593
0.947366953920501
0.846312908819346
0.914654226972411
0.991471716394022
0.753501149664701
1.00855473348258
0.911239941028247
0.899375066743435
0.980021807487051
0.849515625030706
0.798455356947547
0.984596039404323
0.850201757972522
1.08600055557798
0.776243352390812
1.00333569486742
0.687964745851004
0.849601995748005
1.0057321949582
0.866169995212627
0.823421561060837
0.851658969269793
0.802544851351712
0.947077468839618
0.772392093043104
1.00869787502298
0.99523717478907
0.939677260009702
0.932000915932939
0.870901499630534
1.04377968063519
1.06069303098241
1.0563623941016
0.833448947944666
1.02808066881759
0.841192943450084
0.973731885523273
0.750799206254153
1.11535019155453
1.02080070017772
1.01603023748228
0.998487414825478
1.00011223852186
0.943308585209608
0.903627384108527
0.984567298718528
0.987311986225704
0.909883922169982
1.0348473770915
0.966467894009872
1.19646543218048
0.872816740291084
1.02789393350166
0.920351737019553
0.959194653867458
0.897237121416087
1.11129908996971
0.914803547963327
1.09221360939585
1.15313361659696
0.92018837663562
1.00852908743081
