-0.981035540988572
-0.957611907048477
-0.922521090244567
-1.20580751785821
-1.05842804207257
-0.926685830988927
-0.758182484157714
-0.879249018557396
-0.993784591031486
-1.02914606340261
-0.917132496044422
-1.0639869019561
-1.02635311770855
-0.98472447219735
-0.869146466279369
-1.18713162488223
-0.960708098093853
-0.95653699131973
-0.992565962583477
-0.858752028878378
-0.889430713322153
-0.853300116816522
-1.10759020077735
-0.891062915741074
-1.01158661365901
-0.941658444896909
-0.896905116958708
-0.934546043478352
-0.972517184696861
-0.91194171042915
-0.914901461014812
-0.908882585890457
-1.08932792745063
-0.764860768734211
-0.953972502430395
-1.09182811737158
-0.938438618249278
-1.05684277985359
-0.894076964051799
-0.978629974360358
-0.81553739011193
-0.972544896854349
-0.894767832475657
-0.873648688267313
-0.77115512482622
-0.865475389324911
-0.997753876786453
-0.922940802202199
-0.733126479172994
-0.917376059630883
-0.837461673061176
-0.896870308206582
-0.797629597105295
-0.969770451121329
-0.766158228196174
-0.963646351252193
-0.981478923680308
-0.925920934156704
-0.837706910504046
-0.983131130752115
-0.887750552568151
-0.926251029449162
-0.969635272341773
-0.942943263231873
-0.899677235091036
-0.653102530712437
-0.837751223707724
-0.918095627160322
-0.923239758657496
-0.880052818736968
-0.938101614611377
-0.816342509021849
-1.00787268790523
-0.874734325931378
-0.918195180828389
-0.870238626527006
-0.815206088805981
-0.863980066530501
-0.875190191447482
-0.802457848046864
-0.828458545696076
-0.757891598538753
-1.01789363926121
-0.780642566607211
-0.722614641591935
-0.898493273473823
-0.808704876525063
-0.734728771135937
-0.843129099132376
-0.915940867613951
-0.868690794967311
-0.715565482208372
-0.895743081905246
-0.707358868175067
-0.806971924056585
-0.725332696244139
-0.771936490131225
-0.770726036985528
-0.777715182733833
-0.776356458695208
-0.796748008425539
-0.735617752646478
-0.952468629201818
-0.85818255611388
-0.735566358574335
-0.838358913837771
-0.819852834641508
-0.812654886786529
-0.853133036877869
-0.669629949770719
-0.772498743711158
-0.680558338331296
-0.712799282171275
-0.719406814348947
-0.927052643725604
-0.784086526884307
-0.878365870937458
-0.667095088253891
-0.725268792373947
-0.621205915494222
-0.788247784521546
-0.762723242161375
-0.671877657196115
-0.692324211114981
-0.632348649747018
-0.648113605844122
-0.796462615147914
-0.701395052595567
-0.816054872131305
-0.737526292923077
-0.689936027566593
-0.83188429253913
-0.723230064368006
-0.657959680788722
-0.537004343101481
-0.666034883728197
-0.637769972976481
-0.628549259278395
-0.676160569936302
-0.638286567304287
-0.693807488767483
-0.751661546764493
-0.826916607940862
-0.719617400504409
-0.808689209146071
-0.691367480247775
-0.628352157326238
-0.764275704904469
-0.532317865051084
-0.760524147904152
-0.663182715689072
-0.869907879185986
-0.695359135341084
-0.648807519008207
-0.777951880028137
-0.677480313959794
-0.735055196761232
-0.777511678070864
-0.608766471478543
-0.713297456611352
-0.704174490915529
-0.738311518335815
-0.718996866481031
-0.619112746947185
-0.586013896300207
-0.752778568921332
-0.488772969484939
-0.872826500200914
-0.737839188897961
-0.644883559028869
-0.716273617016859
-0.751276271658478
-0.666865790539274
-0.856838537170087
-0.656248689671366
-0.532008926491106
-0.751000519573758
-0.678720062760698
-0.713385562101384
-0.625277339754998
-0.520591433366611
-0.538221137801006
-0.693106899288175
-0.665669993130598
-0.615805049905247
-0.672947287010814
-0.567524585556135
-0.746857497061656
-0.620908130325876
-0.711669434497109
-0.611984484135868
-0.665759428391809
-0.619172514204851
-0.604595468188264
-0.603980361192458
-0.643973629970398
-0.609106070144323
-0.717608572435048
-0.792960482108383
-0.695838423977324
-0.60018355269334
-0.699228210143961
-0.582695472955704
-0.452463776772972
-0.490064404444018
-0.591793803310958
-0.647664450960668
-0.757718852108489
-0.548534330256825
-0.648155081929561
-0.534608836904422
-0.500071268619786
-0.431974063329119
-0.760369390913904
-0.670444450242235
-0.610993898221001
-0.351450716924913
-0.537040866200194
-0.558006611338532
-0.645760518636623
-0.621964698890795
-0.522242010749119
-0.527275273970803
-0.503322323942502
-0.538786293818982
-0.385866273591481
-0.651905320616585
-0.592845668195381
-0.531454625362123
-0.598410212740457
-0.63144977878276
-0.644164276556357
-0.437299960160874
-0.579726050111798
-0.519497087071956
-0.545064039041341
-0.443388046600236
-0.741323766565364
-0.480164383691593
-0.565330741340111
-0.52502497415975
-0.557992960853089
-0.428509279739709
-0.365912949151491
-0.562594493154865
-0.386477028000468
-0.570724768556682
-0.468394318327824
-0.610306588898323
-0.438521151034947
-0.432238801444281
-0.442917416337691
-0.44068237922625
-0.348299116335615
-0.578303271040909
-0.620535400791737
-0.428185597042738
-0.344695347526561
-0.504107382104066
-0.538435540616489
-0.4985992223724
-0.392571055345109
-0.610506846528041
-0.493550516184049
-0.529443962305345
-0.485695570583105
-0.247180636965558
-0.559232216329876
-0.399063806737354
-0.516111224179722
-0.427063738958711
-0.384359049951848
-0.318050857687962
-0.303301448354035
-0.645190005254387
-0.321391001807668
-0.45852305800996
-0.516373464770627
-0.32031530419539
-0.472464233611312
-0.512615713486697
-0.417339075337003
-0.525340636225909
-0.371583794179652
-0.463022363713587
-0.465024116926205
-0.148089174612063
-0.53101068885974
-0.415053709918868
-0.336334716050503
-0.442622328599691
-0.428588998380361
-0.506372879715006
-0.27537023785288
-0.376869470796868
-0.34299816564884
-0.488937736125073
-0.318573269943172
-0.324091967760429
-0.345757247969962
-0.43928594308611
-0.373265181353888
-0.334330215189163
-0.375706797889994
-0.312224932289244
-0.273646710070868
-0.465799436115696
-0.407291071569652
-0.386893936109392
-0.351494110601162
-0.409821319513516
-0.482568146596571
-0.413716223335988
-0.375664252517458
-0.406467829332532
-0.556840568323965
-0.447259821816679
-0.339797787752028
-0.337492187055321
-0.38209800547569
-0.350623656000307
-0.34637370549321
-0.46048984608354
-0.298925548585089
-0.206601836784877
-0.429745378587364
-0.402423736998047
-0.236710380420202
-0.245665663954891
-0.343420745470359
-0.502488906365421
-0.412457491242839
-0.223301632791798
-0.376112223960338
-0.363646047278505
-0.291097774961704
-0.339377737657986
-0.347240371850761
-0.371755093293518
-0.324924481369583
-0.274780917604567
-0.512685319866338
-0.165418531810464
-0.289858394075244
-0.136060153439491
-0.281173719235929
-0.262028041484496
-0.285054202751926
-0.277355551562937
-0.237417103982185
-0.347638857102517
-0.289752056781289
-0.269649299986384
-0.276289869373193
-0.438261893875729
-0.271536961875425
-0.356793079105276
-0.258516044249368
-0.465553114832992
-0.394291359505314
-0.28710536556598
-0.347353757258448
-0.348789356917669
-0.1286650016478
-0.320898787536389
-0.223885002632695
-0.197549965783216
-0.337476377472296
-0.438007928382186
-0.308839991775812
-0.117412600475973
-0.343239077540816
-0.224658269050868
-0.279922203958251
-0.267141192582091
-0.268499286289419
-0.112805486353039
-0.338125502425541
-0.290806881137816
-0.24973117660296
-0.200466324167573
-0.143469910032053
-0.330591257677873
-0.297470110099578
-0.254162558443683
-0.263473015264793
-0.311789178139055
-0.203730720593271
-0.306703756460413
-0.310037386049749
-0.393944586544019
-0.275900372396005
-0.205998487404007
-0.168781600688438
-0.238573961401257
-0.209733989312892
-0.307332682303935
-0.214945236820944
-0.0586291400587961
-0.136918638935535
-0.236763250098611
-0.247091439164848
-0.198286956696939
-0.268062643493846
-0.325539289119127
-0.131735172820768
-0.270813421315204
-0.180174869264395
-0.177926798062613
-0.224830593946545
-0.213075067898851
-0.162420795665058
-0.274889270518241
-0.22304369947279
0.00162182236815031
-0.229533097678877
-0.241913469095836
-0.00671509167598797
-0.277541086462367
-0.164190635658746
-0.103912639944942
-0.183816440332797
-0.182669580888955
-0.0492657744484524
0.0627921973550645
-0.0653739611011891
-0.0933161315386031
-0.0283088548516939
-0.274114925013106
-0.0878761523901943
-0.279791521458569
-0.14765034975445
-0.178345987645285
-0.030522092879453
-0.0823199417159056
-0.135338784837737
-0.190349993175523
-0.104780761189829
-0.112401587708483
-0.0847538526857285
-0.234024876558946
-0.0580469296697693
-0.0247965461893136
-0.217824665937168
-0.28766893834833
0.00397814336483074
-0.181522317542689
0.0207711750689902
-0.0793150906618695
-0.114441946042142
-0.130433237931254
-0.0922741683823511
-0.156274860735685
-0.173058428424887
-0.0854904776094084
-0.0990655978475777
-0.00903945337260001
-0.0146418638224704
-0.0726021294233713
-0.131534114137956
0.00723673235093311
0.0360571013417036
-0.144971739317176
-0.0511994702098764
-0.0291213675100155
-0.103994157698118
-0.025433405619707
-0.018666844035361
-0.0196055803406336
-0.0169945625845953
0.0290602350846921
-0.0856621783399857
-0.106879117424926
0.0229641919248163
-0.0564476259718023
-0.150780948866715
-0.0564011665195211
-0.139506157062193
-0.0235198127518738
0.122276308595439
-0.0491292676113954
-0.0566988728398765
-0.0178335071784075
-0.0359071245381338
-0.107564511145198
-0.0565142501742303
0.22736524834172
0.155419423186164
-0.00648842415964009
-0.141898312060896
0.0383135509023579
0.029412863273467
-0.0488014113768095
0.134041784724478
-0.0369215507563103
-0.0355726016667452
-0.0176025473534811
-0.0337176554223877
-0.163972355055418
-0.018434876999416
-0.0674813423942782
-0.0525016551022703
0.0637493004113688
0.0757002246223555
0.126439464472718
0.089960181141796
-0.0589144518626516
-0.0577403414318149
-0.0139067723411129
0.0471026057509328
0.00355384336334133
0.134257099405568
0.0616558086971492
-0.0637129017833983
0.0622926189461192
0.0587738148016397
0.0412469643856405
-0.00964918078092207
-0.0661699103805538
-0.0490480188733825
0.0121644476490529
0.034144806722292
0.036829970959069
0.0593712430607714
0.071242547630212
-0.0927271759638677
0.257555676398321
-0.106983590868368
-0.0405763692551572
0.0293864653150882
0.0899140609030023
0.0732633704140629
-0.0714265424973565
0.0650661795360234
0.159684357445516
0.077058227240234
0.0781422329415289
0.0363737432325638
0.0271550911148527
0.12393099496106
-0.0163863280446553
0.197648923112979
0.265515932405401
0.0462826322130199
0.068736167148575
0.0132460699973578
0.115114662018964
0.00985048085090573
0.128046283710507
0.0837371753343349
0.00601238288126026
0.067861815610781
0.00480813240957073
0.0811037045288164
0.0743850442240224
0.144946493975384
0.165667879763836
0.165323018755727
0.124616780310629
0.121904726139438
0.167636339232098
0.00222847265678476
0.0456240062315045
0.0853578098275769
0.181763166415106
0.222635079265512
0.214983748725405
0.166681934277902
0.088172782739997
0.123183723427555
0.125910484757409
0.0425746497910101
0.139984079635646
0.151132373423754
0.17718080914566
-0.0173438442853001
0.224220467101345
0.129198142566248
0.144729836545526
0.231834985481727
0.313291477056785
0.130447782797613
0.164104969303429
0.0912704515001041
0.136734681945332
-0.00494016056448733
0.270459485019422
0.407553895721815
0.116113565560777
0.215335365061657
0.093879786109755
0.103725377146507
0.157731894850234
0.3103887873578
0.302501070712013
0.417674797956483
0.0636013849885494
0.233929294476462
0.239722085918306
0.113879252765715
0.149186085298463
0.232648145776023
0.235217424548883
0.194272503538464
0.120980459759737
0.229815911595273
0.325597833235832
0.275726642321549
0.218906268546027
0.248368906422561
0.23095235104213
0.214794777687931
0.145927432747863
0.341298880229883
0.291499782390011
0.316873913756909
0.380020961924389
0.289748309644938
0.121606210244118
0.261905231257548
0.211826359923482
0.260775642199368
0.300117719650213
0.442246116475423
0.169032429360344
0.30676068847302
0.18729973361735
0.170627160181237
0.214883129652882
0.193467601098542
0.285811376368654
0.260157687262588
0.315542528405959
0.460939968144476
0.340287881028797
0.318714268301822
0.252244229988744
0.356251857992638
0.30341143635987
0.299446811751175
0.178131724206341
0.349985346883179
0.299550343060644
0.321619615542345
0.283736689046713
0.160285134591264
0.2272773289638
0.35434147898451
0.484405553856911
0.317495752836137
0.391517881951757
0.218648073075504
0.331066661148417
0.202346070385844
0.285664098238703
0.312272703278534
0.308043402517072
0.264838837798065
0.377199144796645
0.452678581702252
0.317718386252135
0.304990323430099
0.449565564719535
0.38503874396553
0.383016251437922
0.373640174102238
0.327786749526378
0.291282704430576
0.170668988284342
0.406163270252541
0.478498388405926
0.332204455097809
0.391950497331132
0.507065484884936
0.365037761967369
0.355624715439373
0.361518096823287
0.302452515750284
0.295758747178544
0.51828278192591
0.368220322047085
0.570644097581268
0.420500462656278
0.28921884771573
0.246072236069236
0.332054580953309
0.45449315729833
0.327157538763154
0.415912145086525
0.296574728374216
0.290915621506195
0.538868302003944
0.502482461439956
0.481749405736345
0.358766176263219
0.417701256420371
0.372121004169111
0.583086498030344
0.394985044035462
0.422422028900629
0.40017565699119
0.455894152986715
0.494257401755173
0.412685758101768
0.326139800103083
0.459760037820355
0.285429131116857
0.355753208794376
0.448316805853151
0.434294383541431
0.380881655183799
0.508074960378369
0.429435958518456
0.40333192282166
0.255176260221831
0.354891746044892
0.346150120095566
0.361625524069798
0.453569771079462
0.459201665316855
0.471080024651483
0.336472437692495
0.325771200858636
0.373988978268617
0.484070531448713
0.591517054753056
0.471676648727399
0.558824277290014
0.493830608992215
0.516998895827597
0.440462539289068
0.390288587893487
0.555872925861516
0.405576906965283
0.53769671409855
0.502043104436431
0.492799423183113
0.59120494357938
0.595724029936078
0.498556363676923
0.489957133714999
0.414271689177402
0.384179683132718
0.514461520892257
0.520312454506848
0.547242711665113
0.501996882740954
0.549644494081956
0.527529896696058
0.468953184876416
0.566123949858175
0.458424016611064
0.400603645433265
0.425887731138127
0.532145666553421
0.651189158616589
0.513025500304325
0.467850188688178
0.557642040253822
0.649911065400849
0.499876424356708
0.420483999760135
0.390696268888301
0.520317563519113
0.595014906986661
0.569385412804215
0.491193643416716
0.482300688223268
0.427888544267699
0.4157973408756
0.367985043330413
0.545187594240178
0.465708359264862
0.697331054449622
0.636549980186906
0.608545683229239
0.628324760034659
0.522207560537386
0.58904221735375
0.496979027708765
0.507780822593591
0.547398415978519
0.387072520276858
0.757418482251417
0.639916822789397
0.554942121612178
0.624442384941669
0.813887784465493
0.589054218642675
0.591792506835009
0.758602289027654
0.746447614722834
0.706591162743167
0.516476296863817
0.597616042234396
0.571375660909481
0.551817841616976
0.674075650265488
0.636502884513546
0.548869067502063
0.697150334332131
0.566832381479529
0.786415591687558
0.586783757641747
0.597458053618361
0.705709601568867
0.625138853356773
0.707465318837918
0.458166247092685
0.669113923960201
0.607846181707121
0.748253038552856
0.596549954721478
0.56482112841182
0.549917828657339
0.623319264044257
0.748216932011471
0.667853181797463
0.624539379294009
0.760579695886452
0.737751283409276
0.456122680266789
0.610209826140944
0.677507464929753
0.718444296217062
0.534107772791299
0.57195328918238
0.601080829532479
0.533817110165105
0.651757472485711
0.724410747665937
0.670634913539054
0.579441127259953
0.520317163500246
0.602390313619624
0.747893908007845
0.696956481043521
0.713061636771289
0.649600814199646
0.687859893093222
0.590626116966494
0.657966084045016
0.767699876008283
0.835532417515462
0.562581882251877
0.727249152910147
0.713088685454326
0.754617658307177
0.697353527431602
0.651265918939587
0.693390414800614
0.647039279445858
0.80188193392968
0.582772290368351
0.760001443119906
0.621528153331982
0.719703787330884
0.602343708469576
0.697200071653615
0.666012860466545
0.551428849290343
0.511187176820367
0.779416811472956
0.607236047710412
0.696524593712356
0.893505106358454
0.808373541499036
0.81065378626335
0.686248718729192
0.753483848334066
0.71511722749246
0.703097836791312
0.737353788575817
0.809269289922037
0.759376803105396
0.761060206549625
0.799622247875647
0.720953105455797
0.743399780669745
0.757749440920261
0.880235380446683
0.895891900312675
0.855068562553817
0.781348141043111
0.836207698533422
0.796155389683686
0.648093397706659
0.735759675009097
0.908069670852427
0.996341630490461
0.605122381301136
0.71716792426958
0.768496153866507
0.812896021266397
0.744547782670651
0.846419466629998
0.906505357402729
0.590753154766378
0.8441613763808
0.879904225490873
0.8181038174489
0.748830240074113
0.835818511687629
0.679252014542923
0.71099259374473
0.830003801414502
0.790713269188718
0.907445695976429
0.940153840128331
0.828047391380707
0.746757241073115
0.922879464224496
0.778787111225418
0.740968937659252
0.987127580225938
0.682587521564358
0.741119221559174
0.818258895466934
0.65687343132563
0.82924684686044
0.84530291549811
0.94359286595148
0.79066181628904
0.770604565847202
0.872496175714274
0.945311370989046
0.878240202926456
0.677131942666064
0.962606220631089
0.844416958031594
0.78332041393769
0.823543536884441
0.74457516521595
0.731206797882256
0.848254948797943
0.942265343016924
0.661879892530141
0.75923236021831
0.947244605267392
0.830847895064757
0.922157762103854
0.966012684114914
0.754993681085563
0.996722763915165
0.904355202040133
0.918507358883804
0.971097775742137
0.862869797793077
0.810957727740779
0.977250921897215
0.86062459815604
1.07816918153401
0.776614008313528
1.01864795650551
0.70304134277088
0.865732093913823
0.992938687641608
0.871571555606026
0.845325437831506
0.858413029330546
0.801287939156314
0.929281194442236
0.7577912951707
1.00658717406479
0.991685284448005
0.958426702802032
0.931510839160235
0.887298325839266
1.03709294438717
1.07761008096289
1.06724660194574
0.859261310430389
1.04576108453288
0.825833705897924
0.971748655035631
0.754254362362814
1.13027921375585
1.00864284917047
1.00367754797866
0.982317437498647
1.00644809166704
0.939463503432817
0.913266612435919
0.993906104207507
0.988374272858721
0.924485404061376
1.01046858330079
0.985408187698993
1.18616198941866
0.878185837707551
1.0090511535847
0.936824650466988
0.973919177622747
0.902477441366689
1.11353479712269
0.920959851524831
1.11353999746569
1.15807517054436
0.918626126788952
1.00733816460392
