-1.13411176334496
-0.79436016485375
-1.01737688065452
-1.04653765022976
-1.06944733504991
-1.0388476784611
-1.0511325724444
-1.13343737205661
-1.10081821981836
-0.819234275075955
-1.06986545537708
-1.09184610172158
-0.884037664763657
-0.967266657370404
-0.997373154285328
-0.98486937502352
-0.946588608495632
-1.06836969976859
-0.994871408390137
-1.04985495162416
-0.898188126726567
-0.958587787089212
-0.745005235397041
-0.908471257707753
-0.886861857249377
-1.02991807167016
-0.934179615652643
-0.981143697176831
-0.981482223090574
-0.957302632826277
-0.734441725182302
-0.969756367686668
-1.05137680948466
-0.89850618620417
-0.841308124201944
-0.863911730667777
-0.864901637107441
-1.00821532238422
-0.913675767099281
-1.09159868087483
-0.727398992331938
-0.963567530735503
-1.00504040547975
-0.907240402393754
-0.965664975684029
-0.972961471151795
-0.900012857126156
-0.815996116819941
-0.864051540893648
-0.893043298956201
-0.871354192908736
-0.952520215103674
-0.729803228929142
-0.833439503093752
-0.890149362066102
-0.908691704030443
-0.945751385286956
-0.852372818132054
-0.790408681084185
-0.851199274709277
-0.933676246258558
-0.910265987079645
-0.726993596238472
-0.982964500348839
-0.740778749090673
-0.939876148063847
-0.860164823050831
-0.947264223794336
-0.730711765835918
-0.818441161890604
-0.836238069608869
-0.769779002796439
-0.89911415470036
-0.757469294262432
-0.809526005829357
-0.845008282091782
-0.879127608044022
-0.951096826605392
-0.776967542793164
-0.729148126189809
-0.89628391111406
-0.766114560063874
-0.799049770751687
-0.880693268008215
-0.898107152274854
-0.776056395526861
-0.83430733787576
-0.862016186915305
-0.836995714269384
-0.858552940807154
-0.864467108172336
-0.856590107606194
-0.883890329292547
-0.827329982855931
-0.808941734860441
-0.814783590437909
-0.76845624841298
-0.871280833516485
-0.832821997871411
-0.714013594419877
-0.817321910034074
-0.867658741169281
-0.831977788257781
-0.657328722216599
-0.693350035340062
-0.953945661819156
-0.935620439433693
-0.596080388291551
-0.843327187265902
-0.715739193709334
-0.722044591352853
-0.861210318026054
-0.796596988674125
-0.604622598043904
-0.739778548050043
-0.848344296123926
-0.732364197165093
-0.723880983120638
-0.91581490566402
-0.76171315395889
-0.630857528313443
-0.856619258277404
-0.870257965255339
-0.715145208987598
-0.621590621389833
-0.847836543814799
-0.810957232668783
-0.594384675004281
-0.732653652095732
-0.631152420570309
-0.799491833953043
-0.733192023839207
-0.773290474094924
-0.698583346544902
-0.755572705184953
-0.711139964531134
-0.657522167157758
-0.566579455889407
-0.546445494690323
-0.778066217372107
-0.783538586223375
-0.70313052380553
-0.770865696389518
-0.749144358114897
-0.697377426763664
-0.737879538611325
-0.755169714856812
-0.81337467290916
-0.783595545135289
-0.578162234965279
-0.691080897933982
-0.764061298789524
-0.749010151256784
-0.772130896709119
-0.580070422010305
-0.654175305934736
-0.779212515282291
-0.743023352672183
-0.839864601155144
-0.673493558308363
-0.708069319903432
-0.643867300983212
-0.793433696939506
-0.583917408097073
-0.670590485287188
-0.653290137356695
-0.714243554358906
-0.531468873884094
-0.77471695635734
-0.824593799429735
-0.738005168135905
-0.606616243395133
-0.638332956931481
-0.575567145128461
-0.557019874223396
-0.630663227916262
-0.881116824205239
-0.569241911421809
-0.56455029641978
-0.734211406135431
-0.566718125050269
-0.442004587869365
-0.518892834623509
-0.733041033564634
-0.456558298941509
-0.533401799730382
-0.535002161140965
-0.624185454675936
-0.675599793520932
-0.581607178097963
-0.592128866739506
-0.592512711071298
-0.548395539034334
-0.595914818924382
-0.553262933944979
-0.619372039756633
-0.716929538211247
-0.608950473746494
-0.6858707321606
-0.526312120410018
-0.68078172605281
-0.46280423893132
-0.720431679593347
-0.501106337415712
-0.55543726149704
-0.550771783827938
-0.608030928532355
-0.47469124943307
-0.484009475008347
-0.597242723419587
-0.617032375225189
-0.678655215442371
-0.47858314403049
-0.50951992439102
-0.649436536183072
-0.502022276383258
-0.510066170896791
-0.670056099315472
-0.546615007097803
-0.560897810826488
-0.491185872841099
-0.583884828947241
-0.532648226470254
-0.652499795118377
-0.605405974491797
-0.548899094786326
-0.615534330063351
-0.702970248679341
-0.558558794174954
-0.577055378924435
-0.604462295318938
-0.761313040134358
-0.498106085382398
-0.446793337969462
-0.437453975146577
-0.463816201628875
-0.44448441342638
-0.582769245270019
-0.53546491865619
-0.56983742958451
-0.706039408145352
-0.296675244737213
-0.459794703381125
-0.590279885478866
-0.459348975847181
-0.467239802887642
-0.531254894684246
-0.487176977677362
-0.475074058429265
-0.430355695071816
-0.545153768024939
-0.506186166450916
-0.451855642028166
-0.631023074829981
-0.517325312005598
-0.483944999115469
-0.416556277293436
-0.454348160112167
-0.513693961620071
-0.433849936497598
-0.660677682315243
-0.360644088302274
-0.565050470083183
-0.420432667888408
-0.414306740739233
-0.597624923776993
-0.510920686696582
-0.483895142985919
-0.383748109159301
-0.427037673108228
-0.488650105475757
-0.501086207666644
-0.413936937925626
-0.309685935496022
-0.5684313631892
-0.42551586943964
-0.570025262309532
-0.49809822555403
-0.49087998254635
-0.351660610994732
-0.297135228423073
-0.434839356402608
-0.425899278853464
-0.400612315554308
-0.396157517504294
-0.326746706489023
-0.418275579786014
-0.303817081511612
-0.574430662764104
-0.374994400260307
-0.503618956055664
-0.559239377792027
-0.411630113550564
-0.349934141809203
-0.563988959720658
-0.406199525662382
-0.476638865991718
-0.339047764638279
-0.303513948002318
-0.324096502083892
-0.382652428843872
-0.38676945630553
-0.321041409162996
-0.381351911814303
-0.390183962514461
-0.467889139291278
-0.431950140140663
-0.381852419933254
-0.405981064234885
-0.409464635226595
-0.239498999702943
-0.27000199586724
-0.368793144236267
-0.442679549736145
-0.417714728672771
-0.524677342179578
-0.242451272118773
-0.453637384029718
-0.304874288523642
-0.362744766992815
-0.331891873380381
-0.374826483838697
-0.357923514992099
-0.380875063638432
-0.317242708178868
-0.336562465350927
-0.415865143343292
-0.353210187465532
-0.423456362728462
-0.416910492163019
-0.309986204916741
-0.394713438092417
-0.218389308200968
-0.191204299057371
-0.34097337087513
-0.33055284836138
-0.243024376269972
-0.296344813096724
-0.242316152512537
-0.266115918137794
-0.352400659744541
-0.257063048609947
-0.267819604394996
-0.33116851818744
-0.307183485622768
-0.284369034743559
-0.438861450611814
-0.449056668300024
-0.309097140965334
-0.244594455915419
-0.3572511041692
-0.31754914210942
-0.376390247437653
-0.341383726599846
-0.37049611849482
-0.331949491959721
-0.19968350532889
-0.318190659202913
-0.365799267056437
-0.247824827503871
-0.225869739844204
-0.212197597070039
-0.305296653988787
-0.206285559036329
-0.168103873609879
-0.183822683276273
-0.176577450943369
-0.307340637997636
-0.213092839220613
-0.280410326337195
-0.388899564641132
-0.218239883346353
-0.130285935713505
-0.17775295648098
-0.314657886245451
-0.377865004742707
-0.26940567588433
-0.355446077860417
-0.321701117883106
-0.282391539028935
-0.255759128829321
-0.327920420967678
-0.195119294780977
-0.230905671504809
-0.203029477849206
-0.247836365809234
-0.278657143624896
-0.226129709663092
-0.241320042952914
-0.200274016273766
-0.155523943496981
-0.25860633053722
-0.264273615701552
-0.193874350884192
-0.183802946996009
-0.183463403955333
-0.317954273087563
-0.234498735724241
-0.195609087454165
-0.130340608211915
-0.24430904152037
-0.111403577018589
-0.177375051489069
-0.216864295902638
-0.275933203555393
-0.141793820291305
-0.19271410906351
-0.261881564194889
-0.137528238842401
-0.065019047114605
-0.176869862664511
-0.320610323815904
-0.173769552797695
-0.204345432884217
-0.233661914438226
-0.17147934716991
-0.153228627328791
-0.156557272638262
-0.183837182444634
-0.406381732814204
-0.308651914730435
-0.176119673024447
-0.0622156577160684
-0.0105076740222688
-0.0587838564322312
-0.333077727695055
-0.0534612114497281
-0.238744275685915
0.0101435435136056
-0.0901208584663661
-0.237917957651863
-0.0896698777030061
-0.285815718430413
-0.0973863991865448
-0.125230595913818
-0.0463665176503375
-0.305421772430178
-0.0873560948948847
-0.199396226477731
-0.221662373218254
0.00571099441386204
-0.245928541407851
-0.0871326716303484
-0.145238174097049
-0.116530650077342
-0.06799282496388
-0.230377287524716
-0.251312469367742
-0.0870454089334512
-0.289275350245618
-0.118363428702972
0.0789168122616915
0.0271498056471456
-0.114748075815326
-0.0970376513480965
-0.068711497084956
0.0565462507713242
-0.0032293620873387
-0.105093379971337
-0.164848982581109
-0.188471622958622
0.0326578880483577
0.0236450993305574
0.131309466152268
-0.0741683894039252
-0.0928937049489991
-0.0813367427925175
-0.20567177910629
-0.185861581800787
-0.199273315885262
-0.063724468904859
-0.0634207584974439
0.0195859236601441
0.106571844010719
0.114405786189329
0.104269932734013
-0.0757002684928507
-0.102372624221442
0.122896893835703
0.0794032755403911
-0.160889017149717
-0.0985219378015689
-0.00656765305369633
0.0396807048069455
0.147281966743192
-0.0260104364928036
0.191109490190906
-0.00694186284028869
0.0418786604140403
0.0246748877195847
0.0420428746618539
-0.0289212027516144
0.0622803371151349
-0.00831844406472319
-0.0686644745714442
-0.14365302597701
0.0776388098892262
-0.0126578233550614
-0.0752138462428075
0.0455179066477579
-0.132641311490896
0.00227169099595372
0.00488432826622041
-0.0567967137718923
-0.0661177428038999
-0.137260123269657
0.0328289094402921
0.0275532408789058
0.0421205886829901
-0.0108249844274323
-0.0564414513313584
0.0971503433352563
0.0810996347532418
0.00290606425651498
-0.0877856997791629
-0.0375522254801649
0.0669841701539135
-0.123097393373377
0.0375891967192978
-0.106794290229567
0.0485872868139426
0.109284860195995
0.0366787923215179
0.0280821037675099
0.0280592812220569
-0.0607055648219423
0.0822243857414134
0.0601804320649421
0.0539579220719687
0.173370777397875
0.128086764990211
0.0629772089477731
0.114219997873456
0.214109995766834
0.122343149715015
0.0713271612396919
0.0701260844957511
-0.077711240367396
0.0782400780755526
0.114639192008606
0.101027080015914
0.0928222533798091
-0.0237513145987357
0.0820295748627458
0.241882523411186
-0.0478789004175268
0.0103017359260868
0.0772669196274989
0.0138267499528601
-0.0354297878536575
0.159618799785668
-0.00291533401243461
0.0791218707786912
0.0493871130097347
0.0628647055990955
0.0230037098252231
0.139573233781783
0.223127500970964
0.253781823747155
0.0370740809775575
0.196162706887733
0.00424766816540035
0.159864249137419
0.210825375723228
0.170752569245256
-0.0352839171827183
0.295926674318121
0.114839074832646
0.0680080107127778
0.200842205509145
0.0360289526488257
0.229948766298905
0.147639710452443
0.0644976706842122
0.0706603231781854
0.154199844739308
0.127677812981206
0.193289510034262
0.0795550323048516
0.196184178731924
0.0551881393782575
0.116102743894977
0.0686122967905082
0.12873422842774
0.135045507557038
0.137416029494923
0.158514554367893
0.0576721507225297
0.152721141757595
0.110485459862814
0.194261822562246
0.109683213876787
0.165395975137574
0.207530256733056
0.24818739436989
0.224881855942459
0.234010036123172
0.233276711109141
0.142220149142715
0.330093724625059
0.0842115600371961
0.0620314490591487
0.203904662011829
0.198961840496695
0.206906458574193
0.164179182930168
0.241492465411967
0.135135628159626
0.199447286095879
0.189236147101794
0.0659119128056551
0.361534543147011
0.255466251342281
0.248325631867112
0.139688215678846
0.173651835075227
0.24899447681488
0.348144400746485
0.337734930761948
0.353688758698116
0.180538727357753
0.229377523263531
0.270210641806475
0.126432430756983
0.222601329092767
0.303880747146044
0.308903428833107
0.28765898060155
0.292792515606069
0.240891120391259
0.203796711406456
0.223652839072522
0.329118213140585
0.168556139481691
0.170127173389928
0.171673895193411
0.0871685510536155
0.221483679345119
0.229308876396699
0.238806474016937
0.284550935983998
0.338074089134681
0.237174691873685
0.349383370886859
0.287859823847368
0.293786031553602
0.337426529185561
0.0766081677042098
0.226714847480974
0.195145422207432
0.136107257578085
0.384816182998953
0.29788959492909
0.359366230589276
0.314496602055634
0.301531810674127
0.275568462174616
0.34050458875791
0.384656351011434
0.311742494874815
0.265298156375695
0.318440326038917
0.330339859088261
0.349519341270164
0.302375423116678
0.33884529231465
0.276377242056862
0.346195760413802
0.270341619612069
0.310927525572463
0.116935933051042
0.298321674519809
0.415440892187653
0.301648223909627
0.418445913269488
0.294633014697379
0.268616439020245
0.31913397131467
0.318806756344089
0.250800752319794
0.424041807784866
0.244518265961884
0.16426276679431
0.286657762561139
0.37197004450493
0.336152459885969
0.240232602776624
0.356093237564505
0.47868724073939
0.37736737305114
0.164680669450254
0.368761912843215
0.286675778459869
0.490062634205869
0.356066634369619
0.341566957031105
0.338419833922354
0.527290453198858
0.306432282692425
0.396049876375035
0.428219986051672
0.415001386416914
0.40881173542478
0.463238688450891
0.485616662863381
0.409168333159443
0.333230311094544
0.348639332908602
0.446780146374546
0.412226283433044
0.471656304725679
0.494787721336298
0.374423882422208
0.500475709772276
0.414979002172996
0.337153490766837
0.413440856351699
0.37279716979099
0.465405547415773
0.40519505074133
0.347838303435485
0.539091210134387
0.486073912321829
0.360493447766282
0.436038584039996
0.287945195847108
0.525040290385303
0.342190845802541
0.536402415875214
0.432451395985269
0.321706011575455
0.441824393377769
0.52220063186149
0.489564822492243
0.355289011055248
0.44924846200117
0.298546009754493
0.338029410248222
0.497519376764604
0.708893359069697
0.320506506014688
0.496564852333303
0.517271759584554
0.494028457068046
0.672371815411051
0.438789867041736
0.55745587976605
0.615067833434573
0.490104146299456
0.513502115095597
0.482558021307542
0.636882292945773
0.552395956915403
0.506925057714854
0.589923067727386
0.390569909701531
0.60688329360109
0.483835145190554
0.61020889366511
0.51347193469485
0.455277891949621
0.533446228119726
0.459894352886432
0.44185055946879
0.655936095700418
0.497651533212279
0.536630816809543
0.588330657986448
0.539660765995422
0.551330049706796
0.462794068257534
0.682132972124473
0.555003478814447
0.467675741449507
0.666977759930177
0.502953628839207
0.573769972873348
0.607484517226365
0.614695355046589
0.442505264769346
0.575143788008026
0.581080828639359
0.573634933006728
0.516292523842468
0.395804143110067
0.608427811673537
0.613684016981802
0.590992399539011
0.476456753263433
0.699135444584444
0.56664462153222
0.565774475993946
0.607289560277604
0.676230647694799
0.550906632361248
0.529627784222435
0.642945743422537
0.61354182243106
0.663575933596743
0.517062389059486
0.527035375576154
0.770840098230424
0.637418262758859
0.578226572130918
0.664123736089084
0.521932494332595
0.566540712810506
0.541563049816891
0.685404366734722
0.617131335595666
0.521631946071128
0.625909377453299
0.484437080166688
0.414030054755732
0.640074062686014
0.747314533259773
0.64564956125354
0.679045861766751
0.616428526410992
0.778733824579905
0.467821600627147
0.760885976222249
0.578567865354805
0.756864921140784
0.510398243389403
0.547843736812821
0.527750962540901
0.545605309021206
0.736109739228913
0.729253459138169
0.7196718763875
0.499478287119273
0.673912235298522
0.749213608406081
0.648233029611122
0.533587590862558
0.662703327907428
0.779669471255132
0.580218080816034
0.634194268466313
0.662039755883967
0.608209850376657
0.697883038799848
0.757951274330784
0.5481661135278
0.685417236795871
0.681519166730108
0.638719733758862
0.753791576184422
0.800829191036656
0.632232651062731
0.718574874645933
0.649579674390651
0.570428471872696
0.701040590264767
0.846861755148586
0.643483272282088
0.823458834392471
0.745318844133039
0.811514451097432
0.667963595768886
0.629260398600912
0.632405293771493
0.766635757350163
0.635238875095081
0.867347572985315
0.70597639103698
0.706893328459329
0.794565304363305
0.828063461875914
0.876881682204203
0.85802361618105
0.7948427348695
0.747435457658608
0.742272911882088
0.873778359357919
0.880362512621308
0.753129202926183
0.741324422295205
0.756636706774779
0.829358659488256
0.811033626591226
0.831273027921836
0.67406824834494
0.859310966920863
0.852590722084455
0.640259464916278
0.618511613648402
0.814945525153009
0.749598729892355
0.821844076135162
0.724481291454212
0.754013864308718
0.943095458817706
0.718857463718683
0.820676704557827
0.714816455360431
0.870771948038573
0.771409701919573
0.881577406006705
0.971709852412249
0.708423737743313
0.830640894488054
0.784006683936571
0.915424411851344
0.730405722770789
0.833761998216194
0.939061530042359
0.753405200669214
0.936108832302475
0.800007029227138
0.834504657528601
0.845507096315266
0.90302314313447
0.757608168255027
0.722301123513397
0.824342249257512
0.848042327117722
0.882367905642032
0.638190173297707
0.729388702481975
0.81215189483552
0.842885681881491
0.844828403465723
0.934374852248239
0.848831539177496
0.741202147103741
0.764249398217658
0.98940037060865
0.876645250201783
0.774922723195796
0.915780930564893
0.799686476842361
0.940802110189245
0.798706507247354
0.932664712948799
0.88638488687694
0.94010386874302
0.816815146997689
0.891046213537934
0.902417713350188
0.852120038786769
0.914716695898756
0.92623169462707
0.896043590945375
0.677176541859751
0.864310182001292
0.779447002444392
0.973335111231475
0.839993640826101
0.815088329358139
0.891161259107836
0.802525145277095
0.925276546826814
0.895186849231716
0.885406418231463
0.879992803722944
0.89055907345521
1.00854064008564
0.84218919790137
1.03901608811506
0.954432031844155
0.835742737044113
0.824297698950764
0.912876801734739
0.991345553410351
1.02879486015415
0.932073482459373
0.768018882622628
0.855837352506729
0.916770301980857
1.02518724617912
0.842792987101798
0.892476090296222
0.964948726158423
0.879231603756085
0.918525342236539
1.00727515493274
1.02545833777402
0.996498938431823
0.871226434817806
1.0288679093976
1.09309972012102
0.878302472222961
0.966233054532462
0.959028791720417
1.02561906503452
0.949581846473115
0.967972603658773
1.04375170956629
1.0537971234536
0.89457696989532
0.975205639420938
0.979891272139664
1.01457094102107
0.83570214341266
1.05605414889482
1.07540064275967
0.98569269912014
1.07894689329886
