-1.06679982834546
-0.965426682539962
-1.01535318148983
-0.919660854559216
-0.918076977550112
-1.11590272114763
-1.06147359776186
-1.1136878713204
-1.1226048049865
-1.10064788544151
-0.943911151370393
-1.04677942170649
-0.955608444161852
-0.960977805777791
-1.02227462509212
-1.00159186985761
-1.05540738615173
-0.946123928116144
-0.815962554756048
-1.08642749221899
-0.869685066912018
-0.956330365284766
-0.981706813618926
-0.908197280189072
-0.894412885460134
-0.903344842513359
-0.9342987907727
-0.840621091016433
-1.00507246253956
-0.854118879519963
-0.95233963257869
-0.779106490555863
-0.985933167356648
-0.718937041162198
-0.996432500303604
-1.01937078106263
-0.914860863371713
-0.890606673051706
-0.744705204766637
-0.839187590309074
-0.880488150484683
-1.04381717552879
-1.00430268509188
-0.719813462026427
-0.807504728444665
-1.07655436688003
-0.920511532620778
-0.790583320527688
-0.778867857307324
-0.917607389320175
-0.946863036787245
-0.966148429011409
-0.967286198618267
-0.932802245214562
-0.984421813314985
-0.945986104772229
-0.853942754613933
-1.04212987083851
-0.830679112064469
-0.900305271532918
-0.914936202365369
-0.795076022456001
-0.942850624172023
-0.860706705098133
-0.867308653184853
-0.764795538510517
-0.928500507746127
-0.873177149067382
-0.859182898247239
-0.891777460922686
-0.959439109276188
-0.850207817996648
-0.798822549867386
-0.780467718315487
-0.690501907367275
-0.796205001172593
-0.786503018767003
-0.847106450382606
-1.01441147100316
-0.863631537811359
-0.793028770073422
-0.884280917378658
-0.773325477250178
-0.753004233701203
-0.862775742051951
-0.956670642891553
-0.749426939537005
-1.00618730731125
-0.814197918851737
-0.806676252369923
-0.946453074131958
-0.928211250634661
-0.756146349614051
-0.89016791479733
-0.924809033171703
-0.823067585098248
-0.781835313130566
-0.910046277876667
-0.683600797781124
-0.782968941076073
-0.789652646484163
-0.728588694618701
-0.808584439169507
-0.925607709461243
-0.909192734268488
-0.784856472472657
-0.889824029275592
-0.751349148521064
-0.786286609464635
-0.91741822856694
-0.689232455565824
-0.736549611549942
-0.810073042157945
-0.770312092791277
-0.777682375858455
-0.752250872588527
-0.696992018775533
-0.789861066534633
-0.715783351972222
-0.803164629249447
-0.821150139632793
-0.85301688556194
-0.659478348228401
-0.733775804306081
-0.667013190004807
-0.679047696086512
-0.812179491655524
-0.894397470799026
-0.797499979089953
-0.725365279499802
-0.817348156094215
-0.691185352839533
-0.656620178166496
-0.793280938863851
-0.666795943293417
-0.701227874881594
-0.83427282247248
-0.822993551280918
-0.685000318785532
-0.669746205514469
-0.778157735477947
-0.752603807909691
-0.73499251499205
-0.791749735069506
-0.764887313924056
-0.894984477260871
-0.678345396258982
-0.754387965477025
-0.738206276928673
-0.688532913829241
-0.745109666593964
-0.72086647480109
-0.545642176155441
-0.624428213019396
-0.590590322619828
-0.622158406083096
-0.58771293928014
-0.678709978241223
-0.737995008320928
-0.659957508897361
-0.692567763420269
-0.843150658116666
-0.703685846702653
-0.604092114026855
-0.592062254505355
-0.646825905911263
-0.578692314872085
-0.867785931554868
-0.60980772344383
-0.643972738650075
-0.725215611382955
-0.710748796397331
-0.701912452238739
-0.778213575228416
-0.55111074767451
-0.594632478645655
-0.581625299198262
-0.76344733578924
-0.65456288375385
-0.507668415292502
-0.452567526589183
-0.699794151208119
-0.751676466588013
-0.504013758425124
-0.653327610135521
-0.574989315823506
-0.77721692889117
-0.649866969252417
-0.716838449814967
-0.62478147744363
-0.660922491130806
-0.607166024323315
-0.481717111344027
-0.75901285821337
-0.655059436091057
-0.614584216397613
-0.707983919473517
-0.729713520556744
-0.607485397902429
-0.722947087054089
-0.610071989440532
-0.69442238183335
-0.491571069568592
-0.650247685278811
-0.669148598877631
-0.635957192570585
-0.463687993963774
-0.620935649522237
-0.692846776182065
-0.663769460008021
-0.627803143056208
-0.552825942038289
-0.535699510852661
-0.536918288525154
-0.641155300702819
-0.626545176093152
-0.593908428734159
-0.520092148900524
-0.456767713938565
-0.578624715167084
-0.60811831654317
-0.706559626563545
-0.392703724549816
-0.47991614225134
-0.520443736739158
-0.589693573417216
-0.557559343659173
-0.579257553727634
-0.415154191197406
-0.694795927039237
-0.626106305843993
-0.566674181800559
-0.445084115292243
-0.428331062004426
-0.403987632305776
-0.680324673125549
-0.290580917630045
-0.517729160645453
-0.523425962624452
-0.488257444291728
-0.540082721500099
-0.573401138469767
-0.418215175680422
-0.461098569951966
-0.510829967265174
-0.467534460305893
-0.552952187075394
-0.436694115680618
-0.367173296163953
-0.603896737779335
-0.567919318400414
-0.563578179955609
-0.524375159023621
-0.567301367004406
-0.485839856411573
-0.366396702053478
-0.537412692973439
-0.441752429556345
-0.570324222481808
-0.602218483802724
-0.285250571270242
-0.427456936721746
-0.433136012678052
-0.62374723537701
-0.452814252403295
-0.331437111534264
-0.436105697817956
-0.411160005977075
-0.482266170638741
-0.46284647683141
-0.553597004487868
-0.39953595647561
-0.487404763854236
-0.486958606624899
-0.408054576235103
-0.40301611277298
-0.524327275127601
-0.351412326223148
-0.512071188305087
-0.451539557095685
-0.406839180008316
-0.474931159020942
-0.550486344356713
-0.476848243665881
-0.225056396048758
-0.356826137748129
-0.403908002980349
-0.379431929984977
-0.526769298232739
-0.328348937107225
-0.556514162313777
-0.406719085501447
-0.416980224564629
-0.165738605907843
-0.436525030413234
-0.419378213153385
-0.371197253066585
-0.506936947594667
-0.429081055854234
-0.478227685361061
-0.332576955077242
-0.515219004340779
-0.483600175385695
-0.378120435253751
-0.464590319206476
-0.341610143912019
-0.452693400542935
-0.326891781250315
-0.477753339531087
-0.385826310433671
-0.488093773524749
-0.355728658336109
-0.378317600708096
-0.248134046656169
-0.42647424454582
-0.206708007129075
-0.556149380397045
-0.158035422242202
-0.265759246075541
-0.328171387378261
-0.36608257325999
-0.283936406876823
-0.284512256568884
-0.483035750877272
-0.275023384655951
-0.359352650966954
-0.291674506253295
-0.473355979537098
-0.252548876519897
-0.474210836630082
-0.329859758202757
-0.381499335399163
-0.315863576641844
-0.509418978980687
-0.226514940966662
-0.313887796048884
-0.158574954411754
-0.357871664059494
-0.243172145980138
-0.319078353428544
-0.265259500733299
-0.236921514814594
-0.32711680944735
-0.353511395766986
-0.217229721841213
-0.17590106080263
-0.305113095197026
-0.351806477126483
-0.349403867916482
-0.308181203773069
-0.199469875926195
-0.204556283320332
-0.223427537513109
-0.342046884847379
-0.156010720803963
-0.315646335890121
-0.252333416074303
-0.258977042774354
-0.297157620158945
-0.271054720962213
-0.222424417921664
-0.38557493024243
-0.244788131576342
-0.379060162265904
-0.326655855738186
-0.272799183364765
-0.324210412263056
-0.154334234929262
-0.295447362297191
-0.293974723702476
-0.178453265730003
-0.150798809852918
-0.378512055302587
-0.210619454139221
-0.258474707220455
-0.217723467380703
-0.264644946312659
-0.271136543796285
-0.301937566316566
-0.289105173304925
-0.15142598310079
-0.20815878626916
-0.383375924055064
-0.169436920924593
-0.198060005814193
-0.131776512359206
-0.188535289446391
-0.313268578832544
-0.161377481781994
-0.307206865429643
-0.173735162961203
-0.209583238941786
-0.326088995103232
-0.249713497391576
-0.255418656440755
-0.128414198835272
-0.258296151326259
-0.260901194451793
-0.312439553241635
-0.143049349391819
-0.0910527813065883
-0.0277057185291428
-0.188138032576735
-0.155481635592945
-0.323566466116627
-0.334137288698805
-0.164527605604884
-0.122436449674673
-0.0799317871668461
-0.231281739146179
-0.19825800007677
-0.0934706267919866
-0.122411697118024
-0.263424881721943
-0.154378656366612
-0.238759369904975
-0.130413680863725
-0.0107371179421333
-0.0952259443553979
-0.142306562245176
-0.100293964261516
-0.107353347476864
-0.0904835278748325
-0.140133077044909
-0.122477920401597
-0.162012410216134
-0.0360733372917442
-0.134371881907286
-0.0747623194415863
-0.251389316874924
-0.0335341925989349
-0.147336950135802
-0.154402923091899
-0.179721449684509
-0.105045988424182
-0.158474140997743
-0.28654089979969
-0.0751045587203671
-0.0362177569265604
-0.212127326911002
-0.203098445288872
-0.204711265977556
-0.0750391628939438
-0.056398341595528
-0.255234692576876
0.0216989739437295
-0.047228587267457
-0.00981840804841154
-0.270127736904731
-0.0995902614160134
-0.206717221347139
-0.0962932660691367
-0.223120880860698
-0.114689696904534
-0.00945865376746419
-0.117109103240187
-0.236698436214436
-0.0535490501427511
-0.0349903283140019
-0.0395886157045878
-0.138527085687215
-0.151407236472013
-0.00157092418012676
-0.136989159246412
-0.126347084725955
-0.111752734929467
0.0493184229523817
-0.0700853772518452
-0.0702816941381788
-0.136375235012412
-0.0583619344778808
-0.198456279203118
0.00866134477500888
-0.0234049389157605
0.0321407769715822
-0.069184724606575
-0.17823659302439
-0.0227873669188581
0.0235998212495283
-0.0681888362731572
-0.158404336447534
0.18490416632758
-0.0784099365650066
-0.0114161188268603
-0.141905541124699
-0.0671856978267154
0.0898084780084535
0.0389810378331345
-0.0551215500244109
-0.0696104117874926
0.00591299359289499
0.0373805883042791
0.0492971294222969
0.0546353135788683
-0.094201809273437
-0.00837504729519017
-0.00611138189524977
0.0731848863031298
-0.0481855802308049
0.0132250456851964
0.0187634221182427
-0.0769827289204947
0.083668017510483
-0.0220458547327083
0.13019632910718
0.121496567143171
-0.0373406791416072
0.0688648153399933
0.111360152282564
0.0754843953368482
-0.0136396365981279
0.0200639295907763
0.0571919075811014
0.112383467269887
-0.0949739336415959
-0.0130903384070569
0.0669251647467856
0.0830507133346575
-0.00490054516162411
0.0912712675822287
0.0354788495682848
0.123361130457662
-0.084561707448293
0.0877597247299497
0.00261131344488037
0.143922118923657
0.137930504783131
0.0631934438988304
0.0534768594053761
-0.102081193772921
0.142266096343876
0.0492987036849069
0.139024363642625
0.115475665609252
0.0898159846870219
0.048784207923177
-0.00525183790033448
0.162000526404866
0.16466637477993
0.122901854100546
0.105316344600074
0.0818283158701798
0.244482401202214
0.0156031748317821
0.149908149533721
0.176040322474413
0.118348007451439
0.230386906485999
0.0652255849692248
0.261349192385005
0.135338283616911
0.0128027258209408
0.195630516660677
0.0849406393929089
0.136311398958178
0.322860289307985
0.059534362007505
0.13727174984949
0.28212621908024
0.0164970330179357
0.00227172318226554
0.111368579287198
-0.0341034534726636
0.210041956925971
0.21011734115914
0.133840552219336
0.0352829791629784
0.239450559048025
0.167439879971195
0.100273442666127
0.184606879950131
0.197400924019168
-0.0406404562248102
0.166384658709867
-0.100584341718467
0.0835239331303799
0.202989123239455
0.218749274968306
0.247829117504784
0.33050665431687
0.182123790172446
0.321880721377586
0.222095556814946
0.182965871594228
0.164759201328072
0.198655806243218
0.115994340580637
0.137857550014548
0.148280255517413
0.209898312152764
0.186760738247103
0.264390111833006
0.186743658674481
0.176242526910094
0.246638961076975
0.0997579535621751
0.277034627666069
0.246801432602282
0.272726144288229
0.273021918622699
0.187924793044547
0.37513133120181
0.140284719568778
0.388883539104686
0.333226993296615
0.0954880521486715
0.20143850146781
0.423570397072306
0.218482342082741
0.376952556765513
0.0969073010679812
0.205655580068149
0.374188830886788
0.224863656365887
0.210823359875007
0.306673847261824
0.224910193725369
0.218340873674549
0.307676327048669
0.202013295089851
0.209706735697605
0.310608346720257
0.393071146749206
0.325274590597292
0.204831093305018
0.200755597642222
0.271424332514949
0.270735837250967
0.326747632126862
0.25051991630445
0.29053402732819
0.205282213793915
0.213999731505365
0.183481317465204
0.311690968985175
0.341961444882666
0.313827813264399
0.260981105102351
0.137616614415268
0.315836992376363
0.379132424185921
0.223381511974745
0.445178635145591
0.307046500245769
0.368254360779646
0.254903613053609
0.280257307450345
0.276830903258034
0.296838725760099
0.308638452902271
0.147893836227057
0.234474881859478
0.54741114987821
0.364703013131076
0.294579706094876
0.422643803422892
0.273926291855839
0.366423778936273
0.203709160362782
0.255935938026648
0.429051030361124
0.331505154218573
0.177349570754289
0.369750745016777
0.207608581571922
0.312236239796556
0.334859684862542
0.312642724193542
0.308125111110207
0.322181801457757
0.274885699021704
0.270522045188453
0.287674886464499
0.30557388445966
0.382790075960163
0.335185302244151
0.357337297808678
0.180004610863096
0.356101057603884
0.309356121043615
0.456656930434187
0.331065363032464
0.29644705238017
0.371703647177351
0.349794131758851
0.29797165201718
0.374176960372779
0.453039670014613
0.465740005017177
0.513372477030967
0.336959099998039
0.289368083068698
0.618644855701754
0.345593912352897
0.317522411471393
0.512224790130832
0.414075015142267
0.340329074434732
0.357484653415198
0.397567553633616
0.474162115068544
0.397923457577072
0.388571690614633
0.313645196024553
0.227425818929223
0.386517563321193
0.423436176684497
0.349757788681717
0.561048277059399
0.396397387086759
0.448133252030945
0.46504055279732
0.45106938401594
0.484850209654958
0.390524879341968
0.470008603630141
0.364224239267439
0.362045386352733
0.373320218254584
0.429478869555043
0.35744233566581
0.459516752187323
0.45784032076595
0.476911646439167
0.452773547219731
0.347629141159597
0.248527647020206
0.604985364819419
0.456429397328731
0.542133847092228
0.478335129506974
0.494492678212641
0.492589709261525
0.437330010278877
0.473921632659398
0.469980454668624
0.38633363390436
0.434622950576822
0.487373310567712
0.401103490319996
0.469905008101187
0.460534663666993
0.485031218011372
0.568651950499676
0.489824667543047
0.487803338757201
0.550881241721766
0.468212646718934
0.604657176610055
0.31394525000849
0.444607038226663
0.68537107537302
0.565544767962139
0.475471034629156
0.453714635148773
0.601669930446749
0.514001501324889
0.450341898719565
0.475932215749339
0.538789630421943
0.594478722672874
0.511172797524717
0.426306796250697
0.553465616752095
0.500747012276296
0.480142794194218
0.755601239769048
0.443796670724858
0.58186254823345
0.616863732300755
0.550526775314997
0.576325058393265
0.603212061741408
0.65330478966838
0.613553995750298
0.721124938656004
0.535313224517721
0.597875610842942
0.585824695127467
0.469176558351113
0.482140799442646
0.588400312552477
0.694976787425312
0.514030052885813
0.622530475398492
0.611122729310854
0.436392262247409
0.555382911802044
0.529607398520754
0.623616774287853
0.619638984262134
0.557429920883829
0.475840699363611
0.660895680757944
0.665709527456515
0.604030467663672
0.674402711934614
0.741914620398864
0.608956731027068
0.606774362465996
0.689667700724376
0.687566307422567
0.611075775584376
0.578465515686871
0.633455743356329
0.571963216309516
0.569535898805638
0.627176055604745
0.559749708108013
0.650654213041927
0.550633260694541
0.521442043351327
0.708433361684103
0.58425927829512
0.551692708834885
0.777284536320223
0.426975580342199
0.58365033389997
0.641896102982375
0.68976158894326
0.60839219429833
0.663664399273424
0.6742445524028
0.578570896471043
0.711602877706101
0.636591230535135
0.763182380496922
0.646909987947205
0.565534599361601
0.731121904501608
0.733836490683785
0.628693707774632
0.755618965754978
0.746495323091353
0.504091919377614
0.840836205582367
0.658534419959942
0.769217432743716
0.757261894009238
0.575953243576679
0.799499119150747
0.776447298897678
0.644845191549649
0.776276143302845
0.66787928041534
0.526373325839222
0.693057908948011
0.606714191510519
0.795802540986509
0.738646389360584
0.591576052710481
0.634632048072252
0.620995164184928
0.841629418512899
0.787970886916675
0.743399612445213
0.610784793380585
0.665160581106097
0.580202775593037
0.668720600733514
0.628053564516339
0.612295982020999
0.739195703968025
0.761928584815147
0.750425505871298
0.615683814263343
0.578798151490176
0.875037186580169
0.680420077198585
0.755024169867089
0.722562485711207
0.701857862534284
0.760386199270241
0.586742387637215
0.722927395623111
0.923806458650894
0.868141785215012
0.712438792966283
0.91273208400734
0.809618620362025
0.690874340679346
0.723359368846107
0.849304398665929
0.807119063142067
0.835458858963887
0.680258080531849
0.712293163334331
0.783156713250052
0.686240148108293
0.901044607169298
0.829356409949423
0.609145464428582
0.672769175172
0.739211749654105
0.884155007800694
0.745963553662567
0.829358618574572
0.835892217521035
0.806143215451271
0.61976287537659
0.866031479588078
0.78167672105339
0.723781432786276
0.798616498489434
0.732899929585061
0.932188836208879
0.781359894314625
0.898585229218991
0.744953241062793
0.6863547152593
0.755569114117228
0.805737763471454
0.761239830451994
0.811114364638078
0.752189905580876
0.767727620738546
0.916895472065998
0.897861514433633
0.919269676941268
0.796206755645361
0.922883658673868
0.88857276672388
0.883186627558749
0.946656565136937
0.761461803035956
0.976528260265741
0.890829912191468
0.755993781129212
0.878064917164632
0.789784432946976
0.790613000414862
0.868867194097627
0.927664646461812
0.88152999220283
0.899994903348915
0.953714668433681
0.758218265904649
0.85341169453679
0.795695121356985
1.05603921398451
0.815224500159154
0.818881932991496
0.955093045166873
1.05775304973352
0.796647188765424
0.886101359915767
0.720487559008971
0.969784258649583
0.875219709712698
0.98646606934023
0.86134518973169
0.837112715525389
1.03891309029292
0.91569775839362
0.924161569478174
0.671641051054446
0.924540023688379
0.917632825794239
0.893210194576944
1.05398635516823
1.06363472482853
0.814419282951858
0.912942527935573
0.927063112085485
0.945074453031916
1.04289713202259
0.995660563247241
1.08589750737635
0.964322264602631
0.938282550027247
0.821976863179303
1.00973544656832
0.920956210374643
0.911630903266438
1.00787245089836
0.964120910075608
0.855725839365573
0.954452808691729
0.863357477612719
0.840447933682746
1.10796356072931
0.841551276221337
0.876865392516687
1.01753432514129
0.967728500911183
0.858436547577519
0.887850334756203
1.01525163089531
0.986129159271188
0.865618983859718
0.951588906932206
0.877496987809764
0.947050441849033
0.998947115097185
0.910992515482935
0.878667835628393
0.942846231172547
0.945722002948542
0.993808938785298
1.05091826429208
