-0.832252662864382
-0.948905199238318
-1.11365292004151
-0.9479942754411
-1.09425857618427
-0.968960354136928
-0.989385907286876
-0.983144323953772
-1.0880801564384
-0.911963543726325
-0.906811186484836
-1.18689806819471
-0.976321297465406
-0.908436503835267
-1.0326980674139
-0.986869883949452
-0.977372285236114
-0.936359533396273
-1.01747209236482
-0.977643638551931
-0.957135123193086
-0.921571483814399
-0.823908155884131
-0.849648691645616
-0.942952905603305
-0.941523199786666
-0.870519648404978
-1.03407317927329
-0.931923511158033
-0.895498588536839
-0.880233908364866
-1.05619908951339
-0.772695760362184
-1.09010275625064
-0.914812514847379
-0.857594687722169
-0.923866698196611
-1.04776979528986
-1.03607890934999
-0.853404525345121
-0.947710184860457
-0.829575259295074
-0.932958593524073
-1.00899170334085
-0.831742440401614
-0.870959926359974
-0.928209327056945
-0.930414955690216
-1.02073772083856
-0.832677204585704
-0.885027985125032
-0.899691171592226
-0.876983326826727
-0.863487341535912
-0.725186993835789
-0.927187129439491
-0.901555274885533
-0.864645412481069
-0.898806730307529
-0.897632194057742
-0.790859550911806
-0.961451362151348
-0.936361292501675
-0.94740202572509
-0.982434902755296
-0.850318001703472
-0.934223756042986
-0.831609865494901
-0.85375524822826
-0.934746078868194
-0.949762820086627
-0.895197491794777
-0.985656406104597
-0.925136874038127
-0.840656213126643
-0.894479925148083
-0.840311985987853
-0.952633107254552
-0.852799706554736
-0.880406488060653
-1.00187178971311
-0.746530213314716
-0.855662896882253
-0.791981112460329
-0.82955787148208
-0.711975784710859
-0.793680401625753
-0.852195478295098
-0.824673100009313
-0.889291634110429
-0.751344608311389
-0.81542295356543
-0.692186132266638
-0.909757598016094
-0.770581757325292
-0.728871970373208
-0.798509251244457
-0.859773913393632
-0.87575776337207
-0.761775265858576
-0.718769401385818
-0.722073768860203
-0.699632937250729
-0.765267477383873
-0.781483110732025
-0.688619082928958
-0.789244272780642
-0.758011240468943
-0.726902250285075
-0.778156545553598
-0.662597916329353
-0.700268178519473
-0.83862553033353
-0.652258786913919
-0.845041284060889
-0.605618800880987
-0.790281027129963
-0.743011175719512
-0.610251226803358
-0.809179164733408
-0.731931296293109
-0.744587182709746
-0.785524661014099
-0.721368346357903
-0.57439821648147
-0.55365309040724
-0.84325016740492
-0.680959522072253
-0.740550064936955
-0.578787910789969
-0.758521441611428
-0.601476358022986
-0.660434957945247
-0.721761706816391
-0.867304074238777
-0.769390667990364
-0.84762842623374
-0.533414127605639
-0.681413281109154
-0.86058006052773
-0.713214231880342
-0.617177519781693
-0.677200012882943
-0.714978531085027
-0.816130888194753
-0.774116560752242
-0.717874860527922
-0.758019521786943
-0.662901986593073
-0.754011721049649
-0.614974622751083
-0.919358993783031
-0.751443122842276
-0.692228231450706
-0.647404149701022
-0.753057489647622
-0.536837719764087
-0.527583751206697
-0.69226386352988
-0.679151069721012
-0.730164478007474
-0.650310962868196
-0.678879716136654
-0.57663532357894
-0.703690415938623
-0.549778719757335
-0.612348126103704
-0.558726510760874
-0.684890576040817
-0.563077978600844
-0.784597489616545
-0.624267829766809
-0.762632690687212
-0.626059509731621
-0.619592941288069
-0.344089353320404
-0.704189564134087
-0.548888345825016
-0.559517815288422
-0.638563391888672
-0.822350884989912
-0.610982401100712
-0.698144772060149
-0.547284105028951
-0.703184480166015
-0.67870028882245
-0.507659844976735
-0.626230174727793
-0.651463029336797
-0.661786352785145
-0.489013532175466
-0.598699856365699
-0.577892780983233
-0.756286981608241
-0.715816982986929
-0.586889382285361
-0.709633509727712
-0.620167319567785
-0.459496932153831
-0.623339634214254
-0.598656815004983
-0.643137577243555
-0.586129224780741
-0.466837482698536
-0.666122653120118
-0.566907881212867
-0.615766101999515
-0.641591838900902
-0.587287349721031
-0.568445006667334
-0.436521573190699
-0.648761902585828
-0.637345002166926
-0.374659113736667
-0.566199556100465
-0.645561965887651
-0.623623155644972
-0.593211797388473
-0.62923656055911
-0.617506262468504
-0.544974140976978
-0.439149690028012
-0.451541025306393
-0.480216171210295
-0.56853612376444
-0.611573168029334
-0.533018550697731
-0.487389884379946
-0.565880881103068
-0.643208515643754
-0.500147220987523
-0.412657728836529
-0.510119150145847
-0.209994620724133
-0.456289033977388
-0.570912895723746
-0.433137413669893
-0.523361425471465
-0.621040311561844
-0.446621932057791
-0.462378214393095
-0.634051785263166
-0.70714770798953
-0.522462788502736
-0.522153050384308
-0.538675715820467
-0.566530583674513
-0.535325976607613
-0.515640980791108
-0.350469261822136
-0.443042615554823
-0.508298653879585
-0.563883033961202
-0.511029622729583
-0.538674733054548
-0.346259455912531
-0.501989001272023
-0.498761803923466
-0.602789466110914
-0.4773370603495
-0.452697697649149
-0.451382106488534
-0.434447127456582
-0.482853273068779
-0.454843579911399
-0.498474911229311
-0.536531563827287
-0.413966922730921
-0.428925621734154
-0.349191036659409
-0.557943395386893
-0.493177735229748
-0.400809204950049
-0.438711715430202
-0.412271110335765
-0.283541709447161
-0.333345646909193
-0.666807267720016
-0.380212607324464
-0.436351420030001
-0.296565566616488
-0.555284485419523
-0.444176763992826
-0.484040158748247
-0.372510484179069
-0.503177853318464
-0.282053785333065
-0.518954197760528
-0.497835212655965
-0.54961978421011
-0.359706237192729
-0.393501340589737
-0.510527004399002
-0.288302779981509
-0.444028230251024
-0.402971094465674
-0.39889924100705
-0.344771900756614
-0.305826321122778
-0.312389526041878
-0.41247867202778
-0.389676113143437
-0.3573354605212
-0.224907638022782
-0.406109145553009
-0.394870198215912
-0.350860841714736
-0.392543190310356
-0.406542437289397
-0.446304006674124
-0.32359393593525
-0.322538389546661
-0.360024299876648
-0.329247694031996
-0.468580433036908
-0.442619658792835
-0.368118652232117
-0.305441300122197
-0.364580364156753
-0.308659900511253
-0.194277659841039
-0.42316007742813
-0.496276270097645
-0.450028408890451
-0.275770826352015
-0.402403905929549
-0.359354737703465
-0.392916835851363
-0.302186371471861
-0.386813596023627
-0.382182837318833
-0.246619611543135
-0.238524594242812
-0.321646049516803
-0.387570454358294
-0.324600517460938
-0.230421494163597
-0.406249429204507
-0.293469140649802
-0.33062210959557
-0.280179567875384
-0.299839494894697
-0.25356492301677
-0.299147625625648
-0.197734509299465
-0.192403949852551
-0.17145847410023
-0.351527107705709
-0.314393165635316
-0.255535727677359
-0.372669294874203
-0.259020552017865
-0.276274752530391
-0.35256902601311
-0.227268746209592
-0.155791881291928
-0.157498843525566
-0.321619862116395
-0.158152012730077
-0.198907946075266
-0.153193274111053
-0.305777065413391
-0.334244309724989
-0.33059723860733
-0.261040432437491
-0.321847259538335
-0.29950877326515
-0.136059103292367
-0.116879563908779
-0.334032886166173
-0.248075026605046
-0.033690072449573
-0.299019118038859
-0.260553114677434
-0.113755355097301
-0.289530283699039
-0.244969757482959
-0.344605764712419
-0.284106399718825
-0.142128291298443
-0.30387390128631
-0.26956824987839
-0.165256317642324
-0.168639087368015
-0.0665360405629356
0.0273229517334442
-0.307092424822158
-0.224657096710758
-0.204336688690708
-0.137265047670716
-0.252101679761899
-0.113644721819435
-0.270693304678189
-0.317532835467502
-0.0917819322089431
-0.232978545348792
-0.11353775700564
-0.164221422575556
-0.413937599201829
0.0120769286108082
-0.209125093652414
-0.117346833384742
-0.228532143349609
-0.276418543945292
-0.157067350173674
-0.314677906020889
-0.169091245471007
-0.152975813918146
-0.214673320917088
-0.244173799680101
-0.397018711621842
-0.195621076299224
-0.148211167291516
-0.200256187624455
-0.103020654966828
-0.194122906766637
-0.134659627379423
-0.127102203781092
-0.0578782131387398
-0.233228723625437
-0.216399339240376
-0.0576712046192714
-0.1944696449269
-0.0568253411145402
-0.138314985864617
-0.095381161544369
-0.102446332996709
-0.130528953710903
0.065778521367638
-0.155031113945085
-0.324423432370708
-0.18222198512937
-0.131628920971988
-0.125862799254733
0.0109896173143996
-0.089088241162487
-0.25212671263961
-0.140671217502229
-0.160745476574325
-0.0925293009795057
-0.187355586041658
-0.127330527514403
0.0345565477246727
-0.129453007773615
-0.092782037159796
-0.0863930290198708
0.0204706442380789
-0.138999998206454
-0.126887194535934
0.0332905405280446
-0.052748446548543
0.0677593118165191
-0.0234190548847115
-0.141805171051986
-0.0977407194661172
-0.107727131816647
-0.171713848694064
-0.0486580894226149
-0.116294871251954
0.133318700642075
-0.03272800250916
-0.160992480407747
-0.160411408536553
-0.168315833065197
-0.023826928346611
-0.0401431953907633
0.0058949796352148
-0.000738349912958797
-0.0752015948161931
-0.129079118051383
-0.100999598691302
-0.0514092661340276
-0.0584835118214949
-0.0459806575987896
-0.104245537988334
-0.0801987908842196
-0.00804068287687929
-0.107394967753613
-0.0405048684569238
-0.11116631593422
-0.233989912728583
0.0445663123118763
0.0449890461529009
0.0669654123297779
-0.0497079387166326
-0.173001256024489
0.0734217339827131
-0.110081068604907
-0.050994415948634
0.0181886648367012
-0.143326909589942
0.131853414074236
-0.0101177989079636
-0.0141942956953017
-0.0941811830555717
-0.0221376231822964
-0.103974193891453
0.0270334163709585
0.0599409422059467
-0.00702863774102201
0.20465597110286
-0.247686986709358
0.0589440965068825
0.00779340251438055
0.127439081513764
-0.00774332056663693
0.145412982556066
-0.135746882868751
0.0841782810870538
0.0486653613637973
0.0489835069309817
0.0746034328836148
-0.0852959415672327
-0.104917155680297
-0.0402607072802916
0.100151504794299
-0.152604805231092
0.109109944344933
0.0647311272600346
0.00483173096656296
0.0573189851984622
0.0592782532255155
0.050890633715005
0.165101825462223
-0.124838009677094
-0.0455690072957175
0.151062209395253
0.0783879412370743
0.0527230859861317
-0.121618280210689
0.0647538404291655
0.150984650824037
0.0707402545062449
-0.1150415691865
0.0393380108633126
0.0981037136716227
0.00691512860647097
0.0406487280857307
0.104133482885914
0.128846084157118
0.181579667985759
0.135556585187262
0.0969673497199964
0.122043275984563
0.10031007340286
-0.0801836611433176
0.233784502205896
0.0682607047326121
0.0274661374713913
0.0682637396558207
0.209342479721678
0.0950839532649876
0.139298492016423
0.164632387599456
0.127587981239378
0.209322130955464
0.0591830587917294
0.152378953406592
0.195879858507553
0.244669129881397
0.141951709043346
0.240915763696979
-0.0280049950915045
0.193959390753355
0.128749837387037
0.0948345125196452
0.146807095708686
0.0363913821535328
0.0704421474402048
0.229109995264987
0.182704903362678
0.161895819154894
0.24635810247978
0.226207915317987
0.0501428405323981
0.173304691121446
0.132157672947801
0.0765862604637105
0.14304946108602
0.227566851035372
0.268704795331555
0.106639044104091
0.00737089497289343
0.162925324091654
0.0610118766633947
0.125020277141927
0.0969778550470953
0.15501496635186
0.186787042018298
0.176475681680474
0.283023947948656
0.0923909644702247
0.197693863978372
0.300757619273818
0.295709067381158
0.214873892482245
0.0411622368550906
0.137972517083075
0.473378817329919
0.266694692564167
0.119106373099799
0.0986808872133288
0.195788674182343
0.129701929493379
0.192159100551469
0.27427428070139
0.149958254890693
0.291813457804938
0.257018979348079
0.288128013304326
0.0950112731938866
0.164418594399839
0.115030771567382
0.179140689231451
0.147027880886603
0.0869850397497455
0.390535913035003
0.287062145537706
0.252993139337737
0.332686715626433
0.231353106309979
0.289898275249094
0.354772023655447
0.239038341438904
0.274384669080403
0.204213672461449
0.249751890885562
0.379955692475621
0.235273735349937
0.3090264856181
0.310015647870161
0.108605032827006
0.280881784664522
0.242454644527366
0.313455286956174
0.161433380428901
0.215148998304902
0.140910719022309
0.359104443321694
0.148773450027694
0.338110144326529
0.276382917653944
0.368979507962603
0.273622609204091
0.440081872331363
0.40945906662755
0.331462365188289
0.293315821450902
0.181601428642294
0.324862800865767
0.381645449247405
0.184050603462545
0.234647526806958
0.310212835466709
0.305230185557793
0.323028673911194
0.301519754942138
0.146246361879525
0.385463553596921
0.432760162193841
0.246607644013542
0.385483579710411
0.200916361638443
0.223233955750674
0.193467929584831
0.388100423610984
0.574606925811866
0.269013271170181
0.247039848116628
0.357198158570532
0.400432781126956
0.379111217360366
0.460480781147209
0.365265320951506
0.412386178092936
0.23810542460294
0.255533811851272
0.439318436716612
0.327363138822054
0.283283915121808
0.478770635309466
0.44669606837458
0.345109539347956
0.301504547765354
0.317256752602679
0.29987500594559
0.435724185214068
0.399752697899626
0.354188124577281
0.325142245063603
0.349629675714665
0.284125596047904
0.36667605476325
0.365227897112813
0.268783352606029
0.341836194622468
0.327317168571807
0.250964224289109
0.516621452402224
0.417309548445178
0.442587814904491
0.453122364304387
0.596910679570201
0.360930969231414
0.235989162476215
0.523745930815777
0.442368399802377
0.343088187912741
0.488989689427131
0.399338617571232
0.58569580004277
0.345510974166075
0.393264323960575
0.44864082966124
0.385857679450911
0.414789572863747
0.444661232431078
0.465194374952436
0.401667638571063
0.39837626815676
0.420330622575835
0.649981768739562
0.43605668170926
0.570800815623224
0.504249326497274
0.391364697222421
0.61873517090324
0.590790181098073
0.437251193591728
0.541580233785967
0.370152304077484
0.296800370118628
0.498465081249896
0.494887544437691
0.589601254184695
0.376477991321308
0.368331708306501
0.411757757422571
0.353345574236762
0.364978897600205
0.567480975981901
0.480363314117402
0.560882698530403
0.500670224342999
0.432539004861325
0.515322869276151
0.558154146762048
0.544322896760799
0.641049228870127
0.50108989907717
0.459620447006121
0.629050406703794
0.559069028347587
0.449693687768235
0.516637362714017
0.468089803713424
0.44663246092071
0.427291432753243
0.579306620045516
0.600683349679803
0.648364019730316
0.625184805223304
0.580545313496773
0.571058486513619
0.6108537360407
0.635203258608985
0.569221370024319
0.553436872112961
0.564941671491329
0.511844185898977
0.568987852720324
0.51797435281763
0.53197466708213
0.502623069232681
0.469131946548431
0.608296917420708
0.582843311437276
0.637460084236345
0.562932034276708
0.581633630316492
0.548172059066343
0.585491883710994
0.498198717121221
0.58983745215158
0.502625782322803
0.600297461883698
0.562933762978362
0.523314767265688
0.586545923053901
0.505357483559692
0.558110445803232
0.525866039370986
0.617019145209268
0.633355892246578
0.623809084528472
0.472881895637538
0.484817362420031
0.534607814504562
0.51603108355218
0.76624600742193
0.680180135036248
0.425286730758013
0.523674598219636
0.673787252148525
0.599670371972044
0.438568815496483
0.636516756407203
0.615594438558485
0.535482367135939
0.579976390685391
0.583852690733972
0.764953380397145
0.580897075782803
0.548889596717541
0.621952758136806
0.627824130198106
0.542139035119274
0.596064180018207
0.74593837299836
0.626064613699444
0.566960085424803
0.69466130143694
0.677643796228293
0.707442787774964
0.593623511956467
0.717015294774138
0.682617701542769
0.497280644255715
0.56606050694018
0.539855666132142
0.590098341577599
0.712729629677017
0.585034047480762
0.761013865590829
0.719540363394257
0.665927419091671
0.847099977493533
0.648321323972456
0.79856882390002
0.624609544659141
0.726549890975875
0.661093868803775
0.889061380956799
0.632065978020482
0.484482894475504
0.709046987851521
0.800920664385607
0.649110294171166
0.750910695303874
0.596648796833342
0.572622587349563
0.786974177301686
0.681793688589839
0.615302078924111
0.717135602096328
0.927768573986877
0.666536598725275
0.781076256901899
0.767580431945686
0.774096559108142
0.884395206811723
0.650666064824814
0.800604356831122
0.803121233822869
0.658396349168285
0.656816801399501
0.746699538228474
0.573753812698235
0.624776935361626
0.721476829100099
0.577719756622996
0.668670466774162
0.823775087168319
0.771871626797536
0.93646161301398
0.785468679335595
0.776897239213355
0.677820062990424
0.912680904204592
0.895240302558164
0.693295204022864
0.799623412000926
0.730756682054105
0.790138554330915
0.78530037132613
0.708016168051455
0.767643600727551
0.866933497244233
0.681619385911457
0.658494938977904
0.906832127796002
0.831984294136785
0.742123627313446
0.833789010972158
0.79391359357644
0.741855582063472
0.892904873466509
0.839114725585385
0.891049395585284
0.80583394064723
0.679781481488226
0.675168757255037
0.806310519744901
0.824427904391883
0.890924207926172
0.976086818576814
0.879570844005818
0.818323194423777
0.793650307435906
0.851902007677766
0.848513720068523
0.779023396349193
0.681749510967365
0.909384779835223
0.96599301561155
0.992924098572804
0.875068823037976
0.94344213450649
0.865045604879779
1.01260780643348
0.778726874178902
0.971884065506123
0.951090599280711
0.86930111841293
0.844385654540389
0.838566345138669
0.82377472549661
0.857750665696552
0.99693261497317
0.861439158280842
0.906714792739595
0.834545946653841
0.814545739918668
1.01491439913435
0.909438171121232
0.846415423103919
0.907274599389278
1.02352147867355
0.87506122994108
0.951378943847596
0.938408063136362
0.830332557888815
0.870182993341972
0.989442170637805
0.922878809238337
0.831186848093489
0.955473161946672
0.87785953956938
0.891274918312827
0.897110582108236
0.960043257419882
0.812728703521597
0.98147751762161
0.877454733309051
0.82733248735401
1.0168575750758
0.888646941291594
0.854039836640085
1.08665487609963
0.913732482921122
0.975103363445664
0.898845285169925
0.894378828246101
0.861051481563745
1.10592345701739
0.993542026430835
0.715392534030974
1.12519252936563
0.989208317794049
0.985825866787031
0.985932785975835
0.92504466644093
0.903603926899388
0.918309774383381
0.862290593087074
0.865842594343402
0.871651097550372
1.01997000225051
1.04185373580987
0.877102255431672
0.775749938007482
0.926363182247416
0.992495118467227
0.903492155836381
0.956162138009292
0.933034655539301
0.957065529507622
0.960940464396326
0.836304262035403
0.957890081310225
1.00783374523444
1.06203335461947
1.05893201384309
1.02800125786484
0.993296372690999
1.03646277895723
1.11492261052393
0.958065340728616
1.0223718028398
1.15981260790739
