-1.11033759094882
-0.955377005351848
-0.881166330380809
-0.979675535640405
-0.955064665886194
-1.07061461765996
-0.982448241031064
-0.973853126623293
-1.10803837255458
-0.881483926974185
-0.930307133702321
-1.05011471368792
-1.09725144349737
-0.963921802110728
-0.952760654425806
-1.0370069807587
-1.01012909022197
-0.95291752912741
-0.884676344024411
-0.977946529742397
-0.837667273286133
-0.9175521742414
-0.863456449730665
-0.904197383820409
-0.893846730007375
-1.01735660738573
-0.921158745137854
-1.05454831899737
-0.95948827103484
-0.958732230588537
-0.83048923887239
-0.85985341600312
-1.17400593425383
-0.87788559254182
-1.03782389026652
-0.93427344354284
-0.974233003375396
-0.922208714382763
-1.10799334361285
-0.90798488013548
-0.796023411084455
-0.957754776504409
-0.932391608834577
-0.997388786376618
-0.887751302811743
-0.899719726462173
-0.872391844481203
-0.926328128695132
-0.893179128831926
-0.930966070733071
-0.972564854759194
-0.856262051545287
-0.848497062786072
-0.815246783360328
-0.76817858221284
-0.804190694644766
-1.04715614306846
-0.777563513489579
-0.777085899288344
-0.753272855634346
-0.984038757119971
-0.804811833946245
-0.896880143566214
-0.789149535291539
-0.884612995219155
-1.03389449234999
-0.788532016608918
-0.826337579625743
-0.787326622484805
-0.689258673213281
-0.701833794975356
-0.741202119393976
-0.859147339789823
-1.00812380227711
-0.781642348234381
-0.900341817639652
-0.820581322497607
-0.935156954055857
-0.800769206053729
-0.866910165179058
-0.800365750712452
-0.834267601061287
-0.95039542063779
-0.826248986662147
-0.782526750936088
-0.775094547215199
-1.03632784834447
-0.879969569403937
-0.886036600618712
-0.731326773062131
-0.632887796250898
-0.649275209400246
-0.761717195299537
-0.930126889925878
-0.759371924550441
-0.774537498592709
-0.891246285960709
-0.879175388535625
-0.785134467432943
-0.79308599842905
-0.820155630133386
-0.812770589825812
-0.832132985257066
-0.847560499004853
-0.795735820824484
-0.699523741271971
-0.900500160115981
-0.714770460575914
-0.738169407667061
-0.824413171907875
-0.622349673143141
-0.973131941285609
-0.685746598688774
-0.845751793160553
-0.773532600306359
-0.787759981186569
-0.895546328344946
-0.720640976070605
-0.731969012185662
-0.723004244000667
-0.762158490180405
-0.770742071580587
-0.789450553944491
-0.630354420114285
-0.728325321370766
-0.795994875880713
-0.554204407031857
-0.686971464993663
-0.79050408213305
-0.731454479107141
-0.526711779251882
-0.652947039644192
-0.788431257263947
-0.79031942273667
-0.652971706722371
-0.72204048056811
-0.683241647103715
-0.596318268307023
-0.732538842806376
-0.861427905019795
-0.715331803354984
-0.693260541988893
-0.601488570017665
-0.673340669884134
-0.675934458185562
-0.656514979210354
-0.606616062975754
-0.688108115052307
-0.795292360229515
-0.706790973897069
-0.794295987883824
-0.739116299207218
-0.681393547118776
-0.769384357907795
-0.511169749617731
-0.625402963645789
-0.77265162961003
-0.717390972818669
-0.657379531996926
-0.739146912442027
-0.783380700777714
-0.550500331402168
-0.687262754695678
-0.597718765320467
-0.851467785562109
-0.672858002886905
-0.663402952856893
-0.611305646992862
-0.655669354079742
-0.753460618000038
-0.732102702404024
-0.563354892289216
-0.681797653507607
-0.652451682715455
-0.455816923522662
-0.731471603326962
-0.580620347325652
-0.717403221974894
-0.534800232723487
-0.506182875455571
-0.575519439049182
-0.750049615577243
-0.520802626615207
-0.578051481321534
-0.590416423022502
-0.542076485719622
-0.69893406082612
-0.712167035788328
-0.674014511835312
-0.739553342405591
-0.67667398077386
-0.751704741514298
-0.573754734087136
-0.637998751956941
-0.429536158909338
-0.535831073475989
-0.618252055375337
-0.576440078295792
-0.565721704446771
-0.633995945666523
-0.587565230287203
-0.63564387630198
-0.62416712021068
-0.518746657082431
-0.403694593567234
-0.541838236593443
-0.699568764492934
-0.457210098106551
-0.564180276851622
-0.502415147626451
-0.553499724279461
-0.698232386524753
-0.586671890975966
-0.530744510059892
-0.613673228701025
-0.418303805985923
-0.434309945448281
-0.51630710567873
-0.659005963738735
-0.642131703691355
-0.640142156139957
-0.586691907144583
-0.61401823840525
-0.622301388336521
-0.573469342187723
-0.534939254155988
-0.656799489261174
-0.620925061197788
-0.601101052877152
-0.579857366824875
-0.663185730978388
-0.567352995823779
-0.524029644363737
-0.378353243141919
-0.590342104216191
-0.585717697228258
-0.234818680622007
-0.553214688567551
-0.466559991953361
-0.58816316350821
-0.59969950533628
-0.806841649617595
-0.502270659526736
-0.498676945387355
-0.526171725889474
-0.589201196124773
-0.507941002144657
-0.501029878850285
-0.500857770174903
-0.501932596389964
-0.440703384028285
-0.355061450197896
-0.574000731809817
-0.534459036465495
-0.397368459145677
-0.434976792059242
-0.472571261363887
-0.380209658218011
-0.459310626984727
-0.57604995952448
-0.467446881486557
-0.602003121065857
-0.482010776129475
-0.430783157239705
-0.466063482633478
-0.413199530134631
-0.55997842377361
-0.592838304526662
-0.327476220633172
-0.398149129380178
-0.389760699025859
-0.338412577912142
-0.426917083186401
-0.412886776144086
-0.376502927974249
-0.500378389077165
-0.440725193267585
-0.66487770416394
-0.513128975054025
-0.532599738967961
-0.490634061315086
-0.465284847677885
-0.421206411386591
-0.440823126896052
-0.46518731093207
-0.253509178424187
-0.341904681044544
-0.45186310661542
-0.438959022709178
-0.299837956647033
-0.41160836235462
-0.472510820440033
-0.285479761690939
-0.456523424499126
-0.388657062265909
-0.321303611790635
-0.431471958265653
-0.323322383513224
-0.416200480423893
-0.323250006082923
-0.391522472117883
-0.446953490889204
-0.365780484764942
-0.240953447387529
-0.193956842318916
-0.424714826301772
-0.382509156891235
-0.382950038679316
-0.411379982680322
-0.440720979334308
-0.312103029975344
-0.414698559950521
-0.160036182921161
-0.345838189539556
-0.263819780789445
-0.538501982507997
-0.366771054612941
-0.339177775562251
-0.451190404636263
-0.249287877187583
-0.36958070583891
-0.365596509173765
-0.326639668307603
-0.314796245307502
-0.349505071488733
-0.432947046518119
-0.375639503815234
-0.406590406998814
-0.3435556480743
-0.297277579257213
-0.384687467366493
-0.45748050098939
-0.343397783399837
-0.375260542700509
-0.368362670430984
-0.316609747282617
-0.428242233830924
-0.27589335173393
-0.279342870065911
-0.25868236067758
-0.336137512243136
-0.339315814554473
-0.427623359641573
-0.376939681626406
-0.407027135445613
-0.298315574819956
-0.379252313387918
-0.194010027790974
-0.225222498579706
-0.231932407528199
-0.35734977393206
-0.225968376631578
-0.209427307336164
-0.365003027357589
-0.301116257079569
-0.161475747100384
-0.209807953993933
-0.212591359793265
-0.409967358005382
-0.177279810380351
-0.210088178198385
-0.30819130454929
-0.217718294882154
-0.147552699641851
-0.332306802138234
-0.266206560933206
-0.206456460284708
-0.189221954035327
-0.373844977701056
-0.296736144774811
-0.235588845120654
-0.421588988912989
-0.297896391405528
-0.243376165141175
-0.420729002620089
-0.140748609155028
-0.266029602108813
-0.157944405750072
-0.196982438583542
-0.322314295771156
-0.283244577401511
-0.258759670054746
-0.325167997838076
-0.30725804388625
-0.208308345958215
-0.241589125784
-0.323407342206508
-0.225903141332224
-0.299848361920254
-0.120735341997287
-0.23624559223933
-0.203998688856109
-0.191138384618891
-0.0802810570082599
-0.101452549857612
-0.102557026354909
-0.0940096655120243
-0.315216056416201
-0.195576228431574
-0.319733650026976
-0.332708113809308
-0.113827412369308
-0.273983111837145
-0.113557167458933
-0.169878483029603
-0.204399947099596
-0.177242946368605
-0.118863220241713
-0.133506152656811
-0.268689827568774
-0.210037312576176
-0.109452428768983
-0.0423097371118048
-0.147188856698402
-0.215226341956476
-0.128002276421823
-0.191300532066627
-0.272194591518906
-0.16367223362076
-0.153361650256604
-0.148595594536405
-0.221394911380601
-0.110514153980639
-0.142106166049561
-0.27795462954856
-0.0700871423683339
-0.148687014513218
-0.248908173677425
-0.164898410232045
-0.152788688663196
-0.126923826664247
-0.179442035760911
-0.121595194487665
-0.190841770934595
-0.203446318389719
-0.0692583105458039
0.0235418174505752
-0.107207255614019
-0.046774846316435
-0.246315032988835
-0.164293920992207
-0.21134495244852
-0.122528623124948
-0.0873473842564493
-0.214065428355671
-0.0340996679934228
-0.0287608862181868
-0.224787131207777
-0.232212376805232
-0.280735657908531
-0.106915301008223
-0.0730740305494458
-0.200981263306708
0.0466115501760413
-0.0526714242549467
-0.124963037565344
-0.0859267532236102
-0.0167901304159388
-0.142315332132897
-0.150767726680861
-0.106215921516367
0.00727784493606587
-0.027231313449341
-0.0923903568328374
-0.0800173248769221
-0.00213514529053055
-0.0363162058914402
0.0770314594603972
-0.24299547469697
-0.178899761189596
-0.0913992165188319
0.00888550182062679
-0.138429964726616
-0.0597867725504726
-0.119658464901941
-0.0747074606866964
-0.0957798721582812
0.00617627039482288
0.0870166224710115
-0.173503975634879
0.0539231082616441
-0.179908186057285
-0.0847230133421871
-0.225056591697721
-0.0568734880033476
0.088400589694577
-0.0771237012716062
-0.0833699013600031
0.0146301543123745
-0.0193400526467292
-0.0134074198382469
-0.0337638890141192
-0.0989375395565708
-0.0252870991179432
0.132457086842169
0.157697813089588
-0.116837596684808
0.0221172534343228
-0.0167565407561682
0.1595208884631
0.051249002606898
-0.016463443405694
-0.137182454985863
0.0553027444027899
-0.0399472796352656
0.0664319231922138
-0.0201760698947703
-0.0313600776103541
-0.0497050675920354
-0.054397939944515
-0.164604183240457
-0.15058303526129
-0.0161371591367028
0.0263511180739942
0.0810168594483661
-0.051353298412236
0.0187067862245441
0.153883246820342
0.122342398208641
-0.0120235881135708
0.0499054204926378
0.0656783847548439
0.0402338447494151
0.100210541550632
0.134503785234366
-0.0130275924627176
0.0362789297653485
0.0833051654327885
0.0784208454618977
0.0521748618999377
0.0577583441316098
0.160098789866187
0.229439223438696
0.129047122931937
0.15710963385184
-0.0173963318027377
0.150367575064882
-0.0127744483625833
0.0658716442713876
0.147712703427861
0.0332989867412958
-0.103321818373736
-0.121222636440254
0.0784059772412765
0.0835165687651506
0.236664810556064
-0.0283002603039897
0.0522809840525133
0.110340011563175
0.141552683051914
0.130560108106053
0.0935769829068837
0.133641046196223
0.222010130851096
0.0150161865447094
0.0251723981766847
0.279168679124096
-0.0434043503195142
0.130186678722826
0.224280468040068
0.0870063733056413
0.118143613082546
0.220579616399327
0.243269632916245
0.166895126720509
0.101914024833398
0.101915564073199
0.0769570725393978
0.229482465142012
0.153175485314567
0.0680859609297792
0.280483406096436
0.0168604650592143
0.0984253471667722
0.172921027694492
0.0989552845697212
0.163432152922044
0.111485699688239
0.0919006757259813
0.145080239584142
0.128105938678358
0.0442173179650949
0.293326997771057
0.184441458640485
0.256271841160002
0.0133442343194015
0.0356207337607263
0.240391905470838
-0.002808124100959
0.334071041462523
0.186750973372621
0.193673184273483
0.194164719517483
0.264215367790978
0.231282498394818
0.156345069741253
0.186580179271916
0.166618174542196
0.239591814570838
0.293378366811361
0.273982940907533
0.122563462415791
0.15741617746986
0.149286899250326
0.245322459487635
0.328384806741407
0.210487314236866
0.164334423419754
0.155456854095232
0.265267414486973
0.272847822561459
0.241215141676408
0.223811826896615
0.158646662172006
0.262817429837844
0.26542455117215
0.175510821752072
0.156184189876874
0.256109425577483
0.238896724519265
0.192696455992907
0.238696803604938
0.217996111712884
0.21135998330556
0.25017881776938
0.175041898214959
0.18585759623398
0.288634717127857
0.360962090168252
0.306526638644309
0.353064438123907
0.258539034247932
0.322504296223538
0.253116898740035
0.0245024021732795
0.176720866092158
0.382315323920042
0.0668664406276226
0.269715426466132
0.231301597565652
0.257812745301535
0.427697502104298
0.365978397393361
0.396916291451575
0.327509127376464
0.259242277019418
0.267799317106125
0.267736376514081
0.314070843540585
0.341100293247075
0.495987182776014
0.447265764246005
0.297788591700527
0.18750548340984
0.218541182089492
0.209309497881865
0.408973209380504
0.294448616166595
0.265234744605658
0.275686675716137
0.334939519204821
0.312281743806147
0.360085685955402
0.362302318978756
0.269247635262897
0.284598495886408
0.341638769071144
0.344211059128172
0.284039755042682
0.204593862992431
0.202173867195553
0.360716784325582
0.315734178507239
0.223099344147476
0.54813248298012
0.312751425477163
0.270336469864378
0.385730848861613
0.322430005406173
0.390818429776798
0.445144559913909
0.395366932431523
0.425635604591852
0.113463048944321
0.338622414347371
0.51541645342213
0.242320342784171
0.410646535693933
0.465164098913855
0.395502049737765
0.42552426199094
0.273042125939665
0.366974347865671
0.291982542819606
0.400164883395056
0.530069821465489
0.23295155401192
0.265344814995184
0.364896746474741
0.372579504990924
0.408073630181141
0.376726797193287
0.372769982577361
0.415799695853888
0.262476380671947
0.467720567791885
0.396883042065752
0.406461903571814
0.295718550750281
0.407634532430808
0.34147318656068
0.372264684354885
0.436347032866284
0.435177450441238
0.475479800551427
0.447567558437817
0.372975737284201
0.466986191229353
0.657400010746742
0.548933919920326
0.37728280352164
0.404982829942953
0.454433256860713
0.494211564905539
0.487153981747782
0.420443540003864
0.376414082333426
0.326299919046045
0.604394596215244
0.486920268918436
0.596535908461612
0.287492788087428
0.553283051411068
0.47012857442795
0.369654476639095
0.535878213476055
0.446343740834144
0.431516862332129
0.420777977887831
0.440784298595837
0.583199909357685
0.507629986124256
0.47527993716683
0.559065157210187
0.397192002340766
0.430695406302549
0.422900059967858
0.564834727699767
0.385655853675194
0.418217137148673
0.455877690650985
0.415077456028335
0.435357955981557
0.517763975218266
0.349388714087777
0.525459787439817
0.607567711359434
0.572069064600732
0.595977497891523
0.485080745816889
0.565265905801494
0.466958170542303
0.502671174705989
0.501737029078426
0.711804149904979
0.518784299525251
0.521949583886395
0.456047627484457
0.553040935276551
0.590689380865111
0.507322092192809
0.519033738344032
0.598652030305565
0.593470270623068
0.731329701897302
0.6334939800286
0.452271541691623
0.408343838076904
0.7053069102711
0.461027288666177
0.457793279177445
0.60067329815458
0.524644133532874
0.628711808197478
0.557677935448461
0.627874956407978
0.622514712328557
0.60047835624711
0.668269033012989
0.600955074454443
0.557438943325485
0.609425872292573
0.580209170343744
0.46377559478055
0.660118950595595
0.645173446632512
0.645241151933636
0.697365099305783
0.628461407708084
0.460455671584251
0.529643414050349
0.623417749575876
0.528508708545844
0.529215666601892
0.527070610012536
0.617138796598084
0.610819654501298
0.651244476119328
0.588193081961149
0.546253697413138
0.793201657954003
0.624824024176604
0.713665425773547
0.67972093032788
0.722696053980669
0.647693438697254
0.693103557344837
0.513912789658065
0.682362141868872
0.580806898242033
0.470035129806516
0.628276471718319
0.411001897758481
0.488871934790826
0.821864913627429
0.543244937603926
0.77958504882117
0.746288250196431
0.600098241274893
0.576040563599035
0.611877497509793
0.701814311600147
0.769519320203562
0.55766711387281
0.698957855686933
0.434082725010865
0.703346248855949
0.718342282058242
0.696327354604182
0.691944511802332
0.796413154222577
0.651580406140318
0.778978238886826
0.70952987301845
0.580557547912862
0.629893427452835
0.721808112050813
0.73592352230072
0.693884098520351
0.779981038510019
0.601218822532202
0.600977727298587
0.663019350714114
0.643177915711471
0.537472068634877
0.709155136170917
0.658729901350082
0.762719080289317
0.638760912571386
0.693536771086177
0.735003486389636
0.784152468062463
0.672415596691859
0.560939173248209
0.66580055381399
0.724984853733885
0.589851878505532
0.600385367816251
0.686504624164645
0.801722568754424
0.872041438848417
0.710480036247661
0.645617123757366
0.751899658301332
0.675034719196761
0.603903332714027
0.745720374667725
0.780721140290717
0.762989126815281
0.734857185645517
0.9658142198018
0.729345411548734
0.874694827697863
0.840883411917389
0.483953519129601
0.697850799278546
0.864831083880275
0.779534288455476
0.760305184482791
0.843268848026384
0.600755968510804
0.710549685604164
0.797563756667841
0.680201980388847
0.800168493628737
0.881996072632311
0.835354937709502
0.783490903556448
0.719796865272912
0.931916518984172
0.975942409379849
0.657205184288998
0.998156142933443
0.947054703698386
0.75099203900307
0.752572856594194
0.844655102153757
0.981118715588047
0.784014920171139
0.882019789234702
0.890798864777687
0.921752093461131
0.910676588910987
0.917814538106887
0.754345275858261
0.804235473591788
0.914761916010681
0.920332726959149
0.845137543130104
0.874229767745697
0.804106992761816
0.686206832344942
0.84331136830056
0.780165357818984
0.915583207349348
0.765534883274434
0.717621705674182
0.812540339770948
0.874822218916088
0.933456296501242
0.840503188282866
0.730219172984393
0.922226805954939
0.861758282883019
0.939597104186521
0.958496261631839
0.904561596313553
0.784504606411222
0.904009073768765
0.760430701243783
0.710228714756033
0.991305889239233
0.967794440218676
0.83766818305429
0.778942750081962
1.04881840075444
0.910143356151494
0.90593979380873
0.935154352893502
0.839606304301144
0.876828671703974
0.967142298506088
0.936880015961618
0.956838366271298
0.762882664758747
0.901545035550751
0.854906591097691
0.855648875443654
1.06755991657527
0.886074852442713
0.893514717455544
0.887479188735566
1.05425179519809
0.924977892581566
0.908338935498989
1.01019186045284
0.971202532365672
0.984909039642064
0.843987614460931
0.948649017268198
0.766950840814666
0.950916601076162
0.828435026616638
0.931025684827809
0.928093787415795
0.817140160295484
1.07199626549887
1.07799650489379
0.925747719874568
0.859597988531402
0.776998971432393
1.09566480578064
1.04230771038271
1.01971956141055
1.06542119884134
1.01068011874242
0.848627779341856
0.957757883116735
0.869106174876947
1.01403050308732
0.85215116574548
0.97727711563485
0.909175330822263
0.947040357922674
0.913750617284794
1.06616685634839
0.981472671027541
0.997140940270405
1.02172500442758
0.97513150215316
