-1.1088484810166
-0.942339062518743
-0.877386202931231
-0.976132183605754
-0.944565171955723
-1.07151101397677
-0.983848557752905
-0.991610844086348
-1.12310129704386
-0.892120504614852
-0.925275073301013
-1.04381901292649
-1.08195164911389
-0.961895647426851
-0.985239036832146
-1.05891870016131
-1.0415706481051
-0.948950566495285
-0.888424683761689
-0.994524394254568
-0.829750344487867
-0.920651457557716
-0.846774203607504
-0.889757725896196
-0.895167654583119
-1.01214793543763
-0.903128056303822
-1.05831528211437
-0.95913547895887
-0.936010579963304
-0.819381068007444
-0.855707508939082
-1.19323933640272
-0.883698116534466
-1.01817560521319
-0.937382477217815
-0.985062849792151
-0.909299310950927
-1.09600725724595
-0.929129627203894
-0.775724445464796
-0.956599383232612
-0.943980343449677
-1.01585606739927
-0.878828531967787
-0.923968448242028
-0.864440055247123
-0.945111399806187
-0.915861472461738
-0.942160043517182
-0.970797968179603
-0.845535056115891
-0.866259492963294
-0.809229246687478
-0.771153187525279
-0.801210434623948
-1.05614612366248
-0.772086180223316
-0.77434348476494
-0.731076069969644
-0.987366115229662
-0.804382835636049
-0.913837877215168
-0.790665680608922
-0.881782044536174
-1.04564818832947
-0.787346286889647
-0.805813473066592
-0.787737999999991
-0.699298693066563
-0.694580891156357
-0.728940578269327
-0.85809093581663
-0.983293567771438
-0.767334710194415
-0.919101649099276
-0.825203318782843
-0.938908308370463
-0.808181418607392
-0.86610723330679
-0.80382073170798
-0.828472166010682
-0.949303139120174
-0.827809713941017
-0.780673572503415
-0.77714736385362
-1.01854337990805
-0.894933566682319
-0.882264465648141
-0.750173273755019
-0.638628358832909
-0.659421122013181
-0.765509148032617
-0.913024153559142
-0.763337238084402
-0.79760889537895
-0.892274894101817
-0.864751177090547
-0.810054065250639
-0.812982128886082
-0.8452861722516
-0.797537715873787
-0.825078720702318
-0.862356514084858
-0.794931934552297
-0.718699376500113
-0.886654216974182
-0.722847449488342
-0.751429415093103
-0.815179260679736
-0.612817654782298
-0.976318319321254
-0.691835167213645
-0.82870122381052
-0.774160083080596
-0.807339005992707
-0.862520533924591
-0.699434830799633
-0.740176581051608
-0.715029578013379
-0.77491066213342
-0.772317547800472
-0.77329457196586
-0.654443659063383
-0.724748368930151
-0.765791833600583
-0.559085018282553
-0.69351932463303
-0.802050837984146
-0.753184848859824
-0.506731737147942
-0.667808095342956
-0.77483658373997
-0.802134763216261
-0.642616701455212
-0.729528578896734
-0.685584058835407
-0.605374841425885
-0.712673366828458
-0.877665052929531
-0.728656375341387
-0.697342352063848
-0.591830737212966
-0.673042791889384
-0.677972660527372
-0.667384527713414
-0.618877659269627
-0.675107304655256
-0.800268740892526
-0.690443829091445
-0.77044667835858
-0.74196125864836
-0.673648083037331
-0.776354053108537
-0.524507076865793
-0.632003754990461
-0.790054550132195
-0.731908463547151
-0.650297155929422
-0.731870994329608
-0.768859555172687
-0.542032483281465
-0.683948111537476
-0.586316909767774
-0.81839912732521
-0.66312589314262
-0.670712715302487
-0.60202546453538
-0.639235172777837
-0.762185662444289
-0.74212361670206
-0.549178178260792
-0.686093166698888
-0.638314839046638
-0.450120284719113
-0.731531953514482
-0.591416006820314
-0.725769428712073
-0.546131944085485
-0.520892530564746
-0.582507255344881
-0.747951971701339
-0.536891237750439
-0.5660379517177
-0.587643830204085
-0.514147430366384
-0.706113496202071
-0.697879968756186
-0.66487327736111
-0.73786846693639
-0.666864438095025
-0.77980661507888
-0.569611881784687
-0.622948143704541
-0.419041929378729
-0.542945648529136
-0.603997549025596
-0.583400896126457
-0.563745778461388
-0.628181712942857
-0.58875219510189
-0.63792699502677
-0.6434017639462
-0.513575411280416
-0.421724897534362
-0.523536742502968
-0.70657393733341
-0.460141264875987
-0.543680431549688
-0.508205107586749
-0.570910115509767
-0.688188696998203
-0.588929493744916
-0.535300822387479
-0.600828998070228
-0.429616907055265
-0.462222543390298
-0.543571506101959
-0.665846722927508
-0.650110492122262
-0.633096109440782
-0.580985543571611
-0.639100364966512
-0.630321486385571
-0.574090336599047
-0.540185550693059
-0.65645356527307
-0.625029472742027
-0.600130896567134
-0.586856554579438
-0.653549838046591
-0.555965898847198
-0.524463621639245
-0.380679414890972
-0.610688633493918
-0.553211513973229
-0.264752365057883
-0.564320067074798
-0.476290805937182
-0.561316308010484
-0.594671249186394
-0.802872156395363
-0.519857645384959
-0.508721226024248
-0.535770403697209
-0.594801698541971
-0.507732824502142
-0.497399358003544
-0.490514518067639
-0.518464888033703
-0.431613836241042
-0.363930461588784
-0.550276116541317
-0.520690961892313
-0.388511503739579
-0.434720278273858
-0.466920208742853
-0.384345190896357
-0.452976018598609
-0.561727955918027
-0.466370273521864
-0.597967981727613
-0.465993654697901
-0.436682899355725
-0.47234723675383
-0.404193710359375
-0.576294461924255
-0.607975483244405
-0.317223016901407
-0.400259802861694
-0.400944008144008
-0.350270819901133
-0.410484921293847
-0.425532730565152
-0.376639561896359
-0.493367352549685
-0.426432191860281
-0.690186372046473
-0.538447590693256
-0.560134824530945
-0.464829346371341
-0.428780373730713
-0.405353304408192
-0.430067078847776
-0.478782494976839
-0.279766769646067
-0.358656443375022
-0.447945443302501
-0.412603566285434
-0.300877416414929
-0.398560064560731
-0.480557574787004
-0.284289369857765
-0.467492709721291
-0.378371190196151
-0.3236657410867
-0.420778643680125
-0.323976031717502
-0.427741911998388
-0.327420317524431
-0.370093227840728
-0.435114665157972
-0.358571632138329
-0.209185609957494
-0.181112284988426
-0.422895869615002
-0.355051796762703
-0.382029493419763
-0.406108415541938
-0.451581770848646
-0.310584853071224
-0.415323346957468
-0.17279135303882
-0.357017091319374
-0.277010724389341
-0.532567337911646
-0.354845732068189
-0.337351332221159
-0.44660918319858
-0.264298577532744
-0.355023589286875
-0.354046802033447
-0.344655138784023
-0.303679755322174
-0.33157681799611
-0.429837842255306
-0.372181124480064
-0.437664352931867
-0.335561416937895
-0.295170222608307
-0.403279914251528
-0.448055608518776
-0.34517334703309
-0.392985814315324
-0.356534569357106
-0.330468583611564
-0.444199553929132
-0.27071117950228
-0.274014779363471
-0.248798460564968
-0.343641463799579
-0.332694117094854
-0.430821197596233
-0.362632190848457
-0.392575815774344
-0.279861455385704
-0.373255807255444
-0.207766612456073
-0.227436276037354
-0.242669583549305
-0.374479535194049
-0.225006199701254
-0.205471712506675
-0.351902706215453
-0.292214757788554
-0.148364322168238
-0.210358085714249
-0.215768999414736
-0.418644873475398
-0.180279821661108
-0.217822949425609
-0.308241087848276
-0.212014006610356
-0.156001416588007
-0.304276578290733
-0.259818563008171
-0.211173990741498
-0.203680010365743
-0.372782425666286
-0.308824133255061
-0.237439143978747
-0.415401562498406
-0.299812084977319
-0.264758845930057
-0.415121713759993
-0.132361566725482
-0.264109938479175
-0.157129067301159
-0.197394882283618
-0.326318537089213
-0.299799545603882
-0.253198783989337
-0.330557923221064
-0.306504362082558
-0.205199787578248
-0.233493582899356
-0.324406089669617
-0.212971439566337
-0.288456386696166
-0.129100964483522
-0.227304167440843
-0.203740691051059
-0.179176417393961
-0.0728359829125567
-0.109445416621189
-0.126218896045468
-0.0838121218848781
-0.306266048259488
-0.179739477335823
-0.318122579369584
-0.328142825276058
-0.12170105160279
-0.286983129555362
-0.0930912684590952
-0.173860791418217
-0.190259157298688
-0.178912935147096
-0.112481959273752
-0.118225721507309
-0.294063662540866
-0.217070197416054
-0.106778333961666
-0.0771332348609138
-0.150386819181743
-0.195009540745405
-0.105598605529285
-0.202830163500601
-0.264545355463097
-0.174886915860946
-0.147948604415285
-0.153970658154597
-0.237002539225986
-0.131904932836513
-0.141392370731254
-0.253403164543652
-0.0849082229724863
-0.151255864854323
-0.236519924703267
-0.174929599082158
-0.173026868736375
-0.139505118672982
-0.188472811002945
-0.102589217566898
-0.202874272453334
-0.184784414346183
-0.0742273325237075
0.017704119825052
-0.129758487127891
-0.057685697902717
-0.253346178548159
-0.150103663947127
-0.238774795930093
-0.126434705733635
-0.0930568867694344
-0.211632636565459
-0.00512169373979208
-0.0201771787038873
-0.202163371209639
-0.247982719017174
-0.292879867207076
-0.0994530620364677
-0.107592268392127
-0.195813571950191
0.022228740809513
-0.057657604336447
-0.120393834419307
-0.0750379263017195
-0.0168532312439481
-0.135091766968636
-0.153325284106662
-0.086280877407593
0.01059730548945
-0.0237259438502966
-0.0774329543525878
-0.0612829829989222
-0.00649088907500376
-0.0532306666698425
0.0931272825565009
-0.244800902026508
-0.218932346594331
-0.0680680235093888
0.022077408453189
-0.130566891681685
-0.0618768427148771
-0.0909206628584102
-0.081523238365028
-0.0717195823512386
0.00341974665908827
0.0684685348339414
-0.204799549957691
0.0609650945302562
-0.17811561821793
-0.106426086146624
-0.210593694342045
-0.0312855017774686
0.0949448512010032
-0.0966052685276966
-0.0897389291032477
-0.000996101438243053
-0.0345164246389139
-0.0180480833974693
-0.0272943915325063
-0.130956650580852
-0.0425961543685178
0.0916229920055158
0.166695947025449
-0.112492500420732
0.0296739323925198
-0.0095767006139103
0.156796944869546
0.070506543284657
-0.0277424808345907
-0.106097721464608
0.0710541614992401
-0.0440242230169721
0.0671632117423413
-0.0283185044340311
-0.00880209228313537
-0.056618941780695
-0.0441174239615996
-0.150630510107725
-0.153156963142781
-0.0104545855380777
0.0129967733234826
0.0638665003036457
-0.0310936508179315
0.0192696996609618
0.152798586593909
0.108726686114105
-0.0117193711603123
0.057735419525854
0.0796786737935126
0.0288682445937762
0.110018233413061
0.140642742415082
-0.0078588410308213
0.0456410517840872
0.0629545146257385
0.0850121840235547
0.0545433589795681
0.0474160936543524
0.157976207614972
0.212672928837525
0.129261572274193
0.144359622962654
-0.00806721281674656
0.172186535872893
-0.0161899293164194
0.0696276083486504
0.142132644248754
0.0567175829470199
-0.101745180084523
-0.12788061828059
0.0533024753103118
0.0705815433057392
0.237493799120226
-0.0116699876754206
0.0403873449022581
0.113763571349907
0.160004606549044
0.145900485309207
0.0606536367142535
0.140719840252109
0.202809958945883
0.0126071776956944
0.0213434712127383
0.26082181081513
-0.0751092638269137
0.123787609293166
0.218602127586197
0.0864100785360993
0.113769954450029
0.208415885836151
0.257948667690716
0.177978619956628
0.0973605838110339
0.125457648566362
0.0744727377595096
0.209357517904491
0.159794524325865
0.0533607294356121
0.265301681661989
0.0216776623437537
0.0971219919632121
0.178610112038895
0.109496816799406
0.148251249528557
0.0973142038179988
0.0790031433234969
0.139920621960044
0.131185781845924
0.0657488829795523
0.271574393673444
0.207026130273137
0.241501742299238
0.0173567267127379
0.0416062051052282
0.230401726407525
-0.0086409844520121
0.313344350308048
0.165701991943147
0.200167096294127
0.215183602768229
0.247997720177736
0.244906735648054
0.176171417137573
0.192398216397965
0.170039282807764
0.240367049012742
0.323370370410772
0.28165547133668
0.133760903354499
0.160986999281131
0.13471835043467
0.265824801007277
0.304022321443688
0.215257314452417
0.182673693085887
0.161470955996199
0.260990787109469
0.283805498074204
0.22185132386212
0.219017469048111
0.153993657157829
0.266729970446619
0.261392696232137
0.145518570414724
0.11962351146335
0.276952114404639
0.24778660613244
0.187493050018798
0.251081942975319
0.205413795269523
0.211269898373798
0.234146516315318
0.194406466581022
0.197125903614445
0.309225309023424
0.348379182430568
0.304881044995838
0.34817439740405
0.250999598166368
0.338160291500095
0.257406589268297
0.043554121805954
0.167988196357554
0.383603951592572
0.0656857168595095
0.279482040869037
0.222515638044575
0.257948003073088
0.413168491066395
0.370505307533883
0.40109422882964
0.306601508628145
0.261996285849492
0.279804467895852
0.271430200562164
0.297881678215982
0.346706324032317
0.508334976213873
0.42041400814624
0.296618884424862
0.175372194064501
0.230820384768077
0.209331058427561
0.422646429320802
0.283504962883028
0.265995710026258
0.273533385399805
0.371596886214138
0.304777538888372
0.370017633849005
0.36776857981082
0.26982499653796
0.2977178543873
0.31608724107871
0.342565928705365
0.315733298457612
0.202242689375866
0.231616887135318
0.35868256381448
0.329582562810502
0.201893349556728
0.529454734439421
0.312771861072738
0.278048004597231
0.393184867322316
0.318881059226515
0.359669980432381
0.439310456744897
0.383796714271822
0.433446166859277
0.103706916332321
0.325214533872308
0.490410714321932
0.239457912626623
0.41391388676024
0.490818150491738
0.372856224275838
0.426581492344463
0.280949332172822
0.382564529151559
0.291500941124015
0.415393845458192
0.538461883824302
0.232764520610943
0.268501543736802
0.378258084605728
0.367341687229253
0.399296878120358
0.355950031712056
0.400358429959993
0.416205975996529
0.276068726083687
0.466969280682851
0.408857645188392
0.400710446941241
0.309368668297719
0.422800149358874
0.361240721041076
0.385554640152659
0.453212731908029
0.410591861827474
0.471479306502272
0.430599627421992
0.389148220175225
0.467791037038381
0.658613894784833
0.533831169545452
0.40000286268183
0.410478175173312
0.43604935081568
0.507333544550756
0.500659875175239
0.436501505734512
0.368690901609064
0.344001087828859
0.595168520886641
0.505239390490976
0.597105300015201
0.307443963715491
0.540587337591286
0.443076080825101
0.383851740486803
0.529709276501265
0.463758485372058
0.422294734590214
0.434360526408168
0.449046968613035
0.554315891094622
0.513062360146497
0.468532166000118
0.578111046716372
0.38409458085907
0.453838401286213
0.444680402948894
0.569038264692512
0.406478100213097
0.429594274380196
0.442796825453
0.422117315348239
0.434708083280654
0.51582802453287
0.34243649678546
0.512589257689066
0.585768537381971
0.55840912943028
0.590186880151481
0.489899863374608
0.567048713833727
0.477310598155397
0.524677562502884
0.524651357066566
0.712748480883863
0.537451011892163
0.521973824765354
0.46362310748225
0.542691256931313
0.577338621057863
0.502901771345619
0.515114834806355
0.607634440489759
0.600601967428936
0.724537245843338
0.644725329976665
0.466508786729558
0.405713889591246
0.708861549688977
0.470637042376621
0.457028288682085
0.607894869875515
0.505750719812462
0.615475964057501
0.539791555271542
0.640653958502264
0.616368595521731
0.616122164400131
0.68144529715673
0.616938378659054
0.555034945683764
0.618096591654551
0.576717763881328
0.484341505658629
0.659586132080469
0.628366425549766
0.625497531923978
0.68840834492552
0.621890968598262
0.464733024972405
0.533569539990341
0.61660921478824
0.525554321631861
0.50975637771371
0.519024256741716
0.622429720089671
0.64871634827131
0.680385637777081
0.588899615700238
0.545839988715827
0.799683610452642
0.624820305590774
0.708090834986822
0.681361924257468
0.712870636827462
0.645956074795709
0.678692624790633
0.509696137194511
0.703737945560337
0.59383236169638
0.467327005270793
0.637446069135603
0.407029907797742
0.486049453218363
0.826368999086554
0.554024134893787
0.758625873759992
0.748853869782443
0.595110910798655
0.557255743726712
0.617298261565979
0.691104731866218
0.758926274143718
0.533569012655464
0.717015237479743
0.428399951997818
0.704959803269032
0.716151857508528
0.66572201509235
0.691756529693777
0.802158963763621
0.647010361932265
0.780055177692751
0.688912909981944
0.565407508050817
0.624391728596812
0.741170163984884
0.745836993946401
0.683752790334574
0.746541599762128
0.600074828951698
0.611648823681356
0.658234302997046
0.645691926573
0.537782307646701
0.70117751442211
0.653533817518197
0.761079853318102
0.651147144018178
0.694255966087523
0.735165688678437
0.800024059789083
0.672604846320082
0.56603059736193
0.683667754126421
0.752398106606158
0.606538525733884
0.599989517084278
0.68474347534917
0.773658397174182
0.868457417968092
0.70422661298084
0.672127451560484
0.739316427433115
0.690995584926884
0.63485315731048
0.748442342590917
0.757346126229312
0.749878243534082
0.762023578649443
0.96846960036601
0.736172929218148
0.913485905978571
0.818807103941281
0.490036798447912
0.719935543760178
0.846474733612337
0.801810007437793
0.79244723124447
0.833189752151365
0.599389000130833
0.731792413246343
0.793269512954102
0.680342670399178
0.806444537054913
0.881311135445616
0.828216901790166
0.78140136480626
0.716335355946412
0.939756119135869
0.951430843471601
0.663354505481964
0.983688977955173
0.927320218029531
0.734236098741992
0.760188881057226
0.85209968955201
0.973104446203745
0.794915881923933
0.8723190922628
0.887526974545393
0.930935639893552
0.898981251768689
0.91571148559353
0.752673948809178
0.788695223367308
0.925375453753318
0.909657297414634
0.861414139097948
0.896450439108286
0.826334828632445
0.696619892860976
0.851650326167213
0.779322195468601
0.941286599680843
0.768964602562195
0.744773093393282
0.774077271328273
0.889548072043119
0.936705314976908
0.84017948713381
0.73706110911173
0.929332682427508
0.852679394663217
0.945993365292906
0.955412965955481
0.886437231793629
0.79579496448108
0.917532936969574
0.766784678174131
0.686308543299386
0.997548386746998
0.985943913352826
0.855944624812957
0.779859443984266
1.04711420901336
0.889503282252633
0.906018322526337
0.928000045221038
0.851669482378503
0.877516627176808
0.964331312158779
0.942389771848891
0.934209238142959
0.768986415257432
0.902596178216735
0.873228193847648
0.858464153793002
1.07033325579177
0.880029967088915
0.903101878120773
0.880089798943392
1.04482211794429
0.912862507185402
0.881475219288848
1.04405177635676
0.989845472576596
0.983001502418246
0.843675886784304
0.932134075687901
0.754433640671104
0.923108547699267
0.853169754202529
0.93076257727904
0.928852923834767
0.840469767373417
1.0778023558178
1.07626381598409
0.916832092467622
0.853783429026767
0.782159027050322
1.08943444754301
1.06539004087708
1.00055748782758
1.0488289224636
1.02504601271308
0.848082496096432
0.978830100213318
0.876190197067066
1.00630985690861
0.863264872272387
0.978992533758375
0.9136300698581
0.950978533548564
0.924518698257934
1.0671815305417
0.978893015950962
0.99635196846647
1.04141315112529
0.967491842208819
