-1.04436918240836
-0.9851688573515
-0.995792825893474
-0.918772870603879
-0.921999757762112
-1.10474281381454
-1.06874407032962
-1.13362318856894
-1.09971940804205
-1.10551570067515
-0.917353734190351
-1.04310499758306
-0.951436652341579
-0.969886387424821
-1.03160891603952
-1.03003740481602
-1.05638525345636
-0.965619793813077
-0.817725734382025
-1.09149816396733
-0.863657100039526
-0.952619696705848
-0.981305773448067
-0.91704150756168
-0.891895289700301
-0.89528382257442
-0.931538739512098
-0.825171135079531
-1.00040285678428
-0.835436171941258
-0.962900733305061
-0.794104148939131
-1.00059933667987
-0.744665105245664
-0.988180857725739
-1.01267352611485
-0.888476068791719
-0.903871980005482
-0.755543507728181
-0.833076925564284
-0.888743040298406
-1.03497856075123
-1.02888156212376
-0.730959962907334
-0.852913333427804
-1.05994594131225
-0.890394975927114
-0.783279952985385
-0.767788139808069
-0.905134668033478
-0.941759793956719
-0.965933188099953
-0.961146642549218
-0.918348435619923
-0.990637803153858
-0.947842661659491
-0.856325798906821
-1.02785107452083
-0.851917309992343
-0.882320655002084
-0.899154704821374
-0.799946988831182
-0.960517912072397
-0.892268841602304
-0.869037972631687
-0.766354180303154
-0.92661506850839
-0.884153456963333
-0.8468117769976
-0.874602436684228
-0.94276597769489
-0.844385048152586
-0.787149321434952
-0.793340111348485
-0.698989672015905
-0.801412898159878
-0.787836099691548
-0.810014817644484
-1.01734264894376
-0.868330139123401
-0.804490913392357
-0.883458160222497
-0.754904544044304
-0.756599923509777
-0.853282278107691
-0.95701792498478
-0.734543639626339
-1.01603289563542
-0.79079907518664
-0.790929223155713
-0.945615024719797
-0.903668398129736
-0.760780643002709
-0.873777763379532
-0.927585668147569
-0.832548861708777
-0.768371800488768
-0.877673732641305
-0.679934394233231
-0.765091231913831
-0.79269952811689
-0.719020625550946
-0.810804883946733
-0.893585009166464
-0.936688200348279
-0.765872789119641
-0.900116055809066
-0.763330146069031
-0.770977746782854
-0.889479453491767
-0.691279106570879
-0.756782953711966
-0.821648670553339
-0.773659563623943
-0.780392261893044
-0.759252340463775
-0.720610093676986
-0.792499253774798
-0.719800175058788
-0.782177950243829
-0.842622171623061
-0.852228877554915
-0.654711694483593
-0.739114026831177
-0.695323096249738
-0.696352366832957
-0.81645344588724
-0.874207377032995
-0.805671068513586
-0.745049345363906
-0.832439146532275
-0.67499400871142
-0.664875892229691
-0.804314259464829
-0.683705250566668
-0.69407567985308
-0.841573527085623
-0.855146877128954
-0.707215983433246
-0.6758237492038
-0.791032747524568
-0.767665251095665
-0.739350285440697
-0.797659458127893
-0.748025831977036
-0.880469573093459
-0.686293151961374
-0.755033749517766
-0.728750045515135
-0.710989898702838
-0.72161812690034
-0.707883301321368
-0.562998507405601
-0.633361302471495
-0.577263448207378
-0.606193610970781
-0.594249960857561
-0.677480240872521
-0.73300006187584
-0.679405448287198
-0.696030523290308
-0.828850299733466
-0.744301304667989
-0.576624408203623
-0.606880013283202
-0.643918772794171
-0.553987085516717
-0.856592256104982
-0.613464119892519
-0.664930917235054
-0.724719921559764
-0.736751734576403
-0.696886890341026
-0.761754133585891
-0.552154890560855
-0.584639520074392
-0.609890634665741
-0.770508023613228
-0.64808384691276
-0.497360475314513
-0.482539231595057
-0.689805189073007
-0.746914705208499
-0.503730172688062
-0.661530786324538
-0.581614045009194
-0.776499314276086
-0.670394006783643
-0.722870118914765
-0.634432516612574
-0.684490427720395
-0.606229493400933
-0.492007178216532
-0.758974653185641
-0.666928039806364
-0.605095300014501
-0.719237015432001
-0.711760078026392
-0.608921853798379
-0.712530808766442
-0.627081473043311
-0.675400178648148
-0.494973572134343
-0.667023946550075
-0.652032955460343
-0.623892863151815
-0.479390605877938
-0.609030660046008
-0.693243555827659
-0.654667109144203
-0.627772472866548
-0.551955727077853
-0.537202937613371
-0.539833678177601
-0.645653614216101
-0.63541040140785
-0.588686529062516
-0.53020945876129
-0.45565581401366
-0.594215057017466
-0.606080056558551
-0.703230801642349
-0.408349168503235
-0.477068266993001
-0.517836570011247
-0.583832810797368
-0.553205308076154
-0.567801422929876
-0.421595187118111
-0.681733233166298
-0.650567515816633
-0.549416372386644
-0.458556259950774
-0.413794720213659
-0.428947453151333
-0.683371856957121
-0.305535957875632
-0.516810441848885
-0.51200266493326
-0.472242500362928
-0.545895668650144
-0.543002539133483
-0.406569879767085
-0.454473930471125
-0.527208556541055
-0.477582452285433
-0.55048031111758
-0.424612593274589
-0.35227958162
-0.600213765176862
-0.56268105799099
-0.55434003320772
-0.548982752636365
-0.560099292571481
-0.468119016465196
-0.390667786234015
-0.555894750337934
-0.450948289277633
-0.563039331069261
-0.593210255543902
-0.268382838741165
-0.433927554321496
-0.414566136812307
-0.634986903096949
-0.457807681092871
-0.344005492140737
-0.437786161374386
-0.387444310417093
-0.49404116365413
-0.454436057368468
-0.538938138118978
-0.377103300983947
-0.49764823610922
-0.486775921788073
-0.411885370243838
-0.385248010962201
-0.543952243350219
-0.36182235621944
-0.472087045429297
-0.447148261672871
-0.401122447412458
-0.467031419089727
-0.566853144817865
-0.481124953465238
-0.246061763212072
-0.377569956511873
-0.392161938643807
-0.366713440667418
-0.527583201123706
-0.335676189817726
-0.551702262400936
-0.382221094070578
-0.410021415163946
-0.170309511962151
-0.408202807003298
-0.413502162972668
-0.366886974384794
-0.515908026287469
-0.44334760476098
-0.488331301311617
-0.339752748357059
-0.515608859008039
-0.513624679535627
-0.381725067406747
-0.456011719541996
-0.335795958330841
-0.432149442521861
-0.337713035799573
-0.475605214240083
-0.395468259135868
-0.469012047645357
-0.341619630104134
-0.393599752945309
-0.251520312788489
-0.432298210701953
-0.213519061585483
-0.560713881860457
-0.150948382404571
-0.282265366615577
-0.309554421439608
-0.375204897281749
-0.296787254688129
-0.271898662657318
-0.485336310218606
-0.277206300340238
-0.35063455742181
-0.29479959248445
-0.486947942884675
-0.250056313848789
-0.482668377865995
-0.326160047005134
-0.401935288621443
-0.314141996479013
-0.512828612750542
-0.225819609529673
-0.311777375752316
-0.166943089622359
-0.327487213446804
-0.226975569823081
-0.343940953030315
-0.276626334564756
-0.239653684076321
-0.326926690215672
-0.359539239200133
-0.204269725914743
-0.173375413205465
-0.339666209182622
-0.359467312845694
-0.363480401753086
-0.311252184118106
-0.191624108815177
-0.212157778333465
-0.218802455851767
-0.324477854659629
-0.154432517665741
-0.322404892808362
-0.235755037460573
-0.272680577067013
-0.268917578379384
-0.25107358205664
-0.226830184945384
-0.372630251492749
-0.244791420754703
-0.355998640944907
-0.288417048101866
-0.265296691857613
-0.32099663601617
-0.168023176868838
-0.293912317424451
-0.301549771515787
-0.188760259636392
-0.138735182628467
-0.377397836701368
-0.224306131252323
-0.272969188880967
-0.232583228614192
-0.275566250912113
-0.256584715614467
-0.287807593128936
-0.293911971355044
-0.14895548035745
-0.214071162072855
-0.375442717356596
-0.188104111218932
-0.218565803018737
-0.117741851799278
-0.195285664353882
-0.307951750861036
-0.167042131922535
-0.312737116269154
-0.164135641280325
-0.211467829425575
-0.31125622114173
-0.257332977355195
-0.237706996946345
-0.118411872054182
-0.280495007786802
-0.255751074365407
-0.301655673916212
-0.139347449795598
-0.0817483035549694
-0.0271816689434982
-0.185442536831511
-0.147623115133306
-0.327155162735436
-0.334426181845046
-0.154853433754063
-0.127181966251169
-0.100869446382373
-0.228402177685278
-0.192545315385965
-0.0937967957001321
-0.129111812978054
-0.294536225911455
-0.145881458899603
-0.246117086351994
-0.118206473104517
-0.0146103222527064
-0.0820850944831071
-0.140518307685504
-0.103922054524175
-0.105843085984408
-0.0764175715397961
-0.126384631950973
-0.109530127885958
-0.183106112246829
-0.0231101769795106
-0.12514132534633
-0.131329215671996
-0.283173188276493
-0.0201685262272067
-0.162924569663542
-0.14002695838701
-0.158536572607577
-0.0890578417407903
-0.169557253884337
-0.303322487063491
-0.0874119048903527
-0.0379296171226174
-0.223311820984895
-0.223594887192192
-0.18952497501637
-0.0852754888703887
-0.0487675178553743
-0.236211914281597
0.00890935722857512
-0.0504325739453567
0.0126905118017518
-0.247489453617089
-0.0867084627751726
-0.195921926399951
-0.0876050181958756
-0.217701220338457
-0.130283246654095
-0.0108562395582879
-0.104510906784419
-0.240018178349276
-0.0609910314490505
-0.0257870204810957
-0.0195832912147631
-0.150609501620255
-0.15574057912057
0.0046144436872615
-0.149514577406509
-0.140651397318241
-0.109262780217557
0.0410119687311125
-0.096839921775532
-0.0744496226096758
-0.121790990955917
-0.0596794281019165
-0.187998402543889
0.00516855195360994
0.00510820827326126
0.0320608646138047
-0.0910715322173295
-0.170106593709382
-0.00721940100022043
0.0426221493807552
-0.0862503308078079
-0.147210487543525
0.194811654941096
-0.0785242961655948
0.00372396093203726
-0.147965863356333
-0.0602590392262329
0.0898095871870289
0.0489089672144425
-0.0578516665557776
-0.0539052953799478
0.0075553421136492
0.0549907377684586
0.0454807992361027
0.0311229086452081
-0.0816655783765974
-0.0290159846304282
0.00182170332019451
0.0705463444324281
-0.042774433877141
0.0132136847997752
0.0377656142695191
-0.0774545154729553
0.122455147599114
-0.045874580378701
0.120112253188668
0.120855605376313
-0.0297075326748067
0.0507287514873851
0.114482477104708
0.0735813999919684
-0.0211479498315228
0.0108359517924326
0.0533311614357441
0.11254769239255
-0.117679042444695
-0.0171975342060199
0.0603169480671475
0.084627329862202
-0.0187549218988397
0.0880928033369804
0.0481466972223232
0.143894116548567
-0.0700241529446891
0.0930893197403404
-0.00360509289711172
0.143844015997708
0.146277435366718
0.0674840468813414
0.0385727982366145
-0.100502893965926
0.128313065787088
0.0304609326562348
0.149605900976421
0.0972832006581102
0.106221669087611
0.0722043247766333
-0.0120331904083892
0.177664383753203
0.198255543248943
0.117403236993684
0.109148148215545
0.0804052092876628
0.231546732762023
0.00894373796981927
0.156900423537954
0.178404433520762
0.128928761373746
0.228402785997121
0.0446271606652369
0.243373570578805
0.11586785913483
0.0165520597959053
0.222477966734329
0.0885644156748143
0.152600451537237
0.351457121519159
0.0362763786717978
0.117252470893066
0.281684043302465
0.0140399034448128
-0.00824029229202995
0.118032588094742
-0.0241048583314649
0.217842054107235
0.206276468888958
0.129964339160145
0.0307209044569546
0.232614106120252
0.185890470339613
0.10597322123238
0.170686676911839
0.158395614764303
-0.0606438180714696
0.153268588217115
-0.102801434665137
0.0837447221017126
0.21040244252293
0.215783756347923
0.247176161754159
0.32400430279134
0.170767525061223
0.319298237280007
0.205636307636149
0.182049367221607
0.174705561811511
0.173648363862284
0.125920054530258
0.13207027199687
0.17242281833049
0.204139846048686
0.178559368973405
0.261711048790106
0.184130368570623
0.183777960323541
0.248473626525431
0.102810946910672
0.258396044366596
0.246356333526382
0.288172748988564
0.252586092150325
0.172957374777708
0.362715512272582
0.164087458082326
0.36813138006101
0.308330129285195
0.0872695811339036
0.216027620900501
0.440992607256359
0.19358248153883
0.373027314097442
0.101953228313526
0.173149815405606
0.367152641411597
0.238468939665256
0.23295080296498
0.330699011453123
0.227375255328671
0.217920522522061
0.311541140361752
0.208865045146727
0.19728172186694
0.295375171700486
0.370181013561883
0.336487527726654
0.206488803306079
0.206256711940075
0.271594282061684
0.288591920690217
0.349765246084536
0.225441070756716
0.298621047613565
0.221368620620526
0.191405961105458
0.183168715667366
0.322856209202263
0.339923514720806
0.314950126768267
0.265867517480041
0.119457920155525
0.306715801017151
0.373670340987187
0.225371308057604
0.44156492935349
0.290751854855781
0.380591172592738
0.26321746672693
0.283748340816528
0.271987960684799
0.292759712164177
0.326123460554769
0.127511477146758
0.207430575061587
0.54524462836607
0.350911130128205
0.301753405825572
0.426295448406708
0.262660162814494
0.356206354961721
0.18989724202571
0.240577755509268
0.428172910112419
0.328960360325496
0.191002946311565
0.358064706303063
0.211178449900229
0.311200536245245
0.314833083888069
0.322264739788673
0.312389239251833
0.304709645741258
0.27082960066049
0.247223778181794
0.291675069231979
0.321942329663162
0.369604492353994
0.339946426459934
0.332200857385504
0.1962673194664
0.362577506683663
0.316823318657137
0.468990623612723
0.336659373312456
0.283666947402447
0.385294472758991
0.334319851051151
0.311705122107728
0.37933917415854
0.459061804623996
0.454743140824704
0.530913102563879
0.335989050721338
0.283542195981826
0.607380737783284
0.323976637830719
0.318701571308549
0.524304180687915
0.409514980917443
0.378272178676412
0.353271421955222
0.407371869367052
0.465306967242847
0.389035443747645
0.389819013375071
0.327118067309929
0.196232853415281
0.406986143939693
0.407297082138874
0.355505031178663
0.586985273629987
0.384974941554155
0.448846771496514
0.435912181180988
0.447837957119831
0.474760269413711
0.394271486177793
0.472192240511395
0.333162818210535
0.350117557616434
0.375630839199483
0.419915377343323
0.349017100596881
0.437536290117368
0.467869866480525
0.466307138798634
0.455208577940675
0.356600148255313
0.247849357634548
0.597658662277675
0.46862739745485
0.563964532630299
0.464148419260411
0.489061192321182
0.481451424253182
0.436235498878473
0.478254666625298
0.485643877830695
0.415885498093748
0.422557008835803
0.500394725641252
0.42961986456277
0.48945532123227
0.457870466400444
0.487362875011236
0.572155716474932
0.505880931359527
0.488504632045512
0.539218201217101
0.476517276369519
0.588604885930256
0.324912305976569
0.429023284565713
0.697938047011391
0.559490055999999
0.487977152871975
0.436994736293525
0.596730606697006
0.529693154802458
0.45430041011377
0.458407817547553
0.525498331347436
0.619488030348228
0.526922391048849
0.432482099664509
0.525835090477417
0.514855620164579
0.477152191712415
0.752407160628282
0.432497682700752
0.585436014719137
0.589378595708953
0.527855703735008
0.580599225915047
0.611170995133048
0.633387459543947
0.619212298223696
0.707881157976766
0.557946445781011
0.603116118907676
0.606522384598846
0.479791257115182
0.510475227783939
0.577043282811282
0.717797386210496
0.524904953800202
0.620358906473727
0.612119032682336
0.458162545439936
0.552355724986166
0.537515927178763
0.646580987939456
0.626829128730148
0.552145300030953
0.470335058468362
0.664551114529211
0.667744119525463
0.591486084183306
0.671041809100348
0.741509139995407
0.607754550741841
0.570947782927957
0.709518440112017
0.69453413087162
0.616664366076903
0.599921817859501
0.601495772900754
0.562156646898075
0.577655474380402
0.658032465393195
0.554571953257721
0.656706328715182
0.541328036842278
0.532380913021233
0.709220012190891
0.576612079730816
0.544501656532401
0.788445851478429
0.421007380956984
0.579490278108046
0.645686017781953
0.705375692740114
0.603348219723992
0.631226794058395
0.682324171038851
0.568993870845005
0.707753185132823
0.622039040708322
0.790002863996256
0.633325484769301
0.557215237462033
0.725053705995503
0.723458391378234
0.628262089998731
0.730728610354602
0.749627417843078
0.515548640560898
0.818618166304141
0.651303797682066
0.745416396967502
0.758931496752004
0.600552798356018
0.81956800885654
0.782338936882379
0.642971094919588
0.79966226089516
0.668637891905029
0.516899370276081
0.682840177535222
0.617613750415145
0.800524819256354
0.740599558716484
0.567120155917268
0.621346194589507
0.612350667077047
0.829672123086044
0.815718343556616
0.723805535918865
0.586576060027032
0.684979539135437
0.584906219723468
0.689200987579531
0.629659334239317
0.584613780471579
0.742356601317377
0.736361634523507
0.763855648274959
0.617627666931897
0.576545682974571
0.874882410910363
0.679313679278685
0.779122779543211
0.713912408924824
0.709008190730527
0.755656544562203
0.600336465294849
0.712916924738025
0.900755410203611
0.875575601024286
0.696247733396182
0.878051426371733
0.817300847785637
0.694493886490216
0.75039190969428
0.829600225014259
0.809179930461041
0.809979884952579
0.706924536990256
0.728876678515613
0.785537166625225
0.667018369959235
0.88204045324792
0.799116792971369
0.593736797472483
0.694273490690731
0.753876508888239
0.877962260310325
0.758820073593696
0.828787515675028
0.868342246411289
0.801031799373543
0.633836595987304
0.852994559905467
0.803102227746482
0.698685209845726
0.799712979275088
0.745898182358948
0.956245577611284
0.772907088428522
0.902456999493288
0.736790300118482
0.654050495735762
0.780129576811791
0.788456298198712
0.765653919674814
0.782722141446309
0.745213984478216
0.755739023436799
0.90092882940238
0.906107485526912
0.911480687232563
0.784990844176977
0.925704320255135
0.8855103121656
0.873934743135422
0.952194647416784
0.76858616770819
0.977244707962763
0.894929451934926
0.76876172846467
0.856575891115716
0.820568381096874
0.806408325794193
0.843111088093646
0.926190718009068
0.894046239549068
0.89059205835357
0.93628036606037
0.797750818609196
0.852287512664608
0.793777842141345
1.04319358376247
0.84489314333923
0.795318014136274
0.949332252462406
1.0388635964902
0.767409627271881
0.895084683320397
0.709400090785506
0.963557110652397
0.887694170715633
0.985116113787791
0.844771414356774
0.842490392158582
1.05922530365569
0.911017572074795
0.932192085660472
0.671745156031546
0.907479736697299
0.915088409410671
0.886894122985594
1.0798504439329
1.06117278069959
0.80751151433227
0.92064045505182
0.940543635198665
0.945101681861829
1.03121642590497
0.997243929838778
1.06791870232846
0.960902989432384
0.945557584748805
0.800787485219763
1.01356336109008
0.913897673762832
0.905709328410523
1.0031220118076
0.962895639052505
0.854428630025427
0.962558610477758
0.86337200326609
0.850324666828651
1.11629704918816
0.828716957660892
0.851687580390127
0.993908823120065
0.954086903210281
0.851771597038452
0.880963859837746
0.99855279154506
0.975908000621061
0.847936420931655
0.971647492311588
0.88251176585551
0.915094981057493
1.00900555690223
0.929781718157158
0.868368347876578
0.941918831557095
0.948783549575761
0.974827770026527
1.03812857691004
