-0.991701073737452
-0.93907901085851
-0.906025826099356
-1.20828069977105
-1.06898559161237
-0.90001518413524
-0.762147207052449
-0.880805863781396
-1.00308082661401
-1.04161907991848
-0.919147718709027
-1.07651488335331
-1.02183109389304
-0.987012211661871
-0.873555899185157
-1.1867666320925
-0.96441584125367
-0.955293268301172
-0.989761964795233
-0.865277164207317
-0.87846848149291
-0.863921256984403
-1.09924038543836
-0.892156873888802
-1.00143685154911
-0.945702889043845
-0.872872927232622
-0.925413279032555
-0.984704046685641
-0.899947315318499
-0.925377993133995
-0.930809315719352
-1.08755080664186
-0.755915496233645
-0.963325020718164
-1.08011343228581
-0.924983626450365
-1.04264871711832
-0.886192653207305
-0.991360169470409
-0.828369229920258
-0.968394099344416
-0.907992026287877
-0.870246855393925
-0.772869276378954
-0.85428838340794
-0.998100593031152
-0.922055793379763
-0.728535764541222
-0.927262160077386
-0.856979754829273
-0.899303165698116
-0.780130248154296
-0.96493777585795
-0.770229410589275
-0.948082530193179
-0.977889793655768
-0.922199896667145
-0.805198926020181
-0.951334537891692
-0.88456560669291
-0.935581640563537
-0.972284024172662
-0.936248424283759
-0.894024876095526
-0.678031600721835
-0.837754748371525
-0.897412588280061
-0.908300996511338
-0.859224421886796
-0.921426277238523
-0.820124435661082
-1.01944588104603
-0.873125265709288
-0.899716647630856
-0.857633177129333
-0.796881126103903
-0.8502961275766
-0.865072729753058
-0.820334127928337
-0.833532524988095
-0.76200427274151
-1.00664826282675
-0.796044783574439
-0.74873839921651
-0.9008735799844
-0.769051029873288
-0.729208845680675
-0.851963966495087
-0.896104557737847
-0.851169643651014
-0.727025360497666
-0.90894244207091
-0.717498718641227
-0.796534583242604
-0.750258913830901
-0.787328638229368
-0.769440279329912
-0.789994938459706
-0.761305711480377
-0.810511741577769
-0.746123132566989
-0.951418255919649
-0.850072920494808
-0.757108772032455
-0.832372672039063
-0.807073309347879
-0.795508574868348
-0.848854050950222
-0.652069179471639
-0.77170607669159
-0.698292656759415
-0.711641257219999
-0.699789323268783
-0.920429358500897
-0.771195803618884
-0.866405921531437
-0.676199506424153
-0.735773300266581
-0.618206399794274
-0.77943265258001
-0.761414551313177
-0.665420132323917
-0.715139579729721
-0.640159064619614
-0.63476260255302
-0.784368386014369
-0.690481667760986
-0.841635931801095
-0.732908141437745
-0.714725603732443
-0.84526748673165
-0.714595613322577
-0.662128650369857
-0.527337126172108
-0.655302034371916
-0.623525423671301
-0.64198168589993
-0.655888975953952
-0.64635546738877
-0.694924771539756
-0.754138505301105
-0.821702774655458
-0.708450634285058
-0.800570088165896
-0.713389484846529
-0.64690732478017
-0.759479678237856
-0.535338179903004
-0.754591248333977
-0.691135077425458
-0.852165853074066
-0.700578034613888
-0.671881711701847
-0.788061593977333
-0.69260733826151
-0.713135120112132
-0.789255618072919
-0.61973350668224
-0.716001749563378
-0.65147861511434
-0.7421899984052
-0.717508205835057
-0.623058849449247
-0.583427293233784
-0.750304803027422
-0.503848287968271
-0.857292532910463
-0.744018741186508
-0.627540451027847
-0.697865724638825
-0.745178782613111
-0.683562901834321
-0.840643756498025
-0.664658606987056
-0.520466596552671
-0.75897978537097
-0.706350282702611
-0.683485622028777
-0.634711601497547
-0.522046506457605
-0.520659214463442
-0.693941233112197
-0.651302836936962
-0.614336869273774
-0.678497731963438
-0.563927821918045
-0.76413149997072
-0.62594691216566
-0.709448192700993
-0.60390856463341
-0.686578704387453
-0.601845856521392
-0.609291272997637
-0.577733073158505
-0.631568872769513
-0.62135784444909
-0.703431200241246
-0.77017684720131
-0.69586400758412
-0.592940153651301
-0.685493011225691
-0.577885452216962
-0.469563694915389
-0.520390023527583
-0.572735626795695
-0.650004989533111
-0.741415657289493
-0.554228925239544
-0.648382332633573
-0.531842894651736
-0.517783798094838
-0.445513419413383
-0.736268184529913
-0.700556997159289
-0.594208771989141
-0.358964028185651
-0.55915264901684
-0.542235818684323
-0.651725855268257
-0.634716792068478
-0.522030553615164
-0.52426451054235
-0.497439078652102
-0.525324132874967
-0.402493590207601
-0.652940540615911
-0.601531211370546
-0.552144016682237
-0.604202752866785
-0.626577036113929
-0.645043770089093
-0.42261173085037
-0.597919089947102
-0.522261870475821
-0.547282022588985
-0.485718909462981
-0.770643026580101
-0.473156777494104
-0.568077519458714
-0.553549169005038
-0.536759965835725
-0.436727861225648
-0.393194425372146
-0.586042654405
-0.383373030955707
-0.551390700208933
-0.475727139438294
-0.606114305796756
-0.442543990238411
-0.429545705144501
-0.465712361381052
-0.446719451341309
-0.353624154621515
-0.58434688274907
-0.614411574954054
-0.40933297573419
-0.333661262878299
-0.510895707718879
-0.514663034424651
-0.483993646336597
-0.404651456577019
-0.598780178360999
-0.462581756846896
-0.529874564815766
-0.495628965181708
-0.258733310982085
-0.55474173105543
-0.403036516867242
-0.52512392820285
-0.412630672504492
-0.37051831969612
-0.3314378512522
-0.307420825474915
-0.628141747385228
-0.329627289153728
-0.477361542550275
-0.521753242540338
-0.306919401196137
-0.471879019095206
-0.515238465353496
-0.424405910028398
-0.526318530191239
-0.37752565964394
-0.473932385834406
-0.426960111260684
-0.140834128321844
-0.518041618986401
-0.407892847977966
-0.333248044074667
-0.422290868505027
-0.451771107034803
-0.508366849136308
-0.285473999212778
-0.387803056932089
-0.34468776886266
-0.451894875717726
-0.322263557503955
-0.31017391548866
-0.325381946881987
-0.440547915508524
-0.402513169338849
-0.341984889893624
-0.391498583772007
-0.348349812830441
-0.265442263427071
-0.465381941438788
-0.417690874278588
-0.399322685757474
-0.350824445073383
-0.410822948026263
-0.492346225677055
-0.385665167798752
-0.388937206508461
-0.403811657566558
-0.587500979458414
-0.46960146630088
-0.345874591377198
-0.352321024223105
-0.38319844263027
-0.331916957207164
-0.35113487185312
-0.484528196274942
-0.301181409625889
-0.200815595782992
-0.422207625199054
-0.412529351895269
-0.240227389305095
-0.247909069202451
-0.340614727650181
-0.500380298505725
-0.407998173544101
-0.20137602491824
-0.369637699621801
-0.368824455611334
-0.282891008865926
-0.358764105271656
-0.340834093133697
-0.404338270033733
-0.323500036152175
-0.260009192128935
-0.511361102093816
-0.146389855526833
-0.297402184646897
-0.120035039158517
-0.285214800635546
-0.248075945791183
-0.278301203871648
-0.284023119759865
-0.236243946428011
-0.341094003639141
-0.285505227421427
-0.264714555976716
-0.272030287439165
-0.454186890461784
-0.257456414972687
-0.346265271377085
-0.257626618211184
-0.443816096116017
-0.386143355475993
-0.268295787195262
-0.363446529341021
-0.335630560616388
-0.125958721136009
-0.34028484940914
-0.249196933354314
-0.198637230220386
-0.303850198645887
-0.422198047556124
-0.313938773851905
-0.135322715868497
-0.362744998438593
-0.243240767340402
-0.277362764028917
-0.28091808414671
-0.286107191307437
-0.106341267377478
-0.356139291964965
-0.291479419444125
-0.22897349992148
-0.205504524492629
-0.1408657169217
-0.33269601953112
-0.302814510268612
-0.255448598953222
-0.244548960936552
-0.330189296104881
-0.193909768621406
-0.288331706008672
-0.294990710664136
-0.377532370840941
-0.282846223784617
-0.209740347787767
-0.176252714168008
-0.251726817228238
-0.206581370763538
-0.31899250907672
-0.21256275465065
-0.0591248967063861
-0.122746474482286
-0.251137251372323
-0.247071917120449
-0.174980178788655
-0.267879274541173
-0.298111614844847
-0.154346110500284
-0.233692693662532
-0.156325151389025
-0.16470384069379
-0.234790101204616
-0.195571302413169
-0.177094082601806
-0.254483085796314
-0.233857163190116
-0.00212008304673853
-0.223746817406829
-0.225762612823967
0.00423117244554824
-0.284532526684825
-0.186414280539168
-0.0911501029391317
-0.190782754109754
-0.175763059420428
-0.0266014126434621
0.0750712209057913
-0.068646313427357
-0.0958810771704566
-0.0347288654392065
-0.28558748846224
-0.0816758000851565
-0.297870055244794
-0.122755152994435
-0.181611004643985
-0.0443249358202753
-0.0935882942528433
-0.15811537164993
-0.194440358065829
-0.0772113069405629
-0.135086555572654
-0.0760570620087956
-0.222947452008198
-0.0833058707136172
-0.0461144062198873
-0.204439584470459
-0.317237048721412
0.0102997074037453
-0.146947258708143
0.0238384292390167
-0.0827788425615646
-0.119333647184396
-0.140358919676225
-0.070383587003554
-0.140316919200411
-0.167406644142754
-0.0932338972208313
-0.0916155174892362
-0.0262422594622962
-0.0297672651153259
-0.0708134941066594
-0.109216120429363
-0.00544649923526876
0.0419895242116483
-0.122093351622841
-0.0637651231609567
-0.0341214890988523
-0.105505688820881
-0.0216371661830859
-0.00533289005803594
9.26698644504147e-05
-0.0343258102943388
0.0202610730728598
-0.0783487965322984
-0.110570985788975
0.0287902839217892
-0.0549008995585163
-0.158882535488867
-0.0589083658240387
-0.138850640761141
-0.0447563222522809
0.126036569533402
-0.0409307191889179
-0.0551289080539755
-0.0180257831186335
-0.0279120571058307
-0.0896835431908156
-0.0857759474867726
0.236043004015786
0.162421026396517
-0.0227937584258993
-0.144268086420481
0.0383778898266163
0.0107482319329391
-0.055909865230189
0.14197676721808
-0.0474443721302544
-0.0433037858279005
-0.0296343030699133
-0.0337075857690503
-0.169423229853316
-0.0301883841167456
-0.0527609225316012
-0.0842140234221527
0.0727328540772491
0.0648815309384296
0.128044975922101
0.0898957207192707
-0.0549055881217138
-0.0576059793492582
-0.0450020439856793
0.0331524813457409
-0.00299843572513434
0.111170533573905
0.0491310224862678
-0.0457814083001358
0.0328379483629126
0.0768808753985656
0.0695477907821707
-0.00966880364516296
-0.0666009066380612
-0.0561176180566176
0.00242259120748473
0.0225607401307887
0.0218184714798237
0.069708416033388
0.0826550192656039
-0.105965867381834
0.272478876506949
-0.117087211545208
-0.0692317587136249
-0.00064436135933509
0.106559692121992
0.0749109263915039
-0.0792274672656659
0.0370090090897617
0.151938446040428
0.0881669504520876
0.0937301811695256
0.0506958046313755
0.0386381304413884
0.136552458532978
0.0029710073856235
0.208312347269852
0.263067188031461
0.0340165640517155
0.0500866383924136
0.00789653041107209
0.148177137205268
-0.0013179697062629
0.100260938068204
0.0724837174955681
0.00522660020538541
0.0566180691218451
0.016684286548848
0.0852843284208497
0.0685870443740687
0.168808134012153
0.147960870116345
0.172538019287486
0.140143695428873
0.141319262762681
0.167247540903433
0.00800032007932397
0.0592593951632413
0.112102081282218
0.152915453242284
0.223688493743246
0.222552741949944
0.18141700762534
0.0966395470865053
0.142784629032536
0.127206439668747
0.0523782320445523
0.138140464834422
0.156696882598776
0.149107848564061
-0.0345705699135241
0.21263838292548
0.111936440007316
0.139414047360246
0.234174679051982
0.314414380895252
0.142340054476666
0.156950017694614
0.08993016488822
0.135014120069957
-0.0238200235174072
0.304381992807835
0.402237444881657
0.11232292290824
0.238043123558652
0.0809500379108428
0.0931568430936066
0.165519299311041
0.295174844003342
0.307443389194855
0.425461379613514
0.0697352643125057
0.235708758708758
0.243989870756537
0.109147513270404
0.157723677207271
0.232889564938116
0.248782003263293
0.176191673760603
0.111482662697169
0.246665203627038
0.347124205901174
0.289657086683323
0.251349153053008
0.236351979788608
0.204509983986164
0.210842954595115
0.138419796189753
0.325495285868255
0.265603393508136
0.299439104746663
0.393782496452359
0.274018833245736
0.11886097898442
0.254180166951978
0.229581310675887
0.284029101285095
0.296739757847548
0.405882972805976
0.17065667595898
0.300138273163657
0.177148375400581
0.178804084926836
0.212727888433121
0.205576312250589
0.308958807886742
0.255160771357724
0.306988236892778
0.437971829310646
0.32585913118561
0.338780932794828
0.236592460856416
0.360126287159061
0.293708092256957
0.290439972624318
0.191568636243183
0.355830754316011
0.286929803426956
0.318119493842115
0.294029862733283
0.170892259409094
0.252932129189006
0.350721341607038
0.482838999062215
0.30309945542621
0.371984905349904
0.197802044943819
0.312357220354862
0.22333933011841
0.281075080916847
0.330597754398316
0.30943535840867
0.257069462874818
0.368363596473618
0.460844060707364
0.327870414707371
0.293312040857664
0.454506053703502
0.364769206615735
0.378279864996157
0.395432205357076
0.346144415831069
0.278468758399738
0.171298974605476
0.406529137920893
0.468266358744352
0.318565956195704
0.387662002499795
0.491641005368478
0.345747449155103
0.32927406529281
0.348610636729314
0.294715069048059
0.278165812504076
0.505862070617955
0.360375503910232
0.584943833315905
0.415792315441325
0.319209534220733
0.239083890818821
0.374713141187477
0.472449159630593
0.328807834935797
0.412645756851739
0.334584844349643
0.311200613453463
0.535153631748611
0.493112025621445
0.49468068804169
0.353152274103543
0.419025209809577
0.392539139842011
0.585293114299336
0.376393036026694
0.411546253902274
0.402174409282905
0.485507812361862
0.485978273311352
0.425755913364505
0.350002914147795
0.473292164016968
0.298099009613553
0.351738286558314
0.431589218000699
0.432005982326007
0.373614130982265
0.479084131724233
0.456111124286205
0.409520598158529
0.268481445630572
0.34538751250031
0.351798245068345
0.350114840822898
0.462318046850525
0.449110510006308
0.485869422356104
0.341871135160729
0.308639924529477
0.379320240581571
0.472772911582872
0.598324697216729
0.442402908029763
0.53643632642543
0.480239764958278
0.500895399849443
0.449024493841175
0.395408311763217
0.554373561883705
0.402371117757194
0.533293621217986
0.479016207810777
0.514649989257706
0.595642512586733
0.593166799396449
0.503206902468801
0.484946719402599
0.400519144878973
0.382989351748553
0.504080569908765
0.516497279526887
0.52441262953276
0.51787109160092
0.536876681748586
0.529846383073521
0.466194001550255
0.565244274185938
0.458578059275318
0.378288294219651
0.430144689877368
0.528179220383401
0.641658309055297
0.516152474409637
0.455159928672209
0.559844230798984
0.631528570029526
0.505666348796209
0.411270067857
0.402186060537529
0.520121295250533
0.564946136513319
0.570080154379082
0.497797924989691
0.469594390703945
0.452311387383991
0.428107107537828
0.350551652121659
0.526056939659079
0.443007713245171
0.712304153542891
0.646746520870568
0.601220804589364
0.640893392221297
0.546324844571359
0.602771198714967
0.493793187681964
0.514422784197818
0.534869354800293
0.386319200389291
0.752636759484442
0.631854239536231
0.562869392098689
0.623699778148802
0.785026002595012
0.586022308771049
0.586573035928032
0.760531020785898
0.748619308775504
0.703330767952072
0.499899035858834
0.618155161412191
0.597793414092509
0.545516308664881
0.662544944433699
0.646604247622337
0.558041947033127
0.700650093131637
0.581390639100344
0.80160471331438
0.589843911996882
0.61087376525793
0.705014192269935
0.6269360128425
0.729430791123887
0.439476262983448
0.673617137686879
0.607700496532985
0.739200545973416
0.599937733752803
0.556031436758304
0.553556361090244
0.640204849792317
0.736939933819413
0.684431356743979
0.623582909686639
0.77463940797816
0.724575352422573
0.470783959546146
0.618026696911517
0.670574667509636
0.708717184715699
0.529508276193765
0.569434119914138
0.626338916096791
0.535985628109021
0.652248103237653
0.733584464039713
0.681333420384091
0.57169070729219
0.547271391010742
0.617841419125034
0.754893100711742
0.694148400934971
0.71890574027801
0.661303523824645
0.682777844556035
0.587197943538377
0.648316928935123
0.759931072040179
0.825722061291293
0.578950609767244
0.728866076772019
0.723099097505654
0.720724571107311
0.666630568908531
0.64730834792328
0.703487015275966
0.647738336660295
0.790464009857901
0.581025807181394
0.77297596481005
0.593370652917651
0.714541500319077
0.609078544574004
0.700022690117936
0.666657161723921
0.539563891724277
0.516432233856712
0.819809423272105
0.618399047372408
0.667911636355511
0.889372217740111
0.801776502300232
0.812143245145661
0.692847110938011
0.767210036719555
0.721281465012463
0.69954979466733
0.73762706958503
0.813110757097799
0.738250164836899
0.759115325285876
0.834950761120646
0.752892495749258
0.747768077399049
0.785915370438533
0.888510647753443
0.89138507640341
0.865517011260231
0.755507818316232
0.831813263019969
0.782195235849144
0.657261997916211
0.737612998690842
0.913928675905675
0.9777444416594
0.603952339352917
0.721620224540619
0.75189125941302
0.812276735789047
0.730542092302945
0.862945202710764
0.9076509455747
0.591024186063233
0.861759629183378
0.861203935616062
0.802908096445119
0.753732547613
0.831908827173732
0.657870935890458
0.720754772998326
0.847544879714192
0.807708676969021
0.936439110645373
0.944527822289631
0.845068951656525
0.756015111251664
0.921887170569713
0.776070330239077
0.717770728846183
0.992074569655272
0.704802741444212
0.743272955813758
0.788240647820909
0.638308561756935
0.814846770402622
0.871346572163248
0.945698284364703
0.766397234526362
0.774508230768981
0.880631322431138
0.954669341298193
0.894399678262181
0.681810507285032
0.951528045317283
0.85390861411876
0.792277521605083
0.801153508742939
0.764353334888034
0.733706336466766
0.853149059807964
0.95386382696268
0.651175405094157
0.751724304898547
0.922593211302192
0.851694127389974
0.919307163134216
0.96933658479889
0.733416595332546
1.0138285338132
0.888122915811057
0.908033281770279
0.97217758750147
0.870718487989209
0.799030383558256
0.978989477231363
0.852216139463916
1.09862423346198
0.764706997906252
1.00263633427669
0.693219746240114
0.867273277453313
1.01779492316318
0.870039374731617
0.806772639530932
0.870635311218492
0.818737151245797
0.954845562744877
0.764239311860245
1.00875846593516
0.988311854835324
0.941231763044531
0.913429077606386
0.909042665835492
1.04779517586522
1.05439378157872
1.07459769626052
0.848367173348756
1.03498834756726
0.837145135922031
0.967538130172707
0.753900950538304
1.113028653162
0.993610435566693
0.999488565639222
1.00017344992683
1.0153326335008
0.954275891752451
0.920610816537852
0.965690418815731
0.965819117498419
0.911018054983359
1.0129599675554
0.991171114841341
1.17431312026687
0.880232038072181
0.993832008237799
0.932936910764601
0.951731745070763
0.890114700662976
1.11827608963978
0.912289475027938
1.11921736034421
1.13689843941453
0.900713152800331
1.0108838316479
