-0.991356342723565
-0.959751687737709
-0.922861188060886
-1.18687029263661
-1.06891476061214
-0.92483880600449
-0.764582384542923
-0.87660593987804
-0.989870474511509
-0.996105924422935
-0.932835077597119
-1.0504459935763
-1.03824778295049
-0.985219775109307
-0.869249098862303
-1.19463543644968
-0.957183370372271
-0.957871846298191
-0.999190339466189
-0.866045589769032
-0.87612528183703
-0.847965285321795
-1.1056092689541
-0.882159364134457
-1.00499384581836
-0.945657109628604
-0.902874781136832
-0.93365930420331
-0.95251258030414
-0.912932821973045
-0.904149406968425
-0.936536351795375
-1.07581121290303
-0.77224181216293
-0.95664208455595
-1.09933487295968
-0.923784890146322
-1.03157271026059
-0.889771478099331
-0.978735761576056
-0.82789626628004
-0.95879322329698
-0.91475164316963
-0.874432079500472
-0.754771387851822
-0.861725154055993
-1.01715786029858
-0.93075120423026
-0.721247618973913
-0.915316779053137
-0.840525831622357
-0.882782691787487
-0.788011930384929
-0.971283382092022
-0.771430755963803
-0.973003879384702
-0.96278380640511
-0.913581644770407
-0.816045203161816
-0.976638415461644
-0.893194521761243
-0.943038079789466
-0.967398657695634
-0.929334193691071
-0.906123410616248
-0.64577372676785
-0.839087013824209
-0.915929275697612
-0.914613734914733
-0.888155239224892
-0.927405566312952
-0.798441927474761
-0.999471660239873
-0.852767429424882
-0.904020291049282
-0.864875415380025
-0.784411691029904
-0.865332490691056
-0.865936335485234
-0.810602415555037
-0.823547705709381
-0.78291215217336
-1.02345219480003
-0.77727951986216
-0.737444007720908
-0.898101785905217
-0.780989625761686
-0.711515096761582
-0.85653531463851
-0.902867036823662
-0.856815143791243
-0.710123833449355
-0.896016033105908
-0.716473661084439
-0.802193168704145
-0.734366697329157
-0.77882137883545
-0.773005896008846
-0.791925919749969
-0.764260946391715
-0.791673951924115
-0.732683396068187
-0.938535548484964
-0.866912117077995
-0.74515972295186
-0.851255837828273
-0.795661483164048
-0.814549421651098
-0.832585158106969
-0.657723839536685
-0.766953196568963
-0.690379287523036
-0.724042722888453
-0.709166438759392
-0.903703928869668
-0.777278191159389
-0.86890215853549
-0.685238860059221
-0.726565276096381
-0.630010015786376
-0.783624521362146
-0.753340230878205
-0.686848496116479
-0.707034582265764
-0.621106059199954
-0.633595450262752
-0.804693885862486
-0.688042171146783
-0.837713319576197
-0.728693137891572
-0.705858744517403
-0.834979922386004
-0.689500227832096
-0.640884345283306
-0.535987552693786
-0.669419319852745
-0.616546508376215
-0.634222136456744
-0.675917343164744
-0.64458970740089
-0.694117750049496
-0.746841866152932
-0.816856437077225
-0.702260377288651
-0.794774280074834
-0.7336629324923
-0.634593903027125
-0.76468283928145
-0.49561591543763
-0.768801537029932
-0.699972030929866
-0.884142862096371
-0.680738955686995
-0.670152959617888
-0.794567105506504
-0.669635866910282
-0.709858341885087
-0.779557996861155
-0.617119617848344
-0.69673567723718
-0.675843441536243
-0.730726032882739
-0.689712026584062
-0.610538594345398
-0.589657955176262
-0.746620359680329
-0.517343140382306
-0.862822110410576
-0.729272390498107
-0.631597374903677
-0.699684045787083
-0.728577907125195
-0.673092599369583
-0.858525110217248
-0.644413309821735
-0.528270453913486
-0.740403575270686
-0.704577139111503
-0.710222865056362
-0.650844877275576
-0.539111379205421
-0.537501936934047
-0.690426323874125
-0.632194664574966
-0.623537255131721
-0.677921713042424
-0.564088689070217
-0.751989560360996
-0.608112075948599
-0.699175027251132
-0.611843805950225
-0.682554093921297
-0.626019774133119
-0.600210220639938
-0.608514854423041
-0.646139097115594
-0.610657309177461
-0.723638415733589
-0.792308259689261
-0.697738479797071
-0.60656071405119
-0.685790116671776
-0.581764060566358
-0.487950949409091
-0.513768554397977
-0.57076260939441
-0.64246157029883
-0.745949791515732
-0.567500868932187
-0.621235348971412
-0.54569101857184
-0.521933480304354
-0.440947116134903
-0.761138863300811
-0.666184339960747
-0.58401271597209
-0.362278897650938
-0.539201961390485
-0.551266719272649
-0.673548871018282
-0.630855583119823
-0.529400665101503
-0.522586755959268
-0.499109200334773
-0.567898890554464
-0.409269464307759
-0.647687766419865
-0.585528361179386
-0.5442067844025
-0.555216249183894
-0.626704145647595
-0.627927718733824
-0.438172795784722
-0.574460222946493
-0.545017421157811
-0.5306933111221
-0.455279272270019
-0.761063068995668
-0.477829340940985
-0.581253652691977
-0.553305812609296
-0.537541463888324
-0.436809132171311
-0.392726186260482
-0.556354983934487
-0.392362612267394
-0.57278589045238
-0.471251144189922
-0.616734887237516
-0.430962121164135
-0.412880811483204
-0.46177689064026
-0.446485590665419
-0.359260018348518
-0.556871048971959
-0.609836682684907
-0.420687333248326
-0.334320972671347
-0.517612797301547
-0.536801767904496
-0.496764908116329
-0.393337094384103
-0.603039026422813
-0.497543037297947
-0.53028071838927
-0.482062658345971
-0.255810406038678
-0.553970110009128
-0.387994623857691
-0.529015856939438
-0.422005140369296
-0.364847727284593
-0.30901566378952
-0.285919544530873
-0.636517760180644
-0.309821717674193
-0.484846459210214
-0.515884886430767
-0.316012472122914
-0.471052840501926
-0.518164352763673
-0.426831417699269
-0.513674360134198
-0.380188731104386
-0.465357245780361
-0.437622468074119
-0.156092971520923
-0.521804405478759
-0.412770969272494
-0.335635465240896
-0.445254377672532
-0.435374073815656
-0.497724214870294
-0.25492728430245
-0.397663668659137
-0.351523485799418
-0.474637139480977
-0.324848630293248
-0.320174958225371
-0.358775496662423
-0.44281424393443
-0.407982105497727
-0.335851244620697
-0.36970821571384
-0.334964532471314
-0.273198164720562
-0.469885637035371
-0.404570759293737
-0.364414752053019
-0.358422695956326
-0.417950176747693
-0.490402784687754
-0.423347149128874
-0.386413332416058
-0.402178419835756
-0.572189645503789
-0.443665470066054
-0.323948552553066
-0.333199828222633
-0.378281460517816
-0.355805774988045
-0.358399032260437
-0.47200359428339
-0.316128943002899
-0.191432870214597
-0.418723777924687
-0.385787173739062
-0.246185740334913
-0.238726838773272
-0.337690996656909
-0.519107470513538
-0.414623362074673
-0.23766960595415
-0.374848193218531
-0.359662966126049
-0.288703739888397
-0.347155345021638
-0.341430059918788
-0.375512442097664
-0.336108975399024
-0.271782435182868
-0.530162569723872
-0.137150475374624
-0.28440433229906
-0.123670044679825
-0.307479420865439
-0.241371458634045
-0.261908360806247
-0.287960033583637
-0.246488087397192
-0.368872930421996
-0.288205841548848
-0.271287852165417
-0.269005873696724
-0.447666150350656
-0.273804959308223
-0.344690840121437
-0.264156953745886
-0.446956019152082
-0.395892785082329
-0.270499328797743
-0.356204697569137
-0.340867868381449
-0.146006735579664
-0.317294598461013
-0.233958994071295
-0.207730399830716
-0.349696320387951
-0.414982705848581
-0.291749488751475
-0.139856515571281
-0.336169426228208
-0.211897727640675
-0.265849766534551
-0.290759577122702
-0.287129625226152
-0.111375425935353
-0.347324344326306
-0.291146951423539
-0.243793292082107
-0.209878978660888
-0.155680803940523
-0.345442526197764
-0.301337889653238
-0.272796564108834
-0.241561388605072
-0.31870400136026
-0.205073621514044
-0.290102765053529
-0.288772636631573
-0.368103837284048
-0.291808042064088
-0.208014389344398
-0.18525728439766
-0.247722988200817
-0.211419861555265
-0.311530343007109
-0.205977214898849
-0.0572822334350466
-0.113977530327757
-0.235661079572382
-0.22757533178624
-0.197962129410054
-0.264964932777046
-0.30302068006565
-0.131075421065639
-0.244182111961067
-0.186282993297904
-0.181623876071487
-0.209939260479945
-0.212487094804469
-0.161638947418477
-0.260399662565494
-0.223304636238778
-0.00901962959502475
-0.230286824683236
-0.221089848492621
0.00083118414184096
-0.269441052518266
-0.169858913901689
-0.101622712771554
-0.191031549308366
-0.188452926157729
-0.0734273076650215
0.0656012640157202
-0.0598827752652169
-0.104688071267902
-0.0434554115975547
-0.284405148068896
-0.0725424618509827
-0.27930190824766
-0.124456341674517
-0.178360318498441
-0.0309270640439853
-0.0835996615181079
-0.155774421103664
-0.193574038880687
-0.0998258982996835
-0.101399242978849
-0.0956051334642616
-0.212835808003153
-0.0632635845003445
-0.0446493939262225
-0.218800260448261
-0.321062220934508
0.0222749124483655
-0.164947511584074
0.00401140742857096
-0.0934027912287488
-0.11569660005063
-0.138244180630002
-0.0931891617619409
-0.139073713386557
-0.153298714646854
-0.0779646227152498
-0.084026041844276
-0.0152688404152063
-0.0319858105273699
-0.0923533470459293
-0.113651521053052
0.00749243466611882
0.0597433039186006
-0.122531675535947
-0.0406503684028013
-0.0287785590314399
-0.110540336318921
-0.0241795892506485
-0.0436072502001252
-0.0300032678651971
-0.0242323444026197
0.0284491831480745
-0.101031788709066
-0.102807138264983
0.0482942683258374
-0.0487502098481251
-0.158251733181396
-0.0452993624454872
-0.15971085906393
-0.0325969241248685
0.114364687320313
-0.0520541045222612
-0.0499563671739506
-0.0235940837218723
-0.0308011108181455
-0.0979041907537062
-0.07533679083646
0.234857572543181
0.125522202407019
-0.0213844587353931
-0.149049191491448
0.0228866603110224
0.0396420740513177
-0.0494744924398016
0.138017247464088
-0.0409229941933768
-0.0510014517256008
-0.0323296124935799
-0.0506784369524289
-0.164056770892642
-0.0270778083967924
-0.0614639271988811
-0.057168702246294
0.0919684380598776
0.0662860687405093
0.148267679432595
0.0741444712967634
-0.0446468973094123
-0.0634887388164041
-0.0192741214084501
0.0404725509348918
0.00919509550277321
0.140223233942037
0.0547355415402093
-0.0458843529281247
0.0266049307556795
0.053623068351874
0.0300080783730265
-0.0157720178760522
-0.0857218924114678
-0.0506859828986941
0.0199533225814871
0.00303777823883966
0.0305951330504584
0.0767191399451588
0.0643336717316078
-0.100093162795948
0.251361882038761
-0.128298751639655
-0.034930518847367
-0.00646653597388619
0.0821946502754475
0.0769676873416932
-0.0824510347473132
0.0729068870274945
0.13258073544344
0.0885916708524564
0.0880436940756732
0.0390871834665927
0.0421031845054201
0.15504879803468
-0.0168848925321584
0.193785727486582
0.229275311706133
0.0460217039602414
0.0545765424495813
0.0285389107380698
0.113161950974928
0.0127103605844439
0.119482454615014
0.0540785760806241
0.0154427815087761
0.0679320953751464
0.0166891800675609
0.101923713306389
0.0547220981431486
0.166854413892045
0.149729058508185
0.168704442462632
0.12899208386226
0.126884570000015
0.182093320638772
-0.00319480879981671
0.0890643748669804
0.104430381970149
0.20447277018464
0.22668547552616
0.213718839511625
0.175213813767786
0.104464742876057
0.145146053310194
0.120797142001081
0.0526687970264787
0.152679746971886
0.151346665504751
0.179097846262668
-0.0268202675185775
0.213041985126754
0.144913348749727
0.167164234352823
0.213576137289485
0.317581866763733
0.159178044554758
0.157775289804304
0.106050823116886
0.133878754486764
-0.00182388925407568
0.298268574332053
0.404151278500971
0.143516805957814
0.227077543271903
0.0906482783095458
0.102451269838457
0.136179058343339
0.31659178291981
0.3021360945807
0.41144163917025
0.0821762194872545
0.244512335123324
0.246463844873891
0.107399654794637
0.138518333685814
0.242405391704949
0.217440720613016
0.17873945045925
0.106108341596134
0.23957702962041
0.324344031482354
0.305026036274168
0.25111337236883
0.23551001899306
0.209262950914239
0.22398441777682
0.13718237260246
0.317935960157137
0.285318045437082
0.308226770034125
0.362221910872374
0.279680174593335
0.13518771207782
0.254789351430276
0.231523608385948
0.26863510811795
0.290929167389671
0.422801467472442
0.155234334203933
0.329458565266016
0.193089543715881
0.159676170499734
0.222501629416595
0.189511084161621
0.284410370069968
0.264023866507319
0.296460977413685
0.462415097774194
0.332921484451335
0.314799746789853
0.245039862088952
0.350543080080226
0.296422463163294
0.307598499745615
0.186232541671493
0.356893472286658
0.284760575812524
0.301366614586673
0.298415558487802
0.143212121730375
0.23735601901552
0.364792308264884
0.478996873601508
0.322381965524637
0.381870225314612
0.219216886090104
0.321270637735262
0.221782006273708
0.272522238683905
0.327345422898566
0.290709233373992
0.25389279019812
0.374038585944002
0.443139226611902
0.334719625761541
0.33118512568497
0.446609727787924
0.3575264387809
0.38004339278331
0.37148226841361
0.323803471255211
0.25226198140157
0.164317573641766
0.390002275272917
0.488171999188033
0.343188562084433
0.390135905834767
0.491383269213335
0.353902375795419
0.344530333065176
0.33023486603626
0.293108730370781
0.290069010504715
0.50356464473322
0.356026034335035
0.557748311454906
0.412783745647086
0.295153190742272
0.24170312980416
0.333558909956096
0.459073059902641
0.317815307134868
0.402421641194733
0.321213575657885
0.311443176295529
0.532412614121219
0.479405006260797
0.480094213340963
0.349792383758239
0.41356629284514
0.381432033235172
0.612087207758289
0.381865559766749
0.40151857706888
0.415049965436126
0.46647498271932
0.510059081695622
0.424703169497439
0.342486311442423
0.454355579346641
0.298905076678196
0.348222751959325
0.454516436461917
0.444787800727699
0.387581056489156
0.479145372977565
0.443461745674374
0.404880496470277
0.274036017645508
0.369563735481005
0.374975550167904
0.359121640958931
0.476114408171572
0.448406428970762
0.484260150827578
0.336213282627928
0.319130253483913
0.352472635843281
0.486158564256293
0.606471661603282
0.458665015755168
0.565249382908106
0.464596401141629
0.502700965302921
0.463613731074248
0.389594687758
0.530889632372667
0.42708059921273
0.518824296169425
0.505463497018963
0.517008295118653
0.600993837810378
0.589450536341372
0.511350583266985
0.497772106302384
0.408485290321051
0.385438696789774
0.520064280242125
0.519779523424439
0.52532320020566
0.513801939193122
0.542403456637411
0.525017017371651
0.459443767708907
0.562159314689359
0.456708522024384
0.391277732155038
0.424421267188346
0.540698668247146
0.627914258832827
0.512067377807736
0.44861459751975
0.550971444383847
0.638844816336332
0.480917843196422
0.410132632423698
0.402809953751849
0.502630096300502
0.599914694919217
0.57099951790858
0.479625613820032
0.466186848583499
0.433496192059459
0.458256180471688
0.372906379692556
0.542077270934804
0.458009684536806
0.699356913661034
0.630864211191508
0.59837331876615
0.62189895821216
0.53830816381321
0.577944487631565
0.493326015772082
0.511677795215512
0.571759811626853
0.378622470798645
0.735313231271172
0.633776643576249
0.569031911400525
0.63747171074745
0.797063514058552
0.591968986343445
0.610060838773023
0.734002733467055
0.751273240534539
0.711435584855035
0.514214032441928
0.603706607114477
0.583608642721603
0.551644366882445
0.681318826787281
0.65229339613841
0.574567211259219
0.692070026732133
0.571850868072594
0.782461420623294
0.579872444919674
0.584162732909891
0.702994075311741
0.623927716335953
0.705049637713402
0.473820173447708
0.65652729381825
0.598529240661765
0.732234943127733
0.60031946896467
0.549147013497378
0.547388427763646
0.627354441336713
0.753421220772539
0.695376792267653
0.621833970649222
0.743418221325012
0.7082906610682
0.447015776908083
0.609739506728627
0.700620049533935
0.719500542570929
0.539973760855877
0.594959675029516
0.611007741548155
0.504117445090374
0.661396268881218
0.741873579974971
0.679598745010488
0.584801729351653
0.556124696213364
0.618927593465729
0.731633480088087
0.710878561263851
0.721980856537755
0.676425796794576
0.690987942821793
0.588264644917305
0.658433226782546
0.761239700277547
0.834033735261224
0.562901540536698
0.729635325593954
0.72272603978924
0.736462799520085
0.678842520655342
0.64785944872449
0.686092203254818
0.661498697319801
0.78700025252385
0.588158801620155
0.76441996463898
0.601903037244922
0.711452742439953
0.623379983308656
0.703885495878967
0.702146519587854
0.548107168090401
0.51962722484781
0.809629304143209
0.607063094255395
0.694542829590347
0.890680341445375
0.810053108602897
0.811851238270695
0.687332608011038
0.753988920290935
0.704985759808138
0.701160254917596
0.71932533710036
0.820732653895186
0.747549156234098
0.779985264895948
0.822363223419047
0.737587952299273
0.742162385591495
0.780225488371446
0.875344968560723
0.895232237049095
0.87714017610292
0.770775669522886
0.825619150920363
0.784522893172296
0.64777081536579
0.72563993168641
0.899776907047137
0.989735108514681
0.595041475461468
0.731533228398334
0.763843564406482
0.809822638718482
0.754014674963182
0.850584163128702
0.908438320614357
0.603779068241752
0.834560124133695
0.876308583166411
0.800905532366013
0.748963846583776
0.834318382377868
0.663128613046261
0.715252332903665
0.847341692732768
0.805698883565479
0.919927722199615
0.939584612601671
0.828190402035144
0.756786328175669
0.939070184353181
0.763206217075767
0.729627865458462
0.986566268044388
0.698895110793372
0.746319609956305
0.775552247746819
0.629225150309374
0.8162702845666
0.847650666094422
0.951463490584504
0.789611093148096
0.773210547906223
0.880574413754016
0.960571203630561
0.89406917738158
0.680447958460864
0.940422233811495
0.894321749989973
0.77794633717254
0.828746317899763
0.761407569080274
0.730688666827206
0.878722926872438
0.9771042941724
0.673816586965807
0.764238715524749
0.943815881277549
0.817527646943067
0.902237238966633
0.975066345500263
0.749897229710402
0.994935216529738
0.876964859041398
0.913858456005937
0.965714747167412
0.867658522914863
0.798715038866348
0.98769834272289
0.865421870881272
1.08909954262712
0.770182436990558
0.99449931535434
0.714606404734251
0.855248996089084
1.01652993795114
0.875720404700659
0.850121472939205
0.856408046090279
0.820298219541646
0.941616121758076
0.75890868871722
0.997488206767408
0.973560496647719
0.924453088240164
0.902520004385645
0.904914418960392
1.04617006043532
1.07865100544924
1.07307715714766
0.844419481867088
1.03014906279047
0.824123038882767
0.961814961619081
0.749684955314624
1.13020478583618
1.00533989134256
0.990926967608971
0.989644929934132
1.00815318818969
0.935127139403142
0.906056039114941
0.974739465362472
0.962235549021552
0.921405427098074
1.02574627733082
0.990244348473194
1.1746586784365
0.882812398693194
1.00242836548713
0.915602175013138
0.973088932864426
0.898259400422008
1.11529269831092
0.914028933412602
1.1141762185438
1.1584269909678
0.920853618777605
1.00393477163863
