-0.976671227995121
-0.954424839553798
-0.905305236257061
-1.19488663971135
-1.07350091591133
-0.923333191756037
-0.754823317602992
-0.904266996931474
-0.976203671293821
-1.01563234352413
-0.920752688960199
-1.05546411145811
-1.034809367189
-1.00307771520411
-0.891501831388813
-1.18910668717001
-0.954404439486964
-0.954761140703653
-0.985249214864232
-0.851702117775322
-0.896495483242225
-0.858493756461741
-1.11787322229194
-0.90345367420607
-1.00062300970584
-0.93312521580075
-0.907630741694684
-0.935560253990459
-0.994653168328158
-0.899686868334208
-0.914729283731578
-0.908359354860931
-1.07922000379633
-0.748235404887744
-0.961155882246412
-1.08676473867941
-0.929677310218939
-1.04514799497021
-0.89157450572253
-0.976670365206052
-0.821016423779123
-0.953694195136877
-0.907990271311804
-0.888796899719795
-0.760638348863997
-0.84143362991157
-1.00734269917037
-0.934492816351468
-0.733612435660881
-0.928156086715053
-0.856599943182758
-0.891717469024558
-0.794238439038589
-0.982349699992692
-0.786241510249901
-0.934243679770403
-0.98306835078026
-0.923930150357311
-0.825023638424486
-0.99504416459794
-0.903152904977586
-0.954267109340184
-0.974267240381728
-0.944196806225302
-0.887356669294828
-0.65859803748028
-0.829420431283274
-0.912974075919974
-0.931685054467242
-0.89147862020786
-0.956975145691985
-0.821341607215525
-1.01364562746352
-0.866805668049761
-0.915488640243442
-0.86058632024261
-0.800487469263044
-0.881616658209531
-0.892585810851062
-0.81042366330738
-0.811900779580007
-0.76555245966894
-1.01999843377414
-0.765371796801823
-0.726706430200838
-0.899235328035004
-0.782634919148432
-0.753363502895327
-0.82978316874387
-0.904522046293829
-0.83944312958294
-0.729894387934449
-0.899102553274667
-0.729367730110572
-0.835171480100305
-0.744206089109761
-0.756617649774653
-0.770148532512298
-0.787865847358502
-0.77872043656446
-0.793098252492764
-0.738002111451773
-0.956951050455604
-0.854093958926943
-0.74932541011215
-0.855286018721882
-0.807519138251661
-0.784126361838093
-0.838548989127592
-0.669893764082572
-0.783231941344009
-0.702754351217365
-0.694760557814387
-0.707869517891191
-0.925884291707195
-0.767902270912983
-0.871007102585425
-0.674229783770261
-0.72095516999327
-0.636030815551154
-0.788485500900476
-0.756476481509727
-0.68538359895956
-0.70006449214494
-0.618298424011787
-0.640856204891698
-0.800005635895345
-0.714923225998543
-0.830608719408838
-0.708455918027379
-0.693005892532003
-0.819049274077671
-0.684962310003621
-0.652549192563424
-0.532727717429874
-0.655634932475726
-0.615193692914239
-0.625313185356337
-0.657182203731752
-0.649199097529333
-0.681374407403159
-0.748367283928535
-0.814466041591122
-0.712040286065876
-0.784973265857555
-0.71877717639661
-0.642028466427381
-0.762224584271667
-0.537268425430379
-0.750395237311333
-0.672934449506038
-0.851792161856371
-0.704297182780154
-0.657116127826115
-0.789852155319813
-0.692863068066299
-0.716968999614376
-0.784506476107022
-0.627375943858851
-0.711481344655947
-0.665447665220478
-0.725501230136309
-0.68965118640879
-0.614651277241658
-0.580913541229408
-0.74119644011454
-0.501429207589408
-0.859700843744954
-0.741566704408584
-0.621327034548726
-0.695960697222247
-0.735714441574494
-0.68557224898231
-0.867063982173012
-0.649013037192005
-0.525192455806121
-0.747006524844155
-0.727939075388215
-0.71299138727956
-0.635523740021718
-0.536774596191191
-0.52883578930095
-0.695411541105981
-0.638500322646085
-0.618524470355755
-0.679301513721136
-0.541036198610112
-0.750935118934112
-0.60625551999357
-0.709022870434292
-0.617543808558946
-0.663394439163535
-0.616747831663485
-0.586052827932118
-0.607254187545728
-0.61925387841998
-0.594908460730701
-0.708413874593327
-0.776174923101391
-0.702124758796548
-0.599165778593104
-0.701589158848453
-0.568201027878079
-0.468707767947893
-0.501006584863273
-0.576803930143847
-0.666644005051241
-0.730770403255653
-0.555725106547672
-0.632300773430968
-0.544010270375606
-0.509160626979136
-0.441375625377254
-0.771292082512038
-0.668164259947885
-0.599661950802193
-0.356936049832795
-0.547292603824343
-0.546365468556513
-0.665883717431648
-0.626450308379558
-0.504054543909814
-0.534810839114244
-0.51514391352217
-0.567696282835913
-0.404954077850662
-0.652009110983323
-0.572437919978965
-0.562616950377997
-0.571213470707967
-0.616729095600527
-0.638495392091205
-0.444468761809266
-0.573157571085762
-0.517659119691112
-0.554801196742381
-0.450774275554128
-0.75874205838818
-0.496823223998774
-0.56918011560943
-0.533603566542804
-0.554898949762749
-0.436367129565711
-0.381865470242716
-0.563802273622266
-0.404959696651793
-0.576777623711688
-0.452298516155383
-0.607961804896046
-0.454879513802475
-0.41670883190385
-0.43929094305164
-0.42028010768281
-0.347971275259552
-0.557343071497444
-0.626823233317342
-0.405578313624385
-0.325675955559052
-0.521946545255497
-0.551272473449894
-0.481285534634315
-0.397429398065174
-0.599369101319761
-0.477838399748561
-0.541766718501685
-0.497053170791775
-0.245967677750322
-0.56892984456756
-0.386854507799567
-0.512025433103842
-0.387106710744823
-0.368654595631403
-0.321344143417895
-0.298659473029302
-0.637602979725461
-0.341056455888714
-0.472196621453657
-0.524484665485912
-0.323778119797923
-0.46470144821901
-0.51154805937226
-0.436345754432941
-0.510094364545533
-0.375701689423383
-0.465941597781426
-0.430379540948308
-0.144977612749669
-0.525617762472261
-0.401794539704872
-0.336633369828061
-0.441823296629521
-0.435670586206199
-0.468033294204999
-0.300474796548931
-0.377246246662792
-0.343397062906053
-0.471716497235558
-0.312001991580579
-0.303589425375329
-0.330643801354328
-0.432136756556691
-0.393021703046607
-0.352592353288481
-0.37422599048409
-0.331590361229606
-0.276844093225324
-0.463448297772407
-0.391814637294947
-0.391255876569569
-0.355776878195852
-0.418468124329672
-0.474431081448406
-0.399055269110112
-0.383446893373595
-0.381779180880459
-0.568165733418602
-0.439108525935757
-0.344319650684389
-0.34105249762699
-0.353291359148692
-0.322691322491243
-0.350987046286031
-0.486603042268927
-0.322825890094686
-0.188641327063727
-0.419869435205962
-0.403327130696731
-0.229323668458837
-0.252902124411632
-0.346022417196437
-0.507301304892171
-0.409775519990169
-0.219212868287463
-0.374968469650725
-0.361377946608587
-0.287815584137059
-0.359443908548714
-0.331977687403926
-0.381952514138172
-0.32553606097816
-0.285346034951062
-0.509849061825563
-0.14880142207414
-0.318281590909279
-0.132155040521541
-0.278320800308611
-0.238064452686455
-0.288635055549361
-0.280448120170344
-0.243176489443539
-0.349728547110454
-0.270059915236955
-0.25403827232695
-0.287310871667458
-0.437256607146758
-0.255132422419772
-0.356571623764945
-0.251035396762549
-0.442301981074798
-0.389407546369519
-0.270705743526283
-0.369209639389021
-0.36777922106304
-0.121644813157994
-0.330646679028526
-0.251084929351518
-0.200051042932032
-0.330690534819116
-0.421364548826551
-0.304147892930684
-0.134412804510146
-0.349701297298007
-0.230429434450836
-0.261926679503431
-0.268214832109947
-0.27994791488072
-0.0984291004362929
-0.343358090733635
-0.284091787618887
-0.212535051197751
-0.214092407100038
-0.153552551589896
-0.340934725644836
-0.314501032322509
-0.248750193935364
-0.252195190874474
-0.336504051140521
-0.200692960213529
-0.285986046513263
-0.295833923723987
-0.365415745080658
-0.301566806966113
-0.212611391304298
-0.172611934989157
-0.26586549173451
-0.210629187857251
-0.322977513192175
-0.225644754127167
-0.0579890793197581
-0.117621547113541
-0.245696308500279
-0.247294396497199
-0.18520398067862
-0.253332923475723
-0.31974100152916
-0.141448322599215
-0.240157515711364
-0.171727971801514
-0.188224008686147
-0.238078334600049
-0.191526454442985
-0.135341951601974
-0.253538268738188
-0.237762252963306
0.0184894977432667
-0.224335713800318
-0.249090323200669
0.0187548169971767
-0.275956732453079
-0.163724916566316
-0.0952902422458005
-0.187141222801386
-0.170525918723502
-0.0405175961204621
0.0795938561079242
-0.0828559096562706
-0.103275719489961
-0.0449556577140642
-0.290305716308681
-0.0648566695261419
-0.287654756744203
-0.129428148091075
-0.184981428794234
-0.022699616218158
-0.0935850776804148
-0.166284495476508
-0.195870344116834
-0.0875185743141282
-0.105842788075199
-0.0875441395326034
-0.231374401457609
-0.073305757208663
-0.042056512558789
-0.217548232694556
-0.291327186393501
0.0175211274518325
-0.162659013188159
0.0268517812175836
-0.0923965320129244
-0.112854409109949
-0.13294016995749
-0.0789463265489197
-0.141712719432451
-0.148649116270149
-0.0741989861665984
-0.0941923006839304
-0.00882455855075589
-0.0260362812592053
-0.0627953789798261
-0.113510736621581
0.0217455084962998
0.0409383824982579
-0.107982886113167
-0.0412520692093271
-0.0259928189940194
-0.10317535932784
-0.0195988879119011
-0.0363374698138383
-0.0422694804867699
-0.0376002929933956
0.0340481821611648
-0.0839398276911831
-0.102453135172024
0.0379304218769844
-0.0689961500095124
-0.15503934319281
-0.0616926872191814
-0.146454072159365
-0.0520541743351975
0.13141297101627
-0.0572386894532825
-0.0524872772146025
-0.0156475634157436
-0.0213129570856859
-0.0878427910128766
-0.0832498023761354
0.237074868292591
0.150911107247535
-0.0181639636638552
-0.132647376127019
0.039720650414123
0.0311662005021302
-0.051508934080657
0.134374803857106
-0.053525483175961
-0.0126542926008868
-0.0249809936133306
-0.0311990943484335
-0.179659850258629
-0.0193351897958486
-0.0500678553027651
-0.068754692438056
0.0721950655803934
0.0539098654571325
0.121594306340227
0.0874791055316384
-0.0431223359992272
-0.0358902244976864
-0.0107273597339616
0.0117051376983651
0.0162910133368617
0.127906000265085
0.0620366662968951
-0.0444795630032266
0.0393831126087102
0.0506837096060866
0.0452583745238306
-0.00810702074975516
-0.0720975205693458
-0.0662559063129339
0.0153201610242083
0.0293634426124918
0.0436077277260425
0.0777181174816302
0.0569247839372353
-0.0874001923846488
0.265901297772842
-0.116038442034032
-0.0329515599930335
0.00643244069217337
0.101207885726522
0.0592831907671756
-0.0748877758053668
0.0828201712077032
0.143367264667548
0.0921061377498768
0.0990010986300908
0.050491309003224
0.0509928205365394
0.152338001226864
-0.020959703356063
0.186938804007614
0.232245554989346
0.0525568767103481
0.0662506082381433
0.0291360797865262
0.117672034536941
0.0239554946800119
0.109832964220428
0.0811298724336574
0.00484200564700361
0.0802738165191114
-0.00818194346830659
0.0936670351278982
0.0506267392934126
0.165844420765737
0.156237521109312
0.157695417457687
0.125018965849438
0.133306576681592
0.185513506793351
-0.00594267235445949
0.0645183541389736
0.0950313547946916
0.169571352053514
0.212367613076822
0.226785690543709
0.167408591791687
0.100036095933761
0.144491023308824
0.136632111619599
0.0517346806772339
0.146933983495844
0.164853989625841
0.170965161288094
-0.0571449302987397
0.207671873976465
0.135778061302192
0.156300917497639
0.227926523124627
0.308830800533559
0.1538304909197
0.156646465519631
0.105353533325103
0.130662392405644
-0.0109842632803744
0.28987849445274
0.408359966071642
0.114769683719253
0.213717294491312
0.0844417353202804
0.0951448608304225
0.167638299072184
0.314889097121432
0.297754966101354
0.43062306846329
0.0660845377166332
0.243735519167721
0.242246280671684
0.12301503906904
0.146598262213281
0.241822321961204
0.228990982082422
0.176046386419803
0.108970741999273
0.236394540449436
0.324207600359406
0.296383459749651
0.214051045316951
0.242939940339353
0.211803729643692
0.208839887896793
0.137031928958554
0.321307924092689
0.276920287955761
0.298486257932609
0.375741826742801
0.283279330868409
0.127029628548217
0.246188518788764
0.227179856571726
0.292826600978289
0.290582934579094
0.407920498197651
0.171812976524409
0.313783355131804
0.183803021401515
0.17055408037379
0.231059261311659
0.194259168511361
0.285897994237093
0.251967216320698
0.326702139634103
0.472014379174761
0.331543776845908
0.326228699830456
0.24847379490327
0.34138150906086
0.285989471738251
0.296367732830946
0.203193487065422
0.356597313902177
0.277702844924297
0.315370216165663
0.30683902788613
0.156112079738939
0.238772682331294
0.366976394077463
0.466679543981083
0.301570103132891
0.349122287727226
0.221136921167526
0.328533142143537
0.21636905504867
0.29513123728225
0.334926219333293
0.302754348606515
0.258458670012708
0.368756925837798
0.449070844976703
0.324262672281214
0.301301670456234
0.428208955117996
0.386772978977942
0.364913958482782
0.388349449652297
0.336084422474862
0.274835730495159
0.172909092726835
0.403413740283166
0.485247659673084
0.334063810469071
0.404701027949489
0.483249828616928
0.350886998053675
0.347068848871075
0.337707271929928
0.292466990403876
0.286841978693997
0.504122775324373
0.343402605579084
0.563197964680668
0.416154779602953
0.301101289310191
0.235389677477154
0.332609165475354
0.460316645395038
0.324017309437487
0.415890454359668
0.318044460248286
0.288528788688629
0.54065883025081
0.483149508281353
0.496100164025358
0.344102167662855
0.411481795850145
0.375828968218497
0.573326459346803
0.366563299438146
0.402084692799128
0.391683472503162
0.477225764773978
0.483582938686352
0.417352336477237
0.337795013926063
0.467166314646686
0.286607365001341
0.37036252842813
0.463055348544056
0.437786123049696
0.376543529097058
0.504288064322498
0.42289494244321
0.41971620397769
0.269776012482085
0.360861923148211
0.365534710554894
0.360462023574739
0.478620642907453
0.465238478145061
0.47391533698388
0.336961267672083
0.320481713161973
0.362754848558137
0.483815003038843
0.58104329770907
0.451244071718895
0.544542029870729
0.477677232554836
0.490390540574188
0.464598980071534
0.388205212257896
0.549769869958508
0.434083817239263
0.555180947305308
0.489295601212071
0.511420872343875
0.601421015012283
0.590803210355973
0.493389918547361
0.479619968332294
0.397596450072604
0.378998619029515
0.5306153358445
0.522140651877701
0.542811662482022
0.502358065840444
0.543599963986072
0.546274241776614
0.440528719379865
0.574470324825482
0.503000071584474
0.391287855245295
0.417097594802774
0.516726017298422
0.642665052139799
0.536305679691312
0.458247262374098
0.558748681720742
0.634500551107498
0.509224176015153
0.410376900085569
0.401324701460686
0.51613253128486
0.577242746812064
0.557388169467996
0.479710184077474
0.468806510188563
0.425167579369922
0.435849769770227
0.369178380140846
0.529762464761551
0.454128942457541
0.699288565074486
0.631540936312936
0.592516634434368
0.635280132447047
0.524183227062657
0.584508797872667
0.479746237758114
0.517582387370513
0.556450352371518
0.376962198611151
0.762360817835758
0.644108608338038
0.592213525001565
0.619545413572652
0.797072658393313
0.584912551525453
0.604600342575715
0.752012356540186
0.752992092684852
0.706384065530304
0.514083493079753
0.613448716881095
0.589841833489218
0.542889610159961
0.682532659872802
0.643774890341231
0.560812612276594
0.682170595047549
0.565302752325627
0.795672521120063
0.572990834614845
0.589042765181479
0.704914206988498
0.627633717122042
0.726816436246773
0.440552656362338
0.650870055103053
0.586024313440078
0.753579205015866
0.60598866145764
0.556633691827096
0.545226557131665
0.614466250381438
0.749017306988005
0.671388003839234
0.637294865502333
0.763200999204353
0.712665272150016
0.457349269265091
0.606773206229214
0.694001454845798
0.73550590010878
0.537395471011564
0.5666430204832
0.596891177956901
0.534017865477261
0.641297357267817
0.716674287930477
0.681247108529613
0.582096422525605
0.554338667148401
0.612365784407027
0.739466811242604
0.705975334569578
0.739342905624516
0.668680736675057
0.69317566599165
0.581711041455489
0.657368710903962
0.763034247599178
0.820169066503156
0.571708835392704
0.736698570233959
0.709404089302373
0.753161180277337
0.683237919770619
0.640968836801698
0.698718334559472
0.669956658509401
0.781828512158109
0.567143151592058
0.775436022788253
0.611072727072362
0.709574335156987
0.625311118415942
0.686629458084237
0.660320749393239
0.560192945369792
0.512189510722443
0.81100470950682
0.606835360197214
0.669704359577027
0.886530785682757
0.811163535907327
0.804161299263439
0.687525021810625
0.745511469435571
0.711950787864443
0.698887632590237
0.722069539973905
0.806575323385756
0.750015346046016
0.773579029581569
0.813002000182861
0.74482922848726
0.739660416617969
0.780574363000232
0.893761118366631
0.887317323675269
0.872506376086453
0.765136610858549
0.842335105425718
0.790606726791474
0.648451222146436
0.727140551502543
0.901664464563746
0.991315654158998
0.597425618902604
0.718859341795938
0.773194854942889
0.814758756473037
0.749786216991923
0.866228402106611
0.906724610246275
0.576311714532931
0.853214292853758
0.869605278833281
0.815273106707309
0.740929780774451
0.835044399694884
0.652417229520669
0.725808685506511
0.827244418203742
0.81541265702157
0.920090953787465
0.933756737622809
0.834481314670636
0.760764846856631
0.942540812964036
0.759408440786679
0.747282569832268
0.990361710059053
0.696377974195318
0.731025388963889
0.788876673236452
0.648928081764042
0.8202520573001
0.84481095599653
0.939441785091769
0.789405787777085
0.767040398724092
0.862267048818917
0.954635668672313
0.899148453657251
0.674946842770313
0.922936746290395
0.873467676413613
0.791596335820638
0.827768551758125
0.751571853417627
0.740684947511041
0.852920005642979
0.973666104104761
0.680636454991807
0.753955369361409
0.950348506348367
0.823642191339338
0.934602125743607
0.965052181084997
0.759884241687577
1.00328932404958
0.905199188054246
0.915721041323217
0.982780809260082
0.873582681974028
0.78826737015778
0.978918175839234
0.860925016026824
1.09122848686238
0.750619570035618
1.00353437655827
0.692831869198854
0.863014306972232
1.02774943622985
0.884562914321105
0.818724842558572
0.853567678760216
0.793075947522917
0.939797080511096
0.749722491478133
1.01023838182449
0.989450015527582
0.940096663067141
0.92125685197389
0.905129265199052
1.03924364147736
1.03732016401053
1.05926120470324
0.832348373944535
1.04352872079331
0.822060298321424
0.980444640026116
0.774169194493944
1.12125973946001
0.986741155642895
0.990147342346946
0.983741870892699
1.03612282016727
0.950242816027907
0.906072153367095
0.972097682787575
0.976878292681853
0.940254555530329
1.02329090267443
0.984627125782421
1.19045473033246
0.878334156243576
1.03262429547585
0.942981585580335
0.943562824146115
0.892350153282214
1.10889237420718
0.939987838022959
1.09108052416585
1.15091758538523
0.933990467646687
1.01961556054133
