-1.1086543027117
-0.938348202423277
-0.884264104516248
-0.990546124958613
-0.956259607295629
-1.06802536075508
-0.985060546753518
-0.975134276246468
-1.13885090046396
-0.869066448087652
-0.910853161352832
-1.06307717592015
-1.07431901683643
-0.973242649913944
-0.997997123584823
-1.04234987300121
-1.01641273203385
-0.942470606819836
-0.891914038490769
-0.994237332668744
-0.82500769383193
-0.920009971673703
-0.870280340695938
-0.904707764234608
-0.901179042100378
-1.01143761239608
-0.900937580704191
-1.03717199611524
-0.964561664621041
-0.941636159498465
-0.824090158166129
-0.851375362840972
-1.18762569813986
-0.85731167533709
-1.02995197834311
-0.932274217707092
-0.98902374223655
-0.913500621528538
-1.10137502545998
-0.925881800510883
-0.78815704021464
-0.973862981046883
-0.945004295924252
-0.997795790762986
-0.879449991071601
-0.906622684436925
-0.877689996100701
-0.941842412265347
-0.915245556169664
-0.940819126330906
-0.970131675056315
-0.867393170303773
-0.851264604817203
-0.823486212279654
-0.76899238432065
-0.810853751652491
-1.04162982194373
-0.761419775902049
-0.765818443449669
-0.739545125495447
-0.985023030378569
-0.774170888250448
-0.907229955910318
-0.781375833689596
-0.887353516753632
-1.04676726847284
-0.76541735397772
-0.838164327447135
-0.772240536303707
-0.711752005234343
-0.687734792713601
-0.724834003220924
-0.858205832371807
-1.0058952959977
-0.791507601845232
-0.90752263607963
-0.830991264695357
-0.950154559351011
-0.803458893761417
-0.857550225202482
-0.783731228590309
-0.825773850386636
-0.954281503376519
-0.82242418226472
-0.790729064220917
-0.763499244953662
-1.05061867824585
-0.895300898789592
-0.862618241013121
-0.748211986901804
-0.653664996474197
-0.663208240476234
-0.75937091126777
-0.90843836679503
-0.749204703603728
-0.768091064988782
-0.880483690904474
-0.875286503686209
-0.808343400276369
-0.820617391051088
-0.831068170243516
-0.829882161783355
-0.837120245204539
-0.840853385044431
-0.791376002495285
-0.699919508943289
-0.891781967382056
-0.74440807463873
-0.749179973376011
-0.8255955237831
-0.620450972147143
-0.968710619304376
-0.679904553412787
-0.826486792476298
-0.77569875909894
-0.79429201786117
-0.854944470940725
-0.703468267539349
-0.731529255588922
-0.723773514037702
-0.77103609932805
-0.793703294887014
-0.800967140276623
-0.648205538020592
-0.750760377573414
-0.799017618751637
-0.554502746057604
-0.690742224719016
-0.792318700159495
-0.744900666732695
-0.52636772656926
-0.670630089903568
-0.77651140399399
-0.784469611473063
-0.67376925880686
-0.719818914744545
-0.673979869533402
-0.609075850119532
-0.717079679236988
-0.868005905423003
-0.710101214104003
-0.710410669818606
-0.597451153766444
-0.66413098849969
-0.678151136099437
-0.660022597536941
-0.61982643948078
-0.70171719141795
-0.806100722716299
-0.692527896051834
-0.776853867652515
-0.748262983357116
-0.685501859738313
-0.793367319642337
-0.526362687356787
-0.630463661802921
-0.78254907353547
-0.72085784759231
-0.640130817472546
-0.73577524581993
-0.770309515659898
-0.539743902491031
-0.69268429231484
-0.611232022537992
-0.833277891136222
-0.677448908352421
-0.662847458900582
-0.618002341537717
-0.643637739662824
-0.734952771963933
-0.756222210645978
-0.546014792305087
-0.683345308781202
-0.634595310047046
-0.459274116822956
-0.718159539626429
-0.592193008345816
-0.729806194671098
-0.554218643371592
-0.528482179077363
-0.5709349221452
-0.744145969713924
-0.519858343305584
-0.591167961983923
-0.60027970607748
-0.522089285148777
-0.695599788566732
-0.692007028859805
-0.673656863367816
-0.72390510867944
-0.655526543320244
-0.759002174316434
-0.587232924471447
-0.618677578320248
-0.439857847948996
-0.553682249294976
-0.625639907192487
-0.604141274300672
-0.572069009841687
-0.626179260485987
-0.599083781785575
-0.620783874313799
-0.640884684934763
-0.511369479323059
-0.424863048837649
-0.528181216927092
-0.695735654171747
-0.472586200991446
-0.552188464114447
-0.496434609463191
-0.578406679842042
-0.695884858611803
-0.571600541881155
-0.519217754819595
-0.602431962630515
-0.41676298022365
-0.459082518446846
-0.538198266919332
-0.651610341872469
-0.647829506366271
-0.634660108527186
-0.579305235746332
-0.644959601168139
-0.644548535741978
-0.570220636175384
-0.541872215395579
-0.665569234589442
-0.635504284827581
-0.58339458393034
-0.572254185032352
-0.67606443259699
-0.549276028497417
-0.551315776782923
-0.377324067993989
-0.603381848596802
-0.577546490111655
-0.258429766536324
-0.559252671305208
-0.466725004118711
-0.573680430529782
-0.615665893839327
-0.810373769582656
-0.496934995435868
-0.523184630109389
-0.535836790638598
-0.591058154363625
-0.500531256535359
-0.488514221180902
-0.513635327831866
-0.513225384366257
-0.442766247445393
-0.370868149590544
-0.575722978211437
-0.508387016399757
-0.405960808899806
-0.413768775265668
-0.500341674179392
-0.365624879314448
-0.453245303795189
-0.556281458698512
-0.485686911583198
-0.610942558405743
-0.496899863223158
-0.433557875150391
-0.449762202103912
-0.417815276504808
-0.558809064657095
-0.60189210612873
-0.337312401380327
-0.403479149856472
-0.391101571896327
-0.355159755770442
-0.406305869314943
-0.43022653333506
-0.373997951331657
-0.493375945071525
-0.433448778932509
-0.665956118352818
-0.514129940310983
-0.542946456410519
-0.466588264343122
-0.446944760831329
-0.413781982594889
-0.442348688582662
-0.482217999230718
-0.256169055412999
-0.349618504583238
-0.449007161732883
-0.434369480619862
-0.30800076574713
-0.412419255264761
-0.479477534518774
-0.285825251343407
-0.441647711224945
-0.389136231393133
-0.303633802860171
-0.45193117431361
-0.335689798497983
-0.405591866714081
-0.327664313414677
-0.376314858142897
-0.455786866753406
-0.382939563578447
-0.211517176925833
-0.180481820521531
-0.423512510919422
-0.367139855280876
-0.35950056803866
-0.42701886656624
-0.442327640544017
-0.326526280857557
-0.425298986058328
-0.16402912742145
-0.344123635187495
-0.27275715106019
-0.549049637970751
-0.364938890030882
-0.355953850238203
-0.46365681192008
-0.26007548002999
-0.359614632203937
-0.362015321198551
-0.34689450156824
-0.317436864365325
-0.344679569410958
-0.407782429156736
-0.367057512885717
-0.423002841708712
-0.313531965533497
-0.310688291820701
-0.362960149699673
-0.446297805402566
-0.355411021682364
-0.368553598237705
-0.347754260998825
-0.331130081716053
-0.429542329223789
-0.284437632983678
-0.261188036448594
-0.264087997363443
-0.356714523782278
-0.33144652373326
-0.41767388832133
-0.346222431376337
-0.384814375583995
-0.270535376233855
-0.373732450987089
-0.205623197297745
-0.241434745987731
-0.230716016115313
-0.368099510317322
-0.224840496412719
-0.185968672446522
-0.337132908231206
-0.30343921928718
-0.162211322157465
-0.225503625933566
-0.195887128789878
-0.427202138317347
-0.191080929070211
-0.216621284998625
-0.308576258924887
-0.197527045376909
-0.150074982830803
-0.309354664043356
-0.277983192246924
-0.226764316262317
-0.206164886416861
-0.381828313781198
-0.312226931069647
-0.238063846949244
-0.396498384400345
-0.30551063360354
-0.252652920469525
-0.409920208707814
-0.135521323918768
-0.267925917748234
-0.142041746054984
-0.194678503235401
-0.353857235124342
-0.290961458433235
-0.244430178277108
-0.338743582007526
-0.302027957720317
-0.21772743280447
-0.238745638983724
-0.335404492375581
-0.206329791619806
-0.283275574004768
-0.129697723093476
-0.243848666943204
-0.208295742714725
-0.195382173377299
-0.0788376578316921
-0.113526679258866
-0.103148916571388
-0.0862987100875347
-0.294334171022466
-0.188434346170533
-0.315074399634188
-0.33406116287597
-0.107232410855594
-0.280905492164078
-0.0928300759631427
-0.183250199012704
-0.197040388988225
-0.169408592433333
-0.123240053547133
-0.131925777313849
-0.297505371296543
-0.233973457289088
-0.111705840033195
-0.0691030392354959
-0.153144461378459
-0.220009734877856
-0.106632986186176
-0.183916740679624
-0.267867225579804
-0.158189800424516
-0.162607113334361
-0.1414869750789
-0.236923206873606
-0.106054075839634
-0.127202817915487
-0.263486733775363
-0.0602802361080393
-0.138476163162157
-0.252398399968404
-0.170347838597868
-0.155259101336785
-0.125596764839763
-0.190655057719553
-0.117203099548853
-0.173522925916558
-0.170503838262523
-0.0765684551275124
0.0242586708123606
-0.11370505233544
-0.0476775832192043
-0.249085026726028
-0.162543690387771
-0.217976668911669
-0.135634158186895
-0.0729774538955322
-0.211303829191737
-0.0367677449342143
-0.00545679841104847
-0.21368123924208
-0.247664513365918
-0.288477982699104
-0.109041322768721
-0.0985931347380577
-0.201149346343381
0.0132267841232345
-0.0575035658023567
-0.101373338721061
-0.0844405811622703
-0.0194061658177943
-0.124112162437333
-0.156347816844793
-0.0954181437990669
0.0112602304399423
-0.0313480833398721
-0.0776079180024245
-0.0937193719977004
0.00356537158608898
-0.0484636776261449
0.0766705392568039
-0.228072972379953
-0.211580636667136
-0.102607829548071
0.0481262208010538
-0.119163704740304
-0.0733319116415295
-0.0833924247710001
-0.0730001964256
-0.0874433700480707
0.00736248839555896
0.08917389860003
-0.173145884336411
0.0649130331320768
-0.167553679481572
-0.0717827674453776
-0.216528517490412
-0.0369159677995587
0.0553559975322672
-0.0897295526504684
-0.0706307329355085
0.0040241584510996
-0.0267812455397119
-0.0205573890825716
-0.0464442656695682
-0.115528668102875
-0.035598714972798
0.124907656595293
0.171994045377939
-0.122030164069923
0.0269111295946588
0.000682727909252678
0.147400698565721
0.0741920894106684
-0.0162358116207474
-0.120440287428689
0.063724139481615
-0.0210071115394684
0.0662621682046283
-0.0219996709765071
-0.0428415858381318
-0.0707853898459479
-0.0442660769303491
-0.158410728592295
-0.14938461113898
-0.0248710066975083
0.0111625833888175
0.0682541875383692
-0.0301494099096901
0.0226908592756024
0.165468321781679
0.108463112551356
-0.0350849989021975
0.0456183707024391
0.0578441494075936
0.0352266164245521
0.0864342615198005
0.121930780756614
-0.00288481317244462
0.0387034059043875
0.0711310947611995
0.0875546578357368
0.0567143276714072
0.0275473629832572
0.170441223376672
0.209643419281104
0.140273017774477
0.154551679274241
-0.00699033196001553
0.171246801470466
-0.020128984453985
0.073896615843648
0.139331146194991
0.0327786251813002
-0.101627115681559
-0.113296443635201
0.0480515920015844
0.0679103542048141
0.206157714747446
-0.0116553846032564
0.0485251925654768
0.132941616161977
0.162882333784753
0.140997459477789
0.0684446625326908
0.118422261615294
0.234748603955237
-0.00289327626304852
0.0295023152086797
0.262049662664039
-0.0417930391383746
0.138843283909957
0.23947253870778
0.0792866862636896
0.112846181706318
0.207005913939459
0.243316065293007
0.169064193784757
0.0820838928364627
0.125215670831283
0.0731736716263191
0.232915852009326
0.14869129947553
0.0571247085678157
0.297022107033621
0.021346205320056
0.101461189257687
0.191228480229127
0.0976714007308861
0.169672388221905
0.0828625328388059
0.0752216303378069
0.127378302097918
0.136803956094944
0.0404887256519103
0.295703768098234
0.200944623081441
0.248840578140503
0.0252799931796365
0.0162987321702818
0.229389112372317
-0.00188494616775453
0.315984087432103
0.168426930892932
0.18520446802821
0.204266902656276
0.285081649493517
0.238668575118138
0.159639844510901
0.170106304113756
0.164669113851443
0.244435136551876
0.291946500818069
0.282769118035162
0.148461393395949
0.146481687896312
0.137061865862026
0.270707500156852
0.330369571895579
0.206359629166576
0.162812344150803
0.140472176330887
0.270314732789009
0.295078029065706
0.234421038534025
0.236721728252707
0.150099639253997
0.275774965865853
0.253513465039107
0.163418880593763
0.127960066154968
0.271999591294573
0.215499312394861
0.204349319746805
0.235668071039765
0.212847557266425
0.204014599728361
0.233701794261629
0.190912136151243
0.181677470061959
0.316028831557276
0.348759350741021
0.307184086137423
0.341231177094378
0.266859465754916
0.348840660783074
0.250764903012059
0.0494338764949775
0.170759301861059
0.397729312605578
0.06786295616715
0.252973527708861
0.230048413327999
0.266617595172178
0.42748430951541
0.37643408838592
0.393145027784859
0.31807149178157
0.268062315973401
0.267404115066019
0.266364242535947
0.295390786131843
0.34375023084312
0.504254291371594
0.436633287828571
0.286819147153426
0.157564782282433
0.218014134078879
0.196592200841162
0.408150978171503
0.298637504063792
0.272794031028677
0.294300552054244
0.347501205862818
0.298991591967985
0.383836325520273
0.369553241532472
0.261764304051037
0.307046435785485
0.334939288552692
0.342864574486568
0.310682411165613
0.201611075028188
0.226330778398897
0.360760617052155
0.336967943931757
0.215801195710096
0.510530222298959
0.311371819095695
0.261660867126089
0.406137133030694
0.301078889548471
0.388626327810735
0.44114606900375
0.403079831661033
0.428939626017612
0.107114732108472
0.335666812352772
0.48904101362065
0.254111411494538
0.395954670054375
0.465787971846772
0.369313188532003
0.430174140378387
0.267941413034865
0.3509695303167
0.300749277442846
0.411049925828596
0.54817574959294
0.22492354305614
0.259357500319633
0.386923983114278
0.374197860169319
0.411132285843473
0.376006059632613
0.380852973369547
0.422545140744471
0.282010553173413
0.473767884110264
0.399641006605305
0.385019923718836
0.291566147872989
0.432300931810173
0.346106743948691
0.379461723254766
0.445056858522177
0.438665214841925
0.461645407977873
0.450333834448964
0.382558998591829
0.476038392432515
0.644184544765581
0.562922209289627
0.417889101397467
0.398030867015885
0.444002409627872
0.500722384031648
0.481176715976161
0.453181220679908
0.354286608824267
0.348143537166628
0.610071082263926
0.496327071912186
0.586400672414401
0.290459589839849
0.582687815553662
0.460800114528366
0.386351985232476
0.524872591002412
0.415612663286134
0.429037618040676
0.41082857304102
0.458316986244159
0.569435850685283
0.512409827633597
0.470028398355719
0.567148293921569
0.366336252345771
0.449776403154917
0.425940098803488
0.571992000143304
0.404479911174603
0.427237633925565
0.452013433442315
0.417071913343877
0.431075877040088
0.492889364078691
0.33973213640293
0.516089377710643
0.618493072870401
0.57500676186124
0.589417847658519
0.490438052059335
0.567335385934672
0.47243294832609
0.536310943287902
0.536408578427082
0.710327688112918
0.52037511776244
0.508485025351384
0.459378279705531
0.567595454267022
0.582892803607475
0.493427269956998
0.523886537022794
0.59481324492584
0.595263070688206
0.726213090074979
0.645641052420151
0.464403450699678
0.409046010598029
0.716780081073285
0.462732900372547
0.450176810324017
0.59955075043885
0.497080993560681
0.6096902421079
0.568497243857241
0.629797643715804
0.604703364238243
0.619644110293466
0.686580114935108
0.609805819068082
0.521925205131434
0.588974432022833
0.574159690633189
0.468233572733003
0.656789527192131
0.650875292472455
0.625699988078028
0.677351559319644
0.593878539622772
0.483226334328871
0.543800530487744
0.610746011542595
0.544499615400765
0.517106235934958
0.513972699526527
0.616695799327644
0.661306858424573
0.682059384415388
0.573251593710571
0.561617578371047
0.795534426434041
0.622585689854923
0.695886572870325
0.673592268811399
0.717005326755003
0.642864301731494
0.690854788822559
0.490245233281828
0.667903130250374
0.590553022380427
0.481200986452681
0.653243958724312
0.408968003293268
0.484899917896384
0.816138998014835
0.558557252546357
0.780151894145956
0.732277177674125
0.597764004130208
0.572713036096403
0.63254623554336
0.696194680135861
0.750484553976552
0.549765494331062
0.709726854335587
0.443088322702607
0.714099243230706
0.723245636932286
0.663971286280062
0.684088997685441
0.819827210378204
0.651569704444339
0.77999965496698
0.678188467649504
0.577443950270158
0.625778679483792
0.730770383075551
0.743062594582211
0.664777108065726
0.755625574863932
0.569565845517788
0.587923184026676
0.662178219171253
0.650291646866344
0.536805582469914
0.69821322763853
0.669220227106159
0.769273522056173
0.658378897296513
0.682832293445813
0.724285329179461
0.786795390959333
0.685915015987568
0.566869339517395
0.67059521937985
0.730654186862783
0.608793221501846
0.607851571835896
0.67914348805406
0.764026077211129
0.87506041001234
0.693306710155429
0.657441448537098
0.729903396940829
0.679322743824909
0.632621732480673
0.756389603850209
0.779500946173573
0.755297003824497
0.752567016712898
0.966179768262013
0.724438079195727
0.871553893513755
0.826642898274737
0.482721008029746
0.699014669219955
0.879874289786189
0.777509182255874
0.795257510371423
0.848001016002239
0.592683545896631
0.713389135391863
0.799878372754306
0.690074655676139
0.827647808387467
0.863501044558656
0.848194499716266
0.781093544354995
0.719977826041638
0.933989104800956
0.963476943263662
0.651228679393693
0.983338131291654
0.927443729573554
0.760611895527988
0.774194307912761
0.858742218608481
0.950742020293905
0.807123674153824
0.870685928958397
0.88491515515908
0.920697016060431
0.894238020323076
0.9245625705594
0.737642613890547
0.787521388949845
0.920134732515791
0.898671051303434
0.854944631134585
0.887508458573993
0.817786399308393
0.683787090848241
0.837491197930684
0.787451078642462
0.936923578017633
0.78750887750767
0.764933039841062
0.78590042578509
0.885864888522515
0.946032226846246
0.868036229299356
0.728104862355951
0.932289003611299
0.842552665652247
0.967924913386825
0.962717780325298
0.889311318638914
0.784896225944657
0.911355476444529
0.751499027976679
0.687251550229389
1.00574324875209
0.951683367163626
0.846636008942089
0.798918514992601
1.04980224223944
0.874796145756586
0.924362058106154
0.935233423750303
0.851873822337251
0.900938881768896
0.978252969077908
0.932337518450642
0.929525876995459
0.769777876190678
0.901289175600659
0.846036233713284
0.86699968168861
1.06600285878641
0.899167492142792
0.871348352657348
0.865756367980367
1.0458415245236
0.890528372801588
0.907748270845614
0.99893103327508
0.975735096816834
0.963697081611709
0.846638433705989
0.915664587971069
0.739639998825915
0.946538417320103
0.858649898088787
0.956703751743409
0.937356989240138
0.830341076707319
1.0570294832741
1.0738523528564
0.929431331289334
0.851647527452957
0.74765181809105
1.0798226099014
1.044226701967
1.01987792872052
1.03345811555731
1.04420073754459
0.839383033373202
0.986465175155332
0.875283585356248
1.02465240446645
0.863407915627638
0.973025339447398
0.949750731777911
0.948409026303131
0.917359158429151
1.0798939376417
0.978045730793696
0.993613278186089
1.02417186681847
0.975173647030545
