-0.812982124343244
-0.947066080876313
-1.112800108653
-0.957387689810184
-1.06540990906656
-0.959851705840964
-1.01152676804221
-1.00044729737071
-1.07025788038911
-0.894655293454233
-0.89662358822601
-1.16060627178819
-0.960036275520617
-0.8836137191786
-1.03185829023035
-0.971812927037231
-0.976608098749782
-0.943124118619012
-1.01776741211457
-0.962522131801566
-0.961967144058095
-0.932941252963419
-0.816785964054577
-0.840103698881495
-0.942027278403461
-0.939406996914243
-0.881774204328177
-1.05603524142644
-0.916895000429819
-0.892072093949133
-0.881147960559017
-1.05848980578247
-0.757712073900417
-1.09110521940617
-0.9378615135348
-0.863866414507576
-0.892774176949089
-1.04789255396571
-1.04110583260943
-0.85408729298093
-0.919518765751014
-0.83349172567949
-0.930876135305942
-1.02019488512447
-0.84049707137872
-0.859346299267369
-0.942893919075517
-0.918016748805564
-1.01154016059274
-0.847231824779881
-0.907732445458548
-0.911487962155893
-0.897246752042163
-0.844148076427577
-0.709045093976669
-0.916023296153986
-0.914694742550189
-0.858384139531237
-0.861433779471126
-0.884179062046113
-0.786457938152827
-0.962425479117412
-0.948831036251773
-0.94054647656042
-1.00978071638369
-0.867489300809828
-0.926285576496924
-0.845563009795123
-0.864362425015263
-0.911383550686348
-0.951618530351671
-0.881798401280198
-0.996140007599095
-0.915925828299763
-0.860933986603319
-0.914552537791507
-0.841936494313688
-0.960697743390656
-0.851384424087748
-0.855415787580549
-0.978670291686498
-0.745153752253309
-0.855697351736685
-0.798331147800565
-0.837296551107361
-0.719019072581352
-0.807207163748241
-0.865590935748596
-0.80928827036192
-0.879369398563279
-0.746348118003822
-0.807530444781939
-0.695114705732984
-0.912513928553901
-0.769753151522975
-0.728393842146241
-0.814130226752831
-0.869490100009486
-0.889993453832301
-0.766292326552611
-0.702223079812252
-0.705092236301882
-0.69707544493136
-0.756926417049767
-0.796503794212185
-0.701962235253638
-0.76471902487004
-0.772908273698101
-0.715511633737354
-0.775865533679066
-0.650293402854711
-0.695374292107391
-0.835784693341526
-0.654025686585679
-0.846928938847935
-0.597912704263337
-0.791745935970866
-0.778774365116294
-0.617572884941818
-0.805760343279051
-0.729171684182352
-0.73722875821906
-0.765942858246297
-0.733309783849251
-0.58581737096708
-0.540575975643273
-0.836837317777392
-0.668599530840783
-0.737414627704153
-0.592200392269878
-0.739994592793392
-0.642410667250416
-0.650392168559107
-0.709308424782921
-0.885815579637957
-0.767413009551765
-0.858229854713584
-0.504939922062689
-0.680006074310357
-0.857556843116272
-0.713252946248493
-0.622771351490363
-0.675816249327864
-0.695481647424757
-0.823871382216837
-0.762535671541351
-0.734013088910051
-0.757379804049182
-0.650648074416414
-0.781981950664619
-0.608966294035813
-0.935541567492733
-0.731260765503718
-0.694734430878368
-0.647493866000228
-0.752347388521019
-0.523630798785423
-0.510036363405385
-0.718134969081342
-0.670454441139792
-0.73396912596777
-0.652468602721888
-0.670712602527282
-0.593757806361425
-0.698709408483211
-0.535030107310847
-0.603347647527254
-0.537672076035429
-0.711614911865127
-0.566822243327918
-0.785351042646009
-0.639412763221067
-0.757950712421346
-0.623948480351034
-0.635385455128318
-0.33733782651372
-0.726280661238773
-0.548141234196792
-0.567920708523721
-0.624891866307348
-0.822896758681673
-0.593359526639727
-0.6825749022798
-0.571774485620784
-0.707089961399085
-0.639375799124571
-0.506369542657834
-0.643063043047292
-0.656770984212317
-0.655766681416134
-0.501251353316584
-0.598407662189524
-0.567768254836108
-0.747710164058731
-0.690640523615882
-0.603042165685757
-0.72144664074439
-0.609183154236326
-0.450012437771343
-0.634295278785519
-0.589553509630547
-0.641044710727945
-0.599856127454147
-0.442431259285396
-0.659187682899806
-0.575688857338209
-0.627970519128129
-0.635588043307244
-0.581009329991589
-0.574356113147333
-0.417980200488614
-0.65780848904325
-0.617930079706177
-0.364268967634822
-0.571073013084522
-0.640703264363494
-0.611572023071801
-0.602998103230309
-0.614250971584707
-0.643767872704174
-0.560967767863606
-0.468056557714865
-0.456251378714975
-0.47198304687947
-0.56065500941623
-0.601597528196295
-0.548804550446603
-0.504829912211904
-0.556887054322401
-0.64828389251098
-0.494368384387813
-0.419292031151483
-0.508861677270181
-0.233325635726556
-0.443354706778898
-0.60659559514691
-0.453005897265084
-0.518312027410125
-0.624479991745438
-0.435996348774977
-0.469487970373317
-0.622154138958828
-0.690934142110761
-0.503796281214969
-0.509787563886634
-0.545007209253132
-0.554974240855797
-0.53704870321406
-0.519166997198538
-0.336745950091415
-0.439008851518271
-0.497782510500526
-0.573400116516661
-0.48847440226825
-0.523045764233587
-0.359060502593039
-0.516748155913092
-0.482432903121728
-0.628644072443288
-0.483514904517335
-0.440225500783396
-0.454123211900432
-0.442883798758027
-0.507012751035418
-0.474745002688692
-0.492730419297875
-0.538585192929573
-0.415897259044436
-0.42249846543109
-0.360461923363461
-0.557265596628641
-0.498810940642284
-0.390904457503796
-0.46314832828132
-0.421713317571885
-0.292357210371221
-0.331293824793001
-0.660691149030264
-0.378460409253696
-0.430700902283151
-0.310898104482939
-0.554221303527652
-0.447753036973126
-0.476261077149676
-0.37482464328946
-0.50372611033546
-0.282197531957529
-0.518721359505091
-0.499737811474068
-0.545466633451091
-0.351574790987827
-0.395658188547338
-0.496961567966892
-0.293989609452331
-0.450395463259996
-0.391724450664345
-0.413723013285336
-0.336326185852025
-0.294038241338323
-0.31814298846294
-0.434772060948365
-0.392005909426044
-0.354525684958413
-0.233511922553447
-0.394812335054426
-0.403976275277194
-0.358696650326549
-0.403038158822292
-0.43121962984973
-0.45974154209297
-0.320564246353601
-0.322289115764875
-0.364152477728442
-0.310648588997267
-0.464226616522253
-0.420959707752838
-0.388854929546268
-0.317133264172005
-0.363951871500366
-0.292127978171454
-0.220554726810607
-0.422552080662405
-0.53378198480615
-0.432819600891587
-0.261891042255452
-0.407279113459245
-0.343175686924726
-0.371155125661786
-0.309137601419763
-0.38926430686638
-0.411203215689919
-0.267994194659213
-0.259494365413437
-0.308692912826972
-0.389401184462672
-0.323694395957745
-0.212076826560789
-0.440612462553673
-0.286675092401733
-0.34085617797199
-0.303886107879622
-0.265953120369796
-0.241468210696727
-0.265029679372169
-0.199765388343365
-0.177760873847551
-0.183788050615367
-0.337870711220286
-0.295075869100086
-0.258339273479644
-0.389756430717229
-0.249304047733809
-0.279604814447461
-0.349759748832039
-0.235776961338684
-0.174789448627852
-0.16507543740767
-0.318248514126431
-0.183835639334778
-0.190078965076909
-0.146289397390271
-0.308850010739036
-0.328082915500023
-0.344145334989444
-0.268526770296117
-0.323489411089843
-0.298103170433963
-0.130681131378591
-0.126648570450159
-0.329662695429843
-0.24587939463034
-0.0386782150488843
-0.293809900324456
-0.252964220293554
-0.141090179133859
-0.296889632661168
-0.243656026365267
-0.35115821121449
-0.29258222638559
-0.147415389187306
-0.286235887673121
-0.287406057019124
-0.146393160540179
-0.167136430705883
-0.0427135722111003
0.0465329519592484
-0.297732840655063
-0.214634957350163
-0.177390336960905
-0.149436830641526
-0.236087037750591
-0.124634963841822
-0.254075449272671
-0.314754249463688
-0.0925589545881204
-0.229026482482069
-0.11493910120025
-0.165523792472118
-0.397095631946649
0.0180524213412029
-0.206777751950153
-0.094101249259183
-0.234002720319787
-0.25711167877402
-0.161189491866607
-0.324077607900722
-0.137570882018816
-0.159810894235069
-0.216455184590103
-0.251132487395832
-0.398364925452791
-0.215501724129273
-0.147360646560941
-0.197883622324679
-0.115797238177507
-0.186841701507013
-0.128537684516321
-0.106620413977824
-0.0479280750252144
-0.234413290440638
-0.222122769485094
-0.0419977086272786
-0.182175020382714
-0.037824953537634
-0.142132411583193
-0.100626943474452
-0.101133596022592
-0.117112819988596
0.0568668191028875
-0.134979670240526
-0.287022047517016
-0.201131737477935
-0.108692654786896
-0.140240890037929
0.00409142883649814
-0.0923759487640677
-0.239264248891324
-0.111300918497949
-0.154986830967933
-0.0837854040871649
-0.165096487858768
-0.1171071625438
0.010722755181849
-0.102750821149981
-0.0897980198247699
-0.0976651747094787
0.0595412455362331
-0.165548847454437
-0.108653140046226
0.0425695285455872
-0.0492927954943329
0.0417891017272968
0.00132407812298226
-0.152817962496606
-0.117652278168936
-0.0893348126215229
-0.16770981960379
-0.0558599165177908
-0.120467048461689
0.140863838237474
-0.0467274613078981
-0.172028729833996
-0.148376198514009
-0.168678732907107
-0.0211150713068466
-0.00868842304937402
0.000627566083271968
-0.00978308615440574
-0.0929947387897008
-0.123782645507886
-0.0850517433623248
-0.0517801750312369
-0.0718559947130616
-0.059661403895743
-0.126398336550017
-0.0876445783023332
-0.00111579712463918
-0.0995455598499113
-0.0421804065629227
-0.115297624338985
-0.216552608137549
0.0698630225640173
0.0482263784267651
0.0534562383612305
-0.0468243996100934
-0.192422842350653
0.0714583062880447
-0.101987597132517
-0.0517714703537559
0.0229474237910446
-0.120312283614605
0.141532190873142
-0.00698716921033089
0.00657290882280431
-0.100142981651637
-0.025797696466508
-0.0921403444355573
0.00889274701546851
0.0403523910353852
-0.0128634691769196
0.215846508159362
-0.242582072532381
0.0823858390085115
0.0138047967828391
0.109038466673131
-0.0253856378169762
0.127873862131425
-0.122166620734807
0.112159135077456
0.0342550805633511
0.0720407668777798
0.074082137537397
-0.0915081363772545
-0.133744956677329
-0.0580798648965069
0.0955979789337636
-0.145497823263066
0.120618679454095
0.0604932134042644
0.00922890626117409
0.042668737424693
0.0475239579825025
0.0498949915153055
0.168523703665619
-0.135053775296198
-0.0523745452425299
0.130922619648338
0.0771463430882409
0.0738424227895344
-0.120885896435406
0.0415695775496369
0.159350552015575
0.0833005319836645
-0.117639448404467
0.0371090445884779
0.0941494322062605
0.0103757026768655
0.0558237896347353
0.0921921221453587
0.12736443807122
0.182051375622355
0.143219617938302
0.09757626444933
0.139028082082524
0.135220608932441
-0.0705671616004428
0.242905153918713
0.0752816447287866
0.0216278414352158
0.0680315831783613
0.185660028547925
0.0965620247273031
0.153938252389017
0.179079031136245
0.11177167717587
0.210006721296217
0.0662644036115218
0.149426109517602
0.158237839285158
0.240726034909087
0.141975950531574
0.218146140218536
-0.0332623908857836
0.180094502492627
0.107977386739773
0.101222268116246
0.126230247683537
0.00953503346754522
0.057188065296853
0.23474447824927
0.191595070002752
0.149406301511134
0.245751246980304
0.243982948004166
0.06531423941003
0.163261941997127
0.130413195207424
0.0547789305596064
0.12861086152096
0.235149919636603
0.252743070708415
0.104236921600746
0.0130798769191887
0.155817643887115
0.0890819083931029
0.136343708303118
0.0955503696510606
0.157939619513801
0.159942496753035
0.180014441772551
0.300441072669886
0.0897206458633289
0.203493970109761
0.306573175979994
0.307523391041098
0.204582588971927
0.0508105226404481
0.119763045495723
0.476941254255728
0.257621554766869
0.126970931422748
0.0900687647281763
0.201236894419296
0.140429905526768
0.207802447261019
0.287575062981986
0.147324266677177
0.305813174944109
0.220397920354086
0.308993715000849
0.0935590781455956
0.150789913077127
0.108004435320331
0.168717772632165
0.171719379645366
0.104480814833993
0.386093126815664
0.300857091723162
0.253031819002329
0.346319580033148
0.237473103920078
0.287792931705136
0.347431464126241
0.262010780611397
0.278283910142114
0.207508049396622
0.229102939829059
0.374643944403455
0.213721229059977
0.329663896125391
0.309144735813185
0.108764909915234
0.284464340045189
0.224319137970564
0.338115440658257
0.161906326818292
0.215420488977684
0.119853881871535
0.353636773567719
0.152052379589774
0.343349821310645
0.275744962718013
0.359568639561565
0.293513077025974
0.445679664316366
0.445252539439238
0.320433349291023
0.296488334986222
0.196401418244053
0.309403071689554
0.362803743955717
0.161268861176915
0.241161144093781
0.307626304256872
0.306881502921602
0.302973702664266
0.265157349048237
0.149640354375451
0.405413086142528
0.43281095409924
0.249068874215391
0.423279190033887
0.216639875174422
0.232331541163215
0.194675605756252
0.371792827418031
0.574144179217437
0.269095253203597
0.240674397400758
0.343027989217166
0.401989720507392
0.349540981660544
0.465363238117129
0.355826042693533
0.427556722423821
0.22687941165567
0.266569188614637
0.444440739598232
0.33153410653298
0.267474531120854
0.477237033103513
0.467340986224805
0.334428335824062
0.296710711975411
0.308327029338597
0.285536177003265
0.425110317047597
0.385866988262271
0.364565266613922
0.333853948337486
0.344434432663338
0.263718734950473
0.371919326085921
0.380205407202982
0.248326458041852
0.354765934201793
0.308852211101189
0.24200495505218
0.520822636738061
0.441220607082146
0.437361537957388
0.472180866751855
0.591891053489065
0.355766723593072
0.217951340656119
0.495564038957381
0.444108075158553
0.325608016131432
0.496515777385976
0.39154687566597
0.599701924444892
0.326963487921449
0.39418632339815
0.451643499708235
0.399859129198633
0.409684956579342
0.452219042512259
0.435927328754649
0.415356323945443
0.385801776011398
0.411406217349005
0.646821263108425
0.43556775458599
0.568894898346887
0.504068110258221
0.383372420671366
0.615051759549784
0.624189187879941
0.439714778533853
0.521104096801206
0.357758930041794
0.299305506027683
0.488826263664996
0.48481252973648
0.558623063078346
0.368739289037196
0.378164136604668
0.405470981581011
0.367607365457816
0.361327805869779
0.536268913408396
0.483017890789578
0.573480101756671
0.491770799801565
0.440057553600412
0.504197004821893
0.558577894978523
0.55307186050779
0.659869311663922
0.486357830783845
0.436833858246208
0.630354665469916
0.566075717582406
0.450427033756889
0.50340688214504
0.476444969082849
0.472388504045654
0.415067436032098
0.588953148248655
0.607029632803136
0.655290170408718
0.619064814741308
0.548323492375424
0.535166045007944
0.599829517204426
0.634755209602578
0.551384615385927
0.575279856192906
0.562859661226413
0.494455427918102
0.550300137523976
0.516889739403001
0.515057533300522
0.492889585839197
0.462366276971347
0.621907075901431
0.576284320579564
0.659797965430188
0.578995626209938
0.587457227525228
0.529128114304269
0.582324625831692
0.481754313093247
0.609562715519589
0.532054580277875
0.587840635392811
0.581385427073488
0.490031256099658
0.583278774676257
0.487270430516123
0.56135965985378
0.527147496760501
0.634491367146679
0.642886807036666
0.600249620460045
0.49475959395808
0.488761050088633
0.550265128390745
0.521876306371237
0.764277152820882
0.671178565896561
0.42195515938043
0.522700097269138
0.654065022764961
0.614327665074624
0.412122616013415
0.610020949985919
0.623278448518492
0.544477067078252
0.560999300907895
0.572032973861839
0.756972911346668
0.567880773342566
0.571008863447256
0.620404068234132
0.623109488275735
0.529857988788656
0.576647074907177
0.740095281349868
0.650917365186954
0.550624911415149
0.698817745198171
0.698655314800666
0.728803188695768
0.567327135995201
0.727753019019453
0.679368017067661
0.489154552796312
0.56946796488135
0.557347804275465
0.584907569695133
0.71919729997652
0.569452220975822
0.773490870561841
0.736739114604036
0.658895563928707
0.854523838492412
0.642191327250333
0.800255805975658
0.628077951137267
0.735378059186188
0.668726270240106
0.878482128564082
0.630090269830893
0.484837531452465
0.718698403396447
0.805413911745826
0.63383218740172
0.751707684105007
0.595355253618947
0.555140451800425
0.802101044860233
0.686098671688129
0.617349340057806
0.724233818737704
0.907311399336984
0.662325559979995
0.784570086325662
0.766946727473566
0.7703374480998
0.872725123442567
0.65084921313919
0.792915400512922
0.791848283928385
0.650570600818069
0.671744413158745
0.726616736883137
0.598752542096819
0.629231008697954
0.722625484286109
0.571697326390771
0.684758397315113
0.837226754992361
0.757275351346121
0.933355879030079
0.78208101609139
0.778917624959775
0.671909869582068
0.916033646325359
0.881439947676848
0.689115708063103
0.816879587264552
0.733557716256597
0.790048745975116
0.762834295919034
0.713625702426372
0.762467548914688
0.872096278315631
0.67562671841942
0.654788079395225
0.926031162680745
0.853280209229825
0.771253693004442
0.837411423804698
0.777897918369704
0.739876597209881
0.905213300703327
0.847532484066668
0.903880425684314
0.789817680257305
0.688455729324675
0.68302634333359
0.803667890257491
0.833530184082912
0.878730053930869
0.960775511481677
0.894565348050802
0.807371573288024
0.791744833933026
0.849989191848211
0.857748448230635
0.787507471196263
0.698536827218806
0.921580988207664
0.944461028107906
1.00308190993745
0.872994572131964
0.94723205752266
0.866018439104973
1.00529876805699
0.766715411462728
0.973754927225336
0.94975761013615
0.875397605408889
0.825534324294287
0.864251880406438
0.809038197560646
0.855314696183013
0.99407519761313
0.864033264519799
0.904255434753355
0.825629947714546
0.831718088043591
0.994320872358894
0.911380166598155
0.854064292339546
0.923780285529806
1.01747691136637
0.882283773164406
0.977909778551307
0.956320962802589
0.851875279039102
0.887154148686093
0.974154215555917
0.924016607093296
0.831795454812335
0.944524550214312
0.881032523148974
0.890131831700993
0.866572525051032
0.958154228886224
0.822557398550229
0.982707137517503
0.919869468341824
0.832345109664828
1.02440145513231
0.911990827045514
0.870004358470189
1.08943489994691
0.89609728499815
0.983426679845618
0.89024676680939
0.898753409011728
0.854406426176477
1.09670987230678
0.986253153546868
0.733903451182927
1.11857843287285
0.998036645081959
1.00395062299276
0.969179815334168
0.925609513212863
0.919284611543644
0.94044649973168
0.855352867798007
0.888813369282639
0.87636256671229
0.999230128877324
1.03308190421004
0.893299251409631
0.802329538406292
0.938775329977486
0.969540273336781
0.895368938209632
0.957816709744696
0.928994666288717
0.9762310522278
0.957505448805463
0.814782765889134
0.963695399157983
1.00367321213892
1.05810298454684
1.04179445421794
1.03800346430311
0.985362430770647
1.05089688776594
1.11799969576954
0.965745308005635
1.01353931408029
1.14680688958633
