-1.17450073179748
-0.814713252583301
-1.00234065187813
-1.0386812998866
-1.07089060305017
-1.05370772030032
-1.05148583523475
-1.14853299192387
-1.08339107969629
-0.78173163944219
-1.07699207714899
-1.08201416762453
-0.884291290542319
-0.969174243631685
-0.998648516652289
-0.982306281304492
-0.956615172385144
-1.07938848564134
-1.00901088701961
-1.0541553566932
-0.883584120701343
-0.966238287868358
-0.751271004197457
-0.932625715419227
-0.908439251397731
-1.02180097959351
-0.951811706261796
-0.985248343931439
-1.00913853236329
-0.967751684963274
-0.747015273917683
-0.982592330395344
-1.0253694060756
-0.885791913295812
-0.849753016034584
-0.855416908437125
-0.874981858897361
-1.02151606569631
-0.93067980308882
-1.10818056299378
-0.728990771070826
-0.92581265547617
-1.00398051298253
-0.898884063354635
-0.979383454248873
-0.994820214616102
-0.875382053384114
-0.805722567167724
-0.860942389294114
-0.909482505078597
-0.858981027208751
-0.963969820614484
-0.728066874932802
-0.830011913444114
-0.888601533339857
-0.889176576379292
-0.937509526291145
-0.851216049921486
-0.807453048000642
-0.865782566836819
-0.919030610242465
-0.910112047413398
-0.737792857830216
-0.992926743494986
-0.755063109306266
-0.934849986119249
-0.864889058332277
-0.957597985510298
-0.745076373210603
-0.820895783686192
-0.851975880570316
-0.743734121118429
-0.897300549303108
-0.754149116507246
-0.831097760859672
-0.861205393809354
-0.881138082013897
-0.947423194069003
-0.800576614272822
-0.736516550152551
-0.900527926205062
-0.772064081160902
-0.800403211097191
-0.862131044785727
-0.915236712742643
-0.787184487574734
-0.840591173196676
-0.860433448536316
-0.849512364184057
-0.877357086531046
-0.846132044254984
-0.83307692698413
-0.875523850272607
-0.797495162459725
-0.803512147770332
-0.810162344972998
-0.763614322298629
-0.877743497982256
-0.842243166856218
-0.695251256084791
-0.850839619372792
-0.845626706967602
-0.833578091614406
-0.652588183313895
-0.670936034680238
-0.94765416758013
-0.90741250150826
-0.571810816120035
-0.849118665866002
-0.704048122782947
-0.752268304985842
-0.874111778408499
-0.781973422708074
-0.621698156943487
-0.706675757126792
-0.844963666268045
-0.767611492299695
-0.733369041673771
-0.912979996026506
-0.749228799550296
-0.670064499670576
-0.836183202993201
-0.876714776837399
-0.755453795471747
-0.626654354752446
-0.841652029678964
-0.804467804943285
-0.585519676285907
-0.723501364578911
-0.639845237265735
-0.82903488110843
-0.747498383946665
-0.780038239531733
-0.685257460866865
-0.761330186496253
-0.694055926660282
-0.658844441439343
-0.550252435963344
-0.539943332546153
-0.77678261733316
-0.766666974801801
-0.686979845882417
-0.76929860061912
-0.760351195533516
-0.704698199406673
-0.741396569306555
-0.735586751753107
-0.812564366351094
-0.775527300744368
-0.577027254439788
-0.694343185672763
-0.789443337407535
-0.757078416927188
-0.777966993876267
-0.582319713374512
-0.632176929243431
-0.760061942857498
-0.739860398930251
-0.829033881132118
-0.665410673725186
-0.739374010537284
-0.638489173659722
-0.783263559772821
-0.583538837124597
-0.65242089277762
-0.68326133429426
-0.697527070402915
-0.553357667085027
-0.765840551918788
-0.801777004289128
-0.737148106909352
-0.589478613296154
-0.640161223150273
-0.549642030143453
-0.577633623746833
-0.605633617310823
-0.857881237714432
-0.582706654038535
-0.549901151939319
-0.740034005254397
-0.563387141162944
-0.452336206766852
-0.50838543327307
-0.719857446939926
-0.481926753965421
-0.52930149878302
-0.545787059222389
-0.630722439913026
-0.699643169189231
-0.584423512125008
-0.601735188368859
-0.616005034109507
-0.570015530320472
-0.588621835575316
-0.560079781947672
-0.610296210291336
-0.722298921019103
-0.617737557009127
-0.681800815222574
-0.559097582989727
-0.688947214839382
-0.470964049863286
-0.743891707465318
-0.519899903194232
-0.5681523151608
-0.550256503456239
-0.603707444339046
-0.478417008755832
-0.484026039996422
-0.602745092216196
-0.61270857621832
-0.68240490226803
-0.478162878959016
-0.516593858564609
-0.655432384286468
-0.508938376817578
-0.513037044877967
-0.699462846738101
-0.551372639464138
-0.556647762128161
-0.501468190473994
-0.599907240578662
-0.514536598931243
-0.617782198773874
-0.589069237478048
-0.551894927120066
-0.597981448601981
-0.673787959133839
-0.567074305264126
-0.557617613813656
-0.616614049222197
-0.737055898123829
-0.48539109885859
-0.441617297276018
-0.450859629628721
-0.472285517753506
-0.427904373391366
-0.58277852666544
-0.547317098949535
-0.571684979185834
-0.706296494209567
-0.294383039513088
-0.472994796337287
-0.582635767298416
-0.443675894833608
-0.430940915892331
-0.543221816205428
-0.477567490013107
-0.457645354617582
-0.420689520043378
-0.520343625235311
-0.511979519992407
-0.45337457785381
-0.620095526324744
-0.529747603141281
-0.491932827764181
-0.386091670834883
-0.455217606470646
-0.48593045990708
-0.452436906921398
-0.639904640753952
-0.356502455424255
-0.539895884258175
-0.433152425674307
-0.429390703739678
-0.583703704809802
-0.518789161766061
-0.477583397819768
-0.391282495400688
-0.443091322982086
-0.509498249455537
-0.491890031666251
-0.421833760293939
-0.313803848182354
-0.551779350889932
-0.424162635866505
-0.591745968100712
-0.50501286736842
-0.507032219353527
-0.386119352347575
-0.303012623017873
-0.421079938746897
-0.436821793651832
-0.413787017981088
-0.375223051780732
-0.372974098757779
-0.43926363354227
-0.313826093075763
-0.57905743846338
-0.370071154025949
-0.512082101923682
-0.574612261166296
-0.421329157585733
-0.348642689568059
-0.563039701135372
-0.414059771334409
-0.474259847403533
-0.332022162414941
-0.285202929711235
-0.317952450011124
-0.412789844436453
-0.386214545467947
-0.302194067206546
-0.377164197785067
-0.405856156566183
-0.458907331505306
-0.429872305585314
-0.363445967399321
-0.399385315205032
-0.411652142096404
-0.23235217666334
-0.262474875463655
-0.370234554610166
-0.423657617453278
-0.41528806604155
-0.509376762142858
-0.237822524229292
-0.47148251499304
-0.32351742911284
-0.370088517688169
-0.298583361947817
-0.38605570889723
-0.356485180845151
-0.387215189816998
-0.289391443265886
-0.335281462847596
-0.417777562593486
-0.369850728647139
-0.409242397875482
-0.41234910661594
-0.303922302895383
-0.384648997114279
-0.219342057830175
-0.185883774834609
-0.341823323617338
-0.321016553621191
-0.244969645151479
-0.27874256522146
-0.222213133933456
-0.26641649338944
-0.356065673870178
-0.268499372165342
-0.272854657244681
-0.339791724607211
-0.327078398847853
-0.304204778906094
-0.447839080494747
-0.448279959516528
-0.312092167004933
-0.233267971413557
-0.369036267518986
-0.306341079732992
-0.372136378206402
-0.336526552413513
-0.38360701419407
-0.34675645395601
-0.206445519944962
-0.284585006608532
-0.361615485218711
-0.252027667851983
-0.225635767951017
-0.221902732226385
-0.324593954434654
-0.206348617606913
-0.170055036584106
-0.169520454645188
-0.162014460990093
-0.304251378773871
-0.206031210700477
-0.274481804875744
-0.405835335864357
-0.238308936374071
-0.129159730693742
-0.140389114353747
-0.333081408729664
-0.370099324778164
-0.292128243326115
-0.373250814240874
-0.28600921423719
-0.307864604202901
-0.278927179983981
-0.331541839992946
-0.181344727495752
-0.23037879571016
-0.20980579089959
-0.241332090229224
-0.255230999359094
-0.210404624468465
-0.236614993095266
-0.19453128526177
-0.157918428074603
-0.257332498332386
-0.277221689073251
-0.17395323468159
-0.200187309922685
-0.186336819955809
-0.313693295977764
-0.240753552223808
-0.215117552848316
-0.1305024817337
-0.257503467074662
-0.121403579631277
-0.175611873529134
-0.208369015032792
-0.251643713259022
-0.14237573131241
-0.185435934897829
-0.262748975981859
-0.146726278685523
-0.0605953264237477
-0.184656602732453
-0.311130742426226
-0.163727217703976
-0.208159158389182
-0.260305960738277
-0.157223891309441
-0.13354593639359
-0.146565480266248
-0.197615563821981
-0.401721281123833
-0.281259526058925
-0.198871035651997
-0.0667209220923867
0.0139602729030337
-0.0580612563101467
-0.311843084126938
-0.0404338675901554
-0.232998663855034
0.00824395369843003
-0.099820379005987
-0.247923093695314
-0.0893328987782602
-0.282616650715871
-0.0989335363161471
-0.1299686659708
-0.0692354728862761
-0.287199431918681
-0.0802657416381508
-0.175266592428039
-0.217552961656007
-0.0317902990644273
-0.247118199430681
-0.0769960535126025
-0.124285481818703
-0.124353160703871
-0.0947339432389979
-0.198463368927607
-0.246655925268632
-0.0861573294020748
-0.281406084593214
-0.123211924705656
0.0798587433132589
0.0242462165504225
-0.116756833117457
-0.0714553641124036
-0.0776243726601757
0.047209448423331
-0.0190342704177566
-0.122176438982171
-0.164085701448928
-0.183463999396176
0.0390528807339759
0.0191135427856377
0.1201768091467
-0.0718851493338053
-0.0916749885514642
-0.0723979593906704
-0.195821060002145
-0.197076303655444
-0.173175213028284
-0.0564448565471408
-0.0834041454131476
0.0361086874798702
0.113441234964777
0.11253734187093
0.0889722568558856
-0.0654032190517066
-0.129003091595432
0.137305846267431
0.0787258752963352
-0.159096638374055
-0.10150782383775
0.0119434160487054
0.0659800499295431
0.154252190378415
-0.0299878068143868
0.202236174045035
-0.028935693003323
0.0525666430152436
0.0432239309959704
0.0367755487386835
-0.0532598504845879
0.0531904634742411
-5.88630705826117e-05
-0.0575758396588952
-0.130928717465173
0.0856712658859673
-0.0203421105381972
-0.0747470115959312
0.0721167277036706
-0.12874704227139
0.00419748363516922
0.0156164031865894
-0.0849003559286554
-0.0634016948884709
-0.105223393663499
0.0487958172180981
0.0284286099468779
0.0515832351330429
-0.0171495106187499
-0.0765645432017003
0.097416638779758
0.0618239963955871
0.0102553401261358
-0.0903673570557618
-0.0361198625777086
0.0553837618034545
-0.132846522829924
0.0297429902218959
-0.0995955099887437
0.0652736926908166
0.108467775965169
0.0404541305822073
0.0327422300125446
0.0194472496754397
-0.0652133359730585
0.0648366607521506
0.0720976401319173
0.0669693115582104
0.184350939585935
0.167349963681596
0.0512160880328883
0.118499157084631
0.248070589230443
0.116373604630614
0.0830636413209271
0.0773147322183959
-0.0798660919997012
0.0907850976946252
0.0861080760775056
0.118146348883489
0.0828951373800948
-0.0274892232489737
0.0783797612690448
0.226910428912661
-0.0337339590212853
-0.00670470253003819
0.100249182943928
-0.00751543301115204
-0.00999944580905846
0.14854956367557
-0.0042614265779815
0.0740846005044322
0.0535207150736579
0.0558265191617124
0.0437475186175719
0.127361161382575
0.196480931725196
0.250118785915752
0.0644910422250713
0.191316238435668
0.0218454273186551
0.167395379189869
0.213209171367356
0.164763195158218
-0.0251873351538322
0.315595915995445
0.117483355532889
0.072639315619528
0.207429309612688
0.0385778770379564
0.225072388224212
0.146971697165054
0.075142881643269
0.0785498744814252
0.140026178776525
0.141116736569223
0.192867956832819
0.0876700163663994
0.194308002731554
0.0277464449555846
0.126877898540962
0.0703271533938853
0.127900778298769
0.152970409252074
0.12930245354037
0.151452728400079
0.0393805948583984
0.14056117534964
0.118265338538935
0.196052393923507
0.111806265446983
0.172008494644176
0.194608707039103
0.242115292970892
0.227743987536956
0.260864282112198
0.213393316761839
0.157890556161611
0.321249781957135
0.0799795182624495
0.069683267018459
0.217828274437486
0.201897890425034
0.186111634785973
0.154377638677745
0.259713570204731
0.148850170794072
0.210127451943867
0.183788067286951
0.0794649665392205
0.369628807950693
0.262441572177414
0.244405115451467
0.133522371345417
0.158318638566614
0.225651019832897
0.352579734199963
0.342529007812169
0.356937625650762
0.185961429974964
0.234180182277909
0.302340222532202
0.140688643740992
0.226938004333847
0.297228592987024
0.317568534173204
0.260246595208466
0.285523520061126
0.249013786770483
0.193263588654992
0.232636928354057
0.341221482763013
0.196161231650511
0.180119151963908
0.179310435993522
0.0787453408747568
0.23080931699923
0.231275374227087
0.287543812375003
0.297510792523576
0.36423471980333
0.260392514256699
0.357538247896574
0.282799025029849
0.324696119619329
0.332446369948951
0.090491178045552
0.230325046934812
0.207393740267528
0.127980409882692
0.37491735993447
0.309258949406056
0.338032756489826
0.309109844941047
0.316296169872777
0.271437481851742
0.336619393463733
0.37282645793176
0.328713647560757
0.271198466249915
0.320812252272366
0.317277502283703
0.329376089047714
0.298286139808221
0.30481042732705
0.308837726122407
0.34031504006499
0.285118658998932
0.303699132857711
0.122983214006782
0.304934993325427
0.420904148741613
0.293790485312301
0.411659862204774
0.316122980587245
0.262534822080639
0.304340639480149
0.307753265289469
0.249448080655214
0.432055889582393
0.230607467714231
0.145494710242478
0.294381174327456
0.367456447224556
0.33973349551444
0.261665949301673
0.392183215991469
0.479477318129141
0.362877996697631
0.179476797934162
0.36930490970541
0.292357252232052
0.497225304461149
0.343720890188721
0.347143172465099
0.342126723909351
0.521491837985353
0.326784215119455
0.412052738581555
0.445189519170416
0.410904319437809
0.395564855456886
0.451762144255909
0.477308318877097
0.414024758019975
0.306931143916555
0.33923814882169
0.437170284639954
0.397342340678548
0.470708015455706
0.483046029591704
0.373476789489236
0.503603538127489
0.419225561989088
0.34152083833905
0.406381300281311
0.373405750096475
0.443144102130218
0.420243456591037
0.357631286397318
0.544392774096672
0.508843120297972
0.36283575924697
0.433219107146797
0.289985316518799
0.514777720962412
0.327768638279034
0.52948881386522
0.407158176036475
0.297380081199445
0.454180600135173
0.516678406406095
0.503435310186284
0.370426756601145
0.472954087874186
0.266344537129258
0.33588374800773
0.486810006632168
0.699987101259567
0.332331868907306
0.510435512637798
0.512059624176801
0.482824008170174
0.694836424442833
0.432372250660525
0.581052742965326
0.601044123586102
0.510861448888805
0.507776790174848
0.479487623068222
0.620523631167319
0.562975222428358
0.510811825437835
0.592046866736719
0.394595302423868
0.598872586757508
0.494323394829779
0.598360221727828
0.522779037218551
0.441560079265488
0.539857826723528
0.427372284698218
0.446708600213737
0.636861130340132
0.469400902547957
0.544087342830878
0.575335870494692
0.552467366914825
0.552498158329492
0.482310988586483
0.699800742643849
0.554607201424606
0.45762433178073
0.662954992174371
0.510571728567732
0.571964457952316
0.589809239639565
0.630102472156933
0.457240140827231
0.569140385507092
0.566505406101783
0.551055832752131
0.525923194124036
0.411016599702155
0.620521004162949
0.611261138611758
0.58446679826381
0.485779886268685
0.713546194201774
0.558078625357291
0.565431779019663
0.608633755226254
0.68952766276788
0.543823660393713
0.521572325741373
0.606414526287887
0.593709563909692
0.652778736775707
0.514203010917952
0.511871854068241
0.767828813260767
0.656595171467429
0.576317162956107
0.671877958836508
0.53501547847941
0.566668811196976
0.539786035019567
0.697185070745315
0.635342238413879
0.520292196295231
0.616597032808169
0.479169142024223
0.411543757815738
0.628567964263771
0.748177151424368
0.651217475852541
0.675439693094296
0.593788018835289
0.770542891305477
0.481974805148547
0.748985956160492
0.574170421722768
0.762438204087166
0.495190741196761
0.536594512132133
0.512134271834226
0.537470935324573
0.748602060114732
0.712552023949222
0.705876035020741
0.518935608197648
0.685869319903061
0.762125226591534
0.650990931205559
0.544783707759358
0.664508515995621
0.77543164631858
0.569801533369194
0.631494036847009
0.656660096737957
0.613621019931821
0.674652959896264
0.785356925047539
0.521307787590413
0.666256410796928
0.6692482741414
0.638105741796561
0.757620524579408
0.785116300219755
0.614443213751117
0.720544723219383
0.668469672396914
0.571594268903041
0.693369870911559
0.845246851268967
0.671501858270065
0.828152444798979
0.720664703479998
0.810669053606078
0.677257146116252
0.641478417851461
0.642502198491217
0.760724494069662
0.624431200781017
0.84675064061201
0.696471557450736
0.703003519597347
0.79892553667745
0.823872895353437
0.871050737900595
0.880862703069295
0.797482824504463
0.736690304525276
0.726332671640916
0.881422928472016
0.87445346087516
0.740544729869604
0.780311908915712
0.7565864194796
0.82879598040185
0.802063438386625
0.827967080337856
0.64642412609048
0.829943577055615
0.854983790441546
0.638789691113242
0.612398128727803
0.797708588595159
0.756804422726109
0.826475045408513
0.725377166449533
0.75397867300307
0.912142291653539
0.689657755472243
0.83014710973426
0.746878912975314
0.847217345361483
0.77250390119091
0.876203817396561
0.983251210120349
0.704573561659836
0.825972343515448
0.780912867793818
0.930498327829951
0.724853944885769
0.849069389440685
0.940890294713115
0.759304447139074
0.975441889398809
0.799063342937127
0.821428774222615
0.857628671417347
0.896869245919869
0.748567391974916
0.714460711022036
0.823662147460583
0.85132062066853
0.910700453793319
0.642355469867173
0.714199221748738
0.78878308758019
0.837354618305251
0.834675370282649
0.914325629980288
0.824997138189634
0.736223119868903
0.753879628209309
0.957598967165018
0.905666404180915
0.792051472474735
0.90943120665739
0.812301413546475
0.934331603347901
0.806260213662559
0.933248827630333
0.903955702485761
0.955927515456382
0.80977776538265
0.888349150431604
0.899069483846809
0.839939923279113
0.888067874521328
0.930054657233582
0.905184158460909
0.662514385627084
0.846071389406022
0.797298751029354
0.964353908852701
0.852167188411491
0.818755926616896
0.877229457566341
0.822632348952441
0.929024868923832
0.878492727754531
0.891585044189473
0.923854492491044
0.873485230978533
1.03853341550934
0.834094428296402
1.03184566294052
0.940586272415842
0.855399441720814
0.827966408217079
0.906926131995611
0.985732264819435
1.03997555329396
0.916980430312408
0.764707896679207
0.859257008147973
0.903566293163972
1.00927621606907
0.834511691863834
0.902684782049448
0.966536782172692
0.884269756237246
0.907167044041189
0.985092472134407
1.02429146803844
0.99938738559474
0.861744680050461
1.05731630645601
1.07080461794044
0.900720938397827
0.952864604885316
0.976390143745625
1.01927356482102
0.944148810982013
0.966688096794555
1.04919662011595
1.04411558431311
0.896067931157126
0.975685841944796
0.976802190974932
1.00476521789538
0.853725674419707
1.05927334612189
1.05489787815348
1.00190622404706
1.0825515409963
