-0.824895962727924
-0.946236673518831
-1.10166264371442
-0.942504400321887
-1.08820826301271
-0.957224833768454
-1.00239958877256
-1.00018028688943
-1.07806678447101
-0.883536853246132
-0.903064473208314
-1.1581240570746
-0.987802847001952
-0.880247258215766
-1.02724827973326
-0.969601706333359
-0.963753064035753
-0.941449775325776
-1.01877300233174
-0.967077139023204
-0.945318768525693
-0.925787081550925
-0.81373349109557
-0.869573393583698
-0.954660627490745
-0.930113564284321
-0.85601467548244
-1.02608822088901
-0.918540422282405
-0.897420179219164
-0.873235466126352
-1.04750721562489
-0.754166805720431
-1.09768909045848
-0.937841926248973
-0.862261747125822
-0.931682337152202
-1.05809292714468
-1.07945088819177
-0.855361308190708
-0.951149335946629
-0.811805460542306
-0.937056309497153
-1.01275888842972
-0.847291948501157
-0.866275448975689
-0.928487093735178
-0.912569909159993
-1.00919888083621
-0.853644240468345
-0.924653589240802
-0.922956053613237
-0.849746041475976
-0.854605302741769
-0.744194347712221
-0.910596351757723
-0.918679615169919
-0.865230340514453
-0.892201636691948
-0.893600750034167
-0.77751486206004
-0.952361917097095
-0.956012512439211
-0.944519619962598
-0.996850548717385
-0.847742132498489
-0.949114491281658
-0.830561028395568
-0.855668212025937
-0.925570092087833
-0.945967167543709
-0.890771293201294
-0.993939078941125
-0.932882887447255
-0.830370672430671
-0.896967303068274
-0.84682158051579
-0.948707777699087
-0.86110717579457
-0.865937319101094
-1.02200871436027
-0.747926938886216
-0.84293774177821
-0.784943139056024
-0.845522404101951
-0.733208699913105
-0.79797462770406
-0.867423291658253
-0.823763560504297
-0.868155942380712
-0.752697365860053
-0.828475089619733
-0.686366111584663
-0.917025120146525
-0.77061402059541
-0.72143749039475
-0.792938355366094
-0.885686637773519
-0.896841551632451
-0.775018496882992
-0.715480219487893
-0.706159079135577
-0.684056406092401
-0.771466865942257
-0.7993654357237
-0.712585409172071
-0.771603359031039
-0.760447721966739
-0.72879828802057
-0.777933822900299
-0.661112797347001
-0.688357745489979
-0.840913330820141
-0.632390225136921
-0.847201248838993
-0.589214022391732
-0.794373983707921
-0.756378478012998
-0.592824834273624
-0.798091010073791
-0.733108136379701
-0.732878167016102
-0.76484641673423
-0.733764955329534
-0.598582456234669
-0.559262011180117
-0.822149598999798
-0.661021091648518
-0.747830150074169
-0.592601392217748
-0.762920693172834
-0.635979959817832
-0.634522635132548
-0.726880404721837
-0.889460062002372
-0.748358602725205
-0.853791350825204
-0.511670641936088
-0.691931879081881
-0.86538411141648
-0.71098609534771
-0.628987970735569
-0.66616662244532
-0.703532546793303
-0.810666340950653
-0.785828564908442
-0.717103077661833
-0.754226089559405
-0.671120446216334
-0.769155028525697
-0.599102749824661
-0.923694565099138
-0.734899259719211
-0.692287257206933
-0.641779696966073
-0.739102048955652
-0.53036915191225
-0.524227659175316
-0.698470935314533
-0.666038152349255
-0.742176426916622
-0.657712191142659
-0.654065341147944
-0.564964010356718
-0.713893186991056
-0.55378205618211
-0.611055174696043
-0.530280562972693
-0.71464909961261
-0.553678497546872
-0.803097623439656
-0.643265719837565
-0.76981602705337
-0.635699805475062
-0.600005114033271
-0.342148077697559
-0.723685629934628
-0.551113845943183
-0.570450990508665
-0.624611596949716
-0.802300507190529
-0.602636452501367
-0.69287616968841
-0.568069594454294
-0.706803025753881
-0.646744901018728
-0.516901476812901
-0.640160728301475
-0.632483442255278
-0.650847520907811
-0.498413185964376
-0.590972915840183
-0.577989744410596
-0.753410036847901
-0.690643793665677
-0.597360751234294
-0.710644028375122
-0.608543640381069
-0.454434510461347
-0.606715794954477
-0.580262165369972
-0.64111392152039
-0.599876281401615
-0.466759561598633
-0.660596618278902
-0.566918877301384
-0.630835821572363
-0.643021100748975
-0.596759433316297
-0.553784583623784
-0.441334326317619
-0.642856292959881
-0.619235287460045
-0.360001766575798
-0.56213123339379
-0.643005896454527
-0.61809806347623
-0.581019151855957
-0.627018022356246
-0.641276926115106
-0.571722021553305
-0.441136063220835
-0.445015819904014
-0.487106485669032
-0.550081664271284
-0.602724587351243
-0.543512841354303
-0.509801148053324
-0.561878713373009
-0.663391858604321
-0.491081025244289
-0.427619261493575
-0.517923170244949
-0.230132091361164
-0.448415273700038
-0.589137497234445
-0.417695650291552
-0.514577194822351
-0.628457775374569
-0.432471994100733
-0.463966645158988
-0.607633703448412
-0.704081046493469
-0.526902304007688
-0.51903107305464
-0.524121996799651
-0.557346397105492
-0.541352629572547
-0.530714155042373
-0.332960745441499
-0.445774750728811
-0.499878474413708
-0.567640212722587
-0.510105991583353
-0.529904376176
-0.355718168515094
-0.528005120123692
-0.474102397542706
-0.620589180109687
-0.475002357742852
-0.448868219106279
-0.467366207747935
-0.448856206994202
-0.502192434955091
-0.474706216911094
-0.486734868362115
-0.542496466436552
-0.411524827871673
-0.426553568922469
-0.353347204385347
-0.544479808312745
-0.489348702569985
-0.403364174187692
-0.453329841752705
-0.398097712342053
-0.290955231162168
-0.324745472699513
-0.659552412277448
-0.381735515018811
-0.44767774499161
-0.31777790448739
-0.563534066757154
-0.445464170405321
-0.48480977484113
-0.358748065043077
-0.50390777960558
-0.251874368550368
-0.523941125390038
-0.52493801643285
-0.55637681849934
-0.348695026700027
-0.401567471494522
-0.485914604529726
-0.3051611205732
-0.452693046651271
-0.406504510855093
-0.411795521966307
-0.347614913019329
-0.335061460154022
-0.30393141862792
-0.417941629255917
-0.386536291585044
-0.366103474619453
-0.235525538402472
-0.389878694349335
-0.414124141406715
-0.345842885550854
-0.394980400984792
-0.431939809095989
-0.43253175373558
-0.33397212868112
-0.307532010322929
-0.366157233456379
-0.331717654319365
-0.459012393228908
-0.437728907768252
-0.361042721923781
-0.311992161811224
-0.372161611452489
-0.310394245759522
-0.193701658732514
-0.455226457453331
-0.520169601865992
-0.444368844615202
-0.27783695779007
-0.391052478244754
-0.380294122504679
-0.388257939051606
-0.292268322600018
-0.408353092531516
-0.388528543746449
-0.263713250333177
-0.253941298072283
-0.324254334777583
-0.383460002754974
-0.330496446021721
-0.23146240147384
-0.430192239172571
-0.280476841084053
-0.352099113125678
-0.294022698717563
-0.278301576514777
-0.265251976236395
-0.286093101736867
-0.199744838640187
-0.185469055618761
-0.195414064942797
-0.351312821326695
-0.304485654716053
-0.25009382631784
-0.363098653691882
-0.260177238476685
-0.257930431905063
-0.364023236372763
-0.238202778357446
-0.158024686721593
-0.171227519571087
-0.324018382033217
-0.174950314202804
-0.201477302689022
-0.141113991015799
-0.321369741115056
-0.346255914752761
-0.322609775821763
-0.257667909865984
-0.322269719563448
-0.299494126001355
-0.123323104929435
-0.108177223177977
-0.322686645022329
-0.237431613197939
-0.0531115006864623
-0.288006446187604
-0.254230194911474
-0.134701856799081
-0.315878167654303
-0.249588571385866
-0.339856135419715
-0.276869114724852
-0.146440595919129
-0.285258468141214
-0.280874748135433
-0.159017491338059
-0.150672720186058
-0.0692920492868324
0.0359187324277865
-0.307835703840847
-0.232765565018954
-0.189231958848395
-0.154464597694919
-0.257714946770692
-0.130858752218466
-0.266591635089129
-0.322359571620922
-0.102762930905754
-0.224656405971929
-0.123737039887339
-0.162760524542474
-0.430638280425954
0.00479608010614332
-0.216959720639002
-0.102166467380635
-0.238397084990045
-0.271386921694328
-0.177242006896138
-0.31879330002113
-0.157065571722385
-0.168027125205805
-0.221152250330884
-0.224631225908267
-0.402699381000362
-0.199211835346667
-0.161261941093641
-0.196921114965645
-0.13037659344642
-0.189518971836984
-0.139958700718947
-0.109838951178424
-0.061255549306888
-0.225270650070118
-0.223625875740215
-0.0351687760661759
-0.172145044114055
-0.0601928948175576
-0.125295602742237
-0.118211716221181
-0.0986891296895964
-0.129341270079289
0.0679599504558415
-0.13865937052764
-0.300260194765908
-0.188553073952456
-0.129390158799829
-0.112568017528592
0.007199050195613
-0.0808658223150011
-0.239445452789499
-0.127338133934079
-0.152854707067516
-0.0980246658386349
-0.172007270558976
-0.13875482658449
0.0072819343173737
-0.0962963811116306
-0.0841772199691715
-0.0863300866433255
0.0173657893902001
-0.166438192865813
-0.100826562637438
0.0540990426868605
-0.058180897090613
0.0603458360443896
0.00864097581632979
-0.136978686637412
-0.11041920709957
-0.111412818307438
-0.174472771052799
-0.046620461886458
-0.124042171524308
0.131878318970196
-0.0579829583565375
-0.140203700719453
-0.147440601945536
-0.190993090998542
-0.0202704374881467
-0.0432512604872985
-0.0071197879324075
0.0086476471594506
-0.0877720848984535
-0.133435999071441
-0.086906066248819
-0.0508873004164111
-0.0914068037268948
-0.0486139692265255
-0.112958111803252
-0.0872397088247152
-0.00107535746907618
-0.112564135811874
-0.0193336737045834
-0.104397535680362
-0.217417875361794
0.0575117992627337
0.0519450492423228
0.0437902769529426
-0.0425229727218506
-0.179967042835302
0.0684894171993071
-0.120848235212382
-0.0786298286373972
-0.00485194711215958
-0.134032935591465
0.118894179683342
-0.0222448384609193
-0.00572632119564753
-0.0951325735212171
-0.0131058408788035
-0.116547603336984
0.00251052152899718
0.0679764435856074
-0.045048221228358
0.180818718591417
-0.243794282671998
0.069931640081438
0.0213276364256535
0.135415188788074
-0.0405877794288547
0.13527912803549
-0.134206985836126
0.105003968272274
0.034587366240628
0.0646793074805628
0.0850186220770697
-0.0989671349354873
-0.134847475927615
-0.0385992097352616
0.0961867309396067
-0.131553122771916
0.107663835138029
0.0713611024809963
0.0166365767569509
0.0585764675558339
0.0521909164783675
0.0393297724512676
0.166803499965969
-0.149435874033072
-0.0365317557668786
0.169633239158012
0.0347212662778391
0.0775964870129027
-0.115420003944946
0.0358552401047054
0.175114403383299
0.0802414944216844
-0.1153011841713
0.0352118675843903
0.0934581679146295
-0.00806684747725745
0.0544491381185094
0.100694525609413
0.0945048226187761
0.169400744675555
0.160214516944486
0.0804226031802335
0.131342473046503
0.106396420912669
-0.072133372795626
0.223621581447684
0.0781222495434696
0.00373282265587824
0.0828789904307024
0.201618055280822
0.106934351628193
0.16611770542845
0.193134235217521
0.107045849658237
0.206774404747316
0.0475238590969014
0.172764458678384
0.157238097106352
0.230467784293156
0.145769616404553
0.215496295426814
-0.0212929348006226
0.179060525231997
0.119803604946212
0.108459447407063
0.141492923252867
0.040871652110634
0.0513319876149067
0.206054661031416
0.176397913122097
0.156189050106549
0.273381559166751
0.257362330713886
0.0552820982608884
0.1719415048351
0.133033247832266
0.0739240789234704
0.146484193346672
0.228874395392327
0.286303389090744
0.101240176365238
-0.0206745787143428
0.17200617532479
0.0730891771753449
0.113376366760575
0.111280639580239
0.136132945365474
0.166911308285094
0.192050050708529
0.287381874590316
0.0929599160349984
0.18953209593252
0.307286393993812
0.302079440719572
0.214242204281014
0.0642990160900967
0.125387318381485
0.476715492369043
0.258170975303643
0.121932363441939
0.102467535707798
0.204289130068807
0.154880462196542
0.192137924438673
0.289753568093383
0.14538878352318
0.294934035666122
0.236043828731176
0.315339529077328
0.0829405520913788
0.15537806964113
0.114425641751522
0.183358484444373
0.161081734600666
0.0925586692666685
0.385977918009688
0.314830468151873
0.247474551207579
0.340640391096251
0.207656879578076
0.29364976856929
0.336584875784707
0.266570986877284
0.293548834676032
0.199251587347708
0.23007339152332
0.365511996128024
0.216791696698135
0.312211182353546
0.312380198456433
0.0973795006269569
0.283075417476827
0.244033071319835
0.339450661471546
0.169376102717273
0.229225450961625
0.123204200521988
0.358873644805632
0.141093207648193
0.321567125039513
0.277554311239811
0.359685447861443
0.288238919822623
0.445405961850965
0.408660640334629
0.319023609109641
0.273947011034129
0.205539481462897
0.296228476930074
0.376562626729455
0.172179528842433
0.265546671260357
0.285979180354815
0.317522037254143
0.295970544713575
0.312145743747804
0.125288724035143
0.399704377129049
0.434591029863814
0.248979237113187
0.393138335917707
0.193187309894031
0.240214528270749
0.184674854989382
0.36832576682633
0.554988717887779
0.281585547471989
0.245746007999274
0.330072207043908
0.396478699130297
0.36089292060212
0.455033980106502
0.367929063450854
0.431565812672366
0.229767867778787
0.244683152249219
0.438178813644241
0.325579516292095
0.272078320565826
0.462062080664688
0.475073784094357
0.353504635966277
0.293610440902327
0.300468519425666
0.292748456558219
0.417320779170646
0.376567774735786
0.359615132094276
0.322435464990922
0.339010795330343
0.254210263161395
0.365611363016512
0.365214012678765
0.245980584259207
0.361799470580245
0.32110667385384
0.235585614581978
0.51340493093975
0.439595474233815
0.428841256450022
0.462285904774844
0.599522721277953
0.338312291439481
0.235819570906006
0.513369476685922
0.461698550105939
0.349284074523181
0.503150169478213
0.383566462379835
0.606033347943104
0.329102302437751
0.387524426929755
0.46253532832322
0.38628824103321
0.394612721710599
0.452869104502382
0.444596668459546
0.398154843545763
0.402629596915928
0.429214086371557
0.651520703490326
0.434547230433871
0.567436562324476
0.494364664975772
0.385155691968833
0.606539150088932
0.583404746324593
0.444615336580616
0.519948802486392
0.363100847074123
0.303645386214912
0.495468794790902
0.473179852515047
0.596645840735342
0.353462966160647
0.398072752125817
0.412606659971093
0.370959279271472
0.36101572879564
0.532799470715128
0.466455491837514
0.565782304438676
0.496269874356771
0.441035015144022
0.493981123179199
0.565830034426912
0.553199152252047
0.657338990561465
0.485586099765233
0.451105496366628
0.643239116582857
0.572511987343243
0.458173600202854
0.517671890276054
0.490069686490829
0.456915832077074
0.415729010470911
0.586890913894799
0.615047631258334
0.646148634559451
0.604221473072554
0.55779430637928
0.53755699894893
0.611117981811444
0.642894918531523
0.582313336696513
0.565108325284439
0.581003631460604
0.511688537655285
0.568797163896666
0.51357587748531
0.523892918989629
0.494710979745183
0.46383199626908
0.608631307777161
0.567075811920087
0.650177377844478
0.577065829348557
0.590258928188387
0.553159529110008
0.574791242816495
0.482075206984129
0.600258098904507
0.542604374963485
0.610727420774704
0.581602566699948
0.505184476562752
0.599008171159774
0.497114717405289
0.547334163164408
0.530797003700372
0.628154396602308
0.630109734353077
0.629584568086933
0.493775586364774
0.495555079128299
0.539563956657163
0.509414482637158
0.778701544895638
0.673281238622183
0.416227669138837
0.51856072696877
0.663503291303946
0.626419694803501
0.435473245902787
0.617055813103878
0.627722078664103
0.540286922039178
0.559880706361212
0.566047706281896
0.746939963942982
0.571219237677608
0.560081140223128
0.630454550015841
0.642258261402024
0.56522038533402
0.600480304314605
0.755079100837138
0.623002004189374
0.567219095066061
0.692208150054196
0.682333421717358
0.716016430583567
0.594776501622523
0.699233296006353
0.701681372515585
0.473916173228236
0.584557926701977
0.531065508014657
0.585777888153297
0.725232640096332
0.576776288287836
0.743858469397796
0.71734547659483
0.656553297840643
0.850691973112871
0.639320500118968
0.79540449960844
0.63202931639886
0.73037414481349
0.661281525976486
0.858217271960185
0.637029908811945
0.494026841986021
0.727060462906683
0.791290525948395
0.661037770346902
0.742574809105911
0.581585208052336
0.550680534155941
0.834339522194037
0.683428594689343
0.589843617955595
0.712149550085881
0.931033073506381
0.664798141388742
0.785691667869485
0.768087913013257
0.771442115344758
0.879603465006242
0.623019748943737
0.803207588179094
0.789115682206795
0.628426547911962
0.662197800679437
0.714277394824608
0.609630873784963
0.61823737015643
0.715754861613844
0.555772507311198
0.690720792327586
0.822750713754046
0.746652248975073
0.927009146452719
0.773727402570987
0.754599418762527
0.670515983404186
0.912228623529354
0.884732456111741
0.689401991539646
0.813247468623118
0.715627782050749
0.796725641133808
0.769764065692917
0.707797639188656
0.779391470307718
0.896502441063431
0.669532582531936
0.644596472889364
0.921466030322551
0.838400288711888
0.75979544050108
0.835182737891826
0.794923465526068
0.728661565997425
0.88097316431287
0.851546915060584
0.891466433287447
0.809448604250698
0.703492725472199
0.702583153459142
0.794198336584008
0.844882431808279
0.893954275939165
0.98633706948464
0.901403030425086
0.815900034395605
0.809232109023409
0.851836794700502
0.866249302165303
0.777153491620423
0.680704161491375
0.914972512237506
0.95047075080834
0.980227135436539
0.883014992139052
0.926531047383211
0.871641479387561
0.995498821733045
0.762799186665196
0.984086207248971
0.945186397573024
0.880423473027942
0.835336442360814
0.853421027527316
0.793870867165973
0.841498743012522
0.985675079094374
0.850175477441818
0.909516922356071
0.815546515874857
0.822320367893031
0.996006809903525
0.931096880627131
0.84255441460644
0.9320608397214
1.02835361432872
0.887453402113483
0.978958939905223
0.954594078034928
0.836602704734762
0.897370907812769
0.981264003957715
0.930713901374456
0.834522721921955
0.959198510216989
0.867366010273922
0.886319521882201
0.900714645337461
0.934617851627315
0.831313140216668
0.978995138118287
0.873489683459307
0.808451096953244
1.01638027910772
0.914326110158474
0.852183902381863
1.09878668636304
0.908823476906291
1.01411955871311
0.890636469665961
0.883410073275304
0.865782542565207
1.11242475224077
0.997482529517995
0.733858592252102
1.12749691739305
0.971049120089359
1.00938129354935
0.963116892453949
0.927143979533361
0.898282709145032
0.932749511195786
0.857973068114827
0.890285397505767
0.878461575183768
0.996386439949366
1.03953215096634
0.890875800713933
0.806488279564231
0.940258280615185
0.96906390066597
0.889368514434362
0.952845793473158
0.927034559304837
0.968112838518005
0.951122336558597
0.838889630671792
0.947501413404768
0.998274329335301
1.05075187449332
1.0368155650608
1.03352022281085
0.965916703050682
1.06596019819698
1.1129221497248
0.951925236863931
1.02065234376691
1.12718614438419
