-0.832175213933344
-0.931930582063723
-1.11454285626438
-0.965226940515622
-1.0830385299034
-0.947537575046786
-1.00599385144401
-0.984927033311593
-1.07792119293813
-0.900775599468161
-0.892466809946326
-1.17744648288952
-0.966742923546041
-0.889492658409145
-1.02477857513776
-0.984296242516704
-0.964295405541377
-0.938229341556513
-1.02156115909625
-0.970468592093085
-0.944795125762936
-0.92640058074406
-0.826197739211881
-0.854475452068234
-0.952373457406251
-0.944452404975635
-0.869912585788482
-1.04419748531341
-0.94803167118752
-0.898061692693138
-0.904792955188833
-1.04700423265762
-0.773344181281521
-1.08332952073825
-0.919074202229757
-0.877729932912214
-0.91888659704318
-1.0464410058339
-1.05345162196457
-0.855243646066957
-0.957725547174413
-0.835101798255925
-0.946446454934182
-1.00830664124228
-0.835998029628821
-0.868109632577082
-0.932807292010934
-0.911953967870381
-1.02067820994017
-0.852600437289795
-0.902660369900529
-0.923961922489037
-0.879232674228865
-0.8622677548674
-0.747140347501675
-0.908213552665298
-0.898580584666558
-0.857454166356283
-0.865042882024197
-0.888887126697467
-0.790058440449058
-0.968951400047491
-0.93794005374528
-0.940213904935426
-1.01922779928465
-0.836530478052934
-0.931456101919048
-0.829293598442057
-0.857860260926914
-0.918569741801452
-0.942837340917137
-0.879666380257107
-0.978346611981639
-0.915631968355756
-0.848734925686472
-0.897727317814936
-0.838528531458214
-0.944944941031523
-0.834451549032034
-0.875357808903085
-1.0238437591199
-0.733438550326802
-0.855271362877606
-0.790604034648298
-0.837038973887345
-0.736752783963247
-0.806839324860953
-0.862079439306643
-0.824202686584218
-0.869514855346638
-0.766253589586101
-0.812969729762113
-0.694640861175256
-0.933517114609274
-0.772320655660788
-0.711846769333356
-0.782212274312758
-0.882405135358412
-0.899339056278071
-0.771563096313075
-0.696916183547643
-0.730463450889765
-0.700468831751533
-0.753530411456384
-0.802179506214904
-0.6997054471284
-0.776868154027303
-0.769190638978525
-0.744011632010632
-0.779580927079578
-0.623818839934042
-0.674854903870102
-0.853245074736374
-0.638215366057556
-0.830114204344587
-0.594475860961069
-0.791935994959839
-0.772626008395666
-0.598260316235018
-0.806738478958989
-0.734113055922221
-0.74234600016477
-0.771575143889478
-0.7245274789031
-0.585258496700337
-0.554150923269282
-0.844941227517133
-0.661263484396443
-0.729254556818744
-0.5643338582095
-0.740795668242499
-0.637827104806688
-0.647248825282628
-0.727739904210476
-0.877687235361046
-0.75937028871882
-0.837127387283313
-0.51983279739624
-0.694698298891004
-0.858329516458985
-0.715207405140694
-0.639693381588728
-0.696129077263733
-0.726011633951754
-0.821522395036016
-0.76394337607035
-0.705888565758969
-0.760698960130686
-0.662093245832132
-0.763315225235151
-0.600782282825417
-0.92495809512403
-0.748954598877819
-0.705122650388808
-0.647072827703141
-0.745234477684167
-0.538072190312468
-0.522488169112525
-0.705464422903296
-0.679984770485003
-0.725930049000602
-0.644661240088341
-0.664977123284698
-0.585577493558933
-0.721831317580355
-0.548930546553146
-0.599772935598167
-0.536273062275445
-0.684569219856395
-0.564709831867805
-0.8082531309906
-0.639367011680911
-0.750585498144382
-0.628758627744653
-0.620953013563299
-0.332923786005276
-0.72080356275899
-0.547273144276958
-0.553857595936438
-0.614950539479407
-0.805215131095283
-0.588515577470739
-0.677906382364397
-0.562073174645967
-0.719525049839084
-0.646360798157622
-0.518867026835129
-0.648278567854
-0.650270389980152
-0.655549506462996
-0.497888665034397
-0.585933310262222
-0.594890153508832
-0.748171185827082
-0.707273545762759
-0.595244010474751
-0.74459950485143
-0.596828567206727
-0.454573693748198
-0.639413672049774
-0.592100595603362
-0.633853939037591
-0.563554380040118
-0.463518837763864
-0.662875691908294
-0.558078605849587
-0.611909268516398
-0.643103260336537
-0.605197941342507
-0.563041066608786
-0.435520402548928
-0.642428596733585
-0.639137181793427
-0.364622167590992
-0.557962978335449
-0.643020492190506
-0.623751666380532
-0.596336232468988
-0.624213836998524
-0.621094884311608
-0.54307039946841
-0.471676990554205
-0.459736572481718
-0.484249988803994
-0.550393925170082
-0.618363798427151
-0.56536749787004
-0.508355834183578
-0.553260192338061
-0.647202276238113
-0.506291206313076
-0.415506837796489
-0.513816132047598
-0.243611014922783
-0.463815633072484
-0.59410210127145
-0.445595886367029
-0.536586321385002
-0.620279573978889
-0.43941885434342
-0.477105718680484
-0.629208310553785
-0.71759076073791
-0.512627098394025
-0.522604554420942
-0.518889397989522
-0.547388256383977
-0.534716015980915
-0.544913391363415
-0.344354102076036
-0.437334573790633
-0.516041710014922
-0.585535688533376
-0.511176116721262
-0.522780508207467
-0.346674452817136
-0.518661126508202
-0.484561970791122
-0.625999485038521
-0.486809018119334
-0.458255881196732
-0.448908539869803
-0.447665303370145
-0.489934054649318
-0.475238497457209
-0.506482040280368
-0.560460103766232
-0.425340945666341
-0.446089586565425
-0.357606459918193
-0.556242420904248
-0.490277621931345
-0.392915727801068
-0.442458556152125
-0.419587624894168
-0.293291091489227
-0.356700146002749
-0.667593492581273
-0.383867766567853
-0.435481217273253
-0.309330387544453
-0.53893754884579
-0.440527311605846
-0.476232328270334
-0.367981218492467
-0.514695334008976
-0.271366722663343
-0.524779486826226
-0.509648593084698
-0.562727934079121
-0.342168941140071
-0.394922520294324
-0.493708212008728
-0.28148582857602
-0.450412833870548
-0.418767145971678
-0.400734281127483
-0.345812235413402
-0.311016385424124
-0.293670742628475
-0.412293605195652
-0.37326394166886
-0.357311130248926
-0.215243337110879
-0.399701487679771
-0.422681033925062
-0.361467639664959
-0.402965736347843
-0.412202766902702
-0.462023263949728
-0.312601318976911
-0.328804923838239
-0.393818460069972
-0.324434630529117
-0.458914633727551
-0.407670007124841
-0.360413861740071
-0.324499948387603
-0.354571292232819
-0.308036243747442
-0.20661183823429
-0.421831702177229
-0.521877781227751
-0.432306536802399
-0.268859483538924
-0.394019751947961
-0.367497870534383
-0.390977731994289
-0.303037504627556
-0.378899150295351
-0.381089429199947
-0.243703794877643
-0.237011314222561
-0.324236179082703
-0.387153856629666
-0.338765537583571
-0.229226811743185
-0.409808278768178
-0.291862051170296
-0.337970550280042
-0.310666638458801
-0.29085416370635
-0.232786428585115
-0.295381217799606
-0.208557256116241
-0.196427436979211
-0.182417904758984
-0.355356538561147
-0.314082402831551
-0.24966898557555
-0.379966515085898
-0.233858970052196
-0.268053803209187
-0.343897890798088
-0.19497754996392
-0.166644114349661
-0.164715228583328
-0.321933472202091
-0.160585078414313
-0.185306776219236
-0.154165100104409
-0.306497181972044
-0.338045265064096
-0.318838306674523
-0.25681499134366
-0.324263203136224
-0.297971059174501
-0.12752874770251
-0.0952443719169343
-0.326035287984095
-0.248438763265331
-0.0551748340657317
-0.292654728266232
-0.256087969160249
-0.11380596753602
-0.310237338335658
-0.242417708513323
-0.345618409391602
-0.297970763459754
-0.149786729544464
-0.312379805150527
-0.295872452253922
-0.169955653688353
-0.154063119047598
-0.0611720053465218
0.0409719421935826
-0.308973673711345
-0.211049984545979
-0.188665185764099
-0.125460783316143
-0.263848452178699
-0.111996978795609
-0.263614566108546
-0.315465288411319
-0.0904512236128846
-0.22914157676007
-0.116575011276381
-0.173611338017867
-0.434172165782531
0.00519570090615997
-0.230550719623829
-0.100107641298636
-0.225376097392143
-0.273474500055653
-0.170081573615533
-0.33178201201441
-0.143247377805537
-0.149783515932928
-0.198719655656922
-0.252813053464134
-0.380671907318927
-0.188888116767882
-0.161379072377182
-0.185771913158423
-0.111254830299769
-0.18779871244129
-0.142869061275958
-0.120525642012713
-0.0667721018176468
-0.240378705123054
-0.226864825646495
-0.0603264632253193
-0.191520410954888
-0.028794782691907
-0.139140209169463
-0.103637257082023
-0.111582194245848
-0.127570118003275
0.0683028193652674
-0.140527310872502
-0.30974068487813
-0.194079007085668
-0.113704340566043
-0.127014536608315
0.012249003980497
-0.0771423809659493
-0.226340060093279
-0.113221022012055
-0.160308802898218
-0.09035889218527
-0.153745155374667
-0.127064212895106
0.0140272932478482
-0.114822958762573
-0.0748996299623075
-0.0936512087661432
0.0467817936111737
-0.157119229895148
-0.107579898398385
0.0332963701062241
-0.0488650798608117
0.0793688707518265
-0.014509099643845
-0.15040134603514
-0.115097533329754
-0.102319649495165
-0.159543277923133
-0.0559332070136875
-0.131255865726908
0.136004697037031
-0.0443591282726055
-0.148072986530064
-0.149471381311616
-0.185525198164316
-0.0288847673354881
-0.0308281288283519
-0.00572698073387797
-0.00561224835995856
-0.0944979203655886
-0.138093095789364
-0.100172151087278
-0.0653866738651738
-0.0740540210640091
-0.0567683262722326
-0.107262225030576
-0.0968772926310356
-0.0155475637578007
-0.125775583175266
-0.0340995447479034
-0.0973121831336113
-0.202157458894492
0.0509238424735559
0.0608096123922307
0.0539914553360719
-0.0479073820602593
-0.188585989131163
0.0684635041932801
-0.129462441511814
-0.0653853498669748
0.0250466077913029
-0.132887946577309
0.145641028972517
-0.0168689017186471
-0.0081315409177194
-0.0915104697878298
-0.0227380430089941
-0.114503452367858
0.0103653597703885
0.0489763585419814
-0.0190883018323026
0.192296487530621
-0.225989590509874
0.0750940154416458
0.0128223486497181
0.104992340683281
-0.0238036877669131
0.126876705949166
-0.137155016450086
0.112178439992812
0.0373323862427379
0.067796687637762
0.0921039850766987
-0.113390185364294
-0.136629819639172
-0.0638944558927629
0.108432343876154
-0.150007054775689
0.105676907435932
0.0494189475133136
0.0290599569587815
0.0498407503620267
0.0595329631300597
0.0723603640331051
0.161550165667003
-0.1203286665822
-0.0391926695786613
0.155486883002261
0.0625566856252853
0.0777059531394446
-0.113282146660442
0.0512024208629925
0.169698424776671
0.0614675889258735
-0.131392963693632
0.0173585393815997
0.0852465985558752
0.000316982398628919
0.0558172227982594
0.0755340425188993
0.124321073851339
0.172460242676857
0.145066565593254
0.0977665017736295
0.105775643212219
0.102965454765677
-0.0590862825802184
0.219871202257717
0.0853979422988551
0.0179075585266311
0.0656452497335698
0.216628747985202
0.096739216430347
0.145348712078566
0.159834337193045
0.119971228410302
0.206957233711425
0.0398077968000715
0.188770557071924
0.179757241599094
0.248817291760368
0.132940447490836
0.226724257158172
-0.0186420259463954
0.19879531870107
0.106035675457149
0.0981171264005933
0.148192880138262
0.00738477103796603
0.058175133815001
0.219862680522277
0.174376810210924
0.160096122266708
0.240647611663915
0.245502352683681
0.0768529847735139
0.161593144221588
0.144276346484726
0.0817911514178031
0.137250726308722
0.245818307478398
0.264066679546721
0.110716545216081
-0.00558107640817209
0.159611099752357
0.0850793487331428
0.117399790304265
0.0981981531009381
0.153003237786382
0.184438633878864
0.183379807425348
0.280324107454016
0.0698645104012088
0.178225044219381
0.301945675812303
0.31567139711128
0.192113768068133
0.0461554459885355
0.113184257120529
0.463111924362171
0.260472832072322
0.145079325964842
0.0866419529226536
0.202036076069719
0.149251072621449
0.209144443092525
0.294715808126841
0.153789570342499
0.279272648301891
0.240896523342981
0.319321209702411
0.0874202213694214
0.158837505202153
0.0948786132765329
0.184743815561905
0.188333799348345
0.0757507160197652
0.375278391737143
0.300237256450713
0.245806789269905
0.334570708986726
0.22208951752372
0.290097731325157
0.338349964962255
0.247473375502121
0.267127156345053
0.194414423503799
0.234202218177216
0.352174155078542
0.194723813157699
0.323656729159359
0.325472132754367
0.100613605910401
0.278386517474598
0.25229068172975
0.306696781424446
0.168287759784999
0.205853361818303
0.147720391855099
0.326035665483507
0.142048252184397
0.355008090920419
0.274213035097386
0.370334476917231
0.264025629965131
0.452613434920253
0.428363078320031
0.3226651890539
0.295852084649733
0.196631199976661
0.297719668896238
0.363771101026996
0.164124773621598
0.264091634999541
0.302759638469062
0.325491938707059
0.310910541253991
0.292354772447057
0.16094360986656
0.402928971162136
0.432504035438096
0.260448948574674
0.404322961101661
0.182670294431214
0.228917168273746
0.195483117422931
0.369537967944522
0.570511124774246
0.267966388749301
0.242143097864545
0.361024336931202
0.409581835762007
0.38921159789963
0.446386512400479
0.388294983310709
0.41009222979307
0.230031805358652
0.266698806614846
0.428056782069497
0.321861095219893
0.259170505346001
0.486222896852282
0.450574610132675
0.353285101339996
0.306786937873729
0.288584145857243
0.299181584103066
0.423391350523688
0.375860337014619
0.342585408215463
0.322080079650779
0.319890795578194
0.270527339163728
0.381296644175951
0.346036071152569
0.256829737805348
0.364123132374272
0.325816117082081
0.22134437776004
0.503817165147248
0.432974412760395
0.427766830430543
0.464240899324584
0.600675408849312
0.356818878947816
0.243671961066546
0.500880311432246
0.441629169721585
0.355114393243714
0.500892056902356
0.3974772744359
0.602953578148314
0.330908364771125
0.372259030668959
0.471428382140611
0.409488758911691
0.390526841860096
0.447602906416465
0.476919303925416
0.413218585385569
0.378625409965015
0.43164888694686
0.645786137703929
0.428239855766225
0.547194586452646
0.505307772370932
0.379414519421403
0.607792013102637
0.595658018554469
0.435737042713183
0.527770466521707
0.369533280216968
0.302930881502792
0.507909170154663
0.477852772214947
0.585951236591441
0.363846149501356
0.38055169009141
0.411953289083082
0.336516364766244
0.35414173616457
0.540467531917598
0.497158002498641
0.562059150624325
0.48117566280094
0.439176986798754
0.525329610485443
0.583329560138266
0.535564389682888
0.636749119184726
0.493366165614711
0.43256496199995
0.640265691663487
0.550436709267548
0.448249959423188
0.510229023124864
0.460772271127968
0.479735826167979
0.42207484640495
0.57399814809715
0.606598365823806
0.66201134141341
0.603592742521107
0.547686991692963
0.543605657760064
0.588882890542268
0.62790207684741
0.57841033544561
0.560423746083934
0.563061922768854
0.50677782758162
0.565706880360985
0.535021166039158
0.538745560185473
0.515770169075722
0.45097413006556
0.624739521363266
0.559444206652194
0.639661027536733
0.573382806292927
0.575781455351829
0.541179652422995
0.57163325124537
0.498022625650443
0.607409804221626
0.528931003174397
0.597854935477736
0.570172452771035
0.492948403525981
0.593923674516304
0.499032342556683
0.564267430214335
0.517363686667511
0.619731186708167
0.635091452434369
0.613843092961463
0.478058420375351
0.478884743370078
0.543081931390713
0.521821720332045
0.771121340955412
0.675621129912497
0.394024512946194
0.500625405579172
0.660857450898479
0.625947631522034
0.454342987281125
0.6442221525541
0.603495406282726
0.551547230438157
0.560684127493652
0.57900668577081
0.756454598228697
0.578247443500356
0.558249582298291
0.634012434444772
0.629183781447941
0.543792036845566
0.601189828981472
0.744545037382741
0.60850525066275
0.562339302324727
0.683209060070745
0.699940571881473
0.712272498145236
0.581580204624522
0.718978170231633
0.679614360945426
0.498126351600158
0.555593373023273
0.560427432127963
0.583282665783357
0.719321419951005
0.572489996993169
0.778632842019077
0.725375998689772
0.645608964447588
0.859500780491072
0.645204061489902
0.80172519155362
0.642707403650119
0.745334198432401
0.67784475729261
0.843294494952561
0.65078647842495
0.485684592440391
0.71984529701311
0.810894746377577
0.642217489359819
0.735096256255395
0.590528155054545
0.533229223000146
0.800673280593719
0.687981768061031
0.619495077492444
0.708708404146276
0.931134421680949
0.66428926586232
0.792114631222873
0.779051077739592
0.780000624363533
0.871844537803829
0.616878526646309
0.810539278155978
0.808577409173758
0.651396858810222
0.665042023908846
0.722052537111338
0.600153717102727
0.632269685303293
0.722244552974752
0.585401695044528
0.664111548907618
0.826153759820269
0.749855265746621
0.930396869868252
0.787782925053714
0.777890394033739
0.693405214321476
0.915955936655999
0.911750071020648
0.689998049147049
0.801909235203909
0.713505999100575
0.803420441369389
0.758012384375693
0.710020186890562
0.759034130189411
0.872562885308599
0.660833133854587
0.657701234562218
0.916690946984416
0.854829772784267
0.746330896332277
0.838920274105343
0.77471330645722
0.740642385724593
0.893982284249789
0.844514940608685
0.897233301876714
0.787691448842424
0.702962361733126
0.677818139657865
0.790109595565551
0.842392949903139
0.891229210461982
0.974902393809385
0.908413675685675
0.807249995356086
0.810776083441606
0.843720138933478
0.867564950404386
0.761277482860178
0.68767490599825
0.905974030490054
0.957946982999717
1.00697150559704
0.856834404031637
0.968888452506458
0.877326644793499
1.01977795497373
0.767419726913399
0.960982047048259
0.939626727692441
0.889361718971428
0.846119746252213
0.841777603846853
0.809821374734032
0.858365558582878
1.00126017518435
0.877906006641519
0.925163872059063
0.800742428331673
0.823697759657496
0.99281953601115
0.904873210644298
0.84929671847307
0.934067748069906
1.0197725579807
0.896290093517361
0.969849105142368
0.965064163063134
0.838533545738168
0.866975829212207
0.973656640476035
0.901191783625952
0.850705531469916
0.95183023376143
0.883601352286476
0.878653296449132
0.890812497764013
0.979204934900065
0.813795891795821
0.966148687039614
0.876560669647092
0.820935108361656
1.01714014715417
0.905242081343686
0.865727874965664
1.0799743983383
0.887977983396236
1.0078331223417
0.908175424124779
0.894009781806425
0.855453301283878
1.10716068414454
0.985828651590343
0.732314974121793
1.11644955323023
0.991658940598402
1.03055595188112
0.98907689441247
0.923530838164305
0.929069707955394
0.932669004221602
0.86218923797498
0.868378083774265
0.852124507843895
1.01311418100592
1.02481108902263
0.890964972489671
0.765069647048496
0.9399071255818
0.973643155520467
0.875786646585701
0.978402282315255
0.929139355063081
0.963533319776899
0.969378549197294
0.835485292737592
0.967348256916662
1.00596222873119
1.06526642827611
1.05829587576252
1.04425791734209
0.981522350711249
1.04918683256497
1.12589434005868
0.950849508687312
1.02907026131369
1.15307323409444
