-1.07042403230783
-1.00423748567001
-1.00773375884919
-0.944011632006891
-0.902130755039166
-1.11754953284093
-1.05316691137696
-1.1281260572693
-1.09783460400877
-1.06975743377751
-0.91828218188593
-1.05063541328908
-0.967751442960706
-0.967109134366758
-1.04209618052178
-0.997090251946022
-1.06314622912982
-0.933391343207003
-0.832860090694746
-1.08132137688016
-0.882437523575478
-0.95489347982752
-0.983809555934195
-0.919350995445046
-0.891713390737978
-0.87693438638932
-0.933914933825058
-0.843491944328094
-0.982275239878422
-0.836054435566323
-0.947520706210069
-0.776997693198507
-0.979653404433786
-0.745223817738319
-0.97660480994254
-1.02348808555445
-0.901769378505027
-0.896588890772917
-0.739424596353613
-0.827636976684217
-0.882863382738166
-1.03648449157429
-1.01338341418065
-0.735343824187958
-0.82778553504385
-1.07135259750548
-0.917201452559466
-0.778633406658657
-0.760140634708008
-0.908046078788528
-0.970503323751904
-0.969520829824099
-0.970110941358153
-0.917721279282706
-0.992394361226291
-0.942903503803367
-0.880391463038406
-1.03615468619293
-0.814740412468989
-0.89192184333078
-0.883817509192292
-0.786868009050273
-0.94348997641636
-0.872500866447285
-0.874097215241525
-0.757717677428971
-0.922185934118256
-0.865294301869138
-0.867906975615482
-0.892643433670033
-0.961864309445586
-0.857273477649089
-0.775540938493017
-0.774429963012257
-0.683005486912622
-0.795343469621883
-0.804555951103501
-0.834003668864351
-1.01185122494371
-0.878719246194242
-0.811464120434713
-0.858238197573758
-0.770060140868377
-0.771620482448432
-0.859976657142919
-0.9344561543072
-0.702401689656024
-1.01797805107325
-0.805685905884986
-0.802851102928236
-0.952425096362596
-0.900283928675329
-0.783274986123115
-0.900434829986713
-0.923472612604025
-0.824234320574286
-0.757109602275416
-0.885542552688216
-0.685519682956071
-0.765421505539649
-0.788309384045981
-0.729731815923604
-0.80747851550891
-0.933968502442421
-0.894827085500029
-0.778980244935146
-0.892190574683671
-0.758700802013888
-0.776610921939299
-0.910353704486337
-0.677073567786031
-0.759233123050094
-0.809215939584975
-0.779985393526876
-0.80127934353126
-0.737324066707512
-0.72978695516219
-0.78969559567697
-0.703339218265475
-0.788968900402595
-0.820064556157342
-0.882140620573174
-0.638777220307914
-0.739843566433048
-0.667826004942342
-0.695059760888218
-0.829904465289372
-0.908986489080743
-0.808546233171918
-0.739854152184183
-0.834065589883915
-0.681724853709094
-0.654879580532412
-0.791170071292581
-0.688237354995094
-0.70751628101841
-0.84851340653301
-0.821812968308926
-0.696517400516406
-0.648771700799134
-0.776512312891135
-0.780569727721207
-0.713405788420056
-0.811143477344114
-0.743083229396495
-0.87510158754946
-0.685834213257469
-0.767035135264573
-0.733788716576992
-0.70401415866661
-0.768176870031411
-0.720947605934649
-0.566982935682651
-0.640342526222309
-0.598034307676581
-0.62736041060488
-0.60184348973711
-0.680652900528128
-0.735438514267646
-0.678426152409146
-0.704169148919975
-0.833870323562701
-0.734657401073864
-0.602864158101632
-0.626558762203578
-0.661976513952394
-0.599500300373085
-0.880157090590913
-0.624806487224906
-0.645789791914409
-0.712438131453187
-0.705592761845851
-0.686128883780315
-0.758946462221707
-0.548034499409752
-0.596403711268133
-0.582903351038169
-0.76781971828031
-0.648673904158695
-0.487122781590601
-0.45434142932329
-0.684066116646899
-0.745939426927986
-0.489272929370424
-0.648030036489464
-0.573306960773363
-0.775742765946796
-0.670321640069653
-0.710570908556481
-0.637475378703272
-0.66809894981046
-0.610241834017925
-0.492453112852745
-0.733634438757072
-0.661485719736388
-0.601151678824256
-0.698665653379359
-0.715125821283345
-0.59757900977562
-0.732882652626128
-0.615564878984956
-0.678702637184562
-0.506144802536417
-0.633639641580095
-0.663072311691827
-0.6192112397273
-0.448689770438386
-0.616474763332895
-0.699324817174272
-0.653906423501585
-0.589750528678916
-0.556338085706689
-0.559638447440638
-0.557343133158678
-0.624928786369701
-0.648962059659659
-0.59949510411538
-0.531309768018449
-0.458795404704873
-0.604082260099181
-0.611324022776518
-0.700919378591856
-0.400637643183341
-0.474685809144413
-0.52567986829869
-0.586575122293008
-0.553647385077254
-0.567158055230612
-0.425570029957898
-0.65910123362505
-0.631363923665198
-0.572693119271092
-0.462014059119784
-0.429208589259764
-0.442115355356241
-0.672397350254262
-0.306722982012038
-0.529300869729964
-0.51275097375799
-0.481736685759998
-0.539682597502646
-0.577071044987073
-0.408882713230724
-0.466967957533746
-0.525258835192658
-0.466736553836244
-0.545991089807121
-0.440473885855717
-0.360265343558893
-0.610602786462713
-0.559925445027797
-0.554147517843702
-0.524397584253667
-0.564358272792652
-0.479849434753381
-0.358287045419592
-0.54902913220664
-0.432893798584664
-0.562788209158023
-0.604060657866109
-0.282264692743906
-0.431079454562104
-0.435476100635111
-0.618123556947492
-0.440491346762206
-0.326820356484548
-0.458053075148616
-0.401618479410857
-0.478111432466654
-0.458621040197759
-0.529570224851242
-0.386804034572536
-0.497901374221771
-0.473437970941251
-0.417681384413786
-0.388719387989749
-0.547500853241749
-0.360499540111911
-0.488038197171047
-0.452532676383482
-0.40407558694304
-0.472679816780397
-0.580927849689284
-0.469746525078348
-0.234648935547628
-0.384151511183441
-0.402043416190521
-0.355915631974983
-0.528439184727623
-0.337132152253682
-0.546670824414741
-0.368803382781498
-0.395366949085397
-0.1767547745909
-0.420565240485458
-0.416297677954896
-0.36823158730708
-0.515606031549271
-0.421369975849976
-0.476762062702754
-0.334959496214025
-0.52645143011809
-0.498886417695788
-0.388183999714559
-0.461386213682733
-0.329376385096872
-0.439557738667125
-0.328097405632704
-0.459437411839143
-0.403237393230523
-0.493977110089775
-0.350749523519114
-0.379099901304963
-0.263638784894661
-0.444311529572346
-0.23171439794892
-0.562419328779
-0.166094924907719
-0.286591035541117
-0.318380761836126
-0.371678713710121
-0.294798190810896
-0.266591448733884
-0.49275940188395
-0.273783004329643
-0.365981658646112
-0.294824105201145
-0.473228455863527
-0.260584441139788
-0.481300532311098
-0.332647905959048
-0.398276237304177
-0.323037891427823
-0.511683126119496
-0.216556722106871
-0.299026723928483
-0.188952619010291
-0.374208896240148
-0.240402915972451
-0.337472017547668
-0.253689945542475
-0.218217216387193
-0.311703554751214
-0.363973479036494
-0.208080567042858
-0.150265116781012
-0.329651316614922
-0.353411913069343
-0.345087627937878
-0.322448950379817
-0.203785196087982
-0.203637778506669
-0.243346830070954
-0.320579028606276
-0.165202297594933
-0.327739712024449
-0.261364551481488
-0.254002677536691
-0.279999584463456
-0.267599187264373
-0.241950722991133
-0.381756202220751
-0.235729787834808
-0.363503879031272
-0.325777127386825
-0.253042811007463
-0.331613748236376
-0.154736540023943
-0.306279706681249
-0.322035193933318
-0.182478725100104
-0.125640365879916
-0.371405723207792
-0.227205253496769
-0.244926757111435
-0.218761808399161
-0.289145742349282
-0.272967825610723
-0.302535739340229
-0.275497518998159
-0.159013854710501
-0.215158611021484
-0.385420693397068
-0.168482184091639
-0.210863774710149
-0.152211012376412
-0.171203048851919
-0.303596809350484
-0.165368701197353
-0.322119528540598
-0.185680147528593
-0.215837604133603
-0.328485182213325
-0.243156876228306
-0.264944011223104
-0.121746506570454
-0.263120426667417
-0.253918076246575
-0.310787205925503
-0.127846939949138
-0.097772027976065
-0.0136676489718057
-0.188284414648573
-0.139502187080829
-0.315823069098189
-0.305913833147871
-0.154172140189974
-0.117264663713887
-0.108164590161386
-0.236538185966934
-0.188112729504834
-0.0800345434672993
-0.124853954764047
-0.275158600341195
-0.151635267274282
-0.242578286488745
-0.118033695398467
-0.0209560978735161
-0.110297581254738
-0.13545591501701
-0.095598369610606
-0.12229805908047
-0.0937721036437568
-0.135624686580121
-0.118165297097463
-0.152275359543057
-0.0472870327716008
-0.122876987537839
-0.117414210743638
-0.254402141301459
-0.017086075936349
-0.170403544384402
-0.133526164228465
-0.16424564594116
-0.0795465130626577
-0.176308802807491
-0.325371980789706
-0.0903289097137756
-0.0382778437266636
-0.221485800053232
-0.200543403682421
-0.218213733069041
-0.0828865823093681
-0.044653790989576
-0.237181886837281
0.0131496283131772
-0.0483204027550377
-0.00559608221479007
-0.252972867387099
-0.0900603771478506
-0.204755002833151
-0.0979043790002414
-0.240152040998184
-0.112303525433089
0.00821212950493314
-0.110203757675621
-0.22558185489009
-0.0773751754847087
-0.0309122959736345
-0.0143369754212185
-0.153221365529306
-0.150094028594676
-0.00772827487410129
-0.138585406329152
-0.140126742473223
-0.10198231740234
0.0202271844590714
-0.0948457825228675
-0.0733662164220641
-0.103826905736878
-0.0453836077274816
-0.216287378873565
0.0362629889471501
-0.0270328539776659
0.0372197866773849
-0.0727298253123328
-0.174128518935285
-0.0142788149912051
0.0173830068430881
-0.0450621743848025
-0.159394259884406
0.168645244202986
-0.0757648208897164
0.0115368530802173
-0.154451310067275
-0.0461237929581752
0.077930570716378
0.0535410999469676
-0.0487914592079646
-0.0824611644061291
-0.0103193194358791
0.0275799299870924
0.0417423611214107
0.0214375031412635
-0.0987751616863965
0.00121875050398012
0.0100390262159596
0.067700239891227
-0.0488121994090542
0.0130258819008181
0.0244403968663769
-0.0853143288527202
0.115059723956879
-0.0606451283733057
0.135744026316819
0.0999117348940093
-0.0229422891996575
0.0558926793420018
0.103440290814131
0.0575945724373699
-0.0157686096204183
0.0196930630762262
0.0641518037662908
0.122142259413915
-0.112564201595931
-0.00963107062052988
0.0739742477985746
0.0931540109835487
-0.00706839462189071
0.0922918649397744
0.0443913808293209
0.135589450424639
-0.0646764722944036
0.0912635017281158
0.0101819520017676
0.12061530489128
0.143376454514992
0.0537072001314114
0.0495621011124581
-0.103193770984853
0.14754646035208
0.0552436116297227
0.154680588252445
0.0975727711740655
0.0953100090660603
0.0631241124557417
-0.00898899196166205
0.163280936744878
0.178781614945478
0.131684496263059
0.099052144080522
0.0924891729528285
0.238838050887961
-0.000242526634251457
0.156294243891202
0.188088155333552
0.123410431934876
0.229944360210311
0.050890282701221
0.248608136551399
0.122158013949884
0.0212129971328932
0.206221694295179
0.0852574420321711
0.15786940474483
0.348271433875229
0.0750459596474885
0.137454091837413
0.280354790576575
0.0183272957067557
-0.00632475052788478
0.102537776034169
-0.00873628285188499
0.22700809806536
0.228999109801286
0.139194881491647
0.0294363347069369
0.230097833336337
0.168834338410351
0.107498348017615
0.197327890567213
0.197460416818207
-0.0464824071014754
0.15539000895641
-0.138075576505454
0.0727247421275401
0.223548982880647
0.208785374035981
0.229719318140184
0.31875114830952
0.176097074231437
0.320037183068944
0.206399547337059
0.191704096120571
0.181637032846937
0.185266423595032
0.0988344452866181
0.117919345724905
0.170899534112272
0.186027390134197
0.188344472143772
0.267833629770967
0.199607326973938
0.188405516360929
0.244108888033974
0.107241516087716
0.258054923691467
0.255095010992407
0.300531810470177
0.265385173491966
0.167356573747323
0.368185703925835
0.150715171920858
0.382405719213825
0.332011223994102
0.0909300004933634
0.193990808006314
0.417350818687917
0.215165742359747
0.382094780034722
0.103161625687788
0.186650633187675
0.366315000660035
0.222427379368715
0.206977110556023
0.310195518293652
0.22654728972126
0.215772413721625
0.320478418929931
0.208586078377767
0.200355366434702
0.269083292841127
0.378332042703018
0.33277651812694
0.206193615131936
0.175795300181764
0.260402091620867
0.269803183834868
0.333709350606001
0.235768105835568
0.298956104500692
0.209421142351121
0.203140728565475
0.182935817537754
0.291339567698963
0.330624374977685
0.333749980269605
0.248577858690909
0.11391681041486
0.301045691849946
0.372014399902202
0.229849713307055
0.447794214899846
0.298748770942733
0.373203329815719
0.258712407115248
0.284129847707552
0.272113366880623
0.281417385442232
0.321881250566498
0.141769153584849
0.216368154116756
0.537533534325588
0.363822918883606
0.297573847136114
0.410933580127766
0.26850128332651
0.379231436329997
0.177261818664235
0.248288273346524
0.439503495728919
0.331642587271637
0.202321046757327
0.354877913036182
0.205913808352728
0.29610095909038
0.327165686723826
0.325152248205767
0.33563410842984
0.300469488675496
0.303571452951185
0.253361114206785
0.289972996284641
0.295048497128748
0.369913444468543
0.352705319615071
0.338041332337592
0.178590508134091
0.36686818119564
0.308288872540415
0.45408582958971
0.341776695361779
0.290316718185446
0.373651365331101
0.352135379319805
0.287816554705261
0.384029916574945
0.467179603582859
0.439110674224927
0.519304085358517
0.340131846080151
0.281351864293341
0.640050447103807
0.34467658858017
0.309444182260148
0.518075495300146
0.422607671496416
0.342714662220603
0.351798674872925
0.411855728760511
0.461851701479173
0.401181721448388
0.39468317840547
0.319867299702966
0.223177247295057
0.402914283019807
0.416596813478218
0.335948141236206
0.573496121765321
0.404705257872845
0.447780364257291
0.468301938322873
0.443532976918478
0.496339464842444
0.382970260559637
0.472190752967673
0.352507501992968
0.346686146103691
0.386703053541954
0.402017461630399
0.356962506465572
0.455604459926472
0.461407870941218
0.463877243096498
0.440381317871955
0.34429928502901
0.239993781327974
0.589028669495622
0.454850005631612
0.556235227436186
0.472612770163995
0.484096796262866
0.470372817265049
0.434364493744686
0.464879024571099
0.474700404656052
0.397024434260364
0.425801823324862
0.489624903536998
0.433830768929088
0.473527520634783
0.474743053769375
0.469532598487795
0.564670224338396
0.49609599097914
0.501205321871163
0.535942651246323
0.474464330087383
0.603859024263964
0.317021234751983
0.426032257632312
0.684108336571084
0.563013057236693
0.484869220534978
0.440692963132048
0.591242707799591
0.513245584725295
0.455754581462197
0.458907053358411
0.537715524276799
0.602876968272466
0.528918243973155
0.433497293063322
0.535535486318702
0.513274515778987
0.465079804984198
0.767207580480879
0.44010384168644
0.585987441670608
0.60537801070226
0.509432389962578
0.581658898893717
0.591499358961306
0.627144475315114
0.607338124361247
0.709028239978418
0.548362034609982
0.593948001392288
0.591203918614448
0.441464538492881
0.500301466819204
0.603682307739353
0.721857460634711
0.534897055963175
0.60884635651175
0.612306135855342
0.47685470400588
0.538748684281733
0.519498425184333
0.638652128097189
0.60834124318633
0.546409234492999
0.471201215025416
0.669748285976354
0.655616679787867
0.605181440736959
0.670198871381601
0.738409266677792
0.600388715543833
0.585653034177381
0.701119434473548
0.681708523645351
0.612169659973357
0.58394678200618
0.610408119662215
0.542751625747464
0.577042129053017
0.633806880365334
0.565114422241145
0.635628548806868
0.534652059723835
0.537094635149518
0.712433572033721
0.596970495964091
0.545456673171872
0.79589237208057
0.433269160100373
0.568218293930499
0.638307246602219
0.700613615642754
0.592243874835985
0.641763373155638
0.659970941743473
0.569269362814418
0.717983299618517
0.606378170007662
0.77386269411601
0.650526784429746
0.551319065449488
0.728427403634971
0.725202258080122
0.631365893144158
0.724265045429685
0.722993776370751
0.504474885802426
0.833747554513635
0.663634865707616
0.763531420825769
0.768410318562747
0.592500924056875
0.794512168000827
0.749014448179376
0.64680889813482
0.809336536078334
0.654163663751252
0.514264655712866
0.684829262796132
0.619069436380054
0.809179559644693
0.739171350885274
0.5762958139662
0.635270043322185
0.627943562898017
0.815708283188648
0.820102143480336
0.732211180375859
0.604453337817831
0.661708170860573
0.583396442089886
0.681381325841663
0.648010800526147
0.58601100251066
0.763841501577185
0.759916488022551
0.74486829287588
0.613868724807271
0.564530605549142
0.863892744789679
0.685229870306511
0.763065107887049
0.717938341130634
0.697856007954519
0.771819273718073
0.591337629301966
0.722161243136509
0.912828007997199
0.882604237171992
0.712437705885404
0.89114625596052
0.821577488240349
0.673754519531865
0.73752995912738
0.826541599543351
0.798730984488278
0.818605210104394
0.660677600304099
0.729362556603787
0.765610014814049
0.674729915969287
0.879704579537887
0.789103593582485
0.617097556178615
0.707206255666249
0.751495304063845
0.877326335037483
0.755591562064101
0.828576919778491
0.840853418749694
0.790106003340447
0.61742014161667
0.868978951374523
0.79512829470681
0.731719336241623
0.792125944843432
0.731297106911704
0.951474462235768
0.783429922358665
0.895451634396804
0.744442534801714
0.666502910690582
0.761813488430029
0.781213100868609
0.7625411918394
0.797108991135535
0.764741361600978
0.762810257885725
0.917066223291423
0.918203404631166
0.942214017899872
0.802470766160265
0.907862051273315
0.884102241302168
0.867157219975752
0.939085491394781
0.753465303856958
0.991133220536875
0.892408299945591
0.747961548369912
0.859430502605022
0.79625027323494
0.80021666024317
0.844495244562537
0.936044778534827
0.888232418559544
0.902657163935047
0.957340066829452
0.788231918765366
0.848506627819791
0.809785517684124
1.03636668577056
0.821163082436171
0.788114557794322
0.937743312449072
1.04412352244213
0.789352683455072
0.914324222194892
0.721150374295477
0.964089272190215
0.894462036393921
0.988928433142831
0.861855365170182
0.806905590432524
1.05783276826546
0.924775192595647
0.925920493579698
0.670621295834393
0.919011745598619
0.922371075562277
0.890671585806007
1.05843879445262
1.04353239157066
0.79924808594955
0.935534754496304
0.913756813387871
0.960547574394051
1.06018654085605
0.978470836054738
1.07312392956597
0.950916163208118
0.940666670494975
0.817010293654367
1.01630877641755
0.943731938369894
0.893638316194019
0.997365810947975
0.963454779636548
0.860909896879234
0.973035311776974
0.87982186563062
0.848003855582691
1.10178550668936
0.824668656523598
0.869513525612983
1.00829854812035
0.961668606056758
0.841381953011688
0.911544470779001
0.989824887298265
0.99222062850467
0.831588318084448
0.964425800189691
0.872228917606574
0.928899597576448
1.02342769225245
0.928646180606552
0.881315264862504
0.955293934326289
0.917724851026553
0.980847960188883
1.05538127911218
