-0.834954132888926
-0.944324189504489
-1.10447492609787
-0.946683292772197
-1.07495438832021
-0.936368412062918
-0.987371111543607
-0.988963848118843
-1.05525362285493
-0.889471152904768
-0.906857672235763
-1.1798413038657
-0.97154787046945
-0.897226782115191
-1.03666805082673
-0.972196899859543
-0.955594544509628
-0.945614545820623
-1.01846968354105
-0.978763537393154
-0.957345410673489
-0.944902124461911
-0.810005284801339
-0.848863727819699
-0.975741397848767
-0.94287708040878
-0.87787407488817
-1.04877794937065
-0.918214465260535
-0.898582723835768
-0.88341797458877
-1.05153077028898
-0.783422484436272
-1.09627403938036
-0.917637832245421
-0.86560504217542
-0.917132170702205
-1.03588280974912
-1.04813359331799
-0.842208210741223
-0.959964838366078
-0.839296540248149
-0.939232251610923
-1.01843998672892
-0.847015004224173
-0.85454213926971
-0.928781354174654
-0.936266998667063
-1.00918550089478
-0.836084273819301
-0.915494845723061
-0.904053795781686
-0.881911225685237
-0.870948538249197
-0.712295790441776
-0.905538531427988
-0.898256541855255
-0.88405521381968
-0.879984727270596
-0.885899919088767
-0.805771289455404
-0.960837474032842
-0.950037740474012
-0.925764044336289
-1.00183684332027
-0.861127238986271
-0.935101326045349
-0.823150230004622
-0.860578509743725
-0.904848626957228
-0.962604101123447
-0.893934620264931
-0.98213474452816
-0.903137197148368
-0.838211213519692
-0.910888953383091
-0.849189742226961
-0.94504206628554
-0.853471628617507
-0.85643513244258
-0.994241587186061
-0.751480344762076
-0.850161519074479
-0.786598281221673
-0.833110448391287
-0.702889034905096
-0.800285179811203
-0.852312340442426
-0.823206346863645
-0.859270488584915
-0.768650019143497
-0.811501341678872
-0.693666405699623
-0.917738053605391
-0.796605253270146
-0.722896334509899
-0.795556457226749
-0.873334150738464
-0.864448317755023
-0.77399548926125
-0.698389364774373
-0.711867116198863
-0.694505559286739
-0.751074348978782
-0.790502946754693
-0.701099109690544
-0.766164056439691
-0.756309953072341
-0.740721274028271
-0.761125008091199
-0.655553225442427
-0.7128089958826
-0.853985021004933
-0.642291263795826
-0.858351281635323
-0.5712104552522
-0.786441223760959
-0.753213537963811
-0.617876825870298
-0.817846028781223
-0.750156292070165
-0.746064926036461
-0.759442731544902
-0.739680076785368
-0.582550560681353
-0.567632507672661
-0.830189647132954
-0.691522785534163
-0.743388958271498
-0.566652706125796
-0.734321286726197
-0.645962386066394
-0.64171296949082
-0.72838294162542
-0.892231907729
-0.757853888954812
-0.845430702594406
-0.524793761855657
-0.683301747081534
-0.850211474723389
-0.714170357192663
-0.62895588853824
-0.68733323254572
-0.699074651437141
-0.805538510983199
-0.773343310385845
-0.717393662030662
-0.75492639342238
-0.668382043900502
-0.766567665642758
-0.604543465219088
-0.926774344071607
-0.74277825156219
-0.707284208823669
-0.635091531072191
-0.753004910081151
-0.543434717528729
-0.530579256037599
-0.709928699437038
-0.680299533394173
-0.745065702591891
-0.645886298349005
-0.671058839951906
-0.580141222172468
-0.701758556251305
-0.543073241307155
-0.599755145454816
-0.541183308287943
-0.715459580595648
-0.553470043251093
-0.822008703678932
-0.631858908112575
-0.750903564255443
-0.639248767259352
-0.628726455061309
-0.358736876623533
-0.703942791494074
-0.548370879695696
-0.561979150050814
-0.627929691493103
-0.796935071801168
-0.601484470614302
-0.678457772844598
-0.571808344814532
-0.723652563799297
-0.654876516017162
-0.511322486115077
-0.650888792966019
-0.635289727696393
-0.663800971797772
-0.494843153066598
-0.600423519856981
-0.57423333502801
-0.752357818944091
-0.704748673223561
-0.596958883317547
-0.718324993555533
-0.59243986957158
-0.44436294936578
-0.617781394816063
-0.586262522027613
-0.635820554360045
-0.582567970185043
-0.467436322316616
-0.67264808849657
-0.56940929461991
-0.623724921354182
-0.635976755874884
-0.593773277907084
-0.561576181969849
-0.423573898403486
-0.660192276583498
-0.640191294222169
-0.35825551528299
-0.566941515842993
-0.648627328787206
-0.614363573566933
-0.577218174035837
-0.62981999195952
-0.638010104498251
-0.565117358547791
-0.449286944628589
-0.453777071411598
-0.485573781992828
-0.554139423865974
-0.596330452186059
-0.56741093780244
-0.4827761718696
-0.5518239033423
-0.642590094595278
-0.485386897163627
-0.400054626562831
-0.513776260371404
-0.226355755100545
-0.467833497081845
-0.599622510015937
-0.43215327309387
-0.490316110144127
-0.612848702453235
-0.447862418496841
-0.455292652624484
-0.625019144546229
-0.703682649985682
-0.522902416255605
-0.509815458066031
-0.530494738699422
-0.557707316581065
-0.52526199818996
-0.527182620668555
-0.355806168679963
-0.440665761606777
-0.501957445501707
-0.569539025207105
-0.509588671442834
-0.539319926446293
-0.350677626825145
-0.50964123841796
-0.486095924819995
-0.629440445250296
-0.488051541506497
-0.447259970702824
-0.449806343436698
-0.460747876713074
-0.488425367925388
-0.465320516183603
-0.494686183070267
-0.536963780013268
-0.413760555918866
-0.428013130282334
-0.365046033691128
-0.557065436344549
-0.496362646835255
-0.404916472849331
-0.447280739157382
-0.390090707466992
-0.299124741331864
-0.347430401499466
-0.670034861024868
-0.382314372483121
-0.432144421392536
-0.302561179499914
-0.559725202544699
-0.431554383240714
-0.477273977555337
-0.391947894781565
-0.521069848668737
-0.281677479650499
-0.515996235670049
-0.516311014992801
-0.530739791589157
-0.341982248933991
-0.39865164115358
-0.483789395618758
-0.294586992636633
-0.461030002314144
-0.404019781908927
-0.413084317548484
-0.341618995575664
-0.33248254667072
-0.315443318141816
-0.416974654227845
-0.377098049502596
-0.352496890199723
-0.209962005760787
-0.376679778079105
-0.412681538883518
-0.373597558419853
-0.377958465104703
-0.42495692832461
-0.437627505522391
-0.330243462197368
-0.328937521814837
-0.365538886611349
-0.32974542558933
-0.458827055683803
-0.418846650114384
-0.353170565500175
-0.324860885833642
-0.376620794153788
-0.29036291281049
-0.198444789278959
-0.426128119442599
-0.517811238032198
-0.447383605083361
-0.272625152367537
-0.395372845520801
-0.358550811938932
-0.397692753795969
-0.321449304759647
-0.388962624382671
-0.385890152292988
-0.253651529808611
-0.259732047885353
-0.316590637062217
-0.367799063608945
-0.302304957105695
-0.220206326294889
-0.419785521093537
-0.283309178615651
-0.323381096863009
-0.312411607378502
-0.29376372941416
-0.259991941493036
-0.283659955533024
-0.197494936830741
-0.193753969916674
-0.192074206819066
-0.344154086411302
-0.320988717263202
-0.255925112915615
-0.362938409156285
-0.249739357862851
-0.271254400419084
-0.346615027181204
-0.238464089249662
-0.168758815310018
-0.157801828310576
-0.315248981063502
-0.164544623638108
-0.193990949147008
-0.132654966813502
-0.306760623722884
-0.337913296091478
-0.324861285381098
-0.279585636247042
-0.32939384055278
-0.268712123774005
-0.129287728556942
-0.0989563866315321
-0.327056555025177
-0.253394053308736
-0.0439898785674958
-0.291281720653431
-0.259892525245331
-0.123166783911522
-0.316403491368252
-0.233323628547003
-0.351082283218297
-0.296209317712597
-0.155276245127195
-0.291838160469508
-0.283901049131479
-0.17250322593495
-0.168936918658374
-0.0471031067461753
0.0448530032365969
-0.303241088001791
-0.221264428260663
-0.190636256753321
-0.150306722943594
-0.249518211478527
-0.112389895908504
-0.279087347431514
-0.326769095185001
-0.0925897157981903
-0.214657789801839
-0.121087491218965
-0.184232606970211
-0.431525044241236
0.00114467762114663
-0.217542077709769
-0.113324119121734
-0.246523332071635
-0.288423920605175
-0.146385714429958
-0.322818963426207
-0.153512004106191
-0.144941905335909
-0.195238996986854
-0.25295190936327
-0.399338499576402
-0.19957634513116
-0.178168673665962
-0.19177374767627
-0.126038452189877
-0.179787571831884
-0.14470522450478
-0.122909920717806
-0.0647462739685003
-0.222024085867696
-0.232847033688485
-0.04916471225473
-0.196049736921696
-0.0635940257087195
-0.107950423357887
-0.116404730944057
-0.101865759065014
-0.124795975697451
0.0618253906735795
-0.142475926553671
-0.28864671763565
-0.198959435839208
-0.108876311782315
-0.127713098168554
0.0264609281297375
-0.089839432968291
-0.234324129331128
-0.133930002712935
-0.140082719055735
-0.0852193654255023
-0.171658933788792
-0.120521475021293
-0.00383428005639799
-0.121043789757353
-0.0907370495731404
-0.101771026689508
0.0444835132872842
-0.186275976990355
-0.124674444449006
0.0323391856037311
-0.0616562494658805
0.0512011167559065
-0.0392225326685677
-0.140011749273986
-0.120094568499565
-0.0989436198880888
-0.145214474234758
-0.0382303668725387
-0.133530661431838
0.123197464689203
-0.0253403454859399
-0.162724334189617
-0.134102736472321
-0.177427874066134
-0.0186942719420286
-0.0205556028561483
-0.0179891032265899
-0.0063418052702824
-0.0747721194260383
-0.116864277054889
-0.0877710691953799
-0.0605442327019409
-0.0675140622881846
-0.057053327699684
-0.11470769669742
-0.0973246120267846
-0.0017949705215785
-0.10608342194317
-0.0292777322914656
-0.10474647677586
-0.224301722309351
0.0540768535534637
0.0487341395697628
0.0655613289563425
-0.0565242212794362
-0.175164889224493
0.0674563781829924
-0.107231222009569
-0.0655537603051799
0.0196657488316996
-0.120491116844381
0.123792617686224
-0.0144848117849555
-0.00932140065115625
-0.0822500013375251
-0.0364872072553248
-0.13446622380522
0.0154580012777777
0.0482829476690363
-0.0252327156980289
0.208261891958233
-0.232187462743878
0.0622119756514054
0.0161782099062487
0.113931769230405
-0.0217984005658965
0.12947331235792
-0.138655485397267
0.0953036619243277
0.0480194196241606
0.0465219888499796
0.0896073736553867
-0.0779944194665626
-0.105672373011141
-0.0529940802796851
0.112459078518911
-0.147777394828337
0.12968456232436
0.0639595687873024
0.00226663622497082
0.0327036360518465
0.0475647940380413
0.0574238813921466
0.170118360484217
-0.14362594985577
-0.0403303430320264
0.137011159316253
0.0618621312321216
0.0835873102284516
-0.127030013153309
0.0536555979546835
0.172142349113202
0.0569115685101232
-0.121024372739601
0.0174533212296034
0.103038814245992
0.011023094752834
0.0389110237858994
0.0818996884143169
0.123008223179794
0.164629060244637
0.157547902863578
0.100783788663455
0.126081510792146
0.122819664202372
-0.0696043929006694
0.225494800502226
0.0893420383162739
0.00998635208599049
0.0739203315149706
0.203594643641197
0.101405515219444
0.14432507002212
0.18009771542003
0.123130937769051
0.237620154885201
0.0643450392806751
0.147294661315042
0.172453960143292
0.238524790988419
0.148964295936486
0.211195745508732
-0.0222667942107041
0.204506898335785
0.10802838095183
0.105101647258784
0.153555379883708
0.0150388065018661
0.0604466976631637
0.206570681207613
0.185604873336491
0.157913078345131
0.245177860688932
0.234356776907345
0.0580828159667986
0.171515722268111
0.16950419565267
0.0707265230385533
0.126015965578425
0.229126677769798
0.245300881127261
0.118223269017082
0.0059708591921959
0.164259695495987
0.0806052444872649
0.114300457950233
0.117087799105231
0.157938914710109
0.159765407257893
0.179361132028664
0.301944108008354
0.0925249575688573
0.194533180201419
0.301554623645386
0.303672500949197
0.200349760903595
0.0445712516172377
0.130377010508644
0.483475347414359
0.285234962567715
0.143130574889648
0.0875841195021723
0.181546183665113
0.138753592171965
0.192996595343707
0.272411105742214
0.166536290377269
0.293463366886535
0.223624528186516
0.331348644125582
0.0970390952003791
0.174600317735128
0.114304046276912
0.178101588341153
0.165369237344652
0.0950510006208753
0.386685322289935
0.300400814349991
0.246447475497221
0.327194921852161
0.2284173816923
0.325547378112833
0.35809034652339
0.245792042085179
0.285861553935851
0.197034510481427
0.246483968167432
0.375182651392005
0.212185862391824
0.319302516064551
0.316892001488237
0.100927999284807
0.290189939512693
0.234130026007898
0.321203691585245
0.165305980130115
0.208162881257456
0.145258920912679
0.358405756970037
0.151527491645884
0.335011887256266
0.302153051043625
0.364833818458504
0.273171475892577
0.440670134719364
0.411663757966338
0.328059308494889
0.283028581096475
0.193465790661179
0.327689921020794
0.367677839561676
0.169484345160882
0.254933730523791
0.28439658565346
0.302893437222318
0.312493402063264
0.305126755054793
0.128700752392457
0.396435279666222
0.428975267190102
0.249030212587401
0.415691817667631
0.178135545863144
0.218290347886066
0.214271127997634
0.376022457799371
0.551205475884774
0.264151823994052
0.256061094963531
0.323726548190482
0.390484948455479
0.380539050092316
0.460726723220097
0.372879227419481
0.422175974712692
0.225037203288662
0.25017643894077
0.444089802630085
0.333697552171522
0.278977030136403
0.470673106496569
0.471486693210753
0.355603434371335
0.302837478963403
0.304486519707516
0.302662112198617
0.434611377910272
0.389109406918917
0.347021805340518
0.345783522131575
0.351116435609686
0.28355148952961
0.357221263420269
0.382593239001748
0.254824789980975
0.365653253749628
0.353222180151016
0.2191407849741
0.532951565498765
0.433175206188859
0.426410751261034
0.455253171171759
0.598253756939172
0.352424277076986
0.2226721258536
0.506379208947193
0.456908464924882
0.338464942651032
0.497099942244992
0.38739057650452
0.593174502304495
0.34158152491731
0.405927865953331
0.451811952703888
0.392367938603026
0.419844972694578
0.467259562755716
0.448817127581639
0.409970910107022
0.394664819807282
0.437071816418678
0.651597861979603
0.441434944040095
0.57245272227971
0.495162812262434
0.375378491833743
0.620642480886866
0.597457450620798
0.424791381230237
0.527468219420789
0.383346843575808
0.292415871299575
0.498219509551212
0.485211958831338
0.577302846631527
0.369771039794803
0.372802007485201
0.416588748529212
0.368147621220298
0.375560516873206
0.539989431866716
0.491315199589401
0.564629784976267
0.484868037695897
0.447795526533562
0.476677746063712
0.566844514919608
0.527153141653763
0.652457882036844
0.487989410461646
0.446210248316468
0.62907442113502
0.547192730990494
0.447338495012389
0.511761333836757
0.465294697159679
0.459472074324324
0.437147378277708
0.592616782276602
0.603298101211891
0.655366754812952
0.625483527756831
0.567122044731996
0.54299340804622
0.615426647348784
0.652870149415024
0.592040239801388
0.570313775375815
0.565354995681688
0.492018224075089
0.559593590696264
0.529730895921061
0.540577039875839
0.512737935009806
0.457891322839807
0.60804216783131
0.567356099442698
0.631636470775046
0.578869633724515
0.587800917812053
0.534647736203534
0.58014199060053
0.47831210089358
0.61642091009304
0.519650469808061
0.587547247181296
0.583085124790538
0.509627015263449
0.588779830433743
0.503138965738784
0.552942656745603
0.524190822604763
0.619541300391593
0.621423315093298
0.616577069832146
0.468331263764601
0.482920795230946
0.559498507505625
0.525586155256864
0.775219956743997
0.661556079638889
0.420652998054867
0.499488252455032
0.66874094535469
0.598288607917277
0.439094856626516
0.618731068676199
0.619930905979049
0.55078073233701
0.569301059858251
0.574041170391008
0.756356624054495
0.571228982455259
0.553099941698678
0.628120112546486
0.634467469606125
0.53680082705583
0.593507342172522
0.749604941555237
0.647398807844599
0.546537500364347
0.695684683354084
0.701747653374085
0.722908238512689
0.597314183974189
0.699024041088658
0.690215426530342
0.474508350058798
0.560042639186638
0.520069697312477
0.561156390132151
0.705590816915286
0.57229386023712
0.751974231268125
0.72931193803186
0.681607419720535
0.862179266538244
0.635962822849766
0.791310773718519
0.629470815737736
0.738777034397175
0.647700392958589
0.866201548467427
0.655268041899086
0.479655890077383
0.719494563455517
0.796608337948765
0.639979151170928
0.755054037446354
0.572186695100605
0.526072261101194
0.807856626330715
0.696616947071963
0.614029669748486
0.695168030182407
0.933511244884223
0.640207961650986
0.789251075170094
0.77895116532597
0.780349176099512
0.879264992655335
0.640015909203108
0.793756669997262
0.785534527565522
0.666427139334628
0.658829578591207
0.723980022057696
0.596558353334545
0.605577128187692
0.715100333653367
0.604588874348431
0.688979439347001
0.834787879297493
0.741126196133216
0.920229276366027
0.784578732964563
0.765338507374502
0.688660245449785
0.920605265597601
0.89819319596184
0.679771214213142
0.819038390685394
0.733985252162653
0.801427240536292
0.774048721702652
0.698478662250133
0.776735051798581
0.872913915796999
0.697714695050443
0.66831616746915
0.908805194766628
0.841637156535453
0.775368836814276
0.842098431874308
0.790932048082713
0.719219609704229
0.917692817791262
0.851143419732386
0.918233838931697
0.797481706052175
0.693341742090656
0.700317182957663
0.797516181368109
0.830622535577432
0.872302503300316
0.978816111181292
0.925821961160319
0.798504654058144
0.806369576405526
0.859450779988146
0.849115896253405
0.780823980514992
0.680594355983615
0.900979325825735
0.937946882187864
0.980876489428857
0.850024034241842
0.937030897550937
0.873590829024523
0.989088515758642
0.773771371824091
0.97235437128841
0.94457493858216
0.889487574361519
0.839244183474284
0.842574606577933
0.789031850350325
0.8259080306548
1.01330420369037
0.879885747457319
0.923290861061653
0.814204894126909
0.81799846675429
0.980454644336275
0.935600896744938
0.840653091276344
0.923483649512215
1.02672948455732
0.892019343838954
0.977339878781913
0.935035852040824
0.858513243944286
0.87611581914917
0.975806521873166
0.927934707865792
0.84627249944583
0.952617298739516
0.878094132685818
0.880150081334602
0.89834411157863
0.961328924232004
0.830586511048954
0.964698366394218
0.883702983671901
0.840987435218615
0.993518307314197
0.894362864473535
0.874657911805815
1.08686202931937
0.918529497459324
0.978755213225985
0.908338980910118
0.88202228622657
0.838690860272366
1.11777197682993
0.990124267856758
0.748618475301834
1.12411770457876
1.0159793980052
0.998999638078407
0.992632256512193
0.927097424490786
0.90321849426672
0.939786472803744
0.849243705618173
0.868047227173899
0.87966025831078
1.00842057009373
1.03982980618642
0.887791082158946
0.774679542793031
0.92788021515818
0.98896269432218
0.897310784327896
0.95627384595042
0.936236572491815
0.974906170854717
0.95199036069983
0.820578389771843
0.983890598492163
0.989430083917244
1.04550079758808
1.04941289884212
1.04309422813368
0.993611231243185
1.05290221379891
1.14319404647411
0.957131684116862
1.02780287201378
1.15786903976946
