-0.979747194288085
-0.958705979609752
-0.915385735723834
-1.18630997393915
-1.0701776324707
-0.927899631074539
-0.761852455955171
-0.894175964335083
-1.00195718941818
-1.02817950978769
-0.944972572268386
-1.06431742418229
-1.03459098090598
-0.996463212981262
-0.868538896409214
-1.19183495200969
-0.974832535972206
-0.964583354745843
-1.00969040054282
-0.852786335974214
-0.891300516958837
-0.864430933155077
-1.10859850638446
-0.904598177941805
-1.00111281345175
-0.950133982671896
-0.901256303078217
-0.926674506544048
-0.959798719661935
-0.908617117977338
-0.92004394116966
-0.913024898204017
-1.09585572195453
-0.735186847442338
-0.96752451384403
-1.08868044183889
-0.93130036777005
-1.03751981549349
-0.877582943765625
-0.967026073389399
-0.826991749897479
-0.95545615393276
-0.902758425004013
-0.869670914096879
-0.735162538331122
-0.843064448980545
-1.00883221449418
-0.920686061241134
-0.739457000789166
-0.928303427522977
-0.861513959233737
-0.891761063086087
-0.787004066630328
-0.973437830003154
-0.766638447066585
-0.958928309009899
-0.987609816681862
-0.918368969934951
-0.82307201582516
-0.972916465523678
-0.890213767678073
-0.951405362618674
-0.955682493628894
-0.927507399900308
-0.891395291773138
-0.674181221386274
-0.852267299131146
-0.902837140867184
-0.938632867045299
-0.876162578433837
-0.927112778079159
-0.811615321579295
-1.0018699083651
-0.862284455285337
-0.90236592690654
-0.875255280601111
-0.809298750102862
-0.865096433780081
-0.854818977489095
-0.813022276290794
-0.835688005023233
-0.757896418712198
-1.02809382650336
-0.78516964590172
-0.720129185321783
-0.903453631355652
-0.771439813258738
-0.73708390368385
-0.838956744934614
-0.914447658324242
-0.870473799234194
-0.711825910612611
-0.914461217760349
-0.7207394131549
-0.817343884588225
-0.744185408798225
-0.795472863092377
-0.764724451185704
-0.791157808857481
-0.777095423859172
-0.783845352325616
-0.734045027995965
-0.954003307062136
-0.879420433335299
-0.749343731331684
-0.82434450618408
-0.79677994233893
-0.783389555679792
-0.839784278874728
-0.674614557785375
-0.790341828931238
-0.694460626664139
-0.719148380528722
-0.719147769915374
-0.918918649138279
-0.74654285221917
-0.866343911726934
-0.675905014336153
-0.711051893550899
-0.620828397147288
-0.779893737669707
-0.76826287883586
-0.656010760789588
-0.715655606000693
-0.634148949619433
-0.644457339674811
-0.781927909290695
-0.693359656574999
-0.834429521873375
-0.706604547721993
-0.695490529441758
-0.842873424993857
-0.709479958192828
-0.660053134951131
-0.530059787312594
-0.662543065942699
-0.617688316278579
-0.639811678581837
-0.661859606931365
-0.636639133843342
-0.681759978270569
-0.73652556064089
-0.822516144866797
-0.716458701502341
-0.773474395038784
-0.73166193420204
-0.645830611662912
-0.762302331205137
-0.543313269228504
-0.754200604809691
-0.684836164844184
-0.872457789543744
-0.719035880083647
-0.647298823472927
-0.78036720297286
-0.699517956989719
-0.729131895425859
-0.770990200207351
-0.605064054365995
-0.688271151689294
-0.677448604611004
-0.726244053766681
-0.71183820043739
-0.615618446509301
-0.597262437492766
-0.73892436285362
-0.502278865166514
-0.868519194471549
-0.743778394920979
-0.635883384781006
-0.69989734744386
-0.748528767396172
-0.662918915062122
-0.854314769270767
-0.662013954163961
-0.499508066800003
-0.732909229466055
-0.708544574278819
-0.709800871046621
-0.622767627009329
-0.521658634259882
-0.545017937966414
-0.686470860517805
-0.656097910717012
-0.610006845398581
-0.682433175047541
-0.550349760226691
-0.75879136362084
-0.623987796852983
-0.715282419197744
-0.600024743133169
-0.670266173150488
-0.618291900952458
-0.61278263324503
-0.615465446531869
-0.616562321358399
-0.607816762543674
-0.727930444887076
-0.76457184025823
-0.680222650525267
-0.593627235974502
-0.69092971386102
-0.558453026600569
-0.474322582943253
-0.519203065984172
-0.574926075018421
-0.643809203706847
-0.770113710291002
-0.558282377711443
-0.632665869664788
-0.534086751231684
-0.496195907829633
-0.43283969488522
-0.761206000690508
-0.673242451034188
-0.591096796090695
-0.347640548497469
-0.570584943717477
-0.548848734095769
-0.653323565580949
-0.635005127409676
-0.529927755499354
-0.519018866067614
-0.498178849575754
-0.547776043495273
-0.400066195807667
-0.645676104329121
-0.597907949193635
-0.564898647473125
-0.617048694255842
-0.610245470628863
-0.632121924713319
-0.421369954204408
-0.573380857132098
-0.516216580596477
-0.538548791298232
-0.439379643930003
-0.751154599767692
-0.482615283219253
-0.565298102149864
-0.54767713424373
-0.534725017407004
-0.424739224459965
-0.39583581928338
-0.594290128943611
-0.408368523326399
-0.57642431352175
-0.449795486711386
-0.613372031801045
-0.443726076129693
-0.42860878877838
-0.419916031453159
-0.455916927937143
-0.357829970975101
-0.564277790809542
-0.620809836210503
-0.425985752949267
-0.319597828421054
-0.502022515435882
-0.542860996868494
-0.476533473631165
-0.404829694032783
-0.594698584651285
-0.479129939790945
-0.529576367838306
-0.492043422223375
-0.25895077166518
-0.566022128129976
-0.403379286824158
-0.510889214742651
-0.403053389868224
-0.372793752010627
-0.312636581999463
-0.29999796829379
-0.639269017400345
-0.315722714630795
-0.484864503666081
-0.517277264321052
-0.309011781736737
-0.448977720096416
-0.508849585812458
-0.428329747065764
-0.519341543623039
-0.371972680753454
-0.453346154403662
-0.444325133794817
-0.135581829463387
-0.547320623729042
-0.423176087400439
-0.319085713469598
-0.414058995089138
-0.441170033225284
-0.491541404991893
-0.285959357229353
-0.384005543708531
-0.335580716886234
-0.466183032193384
-0.310291764637451
-0.309423917755919
-0.335798718793907
-0.470157740499529
-0.402004385646283
-0.323179283955868
-0.361587240906525
-0.340155636153374
-0.274489664825394
-0.472436708104264
-0.409471128690373
-0.372415305153513
-0.358128540904343
-0.415247740680602
-0.488168500246186
-0.411944775088729
-0.374485326920551
-0.38416725290662
-0.569726668949261
-0.443540049224033
-0.335271998129549
-0.353743719233619
-0.394037300793889
-0.351197524939981
-0.348671835599989
-0.460858693929929
-0.329313120527912
-0.179394392016749
-0.421306146998641
-0.384936222418662
-0.228965378491778
-0.23966208321616
-0.345929642803583
-0.508095967678095
-0.393977936494901
-0.23345948735539
-0.357435069010378
-0.379404801181022
-0.290140978374296
-0.349845708183668
-0.346226099337794
-0.390618830046193
-0.336503100480381
-0.276404090761107
-0.506407628842881
-0.166837961685184
-0.313286130061151
-0.120258010811589
-0.269775649578867
-0.260736000083132
-0.278122525483417
-0.284840113083588
-0.231900757736703
-0.357219770377574
-0.276766406663277
-0.267129604751594
-0.257457873599302
-0.440966307363377
-0.240204291764932
-0.353049590178202
-0.280010088084081
-0.440595243766351
-0.386890682315982
-0.285545292144056
-0.340868963984098
-0.355919981855556
-0.127006503194886
-0.344574886567301
-0.252862501217756
-0.181413871097345
-0.305490091186863
-0.426999570646362
-0.301502581324583
-0.127916237803286
-0.339679775184527
-0.219782026670358
-0.271459440138404
-0.267565726397856
-0.261449805743978
-0.109613345228788
-0.345243544359841
-0.281042317790174
-0.219652896860894
-0.211476466286124
-0.16251993921079
-0.34409151605365
-0.31042433560384
-0.245937192420615
-0.238596767248192
-0.322885784115698
-0.217967197208851
-0.314065589971449
-0.310285759545015
-0.373144846037783
-0.283830839994074
-0.212667062090679
-0.17359978869502
-0.23317754189682
-0.200666019006509
-0.315810686788261
-0.221482991852389
-0.068428074992489
-0.120604964198708
-0.229228284323108
-0.233634939166577
-0.194959176914289
-0.277011861027364
-0.318550212282413
-0.140218186191925
-0.239678475375246
-0.169313261548128
-0.182688492665768
-0.23629810034471
-0.210970143195323
-0.152876539862108
-0.259135566135845
-0.241468081683225
0.00339213586544504
-0.25398126670766
-0.215329087628463
0.021558803848583
-0.282392165491026
-0.172841303330242
-0.102002193180683
-0.205696816606196
-0.174038598075327
-0.0362509022919677
0.0530049162366898
-0.0802117170320713
-0.100220533533802
-0.0503484826501345
-0.280579648951918
-0.0821792218389944
-0.299975205779919
-0.144476400305842
-0.170616773383017
-0.0478888134656203
-0.0803554636787627
-0.170952727562529
-0.20435702159406
-0.0920485792043784
-0.115582611269129
-0.090314253323945
-0.217680400889637
-0.0648158914529257
-0.0478059576822599
-0.194321265797395
-0.318215860663292
-0.00194606879498523
-0.149638653546359
0.0195653223820524
-0.108026341199925
-0.108991224099458
-0.142491214450362
-0.0898601423842309
-0.151409532642241
-0.140294607178402
-0.0977216241536903
-0.0955016934708519
-0.00183457121372191
-0.0315851382450241
-0.0691560805528929
-0.13868337950463
0.0222336250191273
0.0428919249246229
-0.123778684382953
-0.0417185176303756
-0.0156407062688152
-0.089225214532579
-0.0260381818610973
-0.0352235937183462
-0.0193366999663831
-0.00975035094616994
0.0268811747940521
-0.0891854151279935
-0.104050720703711
0.052181763204593
-0.0575271470229913
-0.158544836426334
-0.0421946039662891
-0.152126383758791
-0.025810091052202
0.11932606037188
-0.0368197628304922
-0.0311089019313912
-0.0238091921063138
-0.0119485736117851
-0.0951339318513492
-0.0959067149875738
0.223709125124423
0.130706672645141
-0.000886760917269806
-0.133803975807873
0.0404130508786683
0.0382655252999175
-0.0553538999742571
0.134720078400035
-0.0486967570906758
-0.0409562290150552
-0.0179324345961045
-0.0414603325912675
-0.173940208501512
-0.0319418897890869
-0.0415352561505851
-0.0915872506685486
0.0615956601865162
0.0620518743037052
0.142757804856194
0.0736639815181293
-0.0544514213210871
-0.0545800862168115
-0.0167952990554883
0.038045500457056
0.0130888889690467
0.137295728089105
0.0651745876912634
-0.049877313885544
0.0422860590137124
0.0753252181875389
0.0458708931428545
-0.0189309427861448
-0.05584584220844
-0.060672213938882
0.00579116874629441
0.0447791729321991
0.0250552877823178
0.0695625133581794
0.0540703092330302
-0.0970419174283409
0.250523397253105
-0.156517617458798
-0.0214204998783382
0.018370887435918
0.099192473568174
0.0736802488431108
-0.073728926412689
0.0623962729438633
0.165222873035129
0.0715393321830409
0.111555782018897
0.0346897020093321
0.0368096280946543
0.137255351280091
-0.0130938467861702
0.190783817982127
0.239853208429538
0.0322300325388164
0.0647200514928318
0.00877036003459951
0.131104053872604
-0.000928606884312941
0.101285084670199
0.0664768247640024
-0.0183075222635766
0.0531445373856122
-0.00422874647834202
0.102057668090124
0.0765423103670222
0.169381003930156
0.13461043097186
0.167925463497174
0.139066546333053
0.112869358320227
0.179449501330418
-0.0137091419137005
0.0875519411690152
0.101571471882739
0.165613831168872
0.210208572855418
0.242731157323354
0.179791272115245
0.0894665108738673
0.147271376361534
0.168510156965134
0.0575591256930678
0.12787857116994
0.14049329839093
0.158809108475195
-0.0302425119819984
0.229461434216356
0.120718921349708
0.14688613959131
0.237649583461166
0.309395473696718
0.148012956302953
0.150068827293026
0.0885306597893961
0.146828126026929
-0.00356664982313466
0.301127913299577
0.399012482158064
0.125969368224494
0.225953068359669
0.083934449633537
0.10157094379111
0.15121962733576
0.301327586317056
0.320979527442628
0.402911242934426
0.080502136977049
0.246642784092224
0.239179376092594
0.118347229170075
0.129978408149255
0.234614073177253
0.231716971903735
0.174296394922435
0.131771861399863
0.239695977646844
0.342024302065295
0.293341038418409
0.256833729754905
0.243038620077234
0.215433790316064
0.220004893969611
0.126441620920179
0.312406529561667
0.284204977933738
0.292045510958433
0.393444127744239
0.271156501819455
0.130854872719869
0.267971756922068
0.220723263810435
0.292406713807846
0.298433757470165
0.427709036235463
0.181494835916144
0.312833653715169
0.191558262492187
0.174482106571874
0.207984428837942
0.192430364419971
0.281844685648703
0.224788302532627
0.301352519249841
0.464031715376232
0.335239181619862
0.327787787329674
0.239148508346204
0.382402018760076
0.296815274744376
0.291310011935651
0.191065529717736
0.351998459735865
0.291590525901225
0.309897200668875
0.302998231482709
0.152847378845218
0.239442341336323
0.35295483307273
0.474163178543067
0.303438945781743
0.365815114325113
0.21503531273927
0.311632485873153
0.207283979783644
0.266428235830487
0.312895733364461
0.303359751146843
0.258664861754946
0.377761653513375
0.441369907862236
0.327808635714543
0.291779070744506
0.440361125237866
0.370023393725591
0.374822079167944
0.393093907477881
0.345197675252741
0.275455850207995
0.184215406403261
0.401042542905257
0.472924532348439
0.348028334758503
0.396239615399106
0.494848699666212
0.348143340228231
0.354585858366204
0.348179062900332
0.296151239243947
0.281233203512629
0.518902838294059
0.3686015169655
0.566781933404558
0.409461206877767
0.318598613908209
0.243571031944777
0.345283590567617
0.467235994991767
0.349770566798319
0.409481063025324
0.310418425187736
0.320926591059093
0.514712968347419
0.48560861498985
0.484788785638442
0.343858942418535
0.429194501967912
0.378382728634546
0.593353141759069
0.380597644811223
0.382476416315066
0.409292914350522
0.458111501065221
0.511260385504946
0.418097340714727
0.333136355971006
0.47418266195407
0.316994360410393
0.361506281634643
0.433302044058802
0.432458195037278
0.378689284940248
0.487680309776883
0.425242472916148
0.405825897912471
0.266550369134155
0.364844357463707
0.366873457759519
0.38096042210617
0.449548722297968
0.457202708456231
0.468835808730364
0.334802073974549
0.313680090675665
0.374531129253667
0.482457742112763
0.568543642625689
0.473206319109123
0.537369989424223
0.470869473522177
0.504609977931578
0.455187107437297
0.392907157555155
0.526913528047555
0.411758588081996
0.528520121264403
0.506681662218963
0.511849789426962
0.609398279174509
0.601024564391355
0.510437324193436
0.490677102206616
0.396362544566646
0.39404653360094
0.511172612864615
0.53124570618203
0.538293195997837
0.509105588062446
0.540104044408725
0.552172882887582
0.450031658709425
0.574986497683164
0.472594652483946
0.407222792175029
0.414022821413577
0.523882554969394
0.647006788626961
0.501805464131081
0.475134143105726
0.553229172237411
0.630931637638719
0.505772829131988
0.424240643245599
0.392922865080014
0.51556937948859
0.595680236231941
0.578533835407578
0.48864749009754
0.453301101392623
0.45366214312458
0.432775453643204
0.376001078614746
0.537433680638666
0.453178602291342
0.687827587603933
0.636705052940317
0.600451910396696
0.630022865247375
0.532733308878891
0.572308173530106
0.475747561870448
0.515046862259266
0.537639823943278
0.388952321518669
0.762218023657335
0.620051255694107
0.579136663753646
0.622292664176569
0.828177296500772
0.574502208106664
0.594327488838434
0.746772835611591
0.74254664418981
0.690652211180419
0.500291688719099
0.615860101684827
0.585814031941559
0.551711647982368
0.687447524533478
0.64564388344571
0.546438992264698
0.713742166654668
0.563059944285004
0.792757207044637
0.585204412034598
0.585003170474703
0.693417405679463
0.62509170357322
0.716482415359877
0.447489002531063
0.669840744741247
0.619957741781164
0.752137247869305
0.5855348735099
0.544963548617238
0.545710850037647
0.632362139399257
0.752028151121505
0.669067421556744
0.620349539250844
0.768334876431807
0.706728807672848
0.451172977557921
0.630519048711599
0.675916798281985
0.703499051813503
0.533306859150875
0.586045821496748
0.603571952988105
0.52681544529963
0.647027833243161
0.735159297390311
0.688799917002582
0.571474848577679
0.552012415122835
0.602534172579024
0.733030644082264
0.696946596832437
0.73391135984681
0.667623114731017
0.715654313542536
0.59843285073907
0.639297564676896
0.77447144864683
0.82210654427026
0.571523381394993
0.72477282150282
0.721189250494117
0.743901625972107
0.663676055885328
0.657008972383085
0.69723087400656
0.66512728684138
0.80362417166513
0.572929130850626
0.768071550895419
0.605660367049348
0.722252410828582
0.622490604713449
0.70849449583782
0.680935623876514
0.527945897546465
0.5195343452903
0.814205627091538
0.611583257933291
0.68446082759586
0.899384910100037
0.793258791851938
0.798251705172348
0.688357421851624
0.746565656836829
0.734701881750279
0.723524689285027
0.726725612226616
0.819791762779739
0.740268709675568
0.778746228455168
0.825379051642135
0.728112494201515
0.742916648117782
0.768723191379289
0.876875809813788
0.889962782907958
0.85995702963809
0.78424736442907
0.819335424827486
0.79321874419037
0.647385797013328
0.71864264644373
0.900185543619458
1.00816075302014
0.591937838035131
0.723037830065017
0.759152720431586
0.814144693553259
0.730820846170838
0.84780508021518
0.895385753075564
0.585511566352935
0.845628807509746
0.880559416817418
0.810230709103449
0.749326413519978
0.839254314535121
0.650403783081042
0.730295916773635
0.840872248844017
0.810483144726951
0.927083636016065
0.932024065178381
0.833702903976538
0.745401472976771
0.940833595872773
0.790533470046092
0.724695065254705
1.00420897794404
0.676753433252095
0.736766273226017
0.786332444084466
0.664976025071939
0.822162551571594
0.836319274526439
0.933932858891307
0.776502266669636
0.765458024723418
0.87272109674977
0.960347689569516
0.89720113002238
0.675581988591442
0.933482764629102
0.874930481428262
0.783778704290247
0.811319638993864
0.748998841405401
0.735007122563158
0.882409417119901
0.966312564788074
0.680809677276913
0.754667358608382
0.936875473683613
0.84316306992015
0.922264695920132
0.964072066614005
0.764279463592307
1.00696667665707
0.905327945924538
0.926387482603792
0.97733317516592
0.853585049847817
0.797450145642505
0.99101433897594
0.860209264828403
1.1023364253636
0.768347887238605
1.01867247204148
0.687775657775905
0.843886862816006
0.994763652006386
0.854897152424589
0.826957665006556
0.843366756721287
0.809422664316857
0.949242857048797
0.735044279871392
0.997588948852409
0.99622400363308
0.94646805573931
0.933415829905657
0.895160984692207
1.06309149319752
1.06593709304083
1.07129491911494
0.849752728372652
1.04324706686708
0.836064174412819
0.952552608002273
0.734218925110021
1.11955364300015
1.00229220751669
0.997884349108377
0.974992739147894
1.01278617577204
0.925164945935634
0.916955434765838
0.963769315418096
0.960065680497352
0.924940619471179
1.00952109885869
0.996509281929844
1.17037568498535
0.868997448478877
1.00633176671419
0.926370510841379
0.965916127909861
0.902412117911996
1.10517150738782
0.948684525503641
1.09885991574109
1.15172796284608
0.915067569562216
0.990578776870344
