-0.970224839099984
-0.967920196443383
-0.924190696726066
-1.17976329030942
-1.07520462079409
-0.922955336719367
-0.770445228407197
-0.905465375185748
-0.976062938401627
-1.01274360580494
-0.949846678172021
-1.05429421989233
-1.02707485998883
-0.987749872066121
-0.8811114386517
-1.18033082265692
-0.980092967911468
-0.956261778092029
-1.0000315947231
-0.864333999635661
-0.902487939390954
-0.878743741194103
-1.11620981051429
-0.900021964480039
-0.989012904040406
-0.951267837585346
-0.90224064427589
-0.917253849513108
-0.983699179278809
-0.899795704276774
-0.908322322912275
-0.928094547906771
-1.09210425389976
-0.763873083612487
-0.967461324926356
-1.08757077277465
-0.930089977445698
-1.04714015177932
-0.876622564431815
-0.97574886580657
-0.815278035134413
-0.959145140781026
-0.905866646001491
-0.878948006468722
-0.773611621542635
-0.844690041443153
-1.00622683427678
-0.946048592977484
-0.735685805996316
-0.926216654922536
-0.836303205421989
-0.894126657539013
-0.782257912696634
-0.988347583701023
-0.767415611620441
-0.960291741152892
-0.980460922194235
-0.912051218657552
-0.81520883884755
-0.979334131512787
-0.877431025032302
-0.944381778987214
-0.968829973020828
-0.934833962261793
-0.890612811641452
-0.641577892293495
-0.849731637525697
-0.917065724012612
-0.940807280456481
-0.881074872855383
-0.946953421866567
-0.814402173511917
-0.995609394253146
-0.84696449612277
-0.903878526421759
-0.873198007076252
-0.793493091684584
-0.866017968186266
-0.885680216737287
-0.81585740759596
-0.825364137179044
-0.765870472492091
-0.993090715176449
-0.776241797991044
-0.712410653522067
-0.902287219160592
-0.790732622531221
-0.732637208307629
-0.821109174273207
-0.905202901883803
-0.865273884446544
-0.719578815431797
-0.914638753054308
-0.716131282662401
-0.79179242000752
-0.758443784081858
-0.796506812444041
-0.780264292952521
-0.783734495765463
-0.766896804180507
-0.805500739200204
-0.734470120704994
-0.955244663705191
-0.854159563777659
-0.747973820547559
-0.833354948845769
-0.816580389013769
-0.797467822102532
-0.834617848680231
-0.649901978007485
-0.786460261506289
-0.698715863074563
-0.7334642969608
-0.72056472631374
-0.91255157113597
-0.77096074247922
-0.861931324154528
-0.671420453932221
-0.733201165330004
-0.609170418066546
-0.76976165802618
-0.767908538982681
-0.671112347831547
-0.711574308900438
-0.628495385811584
-0.640913061551571
-0.797514832042772
-0.699771448223854
-0.827044480517067
-0.716175917941679
-0.697187302629586
-0.843235403874483
-0.687798494725248
-0.661641782289982
-0.548105499226942
-0.649418454559741
-0.627512919249996
-0.643331622804488
-0.686064241064578
-0.664265221139051
-0.698346993501533
-0.738203389981995
-0.822049034815664
-0.711526919268648
-0.789859896152581
-0.725461281543082
-0.621043599473824
-0.765639517277719
-0.540644590244851
-0.76445335446025
-0.683111704855811
-0.855446597085676
-0.711517513263811
-0.647843462115321
-0.776253717356757
-0.684954244803579
-0.71147192732359
-0.783424961321134
-0.620468813359313
-0.715767003209408
-0.678087335478149
-0.737449742024074
-0.717202329840901
-0.607127883225455
-0.601303647113962
-0.748109453547461
-0.499723018690161
-0.887514771632483
-0.743912959347474
-0.626457349878473
-0.714610588079385
-0.751564213063977
-0.672229250677122
-0.850400291486389
-0.648805172941707
-0.528609674385261
-0.752894721628951
-0.701808014301379
-0.701516079417683
-0.619839794342295
-0.51581523824386
-0.551050599896925
-0.706679341341087
-0.633983270719893
-0.618794500109065
-0.67329310956252
-0.55520393635142
-0.771457630306893
-0.620655694911567
-0.701227836969297
-0.601902220599115
-0.666114575150722
-0.631946146957215
-0.631651489339364
-0.606876514987409
-0.633042082575952
-0.585564942723273
-0.693768941375431
-0.778181480741021
-0.681373491028579
-0.591060703491121
-0.690991829409768
-0.569681338461078
-0.470317987920489
-0.503175970995054
-0.582837893913767
-0.642697933419864
-0.72819250563689
-0.555184957844298
-0.639042607138316
-0.52776627360693
-0.505192784508718
-0.447870846403104
-0.760017896717385
-0.676203365916684
-0.575228451116672
-0.340863166257032
-0.544276798352415
-0.53441011835929
-0.661052331753171
-0.634378561501006
-0.505760411871312
-0.51294690308422
-0.503845563708754
-0.566932888541533
-0.404656755049513
-0.666495171216365
-0.590005069907838
-0.555879775380334
-0.604913531693223
-0.625244471020505
-0.623602475451962
-0.420027381744177
-0.591401971177904
-0.52522759733879
-0.533613349003795
-0.471692611975516
-0.765244277286448
-0.489760506952808
-0.571459127310292
-0.543301601762303
-0.543599336528755
-0.439164292112105
-0.37808769537152
-0.563331125754005
-0.392789839335718
-0.577644344486522
-0.446086908294202
-0.604877555843784
-0.430969531588251
-0.418830474243064
-0.456305181156109
-0.44327069925627
-0.333758870863396
-0.545095260664933
-0.610712407562613
-0.417108670185713
-0.34126403521875
-0.509111535000608
-0.533026074237927
-0.489527534264945
-0.381073222302798
-0.592240165114802
-0.491193393767022
-0.524537673596946
-0.493945482009281
-0.256806051219171
-0.565031376481433
-0.389676472437588
-0.53573409284269
-0.409414502493604
-0.373947343551756
-0.317377810983995
-0.29806535677417
-0.630055676744474
-0.314019084033494
-0.482279580784438
-0.49999359012499
-0.302914956824645
-0.456766178493173
-0.501820935206356
-0.440605175245962
-0.506385897593163
-0.394909979223315
-0.475011780022913
-0.449021564658372
-0.156712615150381
-0.532494847610394
-0.409608184519598
-0.337665350680047
-0.434307287460098
-0.428373740397058
-0.49683074934823
-0.280881099183666
-0.392307011815258
-0.310036698985291
-0.495457764490225
-0.297689327982131
-0.316851832340804
-0.323105244698342
-0.457440386638208
-0.403227526759518
-0.326085505552569
-0.380286136198886
-0.313528609526403
-0.288654744453005
-0.469991767765857
-0.401503798699123
-0.374412806883828
-0.352547998763562
-0.410817764684079
-0.500724969633048
-0.405572585615388
-0.392592053995778
-0.403579133190345
-0.577255803188644
-0.425803839420829
-0.319887182047968
-0.32503228718968
-0.367970107271049
-0.322233154863232
-0.36126964807014
-0.480372874031199
-0.327055095419901
-0.200743838193879
-0.421237480821837
-0.411102386498914
-0.244820315214292
-0.249655189575462
-0.329429748414568
-0.510123457313477
-0.416693396509594
-0.230556821425228
-0.380663832144707
-0.353985651020126
-0.260576963227917
-0.345986364629725
-0.329585245690641
-0.401686235137983
-0.341641809213573
-0.274678628860573
-0.529479392928783
-0.175651563183069
-0.296995118782758
-0.119039019848846
-0.278670979900605
-0.256480751494638
-0.280588160399192
-0.273219674761205
-0.237982764843489
-0.356361742322383
-0.265138171725281
-0.286413704780239
-0.266150026329781
-0.436642322202481
-0.262780808281447
-0.350955307720559
-0.266707463064404
-0.471357986998208
-0.379347765599271
-0.259829205949624
-0.347227824818818
-0.345924782828687
-0.124221626930484
-0.313400147849233
-0.234975552203231
-0.199084221849191
-0.335217487025849
-0.404689393469378
-0.306939357712059
-0.11758810940855
-0.351491055547301
-0.239465583979941
-0.286435902496102
-0.275632472148638
-0.275422743281185
-0.115734617711629
-0.342038009553712
-0.282636700353302
-0.231949360236981
-0.21147890733234
-0.156604303328255
-0.334023547236494
-0.292895090875853
-0.249886578133154
-0.240945867512526
-0.317589995719238
-0.208609671287633
-0.274534867317637
-0.30712364677182
-0.392787742439441
-0.281375127491324
-0.225615956515043
-0.158302911286485
-0.242614968625465
-0.211664709448578
-0.301668001127124
-0.213990858860951
-0.0605467555312069
-0.133321386822356
-0.232191791182356
-0.269278935888127
-0.19481307933989
-0.273173083285671
-0.331283128924058
-0.158106168077851
-0.239996584186814
-0.166667711280545
-0.179396831355002
-0.225619432412141
-0.220972378401775
-0.179103079381918
-0.244433437863155
-0.239896417445221
0.000796041040731226
-0.256895571699386
-0.226884158174565
0.0164140082753183
-0.267158674237299
-0.173370716932154
-0.0906833305902028
-0.19557695137419
-0.175697066390022
-0.0550350786075805
0.0756363402093118
-0.0755157936552611
-0.0937949522904888
-0.0556732324804694
-0.294357361756043
-0.0658557139019829
-0.301437469758097
-0.132979107965146
-0.16943800374275
-0.0344801481560311
-0.0774139813526134
-0.152301801080314
-0.190290244697419
-0.0841872284726871
-0.1129346890153
-0.102013199378288
-0.205818977530134
-0.0360468409978892
-0.0493228021938505
-0.225902234069664
-0.289957147381963
0.0149924186853936
-0.16251070905726
0.0274579060723253
-0.0950302737479567
-0.120625518617677
-0.128210433557455
-0.0801632342824691
-0.139194817340159
-0.147607307673364
-0.0830962982474593
-0.0895449279271977
-0.0278718276892649
-0.015581711785071
-0.0938476719475732
-0.111335183877536
0.0139016619366749
0.0445632183553513
-0.118558279478466
-0.0507458197060766
-0.039385553339951
-0.111223573177576
-0.0300923868116747
-0.0437479454091474
-0.00120118881782698
-0.0250378865768537
0.024709536501655
-0.0944701107177136
-0.102905500072878
0.0531514431263738
-0.0493003965409611
-0.162262637718814
-0.0399736286741784
-0.150033284432975
-0.043520349965755
0.121248385448335
-0.0550176906021756
-0.0506915661253698
-0.0239715629277223
-0.0199926019033738
-0.104745517621939
-0.0753689027438098
0.25225793583669
0.135496637868556
-0.0127583897054745
-0.13688228538997
0.0382515030071489
0.02077646261052
-0.0468541303927057
0.139151837718334
-0.0351298046057548
-0.0223817256424267
-0.0262478615649863
-0.0260624785249035
-0.184781915717932
-0.0439595608037492
-0.0593220212996262
-0.0754914634958987
0.0597280528266485
0.0616784109938386
0.140823903411323
0.0747648865784808
-0.0468939036709101
-0.052437455514388
-0.0136316821310526
0.0412561026642439
0.00889636750608281
0.127677960809899
0.0739688480078098
-0.0532254313495962
0.0344508463199135
0.0596116789215627
0.0353168432066392
-0.0211816485914112
-0.0737549376459971
-0.0511989244180787
0.0232428196710231
0.0413445258096205
0.0309918207586899
0.058598334013138
0.0583778121779372
-0.117130679468841
0.250358172118728
-0.124666211724243
-0.0442945180880682
0.0115141899952619
0.0919667290262581
0.0888521421616939
-0.0654577398262294
0.0661193501109115
0.135051118110167
0.0945546708487851
0.0889293099349224
0.0418475402009398
0.0439359978793806
0.157415875317889
-0.0139990643134146
0.205363943568302
0.257216913436129
0.0322281889636233
0.0563127803723674
0.0211213687564977
0.121264518297954
0.00675076127266051
0.107460650298955
0.0698134251551487
-0.0132249086487333
0.0636135373080013
0.00424523869230037
0.0990261607355439
0.0586647035709961
0.133838775775125
0.163477762607986
0.149907378035439
0.130812665985941
0.109471071225295
0.163992243858351
0.00988764547077781
0.0818352270061907
0.0939549031617424
0.159476502257241
0.245579966442686
0.220844149085788
0.174394632530055
0.11119024264497
0.145025635510994
0.125483638384438
0.0493279310951859
0.123902544409946
0.14733743913978
0.177722132642049
-0.0390378178892797
0.243121436524307
0.138839130530971
0.162954800033537
0.212017816644399
0.315361015409043
0.120002258909116
0.164415317666093
0.0914631315509085
0.146618225320275
-0.0113286249860585
0.293218690475591
0.398684456874944
0.116422848714622
0.222525499692857
0.0719065133879507
0.108318932489602
0.139924425465176
0.290705781599661
0.316126539862384
0.39834599859945
0.0649411833866775
0.227639002043156
0.230725855328458
0.131097266823148
0.134247255673788
0.227594693813135
0.231891513485048
0.17790352444867
0.111847006398382
0.228039007661442
0.340929409396037
0.29608344344096
0.234374895284981
0.228054832959967
0.197082709496439
0.24186321017232
0.143854068768794
0.340574587537234
0.283660578627732
0.278405600682555
0.382741299424368
0.281803647295008
0.111691240821311
0.265196843544847
0.225598513244277
0.265363667298338
0.30763208050303
0.433746293796653
0.161656481081735
0.307692099035448
0.207397403262555
0.157185732239813
0.218685909788512
0.189971767245979
0.311627766698293
0.249229195293697
0.291190242160585
0.471240730500352
0.351758978453485
0.339213856708801
0.230078033228832
0.357316321450791
0.304580647961336
0.282809457948187
0.187205286597073
0.361197738940501
0.296043878861113
0.313508323054192
0.286342071561644
0.138778771425117
0.235320982978206
0.349858062034397
0.479736436138944
0.305427283795636
0.358008223851143
0.222235358581569
0.322762529228978
0.227124781802187
0.283815994190533
0.318042272005268
0.305406847325897
0.253213730391286
0.36604300857966
0.458249822837082
0.326015120154655
0.302332067622994
0.450791427655647
0.355661969443024
0.379781369029305
0.392132154264042
0.355911707124901
0.275395330085375
0.162207428045132
0.41268029298578
0.466761501261196
0.342404617373174
0.414576555918637
0.480490262991633
0.341572890739607
0.345471275299352
0.348274928430004
0.289371920203341
0.278226463787962
0.484121580218962
0.368874051174802
0.558213768842442
0.40765158304208
0.302635829258933
0.276401504633886
0.341512430389248
0.470563349414817
0.325343628513396
0.406367546112899
0.341717574796166
0.302996342342357
0.519003417541322
0.489460567565757
0.481378822091035
0.34147242705333
0.419803620980388
0.388507469677686
0.588416053674882
0.384530124661969
0.406807769304707
0.393901067650991
0.465220297879867
0.504305903306635
0.42436552431998
0.344824112835846
0.445280268582482
0.28624333255503
0.355393766116019
0.44877470991603
0.436003621457118
0.377897305255243
0.496683860742587
0.428455035362661
0.410769775236412
0.271103687487625
0.359716131279221
0.353402651191069
0.34971005277895
0.450906581413153
0.44316611145211
0.458148535755711
0.341236199057246
0.320600471712547
0.355701486232162
0.498408318014285
0.591803984775103
0.433975913179728
0.544864187687276
0.478926890410317
0.515637024601017
0.466609222829472
0.398807739872342
0.555158447382799
0.39319468822176
0.529514218891654
0.48374954806045
0.521962292342837
0.59871776603001
0.587606469896837
0.500361703858715
0.483064198583921
0.417958799383409
0.383392567254818
0.522255218251023
0.540369029086982
0.538113105929
0.499496510935694
0.535351196638139
0.552273479136336
0.463032551243759
0.582007906767598
0.466613974652724
0.388856128699426
0.421702362657127
0.52768329519216
0.65397759353987
0.517350142664279
0.460103018465411
0.561618715545364
0.652276818011895
0.493529224267933
0.410170155384696
0.400760467370085
0.507678315205183
0.586553668168935
0.57013414417536
0.500994341971201
0.462192201611009
0.436578819406148
0.431820162124921
0.372298111172173
0.54728191840404
0.462147271674686
0.705175474778613
0.635837194106549
0.615833087959777
0.640629335863774
0.517124336933353
0.594358823290638
0.492391828249147
0.527625793781053
0.548856157528993
0.38854933377622
0.765720757695164
0.638920583279528
0.572391730063175
0.633097073333674
0.782802787251158
0.572703355128533
0.605859569257261
0.73423426368666
0.747688445592949
0.695166573850356
0.500309031549948
0.602054504409861
0.580549682464855
0.556488073572289
0.675486326058061
0.651071368390868
0.55705425265736
0.708689885988068
0.56538768845048
0.775079874920361
0.605848264693664
0.595116136680911
0.690919433293496
0.643346132133672
0.717154140989801
0.428220188012096
0.662063433672043
0.614512029971115
0.750662739192615
0.611632344863402
0.568442112753917
0.544658732418868
0.621316248915736
0.737484953493273
0.67097224200063
0.639657989203581
0.767856229437238
0.715753208418955
0.446191933565579
0.608271426124669
0.706544698735805
0.719966712992373
0.526676970302799
0.583213783822536
0.58593156143115
0.553258854424686
0.647953985960285
0.744910388984791
0.678445882964127
0.571898253226291
0.549808244106642
0.606914574722916
0.746908493936112
0.710764074375531
0.720974706341376
0.662008216744968
0.6874543089242
0.595366480480801
0.652797448689406
0.755817267434053
0.832228919193375
0.567867963493019
0.729141677449201
0.713213568580597
0.730697917058748
0.6597698324582
0.655280717872726
0.685668642012698
0.664837344123556
0.796086755187879
0.576163200689244
0.756678183120712
0.610009413174586
0.714786001684173
0.615700953786304
0.703831608175545
0.688114004159669
0.532531735311829
0.511733215277219
0.809846662238275
0.61229961520438
0.682641972637413
0.896950352837072
0.797283804175621
0.812278543959035
0.667128728255813
0.763444652788093
0.704548107523557
0.704048520403146
0.725524032963412
0.796378769455503
0.757027559769094
0.777636344533802
0.80656996575511
0.728869905450017
0.76427762547007
0.756947476908375
0.898433990025681
0.899848280202177
0.877654976558547
0.772224939628869
0.836556309374311
0.79584319179043
0.672105323159635
0.730593304967804
0.905096814210527
1.00749371514042
0.603766489911657
0.729195164823693
0.761387977187873
0.828079292143839
0.761990684681427
0.87717030313282
0.913670420766033
0.584349159948534
0.862592567962846
0.869618593556004
0.794001565609922
0.758911832836198
0.85038456361231
0.651140404567011
0.711825611128488
0.82375750092174
0.802241533653371
0.941885046457287
0.946120866358653
0.842498171644402
0.75234755518175
0.939795490180764
0.7557251187168
0.75026796314234
0.99417393526787
0.690190134527456
0.735387894555754
0.784728551721861
0.62499903791763
0.822118296761271
0.85668838478281
0.95700849882041
0.793424737538186
0.760973575482238
0.875930594290474
0.936124303815971
0.890589579902346
0.684993298606839
0.955892349013168
0.887320407235613
0.795579051591839
0.808705437834742
0.772629045066485
0.727361504640261
0.851921559989369
0.978196754798532
0.660835326646938
0.758074934635692
0.923314706190458
0.817037351199578
0.91593713286369
0.981443262266777
0.756044437198669
1.00622694515854
0.88199876819144
0.923287522796935
0.989406412195951
0.862703833158699
0.801587493498535
0.981055370996078
0.852707902401434
1.09385493776195
0.770122638631275
0.994709336727231
0.68100875643299
0.846383806732916
1.0190539634941
0.864994825464596
0.816855577128337
0.878365285398799
0.806895181882632
0.942081456625304
0.763504128635268
0.989410346891125
0.980608899544472
0.949447935098828
0.92500420104129
0.896228240575633
1.05163815571066
1.04490863744381
1.06331537035088
0.845331702081696
1.03024371786072
0.832045209945946
0.953810355480527
0.745391389849619
1.12759703986245
0.986996528903935
1.00352186877847
0.996683476988417
1.008909050606
0.920173010802568
0.915127660971434
0.977326296128191
0.996257504120892
0.931525231807468
1.02941424380101
0.986380538210957
1.17858759587287
0.878280214928084
1.02943110346795
0.914938505353172
0.962240854342131
0.893740009867101
1.12126030867262
0.917875059702688
1.10631732647133
1.14698871847319
0.921715966232116
1.00534860849823
