-1.0860164126905
-0.958890011834296
-0.890736522324567
-0.978179220708085
-0.934486806342168
-1.08570049112746
-0.972356493310076
-0.994747716849192
-1.11040140709931
-0.879955253567943
-0.917319379603783
-1.06092214826335
-1.07046403609954
-0.966450124460035
-0.988269989738039
-1.04926142418955
-1.02076755031286
-0.95218857087061
-0.875761457898878
-1.0007663387457
-0.810424712634999
-0.921310013618065
-0.873998836627996
-0.891588209496719
-0.895180804987591
-0.993004259758728
-0.911671131839019
-1.03236590055323
-0.961188761015203
-0.959419783145841
-0.825253246001595
-0.855190541421707
-1.18552232268761
-0.870041953676512
-1.03075413355186
-0.909369219848391
-0.984165249589147
-0.913701277065349
-1.09511793968702
-0.920125873990694
-0.791326349081727
-0.947582147108703
-0.945636172334545
-1.01562008754866
-0.861116089291693
-0.891803604455835
-0.889165170215296
-0.944071744430406
-0.910287479219115
-0.929417358256005
-0.971814620926105
-0.856728866392735
-0.845256478416299
-0.806996502854025
-0.757041048587441
-0.798097095745608
-1.02957750717092
-0.764662298361931
-0.788802636054379
-0.738967224886337
-0.980284379737537
-0.773382673505055
-0.923142948128389
-0.782022617854303
-0.879116262413086
-1.03284425635508
-0.793091237624499
-0.831549601807063
-0.760093836829603
-0.716444559457998
-0.707054447194403
-0.744364767840879
-0.841710398756392
-0.978651091132142
-0.779398266759589
-0.929689195171643
-0.836840759266385
-0.938622605617877
-0.783595369720213
-0.868424966725975
-0.800192297941794
-0.800741757079508
-0.957445739163575
-0.827794311737651
-0.789928100577343
-0.763397108017048
-1.03313895985381
-0.898807849652793
-0.87688405123429
-0.742775323445896
-0.627878205354396
-0.67161923845773
-0.775442610167442
-0.917828721390942
-0.752066416977757
-0.770148402527685
-0.898176256240474
-0.880215843602211
-0.786324676077059
-0.807771766962715
-0.844637818833345
-0.811709253618752
-0.842942289078668
-0.863706172018051
-0.797528681643812
-0.704699940601147
-0.89193354965145
-0.732674509207595
-0.751789263046582
-0.811118916575691
-0.617866495024373
-0.964381251871379
-0.701589079886309
-0.851093344031323
-0.770947081368837
-0.787877810429586
-0.852743323233554
-0.690028346669664
-0.719849080309774
-0.715766732112025
-0.780797359499878
-0.77679635869422
-0.784747378637371
-0.638387957912881
-0.727354209107732
-0.790803592044559
-0.569631695985977
-0.68406991926795
-0.79643048076482
-0.731825368542361
-0.547495089199361
-0.630347231077794
-0.78588615870636
-0.80088884777868
-0.652224965348452
-0.723530065674867
-0.662972968489609
-0.614048381666574
-0.714120570657997
-0.854838197874563
-0.718226344503179
-0.703569341297493
-0.609705224892414
-0.675897210772931
-0.668889257193804
-0.656958892110894
-0.613030015841887
-0.691580698776067
-0.80864715103946
-0.676246488529466
-0.774876628937382
-0.745134968046486
-0.678780005035313
-0.767171107599013
-0.526993132981897
-0.640469241744057
-0.764669106935966
-0.738414425739499
-0.626890996400328
-0.726932861680315
-0.787881766078468
-0.557024478182111
-0.682459160940758
-0.583082585416476
-0.825458383810291
-0.665937834445261
-0.651294289810808
-0.609917887569812
-0.636295617510458
-0.756129169602691
-0.769447855706039
-0.553366846554822
-0.696577180582188
-0.639280254462081
-0.455017494131178
-0.722080169991586
-0.599607774353398
-0.737490317654306
-0.538686996633246
-0.517769508605642
-0.589380883357174
-0.73607805198583
-0.516052885443253
-0.59625938787504
-0.601610083952448
-0.51291708699689
-0.740679380677877
-0.714833997920921
-0.665700607857316
-0.74006939435042
-0.644905638112355
-0.768757760847436
-0.569360357596794
-0.6405792115038
-0.436651037158338
-0.553439971757497
-0.632178250900487
-0.622748906880535
-0.571616711981614
-0.626675652579314
-0.606717294463474
-0.615552006693949
-0.640281784999609
-0.515841071755238
-0.402587355762099
-0.531920004199026
-0.711572680587706
-0.470016413946083
-0.55050950479337
-0.512758199735968
-0.564199947893787
-0.708003399322106
-0.558907306448177
-0.526875941920112
-0.5979333428123
-0.416201810913465
-0.453728955166881
-0.526780431705502
-0.647231232331897
-0.636310566492068
-0.612378143908664
-0.593619311684564
-0.631609719927374
-0.628748856898222
-0.57561690207217
-0.541039705075695
-0.648800839944199
-0.615308126369833
-0.589954939867486
-0.592358207207741
-0.667259633266091
-0.567018056829268
-0.517719213291144
-0.390222757843056
-0.595034132576534
-0.57980200567355
-0.264052674901534
-0.559415779163623
-0.473209959315437
-0.590102174758581
-0.60513959609171
-0.820682760984618
-0.517680157146524
-0.513052926650232
-0.543853860436236
-0.580067077790326
-0.517816033103174
-0.492773990889963
-0.530978501488288
-0.513595521045323
-0.43216777383997
-0.36723714928895
-0.554470147582466
-0.519179981742427
-0.384557230050187
-0.425158163035349
-0.485377386336422
-0.370332275098991
-0.465334301322305
-0.561091261033269
-0.473030948560973
-0.608827483404758
-0.491833895516833
-0.427819903016109
-0.452250264951223
-0.418090472705655
-0.577670419281421
-0.5972909707495
-0.327671373539859
-0.400271386448639
-0.400070697532861
-0.35271609317145
-0.399064329462747
-0.416647067788337
-0.381739722273435
-0.498139157883905
-0.424026047010453
-0.652307184503403
-0.526883015674312
-0.541829822135061
-0.475248379600834
-0.466424038704602
-0.408735796218209
-0.436829170474848
-0.475967152030474
-0.282171440654454
-0.343302976927245
-0.447396091086232
-0.438779120172405
-0.318767567435206
-0.432308218374011
-0.478478229418782
-0.28690222942522
-0.477530114056002
-0.395309115845782
-0.323149585790688
-0.427854973851257
-0.337924244572363
-0.399381207083276
-0.324731073667015
-0.398528868081541
-0.461550085801221
-0.366158501036341
-0.217692970596623
-0.190306366915571
-0.450025987799638
-0.366889996270632
-0.392465362943726
-0.423509580730615
-0.425596786639297
-0.320970353483677
-0.412960563936657
-0.168067836406786
-0.362020894617469
-0.262474669041115
-0.548523927066538
-0.35910450828336
-0.350912514297836
-0.457582261198942
-0.254101010714554
-0.364638912721249
-0.347726659452859
-0.311666709902305
-0.322148692705735
-0.338441572393542
-0.421226327208604
-0.357036936814925
-0.415244425947371
-0.32859404130314
-0.299146456787148
-0.410016312604222
-0.430018757571485
-0.337843135360636
-0.375266186794277
-0.363819063850511
-0.322306863517286
-0.417973184219191
-0.277127672282864
-0.26535749175827
-0.249672373675239
-0.326904395758908
-0.330773932298596
-0.40580263077874
-0.362233907546754
-0.397383361401331
-0.289047748493389
-0.382173818855316
-0.205302900913372
-0.23784696392779
-0.232400376621591
-0.360271101000634
-0.219104367368007
-0.199912521551056
-0.351501561980656
-0.298609687834694
-0.172326540583911
-0.223716806396004
-0.211598369819883
-0.411563504056192
-0.168013637929248
-0.212732659514827
-0.31475474955677
-0.197579282350038
-0.147009908868767
-0.306248473396558
-0.265458386887049
-0.217116964526054
-0.197569312847985
-0.409316434991168
-0.327253203781736
-0.243521417030511
-0.416800080768794
-0.308370901956498
-0.257434197907659
-0.401805155242401
-0.147970748254944
-0.273470922726677
-0.134814026605368
-0.178059775080891
-0.335184357009174
-0.29314250151552
-0.264240002476881
-0.3396113905359
-0.274145086428808
-0.194109653661358
-0.243166498174507
-0.304230600267427
-0.220475212372245
-0.307524124296592
-0.113196740911927
-0.250623542351236
-0.209289999749966
-0.175601202369068
-0.0694281994026849
-0.108983090858314
-0.0985849659834443
-0.0887273812110093
-0.297923617359392
-0.178042869905398
-0.307816410740901
-0.327039996482302
-0.113313486179
-0.273309300870212
-0.107224571832035
-0.155199937527349
-0.195185615567354
-0.176950591109946
-0.101164140852611
-0.136601854528854
-0.263069200700108
-0.222714129052931
-0.11204741846745
-0.0665243317345942
-0.151035691236493
-0.198518765585499
-0.131361973667811
-0.171579048786191
-0.296822582029675
-0.175113561652826
-0.173950810956987
-0.152781171103261
-0.229236816355724
-0.122195242785697
-0.128253291823206
-0.257336195815702
-0.0690748369117673
-0.151380311467929
-0.230566154052226
-0.174967425345859
-0.16230014732438
-0.122668689681789
-0.187969488091025
-0.135758489208688
-0.207089346253198
-0.178926870810325
-0.0480640314388277
0.0296901607995051
-0.112813281590682
-0.0451338247036832
-0.242719696328311
-0.155738232562134
-0.216323808752984
-0.117961068538539
-0.0876015792665075
-0.201682411230881
-0.022256947328495
-0.0154028184968632
-0.218866702493089
-0.244807734783513
-0.276024178432538
-0.10229364517267
-0.0891779207071476
-0.200809138075113
0.0256720677313876
-0.0556326104912288
-0.105645800685443
-0.0981552353859519
-0.0215424432342628
-0.111154672737728
-0.14508279671926
-0.0942883738700731
0.00996142249600524
-0.0378513596285293
-0.0518726298977353
-0.0804046573367553
-0.0102119801416246
-0.0276818539174755
0.0941904144418172
-0.23042069604571
-0.207845704309118
-0.0926827154758
0.0228407877540773
-0.110891561867681
-0.0707381185753482
-0.0752215756175585
-0.0840440764461432
-0.0776059620784058
-0.00420426110295737
0.0587142740967957
-0.187991792905403
0.0858583866535334
-0.161173246269984
-0.0851202082272296
-0.209457290753928
-0.041640371084897
0.0940684531050529
-0.0996529718708682
-0.0941268864750245
0.00919556178786415
-0.0449897918772569
-0.0324700519088017
-0.0384881754556063
-0.123884421779001
-0.0363984360798392
0.113722393322717
0.162069861335762
-0.155195610598359
0.0257584078038225
-0.0225701581910339
0.16465207433991
0.0607209426167713
-0.00815986655141135
-0.118511118967851
0.0631264966329156
-0.0428441686768028
0.060918933558969
-0.0295854681921114
-0.0169994598928464
-0.0676166315471766
-0.0451410902630994
-0.153403798049642
-0.155899324265884
-0.0195000038028136
0.00553425481907229
0.0777847640227674
-0.0347592946748206
0.0147248648085304
0.157675354827933
0.136976405398508
-0.0277976269177582
0.0226494443536555
0.0594375186025446
0.0441280814975959
0.0988197371351939
0.131570485582366
-0.0385402056623824
0.0558935715694729
0.0863719142527739
0.0834039848419317
0.0594117243858791
0.0677317397239189
0.150231147065296
0.207786687265087
0.117003811312213
0.126486894096478
-0.0157370396496695
0.169482858669057
-0.0231189483586598
0.0545336997073671
0.139574668486753
0.0227716525651159
-0.0875451047172017
-0.131966457514944
0.0709259748160228
0.0761887517653679
0.231617088191869
-0.0364614117838824
0.0405056417532432
0.120576358152855
0.141676948222969
0.124750018043502
0.0566427036745267
0.135333008835649
0.218456536399038
0.00140971627655121
0.0346848552083418
0.256849770861201
-0.0546470121018224
0.114562148902785
0.224910398273956
0.0875183088262093
0.110211643284452
0.225691707822701
0.259861165769267
0.163601637011555
0.0998764279079019
0.144312852878198
0.0815913067317277
0.24263555376849
0.166370673401115
0.070826585458029
0.27333806288167
0.0328593227647451
0.0741307546857725
0.198508770291585
0.109342127039092
0.168017269342407
0.0991422988007195
0.0677422674872328
0.136639719748417
0.112702690654075
0.0648482630338166
0.287752341122466
0.203773743142809
0.248678019708739
0.0183345104614619
0.0405456049258106
0.227511311507818
-0.00518829350943794
0.31740091698056
0.170072252988615
0.198269039180345
0.193701142045636
0.251179556407001
0.215029061963866
0.153960149944683
0.202495796909192
0.132972714113835
0.223032950549904
0.317609119460108
0.280121384512398
0.126307570318314
0.155518438228408
0.146431769682853
0.256928885988616
0.331221169251584
0.215297316941247
0.186427369693053
0.139841641726703
0.28250631331831
0.277108630224272
0.223364068076716
0.22035277992944
0.153065985180412
0.241589186449795
0.258681400262175
0.166262851963123
0.129429350082659
0.256305747393444
0.233214261258148
0.19149460243764
0.23429039201786
0.210635518828346
0.211917913232651
0.241252828645481
0.183213138535571
0.177486022258022
0.296248142438734
0.368369368812765
0.307354778145223
0.362110153673427
0.252975045144691
0.340536046905246
0.232732730192721
0.02390870276652
0.163517748806954
0.376529909242773
0.0510461874752903
0.277600521014313
0.227241887716865
0.247186763104679
0.43467275521022
0.374291510509148
0.396071959145484
0.288629891073756
0.264989599104556
0.262498175073795
0.265100668528235
0.300050472236891
0.347983509934407
0.509874295356711
0.422519834357816
0.291130633223116
0.188140209437579
0.219640959172794
0.211502635283829
0.429379931389141
0.281417084273428
0.259321667835717
0.289460110891197
0.386629815145565
0.281753597753938
0.375796746952884
0.367506591356685
0.255042346484551
0.295179086852409
0.320600786954573
0.327682313877075
0.307858921219388
0.213356085770819
0.236301519458999
0.357341080169907
0.338136131086273
0.223334948611038
0.528143821578859
0.323796614168122
0.259004697575281
0.402207953981616
0.309310428869538
0.35771782109115
0.440482863211092
0.383574111496398
0.434161227438164
0.114047540234011
0.327470396363383
0.495803886888479
0.245176919602034
0.399285930700631
0.481346401238937
0.380076839083071
0.408815047028492
0.251857881564693
0.359298837837537
0.280601812854095
0.415971809316146
0.541850172338611
0.257273989939447
0.2658213600462
0.386593792824315
0.365875920719251
0.398529845970997
0.354863719054644
0.372167366666387
0.423547136037858
0.275064919027677
0.434788638846965
0.404312137882006
0.407540393321427
0.292289017262984
0.41716900121202
0.351613261090208
0.387291905322802
0.446303832639591
0.416831560247886
0.477422424573533
0.458774316805784
0.391084578780246
0.496380879599525
0.655299965041063
0.547486199040119
0.395654483567832
0.397948810674857
0.447718134444381
0.496043642675826
0.491849545258369
0.422757567577545
0.363940538863702
0.353797940777693
0.592905240465606
0.490876001981712
0.591639021177461
0.299964580023291
0.551314033422671
0.46059782098298
0.380709744299687
0.532130608160498
0.45085054307459
0.425677259478226
0.410992004142723
0.45467265654849
0.57179153426895
0.498840867969495
0.477625380948519
0.555708420426216
0.390387996671925
0.428334697886765
0.42839356362525
0.571845273552706
0.386966313546564
0.412177119207386
0.448187179069606
0.417462917831245
0.443784696677882
0.506461793260282
0.356245992250292
0.510904620252711
0.609137892137091
0.56050345118608
0.59787205510849
0.489599169131191
0.582911766882076
0.466037163464587
0.500196708366823
0.522757956818083
0.705512765754089
0.546172793000631
0.510261475633015
0.455572832852688
0.537205938659663
0.58013589701854
0.505881599557418
0.530814703836631
0.597964118922908
0.610137370864561
0.73034347085872
0.644237210805418
0.453289946752238
0.404020286274449
0.721478884274049
0.470271052011674
0.45529586804428
0.617152890600229
0.519799455792354
0.630997517673289
0.561264770835812
0.619031684474013
0.617295463634201
0.615258921953442
0.673950785941301
0.6051449521626
0.543836673316153
0.605647876175424
0.567159762496775
0.467284390311422
0.657716172837814
0.614418469037987
0.64404737838716
0.692255660136587
0.599509414921071
0.481424124361872
0.541704730000121
0.624309774644067
0.533058292019964
0.527760193781853
0.537464119408315
0.631191979612696
0.629113416875806
0.679481964396803
0.586269940082225
0.555941246274414
0.799833841147415
0.60863073047737
0.715541881042215
0.674892730434893
0.723084091318931
0.658523434532574
0.689402506291335
0.501212723169656
0.689905855863036
0.599460324779662
0.469459943519841
0.628418361855077
0.433095006267565
0.478026334409816
0.829326903344785
0.565608234617514
0.775028034946756
0.743771341550575
0.590218192411644
0.549657359700419
0.606819196137849
0.702152490313093
0.766607810808521
0.5373414566206
0.734128424621036
0.41555628036855
0.703858452594194
0.713228641718148
0.683441957921429
0.685493221620601
0.799776649248122
0.665191038124076
0.774160454955223
0.693901505856293
0.590650867593174
0.638566579077558
0.730031065341003
0.721938506361221
0.671769253183812
0.752634097029183
0.57744537392849
0.602327938404293
0.672643393447226
0.642230124441141
0.558522910418769
0.704473997699524
0.643519403756508
0.755059878048459
0.637419331489907
0.701510675607132
0.714802362522783
0.776340610539442
0.684893851330455
0.555964090045934
0.68930669131269
0.747317415808624
0.613170623805579
0.584250738672955
0.685126529598979
0.779239359269822
0.852508477656357
0.701421522492798
0.657313402157596
0.750260961793108
0.665313694367709
0.651271986054875
0.755197862779899
0.76726695909655
0.770000830957318
0.745583580632629
0.94389987214228
0.74976668882422
0.898405231300007
0.830861762006376
0.480635062198221
0.68905083854672
0.84703379955298
0.779812127274083
0.77662724257586
0.8212745507438
0.587725566769745
0.714574887205096
0.806222383879689
0.683490630146474
0.822784316187857
0.879064747383242
0.832471493142902
0.763106637625842
0.719555541136991
0.947386457257327
0.980646661790931
0.651450271421073
0.987982558262937
0.935768635050747
0.742657365328838
0.768820218326651
0.853771701054012
0.95859203534927
0.798722592501409
0.883319551993281
0.889325513141668
0.918380840287623
0.905875739745486
0.900714138316308
0.766327445298835
0.785272823499491
0.917375277285053
0.884685324702858
0.840073596696062
0.913908293163412
0.796593176662751
0.698789963465813
0.842653495096044
0.764290946596296
0.941447072106973
0.798429359015816
0.733064704194393
0.774598858222249
0.906327506411019
0.949240957397174
0.838365524552736
0.741628343612093
0.921381332741701
0.865435790001882
0.952231986930378
0.945538557021086
0.930980113349189
0.810113955498466
0.933342423269733
0.741748881548272
0.704353609109587
1.00243858776858
0.961651297648465
0.82554370018846
0.780951887606324
1.05417957761196
0.907726285533751
0.91470334827772
0.948111237900559
0.855100636515061
0.870238708547426
0.948990221287887
0.918476491122959
0.93572772500856
0.752739692693704
0.911001543902754
0.84297894592605
0.872796938698901
1.08366058171819
0.877845535016789
0.897953640939193
0.870947497606164
1.03450905629748
0.909368592116585
0.90637451157818
1.03257541705102
0.980802229339136
0.991231933232506
0.86469863841033
0.905882171665543
0.759433530250316
0.951896041103278
0.849830560217368
0.937218316216923
0.926318679937221
0.839604740252238
1.07465490683048
1.06453766451858
0.921578572868671
0.864450313044512
0.791498142485582
1.09611903282507
1.05048922928732
0.995106787645057
1.05602511375522
1.0252303731556
0.844042958339305
0.983135372541238
0.852150562932521
1.00787454725245
0.856702323385122
0.977861222628273
0.92716169012956
0.959001286988719
0.926428634353413
1.05850701446644
0.977753723499982
0.99129908306383
1.04006120995734
0.971540525188423
