-1.15382820154732
-0.802563351388854
-1.01773569635387
-1.03156544756595
-1.0602863053983
-1.02840646554363
-1.05623230492561
-1.14683587988648
-1.08977001736046
-0.798019499267099
-1.06962786889608
-1.08618627471461
-0.87325294179685
-0.966086075382344
-1.01427689477151
-0.982931218995134
-0.969086513119035
-1.08960488585095
-0.989546986436622
-1.04660147713716
-0.867411083428286
-0.955782976894497
-0.751621257478574
-0.940941026495232
-0.886485084744391
-1.01943735717123
-0.933635854993633
-0.97380891156758
-0.988936842518117
-0.961908844703437
-0.751783996487616
-0.986645634557872
-1.03486874075722
-0.879409800045147
-0.827686788046981
-0.843773022038668
-0.864589022104295
-1.03683682020985
-0.92762440940599
-1.12067016323541
-0.719680299416213
-0.956647001862256
-1.01792917862676
-0.896391968370983
-0.963237950503144
-0.978417075436919
-0.869401653916533
-0.821974754583375
-0.874471560862012
-0.891658001159684
-0.850700010817491
-0.973620134435458
-0.69895550161959
-0.828114586516961
-0.899612489802306
-0.915831427894116
-0.957552373959641
-0.86023404523308
-0.804069099978122
-0.852479388056733
-0.930514052632204
-0.905462930958589
-0.747138184383279
-0.997497993321228
-0.78599566467262
-0.922752963949886
-0.862230681949857
-0.955545564440476
-0.747270080117225
-0.803327246738483
-0.842836644641162
-0.762494640760748
-0.907244218056944
-0.768312504443338
-0.827061486929162
-0.855080797451766
-0.878026209667592
-0.932736331251642
-0.7981570230598
-0.739763180484188
-0.876413160211229
-0.772668877833712
-0.793996180053149
-0.874365320946251
-0.908342271471221
-0.773230922319557
-0.830089747657446
-0.873219964561892
-0.83400123091155
-0.890011750360289
-0.85229072815273
-0.857997685083661
-0.873034179221684
-0.793438777485208
-0.811965406561794
-0.813257360746308
-0.742937865424974
-0.878358990405603
-0.83331049573181
-0.703216648921047
-0.8322455688652
-0.831820355424718
-0.8485648323195
-0.672775900356149
-0.685209667568056
-0.969407734254438
-0.926894012469044
-0.575300849164838
-0.84007118007294
-0.720706892322416
-0.762325222931595
-0.866037998854165
-0.790000991658226
-0.626627690828565
-0.729238706550809
-0.853574686794376
-0.75748390565144
-0.731263036856257
-0.914146437161283
-0.777902729076533
-0.664612559379138
-0.864579400750169
-0.875315714987624
-0.725549845633073
-0.623792001092348
-0.850801213460708
-0.820169356834712
-0.599676815576261
-0.736394543185608
-0.613945257381892
-0.817232561191532
-0.774020097339899
-0.773697865280979
-0.689659155014725
-0.729424928053562
-0.691554411129581
-0.672006684274855
-0.572592847293631
-0.537795781797559
-0.776689905266988
-0.781883411518304
-0.700841972760242
-0.775381771546308
-0.748552507601407
-0.694169554148882
-0.761864218052193
-0.731393303810631
-0.80440049922702
-0.756388942359507
-0.586850153633817
-0.665325729755193
-0.79312555235962
-0.755099881619477
-0.74589035558722
-0.565458511729517
-0.653939465103084
-0.795871611561522
-0.745699618170828
-0.833472271852949
-0.664717375268432
-0.737384999747338
-0.642007153889252
-0.782264009479313
-0.598695345635119
-0.662677821126916
-0.666125744129753
-0.70456897863976
-0.537735559309197
-0.763919786265202
-0.835132748717073
-0.745808156621372
-0.60367805246801
-0.638190990623218
-0.552082194050032
-0.570727760656262
-0.623747952133256
-0.872813566181066
-0.575338340210947
-0.566362758972457
-0.713760419710381
-0.57423876927066
-0.4618903660124
-0.506286016685015
-0.735593508394423
-0.48044039617322
-0.523764481577298
-0.523223684938202
-0.625602151815005
-0.6886508660147
-0.588395871947241
-0.582188031810729
-0.595575386272191
-0.578242363156479
-0.608711707544097
-0.539075862340596
-0.612881125641241
-0.722955758642111
-0.612876182895487
-0.67541054367862
-0.551988082009214
-0.668494317291817
-0.45649888204367
-0.730356895202349
-0.518079321357804
-0.560003882410518
-0.536309153948604
-0.602927027650998
-0.45897389179805
-0.459712577692097
-0.574618925653766
-0.611516150490988
-0.673576138966398
-0.487182804930815
-0.499083554826918
-0.659547666002415
-0.502816679825678
-0.483115181782059
-0.669012825451147
-0.549084574276468
-0.552797170943403
-0.473293062945193
-0.584108617838426
-0.515613910812509
-0.636479552083086
-0.629465191526792
-0.552286365940173
-0.604047935930753
-0.698429513767391
-0.567660848318747
-0.561614182721959
-0.590172224263174
-0.72728015466503
-0.47291639916407
-0.449894341439458
-0.432710863058588
-0.449548323355171
-0.430239278158089
-0.58464176777554
-0.516836424052904
-0.569114983635959
-0.700493009134622
-0.300709649330552
-0.448039080634761
-0.606767410907671
-0.437413262982164
-0.450818387325881
-0.521395655545288
-0.484378146271745
-0.476549133629111
-0.42473126303722
-0.540685679088465
-0.502196910751799
-0.452012031003864
-0.636193857325972
-0.506611496264821
-0.500664318100316
-0.40162437757633
-0.477108690268745
-0.49688042187254
-0.444780120170113
-0.684341192775222
-0.359154011661089
-0.543833928062637
-0.439016632636264
-0.435523353114758
-0.605158808469496
-0.538523675627924
-0.491319111362441
-0.384763926755879
-0.425839327283015
-0.509916203595331
-0.477704840484454
-0.44235274527863
-0.309876998062697
-0.573848128981315
-0.415847857137889
-0.592441975833048
-0.505124954139416
-0.511389861284353
-0.368320570684258
-0.301564025893215
-0.439475133971271
-0.451241851035972
-0.423856295765974
-0.392338398343747
-0.349708984715493
-0.412945252590839
-0.319177027283556
-0.586946325843027
-0.387773333747864
-0.521219490893385
-0.581184514886738
-0.402946357729231
-0.355807047527905
-0.581967692130245
-0.410451511052546
-0.482888648768707
-0.332182476929384
-0.297585961730872
-0.322367605870672
-0.392481577531511
-0.393535928873009
-0.327944488932508
-0.368727225411378
-0.404524589611726
-0.472915742041601
-0.430423843419807
-0.367942128013731
-0.386747341136713
-0.414397988172271
-0.233886276457604
-0.266434600051969
-0.356996336995825
-0.434531573277744
-0.411145591866587
-0.500711498016491
-0.241929391290396
-0.454243379860069
-0.332946626383599
-0.35275551924034
-0.307315720023845
-0.370507802171064
-0.338267672954541
-0.389709168260726
-0.308356572394097
-0.333448796158235
-0.425694033443452
-0.356944958113166
-0.416439435173782
-0.392516755770209
-0.311671867550255
-0.3781574240251
-0.201841694930134
-0.187955627666631
-0.333131690645818
-0.316095961120876
-0.229376933413166
-0.271834133791722
-0.222504161082692
-0.276312305639421
-0.360877351557352
-0.263047372392835
-0.263842776492751
-0.33027845611364
-0.328473302117144
-0.277145563440152
-0.45672453929737
-0.441684779775222
-0.289070418499316
-0.260356975279155
-0.373375354570205
-0.338007309108734
-0.378167277154713
-0.353577905599891
-0.369980875897752
-0.327443737468951
-0.206375566065353
-0.300470317413953
-0.354315199461105
-0.264942648569951
-0.244307673535538
-0.204899785573151
-0.313207939861589
-0.243570839970927
-0.142501184908511
-0.152518535452453
-0.186461947719324
-0.304457471823341
-0.227837644999153
-0.292243317209465
-0.391463636317688
-0.219662061370359
-0.160377984304424
-0.147679610273354
-0.353448567788828
-0.383176829164385
-0.286349287813741
-0.357979906436995
-0.301769753103872
-0.29914229816853
-0.291220223251914
-0.346811967034281
-0.185178242154956
-0.2345937047217
-0.207853412706025
-0.263062894416186
-0.268253834894911
-0.23478420866939
-0.246604572066234
-0.180535207191969
-0.166304552881891
-0.270183392239546
-0.250643024958742
-0.183922347594584
-0.202918420354548
-0.173230423140647
-0.32374988928108
-0.22714916807059
-0.195946243446516
-0.127936035355499
-0.258969634762151
-0.121640960449896
-0.172593984490982
-0.182757481847954
-0.255650729960317
-0.153866989608453
-0.190063167991016
-0.259259442780577
-0.149436993855295
-0.0586469176074121
-0.180627116295286
-0.323291856718101
-0.173785479533175
-0.190027461638346
-0.248889258215541
-0.18102499855376
-0.132920337759743
-0.144809650968289
-0.180895424782889
-0.399728954629409
-0.301215950719953
-0.213604746208405
-0.0626613907587974
0.00148964522204724
-0.0615333674266243
-0.324709646971277
-0.0584257631493953
-0.221461632090293
0.014777227323182
-0.0879557706326815
-0.236608771437056
-0.0842329519337386
-0.290712622931622
-0.104367038056788
-0.143956674195024
-0.052435233951844
-0.283480444527414
-0.0838894134054864
-0.198565823442097
-0.22174621553905
-0.0255149711375849
-0.261850135703036
-0.0741505059883261
-0.132175790021721
-0.107653315596746
-0.0885503387561949
-0.218632104455897
-0.240659162788691
-0.0818637067406953
-0.269963800184078
-0.109394019790248
0.0873932062500262
0.00541719192428813
-0.125673929063981
-0.0717932168879709
-0.070399459588137
0.0659727310336526
-0.0143818778630931
-0.112960409575723
-0.164429593534342
-0.188608341367376
0.0257798805724597
0.00211846264429799
0.137158962293648
-0.0491176076148184
-0.09437291711966
-0.0663004552671572
-0.196912640184784
-0.184960535415921
-0.194628805418155
-0.0723505572171424
-0.0733518686254919
0.025555835194091
0.119001125627455
0.096634640897697
0.0970631546679775
-0.0746845240655182
-0.118888223992459
0.146386180858563
0.0490023903930912
-0.140873050874775
-0.097224122480259
0.0243931987878467
0.0623355830382883
0.163881588606476
-0.018378293005109
0.202609058194301
-0.0156490375252162
0.030554967285329
0.0265205901017117
0.0447545959172514
-0.0535964077949122
0.0507736027824741
-0.00764540067939889
-0.0453780782585319
-0.129071611315055
0.0795599661898919
-0.0247161651090935
-0.0659814345475619
0.0638070221741458
-0.130653904560277
-0.0138847147556831
0.0188933511311771
-0.0874043395689694
-0.0731320938189581
-0.109967840248722
0.0563732380487987
0.00941442429587735
0.0424835402963798
-0.00946064240565513
-0.0532334868619513
0.113349085580027
0.061837904346314
0.0235341364497919
-0.0668133916136538
-0.0388268927135612
0.0650043628089597
-0.135913936935484
0.0446539768572572
-0.119851440186524
0.0729773091579708
0.0989164115443316
0.0294194142836676
0.0306494889539329
0.0161472846920174
-0.0766440928305005
0.07297726328129
0.0723174826867648
0.0581905670026928
0.192568316642883
0.154721861633732
0.0335716322262591
0.121880780223192
0.23431529267539
0.112074447785924
0.0669250147061934
0.0641651037045481
-0.0545325101831226
0.0780468874758018
0.0796448257698943
0.101197209086777
0.0777391624642094
-0.0303649358970468
0.0837281045059168
0.211746933943609
-0.038886332040877
0.00673933130741178
0.0859137395575544
-0.0127400995103906
-0.0113518846749139
0.15854746444411
-0.0114213906615582
0.0708143190140835
0.0483417098596097
0.0586890598203323
0.035738775878948
0.106880827839113
0.186933666039943
0.249841609232991
0.0709684382136286
0.188561741294918
-0.00305545615886801
0.168893703897991
0.226869347118284
0.157742221444884
-0.0303963500812297
0.278907582022527
0.126658798288677
0.0594307157041149
0.213612557297527
0.0670088915177579
0.212856270302866
0.158754256775723
0.0759241621267718
0.0706278054177735
0.155279142611695
0.138416024526923
0.199012201992741
0.0639844724369021
0.175343142463229
0.0450817563924612
0.135353655828974
0.0764464420129148
0.11362772458923
0.139450285391731
0.130590317465642
0.163392482318179
0.040622771065816
0.148632711396443
0.100182559310525
0.195910026041929
0.113984251404602
0.152136996524617
0.2104059734731
0.24983468828043
0.226727331088104
0.23673257666866
0.227297890171941
0.146514425358085
0.348140352401171
0.0782455962547313
0.0484347279747573
0.209523197152638
0.196204461544812
0.195770971827567
0.166887152117116
0.252237763898374
0.152594448225374
0.206523680216383
0.189217892629667
0.107519505491093
0.37503720687485
0.244716655177214
0.241812710569975
0.117229317634869
0.150179466081261
0.226043801884018
0.349624045225159
0.333803743837621
0.352605869883225
0.176641358879236
0.248092446756108
0.289381392586143
0.160614993177472
0.233112223785717
0.28228394630445
0.30743476785228
0.29963780140458
0.271605032302135
0.246054532878831
0.198024970047551
0.223123334341363
0.334255072227375
0.186715068268996
0.169772506978283
0.17876946102463
0.0700352568066093
0.20962477010647
0.230149281881953
0.275125165973851
0.289638477634324
0.359949214913342
0.243464362576691
0.362648006536397
0.284586527303776
0.311274844115615
0.329917193161648
0.0951184631357064
0.232241115168245
0.20334917162791
0.14195634391989
0.37758393772706
0.322348931507294
0.349708128225647
0.306788785895081
0.325172824982603
0.276771829909476
0.333819962924149
0.385305139073497
0.321232719382511
0.272484337407722
0.30484029137019
0.33094512074981
0.35619289639013
0.31148630969028
0.326962300538338
0.304413518043689
0.33448015038709
0.278807420737932
0.320793557232879
0.136232826894119
0.301906036571246
0.439030277900841
0.323375894393075
0.432208462149936
0.308641338730217
0.277134230955674
0.316475389175193
0.333629276292814
0.224452548323023
0.419047644099274
0.232894368311175
0.145349739196374
0.289287733791298
0.36923884506072
0.342792164988807
0.24317290941111
0.394143475807077
0.48238653399295
0.373550295688623
0.171133735985478
0.373901370528525
0.30167879674605
0.486823124253592
0.360135616985823
0.344087932249512
0.349484920299103
0.508018326953697
0.305322386059627
0.417139289845202
0.430248725834557
0.410532173553324
0.39614048139845
0.453473604949395
0.488503893086958
0.399843872836953
0.309394530437947
0.329046000814537
0.431978263648531
0.42483475959402
0.4494847916652
0.47594941534998
0.375014150925572
0.495941974709757
0.417840583870697
0.333025601167564
0.43095711216282
0.359100330349188
0.462305721405973
0.421704403755878
0.349986094968163
0.529612653632313
0.512784919558661
0.362858470918873
0.447633092090031
0.271365047959005
0.534594362905171
0.332566342520008
0.528822086541289
0.415088424201425
0.30927829735472
0.458686166068721
0.515841840044489
0.48378224513028
0.360657794472202
0.482918041787401
0.272566917495863
0.34359666023857
0.475196546217294
0.703141879221949
0.315581872012932
0.513137797120483
0.50994061816221
0.48294464944992
0.692093206361574
0.438847886340945
0.563855509637091
0.591616639716408
0.477728757108212
0.496108615212349
0.459940479982356
0.628027537967524
0.55729962991352
0.515778930768934
0.60919566214545
0.410344690019799
0.58767219102359
0.494899673768331
0.59730673946139
0.515801331113737
0.42411929179656
0.534929756350362
0.458299119535997
0.424654935202448
0.642682275995215
0.506521551229403
0.525496418194771
0.581876787009079
0.556500096634489
0.547120390009415
0.482848322951977
0.698623258267278
0.558834117385675
0.459773644244755
0.687691216866764
0.484762226303977
0.547667342557346
0.606617865883398
0.616931957783491
0.461377493103215
0.562502560714995
0.591175750441812
0.569220470908785
0.517498620510415
0.410058003044867
0.616146543660312
0.592566469337934
0.580402447049847
0.492742895056149
0.706867486816747
0.549754434942063
0.566397372089996
0.620395732236191
0.675035904061746
0.570611915298912
0.5236648443285
0.622323388059957
0.607435817763682
0.656782961081696
0.533711376594339
0.519191880535282
0.757568232852542
0.660621864594456
0.582543224892071
0.647177912371541
0.537150073872618
0.557897397642397
0.543781302175424
0.710436867641204
0.62909289375962
0.496508653372939
0.598970056997002
0.470141883868309
0.434711238533797
0.636401267121933
0.754050076272696
0.63755640526922
0.657752955927449
0.58425529427787
0.774368724249309
0.474603014336027
0.749054147367177
0.569542718953048
0.749559539534815
0.534597358847301
0.5177045833004
0.515770960327994
0.541420968936273
0.73375107239562
0.700211389621826
0.729593713821141
0.511808271873118
0.695340536487637
0.763454590761785
0.636735776563229
0.541608372585203
0.658366886773661
0.749415310889834
0.562646932287196
0.614411233163477
0.661704344757028
0.592156032443735
0.693122702242584
0.783064764978998
0.540543275301444
0.67714134488739
0.666431355773558
0.664461315267363
0.748725219521535
0.80265168684783
0.64469038877973
0.737173218253157
0.672516504397147
0.591733627635128
0.683840376117699
0.855323414997077
0.643066550292463
0.81651654075908
0.759128826342211
0.812715735015275
0.667317977267425
0.645204786703357
0.637964610876864
0.775565494756423
0.648302649188522
0.841692399494849
0.707953005830295
0.69919319690154
0.800952206848412
0.80476106220737
0.85850046556845
0.843770268834756
0.793560707339702
0.735378092362569
0.739381697755429
0.901488233300987
0.88485937731564
0.738455586542379
0.774461677767866
0.755013634105564
0.831288082618464
0.813089864860031
0.832382086461683
0.642010313301007
0.838471848124294
0.854052977021904
0.638006797305029
0.60907940749685
0.806837149147876
0.75329262918922
0.827480551740216
0.732609628966138
0.761473599041633
0.919534903109993
0.699439709385974
0.820379034524083
0.726729577729326
0.871315870946784
0.76438770533679
0.895237860399014
0.999428696665189
0.70068032023401
0.821438036804384
0.769988458245356
0.936300389317981
0.745683372602447
0.858260345320951
0.956996411651682
0.761272889525822
0.939886983098768
0.795298694608
0.814658586351118
0.86119760461939
0.90086410598434
0.762543471083425
0.727944360026573
0.832429160111498
0.853530706332398
0.893358488806359
0.631623485504162
0.720984328421221
0.789811526213478
0.837060257385179
0.831547588908905
0.927311231473013
0.82564060823852
0.736495607942496
0.735097625240667
0.983831011366017
0.889867833703517
0.768807872949007
0.927826702084574
0.82065227147783
0.932677700922408
0.822081082469069
0.927928316677796
0.883910434074589
0.942013106386684
0.791059973336005
0.896387846376335
0.895034246059187
0.848877367128193
0.89564639550336
0.925769704188028
0.910018349892073
0.67152289780274
0.857369139651852
0.790027054894938
0.938175321243326
0.8519359712509
0.820574561813785
0.891550808564115
0.820371405419989
0.904282627920632
0.88086076217525
0.890059992806368
0.914374608828923
0.881289816219915
1.02144544929768
0.839360695250011
1.04511756021124
0.938898803642094
0.841472948858731
0.808416434738176
0.896256769138758
0.978538306312959
1.01708280607462
0.917323180103591
0.744617070547981
0.854309811557615
0.893407932854953
1.00923403203975
0.847618700035715
0.907899693834147
0.951076364311488
0.888953290645059
0.908642869867725
0.993559453819055
1.00835366603633
0.998776552550879
0.852718337070266
1.02499161842592
1.08709266948594
0.905466482354185
0.938949813881623
0.95550067003139
1.02812972168949
0.94302498270499
0.963081603869645
1.06132577540523
1.05460678745232
0.887235128352283
0.980374637592221
0.984484548726062
1.00235045080324
0.825230811387362
1.05356397402627
1.05887228310427
0.997628226980713
1.09922441318986
