-1.08952083371398
-0.946096383850124
-0.890904704375631
-1.00266316769839
-0.954947052733676
-1.08918323096961
-1.00335462478029
-0.984610729830713
-1.12375037572345
-0.889630727438238
-0.915815470169174
-1.05036766825659
-1.09515172522207
-0.963203075161979
-1.00153397047528
-1.04617690390308
-1.02115563244637
-0.945556579733521
-0.892499245736188
-0.983185008577419
-0.835067419564673
-0.926930195081706
-0.882650148874595
-0.904808586055847
-0.88540378228628
-1.00876479966493
-0.900452722493904
-1.04324392150318
-0.954240720368891
-0.941143682279361
-0.810282356279372
-0.851513342058802
-1.18488573175692
-0.899712635641848
-1.03174757665235
-0.916331073110788
-0.976364570368594
-0.909789097633875
-1.11243776742922
-0.908293100636719
-0.770277846895989
-0.954787933304918
-0.945743364055763
-0.999605411982898
-0.885604342041895
-0.911050472166235
-0.868027296928758
-0.960369654821616
-0.914795740341664
-0.927665592662014
-0.974793272451407
-0.875358192798484
-0.865164790857537
-0.820464281873664
-0.788879225287121
-0.806076617598643
-1.05184221615232
-0.778534304675423
-0.771879779441038
-0.749862901996111
-0.978111616736979
-0.775098356516942
-0.907576422662132
-0.785667526592475
-0.885731724898732
-1.03097499830266
-0.789291076157883
-0.81930035076883
-0.766858153649743
-0.70378136667232
-0.691188092739799
-0.760182950138642
-0.856697721739411
-0.987541276645207
-0.780245161497733
-0.920977770026796
-0.833094773389916
-0.951939240616266
-0.789650991698281
-0.884183181944865
-0.798580857364709
-0.838054435327575
-0.959025324310187
-0.821416872085403
-0.771624284123971
-0.761630429307872
-1.03133194448309
-0.882685911470492
-0.894646242859001
-0.740222755122919
-0.642862053457338
-0.659456740284025
-0.769098121414394
-0.92013972529915
-0.779460428143196
-0.788463314699345
-0.891380474756677
-0.876240243384967
-0.787418470916178
-0.807821040670335
-0.833393765846819
-0.825828718332008
-0.821767308440128
-0.849833100571393
-0.801749445521291
-0.707302261662874
-0.894924010879176
-0.718892573970699
-0.748474338349007
-0.799948335855074
-0.61895153204246
-0.965270786146746
-0.708256460188524
-0.834753642587972
-0.76700654789883
-0.795859396869042
-0.860026654711352
-0.712100813095364
-0.745178261734609
-0.72285520567189
-0.778099721444846
-0.780568695294201
-0.785169910178866
-0.648502973896728
-0.737061346239422
-0.77187806015533
-0.570732134778054
-0.665407588504444
-0.808966011420946
-0.722356442729126
-0.529399164081833
-0.688831707333853
-0.778934826808246
-0.794731483249352
-0.652134216270692
-0.721181477583664
-0.676411503929524
-0.592375205547751
-0.707254739717225
-0.85502411897216
-0.71227031643035
-0.707793716205622
-0.602968302484016
-0.668832886547753
-0.697275818074888
-0.637097070681055
-0.61217830420229
-0.697370681461937
-0.804888248325675
-0.683855208091447
-0.765512016215262
-0.726761051042038
-0.664484175286858
-0.781162078891009
-0.536455652813863
-0.649055115374215
-0.786005231221617
-0.726680641535981
-0.664707886959243
-0.725077319020128
-0.779597759841213
-0.556874500874361
-0.695508472054272
-0.595410941323931
-0.819052394526036
-0.669190132637678
-0.672626029525603
-0.613260322444065
-0.659091382807844
-0.752639203334493
-0.751664565078173
-0.568096227060022
-0.659296450122846
-0.66368143183403
-0.451362127909643
-0.755621369339587
-0.591394743445344
-0.727601415616341
-0.538376009894367
-0.502460257106266
-0.592953678254011
-0.754978568214286
-0.529596751625432
-0.565487817422987
-0.602911215192988
-0.526391847890805
-0.703990024195517
-0.694190075367024
-0.665834695896543
-0.729548009504863
-0.661084428265882
-0.758793852821808
-0.584752853075887
-0.63604119775241
-0.431771039746481
-0.546529785803078
-0.603619901686044
-0.593763347325405
-0.554980994616078
-0.616856729125075
-0.58488871327852
-0.623256454635171
-0.637410739544071
-0.504434531561382
-0.399665899852725
-0.534188243540203
-0.692412992493329
-0.460595178465636
-0.547623434635077
-0.485380789945469
-0.546867973764739
-0.708953694309176
-0.562497892996445
-0.540543898226906
-0.604398597849974
-0.411842937063035
-0.454166332016484
-0.538375334253546
-0.654804889331083
-0.649792161759782
-0.631943381989726
-0.602441370372683
-0.619584271335462
-0.634750344903067
-0.559616361249493
-0.543118288196432
-0.655574298296308
-0.640345443738268
-0.586900752015178
-0.575572595455371
-0.674010977315582
-0.566698450652398
-0.531015888622901
-0.377036590944741
-0.592634779594495
-0.580056036689843
-0.278817468802326
-0.564985929895094
-0.465923371632997
-0.584744801244571
-0.608972682838012
-0.807417737745299
-0.522020697591083
-0.511049202447777
-0.528196043132942
-0.563723977015397
-0.514615653853582
-0.483153793134101
-0.517577342765387
-0.501537402393322
-0.426524451514924
-0.370697153019486
-0.576853159467881
-0.523645208016822
-0.40320870790581
-0.438764390279457
-0.490369700600172
-0.375743684713297
-0.443839476032965
-0.569387436080264
-0.461667431797378
-0.583220625564416
-0.479798232041795
-0.436872616479649
-0.43897800041822
-0.421246673055602
-0.572027969607896
-0.593217816075416
-0.346254727434972
-0.418403654875718
-0.374201285500673
-0.355044386591142
-0.402562334712276
-0.41393202744163
-0.36984812083719
-0.506823388458361
-0.435939521009931
-0.662086250025411
-0.519798041375771
-0.546732809751143
-0.464480046793763
-0.463925039551411
-0.410198417019808
-0.451843205563836
-0.478044558593134
-0.274067659223843
-0.355165949299606
-0.456711118950652
-0.43598650864432
-0.299280907124397
-0.425460422583314
-0.462815311002791
-0.286803836050975
-0.466778724576451
-0.380789163294623
-0.315192162108648
-0.426878493807575
-0.326087234011689
-0.414974335226541
-0.323499722277487
-0.392367135258502
-0.440311500839505
-0.357726589786673
-0.206148981794019
-0.177098850133554
-0.43324546118476
-0.391271747430297
-0.377693875977504
-0.423019970598944
-0.431063865017581
-0.319683124026894
-0.416769820115542
-0.173069821516449
-0.327434381193234
-0.272652953406656
-0.541149413118963
-0.358275013988182
-0.351337399660663
-0.452518970503482
-0.246467233996737
-0.370247761337459
-0.349704643967889
-0.345104957621981
-0.33921824040321
-0.330640044545694
-0.41716366875543
-0.36314927947555
-0.446667245612593
-0.321397698396121
-0.308252494971635
-0.386631566888958
-0.438060119635078
-0.349643597260997
-0.373541292414687
-0.377055605862403
-0.335040002449817
-0.409014313370951
-0.274119677781963
-0.266374273812142
-0.255717449739137
-0.335837479648898
-0.330307336568057
-0.417196702717907
-0.345519016723345
-0.401578632078576
-0.273836977307183
-0.371838480815675
-0.196766195302904
-0.240961242085526
-0.245229661930588
-0.353802835837395
-0.21955100625858
-0.212852090130307
-0.339319963868754
-0.293298666851188
-0.171541961691117
-0.226109636042188
-0.220185692157084
-0.403322850422733
-0.172084888922749
-0.212287571203631
-0.306156764474272
-0.208009778726157
-0.160485739270342
-0.305030609736491
-0.264345153300641
-0.210908510015852
-0.194408050862858
-0.377050630066116
-0.312132027319522
-0.246845479264473
-0.43803311031204
-0.291912475262854
-0.242457561595624
-0.419598337788663
-0.146332377515449
-0.262776851120442
-0.13350617426978
-0.202140752050586
-0.341592443708227
-0.294452721121378
-0.24195939475807
-0.324138882699684
-0.308373821739531
-0.200628524982336
-0.250738757540004
-0.309921733947899
-0.235314803746926
-0.277371863637069
-0.136591554796678
-0.226223083823866
-0.226387022157386
-0.161992148182875
-0.0586877065945459
-0.10481918812031
-0.0955207021755431
-0.116780206613007
-0.322669921696422
-0.181171904574629
-0.316149193153905
-0.322941971720261
-0.116916031432841
-0.280248346025246
-0.0910504632184925
-0.167786725084336
-0.185012057147905
-0.172623974555883
-0.119665064993925
-0.130132489670707
-0.279990548660841
-0.217327079885631
-0.118313391405189
-0.0564243514519325
-0.166440988239852
-0.20922258327228
-0.110967582586403
-0.183974155772309
-0.26697623305586
-0.176624578352364
-0.152354078829134
-0.136789375838628
-0.231280041713886
-0.126475401796602
-0.139870290226287
-0.28215388208347
-0.049313143918133
-0.123182639263214
-0.243622969155771
-0.195202842707357
-0.179286246988577
-0.130356704869529
-0.183748784825493
-0.111532481412993
-0.188836553415772
-0.194174532524593
-0.0658549596158226
0.014864807659518
-0.117305888201968
-0.0427037953993402
-0.278456105013132
-0.144061707073382
-0.207834306338091
-0.131613765249069
-0.106073329615974
-0.215214560113799
-0.0290980511694267
-0.0274910547098983
-0.202025318042232
-0.246325570919611
-0.296288905414946
-0.108008835360261
-0.0928422986062785
-0.214478912292363
0.0381168899783814
-0.0560844458664763
-0.0988549376981645
-0.0849838922723063
-0.0191552629125322
-0.153384247406715
-0.137435608594745
-0.0982025292070403
0.0151869141042342
-0.0467438158851307
-0.0528341300566743
-0.07896483638131
0.00114931279160866
-0.038946406098114
0.0877713630527056
-0.249167591691838
-0.21849159676919
-0.0787758911912401
0.0206458826455637
-0.125274777045704
-0.0729243731934145
-0.0821346543886775
-0.0830866208780744
-0.0924682135140761
0.00541654112401476
0.0685130893938321
-0.185670453565464
0.0546063739853587
-0.17753388607887
-0.0784877322834825
-0.22868367142449
-0.0352533971528662
0.0944169475711964
-0.098486045263567
-0.0751371650281183
0.00887238960810361
-0.0330000466199589
-0.0312602334446311
-0.0385559836607679
-0.129925358321692
-0.00953984815292121
0.123237906083196
0.166327963257298
-0.12737292165812
0.0235582092857879
0.00071841755344513
0.13795165151632
0.0436064831689697
0.00510517411684417
-0.128982717396715
0.058787597399041
-0.052999905362768
0.0592346126483485
-0.0225485794300224
-0.0377423161110542
-0.0587290841394123
-0.0442816062863021
-0.157931542377556
-0.141828540628899
-0.034648993594345
0.00729817721515846
0.0706800994021078
-0.0568650164764841
0.0201414540634163
0.150061041172675
0.1293211186885
-0.0175583169429717
0.0402270973023494
0.081731843782005
0.0356173782898886
0.0968766272276113
0.132703062982003
-0.0170325518747614
0.0543834720960702
0.0749176838576006
0.0977809828132907
0.0417130229076904
0.069982784861062
0.148704860756745
0.228209242933106
0.124434290132903
0.127451206207569
-0.0209740953154225
0.159088110210216
-0.0263977641661101
0.0654925530154557
0.138632065831152
0.0422515415518998
-0.11846432619746
-0.111033611896308
0.0566399083691439
0.0800070888614549
0.221014028431431
-0.0198496930597242
0.0452972674128052
0.116016424554174
0.143155434934554
0.136257728744423
0.076879726091616
0.150245787098567
0.218179484352055
0.00678698730659441
0.00174841064954676
0.239207739572276
-0.0523023243757829
0.150150275169646
0.232039043101675
0.111325304100604
0.120439618765774
0.217590741997392
0.242115805943413
0.153757383972077
0.0805313109911632
0.130387661487715
0.0818187130420224
0.221885447276486
0.180072216059506
0.0687371624084138
0.27833569346478
0.0495384935375885
0.0847528655895473
0.193862719875573
0.0890563659477346
0.158874258778758
0.110702521731816
0.0661610938054548
0.14394184572563
0.112571570337363
0.04605126340808
0.289633725861443
0.193370720659481
0.262023507155982
0.00268125298023772
0.0239034250236821
0.240484029011073
0.00133902958563763
0.319770146156017
0.173806463931281
0.213835692532429
0.193121459255025
0.241390492511153
0.224189437115966
0.17063206499706
0.190034395048151
0.156337832185893
0.225252191554382
0.308961280331445
0.282808125170845
0.134482766813459
0.150883793125533
0.149944626450404
0.257383572626778
0.328041145134511
0.211284174105595
0.19751997126066
0.14967470491194
0.265824761102249
0.278063225439564
0.201182373039863
0.242753960779459
0.13787318644372
0.253098508127856
0.259091387989683
0.15395196948875
0.123103307069058
0.260164410118975
0.232130202239759
0.213677174107946
0.242333080576448
0.221575970261
0.209992943117017
0.224579491206655
0.176660722368219
0.176020971274799
0.29844122917146
0.355093701348091
0.305250534596067
0.353930380994127
0.268807304451484
0.337261217202059
0.216456990856853
0.0325607040924323
0.159995248458881
0.381271618923503
0.0630302516491215
0.254784154894412
0.225177595459917
0.249771200847948
0.427239121027535
0.352557173701579
0.411648343449542
0.310405166717591
0.272992765607396
0.246847882457823
0.275936310301349
0.300450335843792
0.358963697379839
0.501834315006382
0.446398066855995
0.30577998253141
0.172922415742589
0.229190431174106
0.212708798398473
0.417555543238821
0.283101405918899
0.264089124781
0.254330373374998
0.363901697185394
0.293841419869407
0.372720034819705
0.367999861594623
0.284688781243913
0.291638536693636
0.327090924167578
0.327275021631235
0.284706444949899
0.184255401187094
0.219089414844779
0.341937199165294
0.340839402632038
0.224650287875262
0.530791661984311
0.329713125253053
0.276697498868634
0.397299998082948
0.325736709236724
0.352514912370074
0.440036584514563
0.388416391593325
0.416221137800503
0.110607028003812
0.309982563795464
0.489520363441692
0.252294350094464
0.418003638700869
0.471564348353806
0.362856671975485
0.400202088194262
0.270485840257535
0.365814574396898
0.279259817860928
0.403993036175074
0.544673924424836
0.251172766084502
0.285186598862305
0.393982931476974
0.353752534065845
0.411950868385766
0.352458158546833
0.378003694809403
0.439349266212933
0.282369406317885
0.459022619686058
0.423875628111301
0.403762424760873
0.306918802669775
0.417645625478016
0.335738525661305
0.379544168358406
0.430265440191842
0.416445622734626
0.482433108645984
0.443577304386648
0.391355736939392
0.472702801581179
0.654437472149029
0.544697798404828
0.415108098392083
0.423759855219709
0.449898598418558
0.479734705230996
0.493264502704725
0.445167166662644
0.354152923442567
0.336361418335033
0.5911514636819
0.501345778831767
0.585468366993564
0.298470271903403
0.537041755467834
0.469463328701045
0.372533393054125
0.550375152817705
0.452452067109198
0.41540875901015
0.428796621279512
0.450301348552352
0.578207713329126
0.515855063270561
0.487364158198492
0.545310731405867
0.360554762675555
0.444420171792417
0.415684994542884
0.572222857181068
0.394158513587946
0.413989557537778
0.461674872166695
0.418954432020487
0.435167530769337
0.501761306417935
0.373332916442706
0.520364672597017
0.609634498346625
0.554721034807019
0.59033178372659
0.484124749520099
0.563592190043905
0.477754748026225
0.513086608160424
0.529936902920578
0.714925560530074
0.530239382429782
0.526097835715044
0.470999505167927
0.530267886833368
0.581603839881857
0.506607347311329
0.516897140646879
0.618529596611644
0.623709242150408
0.732059736049747
0.627143909201243
0.451452258736925
0.400410718209715
0.707045667178392
0.471661511570389
0.44993402628409
0.625532320486796
0.494693773549514
0.609383291965879
0.551332038889039
0.624602288968948
0.635236142739183
0.622060060372062
0.681830515581967
0.608127978997027
0.564652710958698
0.58807804007746
0.557397435999873
0.501598525359477
0.652422360527231
0.632071293633553
0.638348496390998
0.676438855076101
0.637555900933928
0.473085978490787
0.522861291327836
0.624934132654871
0.546383843075277
0.528022291580147
0.52186933815971
0.619761656883897
0.642254311989117
0.696846987812455
0.594187531584271
0.534780688935484
0.787799013646359
0.628381925991265
0.720490075473882
0.693766668197797
0.701601040872621
0.640145760503232
0.684913609053725
0.531422213341895
0.708580594572747
0.580704953628523
0.468984428670204
0.623574873744656
0.42522816378916
0.505114587735115
0.803179448608456
0.561975023569089
0.781792815564711
0.732897867015878
0.568679302441094
0.559426254116697
0.606687255270007
0.710685732804231
0.752413411523113
0.531885656520584
0.706136677352163
0.434883606884005
0.729020001028704
0.701930153734092
0.666667042322647
0.700311394930318
0.801397249930086
0.656112555118424
0.780002183416358
0.700268729502226
0.579939294211693
0.627856926140566
0.739723012410087
0.727481272531907
0.682841249656127
0.771010575581242
0.604931718702359
0.59170518863354
0.661634274644943
0.655142222073579
0.564062986444188
0.701511122882754
0.6742731157976
0.762043161054462
0.645008220262596
0.689682699629968
0.734264167380529
0.788183077160295
0.686496342606797
0.564080095557044
0.675093953167495
0.738066528883863
0.609040355951982
0.58166732328444
0.687494708811557
0.777826153374267
0.867090867433756
0.715290393690183
0.640850724559722
0.758747761430815
0.683490687425501
0.634276215427667
0.760612167846708
0.754127782099611
0.754349080809177
0.740622439601552
0.981841771135012
0.730002929222123
0.882312761865683
0.844713659498323
0.479599476130067
0.701311766968549
0.85515402000944
0.78815085992895
0.787054180065061
0.828048919985706
0.603983749797238
0.705292096811412
0.80268353529951
0.677733026495957
0.789790204359891
0.886778999783637
0.851953131638448
0.77760086965523
0.723085299329589
0.946050187696459
0.979043564498101
0.64556613693727
1.00884400308763
0.934578058401944
0.740568027377896
0.747711507404076
0.856222520707817
0.965424384300003
0.79073881793
0.88696752265447
0.89062772532004
0.921639775734563
0.878649954111881
0.906683884123871
0.758238997213551
0.792168537010205
0.926943318816526
0.918841726744544
0.836714603310021
0.893794291275841
0.815702063324242
0.686899759811661
0.835682967143564
0.769963272765789
0.922203062715079
0.771389771833906
0.731668020666095
0.790433618486237
0.877450653089678
0.921070213808957
0.840855488318417
0.73095976861214
0.930298140102071
0.853679074572885
0.953054589604441
0.956755789600532
0.920057979646411
0.796965148612311
0.917497944882197
0.730764077161981
0.687309553207853
1.00796261960229
0.960598571394155
0.853560634017197
0.769887339893534
1.03834759669011
0.894261510190804
0.907507977498371
0.931289866775132
0.852332315138905
0.889643768538908
0.968681655202621
0.942839245737318
0.936623768593414
0.771954581619608
0.901820764883174
0.858466067206651
0.866453671387219
1.06279672499282
0.874349177364049
0.912630792400439
0.879249207752168
1.05788907057126
0.91367072996713
0.930268524631675
1.02692393120364
0.990251613757111
0.975516492259945
0.852864117088148
0.948368240249112
0.761406336426664
0.930462369377868
0.853743791402824
0.954156161295765
0.918732478900044
0.824022879646361
1.07911048410164
1.07106708721187
0.918856133474618
0.866154274262222
0.765380968212988
1.08334379704973
1.03015974912557
1.01033735273601
1.05302862272087
1.02211934912599
0.853344624905462
0.996858394129256
0.861663441600915
1.01579471292843
0.851272674637423
0.962812931568797
0.933125003017634
0.956128895043306
0.915387445332521
1.07982214425998
0.979156229466695
1.00800017611662
1.02493721621461
0.971147004491018
