-0.975970521198505
-0.965221104948686
-0.945227566781335
-1.21641587577409
-1.05125075870037
-0.907219349544183
-0.781142144694337
-0.880063474832073
-0.997121980058596
-1.03627639446002
-0.905312154286935
-1.06233150836834
-1.02692647837984
-0.988243988318736
-0.898257974083629
-1.17064896478148
-0.953235133746128
-0.967664719497918
-1.0147573530914
-0.855999233273513
-0.899355381128381
-0.865965448414182
-1.09609812518345
-0.889604802895254
-1.00886077983256
-0.954719523598387
-0.896989671501855
-0.948206114498459
-0.980054524281124
-0.898085093545592
-0.917151509062744
-0.926983874889002
-1.10256233004412
-0.727315358271187
-0.968348454825542
-1.0752695054805
-0.933429692615071
-1.03060672886179
-0.887393943576184
-0.983659243551326
-0.833939213123514
-0.949674151019809
-0.919913621850559
-0.882650007716198
-0.750020294950653
-0.850897528517943
-1.01470575958622
-0.939451032330839
-0.739252258588167
-0.910598599385385
-0.837563024316384
-0.896988912346132
-0.784425196961682
-0.971889318927394
-0.773545963798646
-0.959428170722895
-0.989386310622616
-0.91579033636047
-0.826639646858958
-0.965839828113113
-0.88786467259036
-0.959266724462563
-0.980481730234644
-0.950881425468076
-0.889693334474139
-0.655128130615755
-0.859197339418508
-0.907459985662515
-0.914699210989409
-0.872121794454639
-0.960895504447923
-0.811194623917737
-1.02435926170576
-0.869681994296513
-0.901176214411914
-0.876939875987793
-0.813834946299635
-0.853607592633234
-0.854532033337265
-0.808170484269128
-0.843634097320324
-0.751031820183171
-1.00416441809232
-0.782274768402136
-0.746933330206717
-0.898621878670691
-0.770385200451904
-0.741683812703185
-0.860628251875837
-0.899308737587177
-0.864520140439733
-0.725033540485483
-0.909453209981876
-0.734911422332267
-0.817007622958549
-0.74785867735847
-0.793132897167474
-0.776769181240935
-0.772188900948918
-0.760460464794341
-0.779601893465512
-0.736000705167805
-0.940578889379896
-0.865298315433487
-0.728263547196979
-0.830287583298836
-0.794234095266599
-0.808757565582298
-0.847767104562386
-0.661505254769918
-0.785304849952285
-0.685950948686418
-0.727430150709863
-0.70845379755486
-0.90758720370225
-0.778291337545855
-0.861018957338563
-0.679076674802285
-0.726348426642696
-0.636677711062189
-0.771888837451427
-0.763839665895596
-0.679256450037291
-0.696467594518455
-0.624765464583983
-0.630896899308174
-0.791968100155906
-0.702111777288689
-0.832389206786635
-0.724279869080316
-0.718564211567657
-0.841386251763618
-0.708661987821035
-0.656834948261906
-0.536166174194198
-0.654559833626537
-0.619876520794877
-0.646830876085272
-0.65080399511092
-0.652510729129327
-0.693991413417655
-0.751718840387919
-0.819380507586432
-0.706185919644127
-0.779556205293433
-0.712074961474444
-0.628173276862576
-0.774953651199777
-0.533229744397151
-0.74549537274032
-0.701136849825974
-0.864285626637694
-0.701006551364884
-0.651631488801088
-0.785082962289193
-0.682863826261545
-0.720373992054107
-0.806058874606765
-0.60354774500344
-0.695802386959036
-0.66600947638742
-0.736973190861537
-0.703291512933293
-0.591324784609994
-0.575229578141477
-0.764438694151834
-0.488451398362841
-0.862283488167777
-0.75135349576374
-0.651215522200395
-0.681351235825791
-0.742070307023744
-0.676226760598978
-0.875039529802997
-0.657121134536098
-0.512157900408434
-0.748745224398449
-0.692648483695146
-0.700623236598636
-0.635480387016472
-0.51848098733296
-0.531317486484372
-0.704569397710053
-0.648051795078122
-0.608200444384988
-0.652160473149947
-0.564286779572168
-0.762571694017663
-0.619808378179332
-0.708111318208227
-0.618606171932448
-0.673958837302951
-0.618747921168296
-0.609037628617921
-0.603070775527114
-0.628346194398782
-0.613978097937552
-0.722692091346394
-0.781683068773559
-0.703570208392539
-0.587517887012473
-0.680017059369981
-0.574123066134587
-0.479964540652772
-0.498943204041123
-0.576781343889989
-0.636519434830297
-0.720990729828422
-0.547531101086994
-0.654604371452865
-0.540672573007353
-0.509152864820774
-0.45061115589197
-0.765150053268283
-0.683950177675419
-0.593773953137872
-0.359030144689398
-0.561328502326457
-0.551875065801872
-0.645514742024258
-0.608455436146441
-0.508654158279917
-0.538638152444373
-0.505102415708389
-0.547303517825372
-0.412053589924439
-0.643230216993189
-0.584101416160883
-0.562376553982849
-0.579824587388022
-0.634564595974779
-0.638046292004101
-0.424569157672007
-0.582688846274666
-0.524801464550463
-0.555372776709287
-0.460914513603888
-0.762493706150092
-0.472002063344444
-0.562893587069599
-0.536763968397945
-0.547231653292313
-0.427603275594194
-0.389366539636254
-0.570011178293495
-0.376226694579656
-0.579968724365449
-0.465011823694569
-0.585600352912421
-0.456716670184366
-0.412898258638731
-0.456729345566375
-0.45962659418934
-0.363532872995354
-0.561474523337006
-0.611213382005769
-0.406728709770697
-0.327621728821589
-0.527040244142745
-0.543427770540926
-0.508899041634438
-0.404875783964744
-0.603605466731687
-0.501007003091624
-0.516487942044118
-0.470706135155989
-0.237598948806015
-0.553499071788189
-0.380088055004462
-0.526318924077682
-0.420407067610944
-0.382408465521461
-0.310887715635782
-0.306025446756417
-0.624172672920854
-0.314946718326892
-0.472897942362831
-0.536690231352637
-0.30023219906166
-0.461030959360011
-0.515185378898673
-0.428622015115321
-0.522625954932862
-0.370634631277926
-0.462602204660392
-0.424763967008364
-0.157688661856685
-0.523151557780292
-0.421296234265218
-0.318461659824534
-0.445705107064728
-0.422946583886834
-0.498367495792081
-0.27831544158937
-0.38634007725562
-0.333578952971509
-0.455178393710634
-0.315598516467885
-0.322170520464037
-0.340245325352411
-0.424716907970206
-0.405890823470494
-0.328010886232965
-0.372143889212029
-0.32977454626646
-0.273001875516953
-0.47375767322536
-0.397585488898214
-0.391744639743632
-0.35263744514413
-0.403737730016405
-0.509391872209439
-0.395526245043761
-0.402617522108169
-0.401825957770094
-0.568952229039459
-0.429175742881211
-0.337470844082475
-0.348386631428692
-0.395136130550746
-0.329933497177887
-0.334337673539574
-0.467201362608103
-0.312778747100184
-0.198415532324084
-0.435670025051677
-0.414866351735273
-0.232940985040531
-0.231855906732264
-0.343423043926171
-0.505110482792721
-0.401181857948754
-0.215394916654982
-0.371071834028635
-0.370678451056738
-0.285238542106278
-0.341680298579026
-0.329072077912178
-0.400446677797911
-0.330439899018849
-0.266231624280383
-0.526320605452866
-0.165062093273885
-0.310375079095976
-0.127314734244892
-0.278386340830598
-0.255969887931848
-0.272720457768946
-0.280406493857777
-0.237568505167886
-0.357932300014053
-0.2960433486605
-0.262736079112764
-0.270956803147681
-0.447646740094431
-0.270447370829354
-0.338931485586657
-0.257266334905468
-0.441648848499014
-0.381732004087303
-0.263944400295935
-0.355018184432813
-0.35070951353337
-0.119800453779048
-0.330094905181944
-0.24466530337629
-0.209831590010123
-0.326960084488618
-0.408374949336366
-0.307573268425329
-0.145447151042561
-0.370822892615515
-0.225011093480252
-0.266654810412927
-0.259360471913862
-0.296750228226007
-0.108965854053773
-0.360806495626522
-0.283978092068658
-0.241016991263257
-0.196736215371908
-0.150798103962067
-0.346948025643005
-0.314193009179453
-0.258085939333668
-0.250610769122695
-0.332226108545963
-0.212485708358332
-0.268121794443839
-0.327765982437859
-0.374846970394443
-0.296303539593321
-0.208016372229355
-0.176214432680172
-0.252332478162536
-0.212711499407013
-0.290063801505913
-0.214082286580687
-0.0705178272668474
-0.102974620314084
-0.262163489155221
-0.226479896518222
-0.187605428704262
-0.266282767594508
-0.31349396567015
-0.126621318397435
-0.239609512049405
-0.163948343737813
-0.182503653447099
-0.230126634901339
-0.194984336090537
-0.158106174858113
-0.256499324948088
-0.239631943432697
0.00305736917214812
-0.237946357499482
-0.217780131466602
0.0127028513088691
-0.287423091432627
-0.152382289310304
-0.103341788523778
-0.202488233806633
-0.184528674478363
-0.0403326038299506
0.0689515691958238
-0.0854718149524856
-0.0742567873941769
-0.0413654873662014
-0.288511487875946
-0.0796716797285914
-0.280416300098177
-0.127533028718502
-0.170683269836856
-0.0302844935756065
-0.0852345319959405
-0.161849799522649
-0.190654957634068
-0.0867075259893701
-0.131036334051713
-0.0971233478120277
-0.230871292873333
-0.0728965168927752
-0.0524257610215335
-0.225315069817865
-0.288060675136046
0.0245733399725136
-0.159485610185374
0.00508591100250152
-0.0881723381528352
-0.100527846600231
-0.117492952970265
-0.0898597974387322
-0.144192585073604
-0.140662199918387
-0.0918973428772115
-0.115243120163355
-0.00552555066782024
-0.0189548843753566
-0.0855066412032284
-0.122915865903013
0.0101027348574584
0.0510854764424628
-0.11247579240333
-0.064719340734386
-0.0285582399280758
-0.104769353515931
-0.0290083945997958
-0.0197220521887896
-0.0223755221779259
-0.00146838455489449
0.0122039641613046
-0.085151189809444
-0.0991997712187865
0.0477538644794391
-0.0547077956205222
-0.170649495685727
-0.055487669599439
-0.168326032135853
-0.0426723265222711
0.117994463506981
-0.055298746440891
-0.0665473450507446
-0.0149189934660474
-0.00468958751322532
-0.114101099903445
-0.0672770887124337
0.244730779687739
0.146944777079308
-0.00594607700241194
-0.145010338320065
0.0416003348919601
0.0417783831834003
-0.0549392568390821
0.134451836619181
-0.0335998672340013
-0.0247287295932837
-0.0363501820567371
-0.0473248230354391
-0.170686692205215
-0.0179749597347082
-0.0575698717383735
-0.0611900913219331
0.065828198127594
0.0565523384048024
0.140455753349508
0.0772826904377114
-0.0481019655154675
-0.0514003029016822
-0.0202736711058209
0.0396917798988422
0.0115958971571815
0.136645987958272
0.0471544472608086
-0.0479590750474346
0.0188690677788242
0.0426619489452557
0.0351663289161793
0.00488907718071489
-0.0815252361507004
-0.0746697240794164
0.00637930269644016
0.0211329141855036
0.0425288886849056
0.0681046023480875
0.0625027381945314
-0.0861495134318995
0.262977571181481
-0.13344457417447
-0.0455682638164098
0.000180723053352251
0.0936947395471997
0.0553410695515073
-0.0644663382526301
0.0613996094659668
0.150422098229646
0.0887547361520336
0.0897366013142018
0.0387222665108952
0.048882903535194
0.130771813982426
-0.0277294197977668
0.204305828322835
0.263892100697991
0.0472208705742117
0.0551374128474904
0.0420282615404873
0.138693379246453
0.0023895274679154
0.1140179803164
0.0658747164855854
0.00299449938318116
0.0905312860465454
-0.0214662092365945
0.0967818332355974
0.0762917510811456
0.143011282452868
0.150020435389428
0.162081190977782
0.127817126715943
0.153400113432356
0.17171904233523
0.00802634944399788
0.0701358452609988
0.110646228378115
0.16466859189244
0.218863067932195
0.256726404656234
0.199864041311181
0.0892796304106328
0.154668960939081
0.126240486599598
0.0488325526931253
0.135298815302592
0.147013981425992
0.174490165508429
-0.0165511452113444
0.233850540458892
0.121140144267371
0.15643390244061
0.244530444146982
0.293137457550491
0.148455689147481
0.170530619773383
0.104852206808817
0.127038555395681
-0.0153817295347288
0.279777081708727
0.400450521809785
0.135370178927336
0.239303739273115
0.0851374836132192
0.11110930449523
0.154013675808597
0.324728946246063
0.297965306111862
0.41519193706818
0.0567692295014011
0.237720523865981
0.255662662039709
0.119439171264649
0.15735913293846
0.242105884904638
0.227403393782742
0.183952861287449
0.133580297495203
0.232466804206455
0.325502577800517
0.300539488767364
0.23881667408628
0.242336734064731
0.210629538632656
0.226106593680478
0.136155681078951
0.315071750219388
0.29448110457342
0.295341191132289
0.376640496299814
0.283233391302871
0.135940901273739
0.239085561807773
0.236074677720726
0.278961632074851
0.311236984994038
0.427680982899669
0.165818833869065
0.296394683883166
0.199314268752419
0.168496362859851
0.214369406064268
0.202167980037711
0.281068984022551
0.255760499108495
0.295296704196771
0.447543859500972
0.373177061153469
0.338026400162688
0.234757460614787
0.364464483755331
0.292395009579601
0.293450270979214
0.184992189308586
0.354084196329618
0.295577494868362
0.313898045145479
0.294129901700556
0.142653351570329
0.267523898227708
0.363056513210228
0.480636680601507
0.304870294684538
0.367134624080084
0.208384799606589
0.315467069954058
0.226438774615557
0.295185579653172
0.320983986924101
0.309386875092501
0.25804193229581
0.359985629175452
0.457070550602724
0.326444517087293
0.303601845469477
0.453319576322997
0.372700197713679
0.367274972631006
0.398524685643314
0.325173848510218
0.276338357817398
0.174247830324572
0.402294932040748
0.474865145539336
0.345698148405694
0.409813526869999
0.482366144529526
0.342974338890553
0.325395950949725
0.350693487539594
0.302469323127003
0.274681575569923
0.498675053662969
0.367736365302564
0.567368355807617
0.414607383005762
0.317753208034057
0.251879265993756
0.338172099294568
0.474732628461018
0.338315463329971
0.422424982377696
0.325892610658242
0.293592599946482
0.53848707293334
0.49155155162552
0.475177264983409
0.350270367518604
0.44184326723847
0.377193084048512
0.58956917565026
0.368969026286915
0.420608438651484
0.407234648264819
0.47576729617637
0.516765634403114
0.421800271276828
0.328879581399814
0.454456067879901
0.292830746357104
0.368645112201271
0.434843501426587
0.457183241118998
0.391536443436998
0.506878816774194
0.44534083493438
0.391350860844599
0.261200347823967
0.35788755541476
0.356423585875567
0.368087682932707
0.464107507350633
0.452738584769983
0.473555838391034
0.335012606640872
0.297912743304604
0.342225470010598
0.506798780592549
0.582771030885017
0.459769665894409
0.541606493669152
0.469787083436145
0.500058544662668
0.470113097383319
0.3964681066584
0.543450345456576
0.420564713173958
0.533096797134413
0.491790604402043
0.505452685389763
0.604345338118848
0.607434874887093
0.490267789404538
0.491891045960867
0.417982233522558
0.384732147741693
0.503973097599134
0.524451189808215
0.524260357654494
0.521397388834303
0.543467520866901
0.528622637421546
0.440461657016182
0.570436241438957
0.475723318610214
0.378211083564484
0.42800569838005
0.519272539042163
0.649370916404779
0.510559883953559
0.456774907662334
0.564769032086576
0.641829372539523
0.511037592297923
0.413566575758983
0.408077139421276
0.511479371128608
0.565728746225464
0.575716410075147
0.500008383976967
0.460891814137382
0.443363904665938
0.418896198128063
0.361600305634273
0.557931396124282
0.457602746562613
0.706314791154103
0.628895978788811
0.598125538869579
0.639536595417756
0.53353465918558
0.586561186712624
0.48994257610078
0.535568784592098
0.536224496026286
0.390694756318443
0.749395145825521
0.630376279179664
0.580946832856354
0.626238895464527
0.800476645916362
0.586458066360127
0.602447683474329
0.745634955168521
0.730981741056255
0.692815737385187
0.504545780064454
0.613376274369205
0.599961784037187
0.549833953589762
0.690341569565798
0.64898588683689
0.546680333695706
0.698835005656162
0.553207784322406
0.77836850942225
0.594532159775054
0.594151871566656
0.694839739570899
0.640304831465155
0.70693272394252
0.446754031687051
0.660659657510799
0.597991139755635
0.763592812950625
0.593877717692886
0.554761554520955
0.5598736511014
0.633836939323452
0.728597608889553
0.673728399772161
0.616010330790672
0.745892477212619
0.730380894854363
0.444087808618398
0.614713778222612
0.702329113094557
0.70915025219338
0.533063080684085
0.583807555639509
0.610480086899485
0.546914135151356
0.651959950489152
0.74905234741169
0.673188371470099
0.582019309841664
0.544070829280584
0.608160970285462
0.75697537525267
0.728130085768827
0.719441038980947
0.667680391700099
0.713027764089549
0.597542493279806
0.659894792504538
0.786991328511556
0.818761250268366
0.554856725714588
0.730550976566374
0.71515247158453
0.741905790747482
0.660616186258956
0.648680294448549
0.684916556400116
0.652813847056808
0.803359028214093
0.577474999950204
0.778815752038704
0.608940006005448
0.732566330654495
0.607606145863115
0.696294993509948
0.662425570021006
0.529870301335408
0.504358857627644
0.812208103434083
0.607266361351131
0.693500646304689
0.889318230749349
0.780202784458316
0.816352285410774
0.688172660796062
0.763648367315845
0.711059238415932
0.730070463405137
0.734749912180544
0.797918936820459
0.746230392745963
0.777170131638532
0.795032576096682
0.746617866102749
0.747778891003743
0.766344857214192
0.906261339463861
0.885040113249529
0.89168663285405
0.774685318645189
0.825711220305768
0.792634218752263
0.661687585455441
0.717902029485799
0.914683610796317
0.974535816082203
0.585720020874898
0.711528376089981
0.766149070244316
0.819926465047323
0.750076894056361
0.850672398880029
0.90468011145273
0.612916836829836
0.853591686547228
0.866081815333321
0.806363279389151
0.746891352290837
0.842798448176136
0.677739818885859
0.726264548421841
0.847615315611445
0.811345610683409
0.932927974083827
0.952457371569967
0.832049920099281
0.743180465041161
0.944567484348909
0.741066376561424
0.74763102916662
0.988577985075905
0.71472867343577
0.728532901669727
0.786169946203826
0.633318828966248
0.829492557351999
0.844056063130735
0.96068929730815
0.78385250532608
0.760161720711189
0.854835533076436
0.933945260503679
0.887083301911442
0.669216263167285
0.953109295548654
0.866760124527602
0.799722884037611
0.823384099550773
0.744580612265307
0.735051325722935
0.849186764177267
0.96034695204184
0.692672457318481
0.747365865560092
0.952178768085323
0.837988348795149
0.935252409855907
0.966761903266906
0.773322710808326
0.992350551001219
0.888029605346518
0.911377140057398
0.974867182039447
0.862884248952525
0.77943662011214
0.986686579963281
0.848073137959454
1.11611265432672
0.772816421332918
1.00786097660976
0.697971263217273
0.863099735591835
1.01394639819083
0.863413415659334
0.825326290535198
0.861495331343725
0.799665364664647
0.953701929898787
0.763194001900034
1.00757075520625
0.990487190567674
0.945711354313111
0.931268111236029
0.891658389893007
1.06661682730609
1.05936288594037
1.083038113668
0.848920971776769
1.04183471185121
0.830097018490281
0.960026015512929
0.747281619687573
1.1104297192731
0.987186115306294
1.00613844375167
0.987506689623358
0.985554345487992
0.955250821933024
0.922735472474707
0.980099254863908
0.970373423901329
0.925566020490685
1.02457358181034
1.00275847311411
1.17326389121379
0.867310290507545
1.00279780022599
0.943861258576333
0.964436385279138
0.907372483363059
1.09479034964271
0.925194923733757
1.11114364517359
1.1645796218905
0.925293624950707
1.00081047860797
