-1.14638377287707
-0.806375246042328
-1.01272639578696
-1.03154379197492
-1.05584175793159
-1.05102684567467
-1.05567656237728
-1.13349955801164
-1.10872612238272
-0.802657975105007
-1.10102119754202
-1.07393588695618
-0.881170941003136
-0.949551315488994
-1.00989449200776
-1.01389321072919
-0.944610975631187
-1.08263972191361
-0.990250116733254
-1.04761232499871
-0.900789485802898
-0.954655631823916
-0.745485972149896
-0.923822462330949
-0.883910756952548
-1.01394767080001
-0.933270625653475
-0.990184634657212
-0.993333694692662
-0.958294189932996
-0.74394247630994
-0.977424224040919
-1.03491374055145
-0.891398352390102
-0.843897936229706
-0.845365184798448
-0.861481558805627
-1.01539569273009
-0.925856724036949
-1.11264261268335
-0.715324113802393
-0.942664444974608
-1.0238185254801
-0.8930449487708
-0.973465677302354
-0.964701908440676
-0.87776140726826
-0.818661917817186
-0.849008481707216
-0.904764578449937
-0.859864378043213
-0.961520861606629
-0.735129988372386
-0.825936475713708
-0.888869601895102
-0.892882420071265
-0.923022349970837
-0.81744318502566
-0.798806872857991
-0.848577098400171
-0.925775919464094
-0.906361800678119
-0.749400661243959
-1.0031977434823
-0.756595089700091
-0.927779207772022
-0.878202129425833
-0.956664809250841
-0.752568577470302
-0.817330924083151
-0.858405375235227
-0.755806786889994
-0.905087843594192
-0.770946179576752
-0.801060147866971
-0.857010830433067
-0.875043229627855
-0.947005416108023
-0.804010549238018
-0.740865526976981
-0.866643541023091
-0.75947139789284
-0.796820830892817
-0.869859235709665
-0.903853518204914
-0.773158209911283
-0.834950322227888
-0.867614346160503
-0.833832550831711
-0.863892734019084
-0.86057589654506
-0.841028625185723
-0.889383943397674
-0.790582684226947
-0.822231508884875
-0.824216172338914
-0.769285886506969
-0.875895537762022
-0.821996720981821
-0.721760496666459
-0.825947085817025
-0.85156647034848
-0.842141390254883
-0.660092158330993
-0.673110598510116
-0.977137100520907
-0.918307027653362
-0.570685351119339
-0.854692682405123
-0.723143755437796
-0.736664898641104
-0.869246485349701
-0.793383147442494
-0.624204285002004
-0.708865435297068
-0.85192287223041
-0.756988866878549
-0.72748707884865
-0.936572005914375
-0.768830455235018
-0.63222099037175
-0.850183790604368
-0.864234380431369
-0.718228451866434
-0.592863885533971
-0.850112272608137
-0.812114120875267
-0.590829724320503
-0.734696939373862
-0.636674067656523
-0.796052425884731
-0.742897318922155
-0.7695925500609
-0.700896609790681
-0.745724195462267
-0.703323733070794
-0.649265633797954
-0.568157412069126
-0.542965687984424
-0.79112636592713
-0.775660349018453
-0.675945399036912
-0.778272145895845
-0.749236370310724
-0.680249041023667
-0.766593439987439
-0.734333382604272
-0.815183839551971
-0.753019265211251
-0.592291877714893
-0.687233223745861
-0.787348343724411
-0.737051545773221
-0.761087623270142
-0.578592815136375
-0.632253198850224
-0.764725066805785
-0.733569128479489
-0.832378587326589
-0.678217098293074
-0.752588001778156
-0.65269041377388
-0.797175780007965
-0.579188331183069
-0.654009589234106
-0.647449829849894
-0.70417155480532
-0.537873152937157
-0.745591216942386
-0.820482012904232
-0.75825878941761
-0.599564037797628
-0.641151975011157
-0.574053835831193
-0.577016403317413
-0.628366288580277
-0.8845043518083
-0.572890423691224
-0.586565444571483
-0.747621372433898
-0.577997929179854
-0.450728095610225
-0.511732454269767
-0.716964898571916
-0.447036997334316
-0.538125157845902
-0.546962084148345
-0.6212909004615
-0.682124069535442
-0.593072691459494
-0.594379604729038
-0.600219142541623
-0.564071060340728
-0.596592798384275
-0.531180417411865
-0.61879300813724
-0.737189630675899
-0.600723164561336
-0.68164581790067
-0.532020818693376
-0.656921338592211
-0.469703382856921
-0.747111608463259
-0.496614169483923
-0.556492547872595
-0.561377754934768
-0.592650163620019
-0.455408303904468
-0.462329700058444
-0.579856693788616
-0.58743048969348
-0.650277572820037
-0.459307620129595
-0.513320806509605
-0.643575472207098
-0.507630453776758
-0.5037688223637
-0.674627053524806
-0.549018753061658
-0.548949002692605
-0.507193744559124
-0.580880116427999
-0.524806526410607
-0.636472732228767
-0.6051539693145
-0.55672251606045
-0.633598347525222
-0.697849267406508
-0.560482165597003
-0.564869277323654
-0.617003960572623
-0.754832103721612
-0.50153992855349
-0.457680009945772
-0.444700147771024
-0.455238929430502
-0.416100383653919
-0.572711199528285
-0.52330172144436
-0.575244403982125
-0.736399348710231
-0.312254430743892
-0.440063727660878
-0.596243558020476
-0.465143206781835
-0.444322815161003
-0.540655314321835
-0.490272691967405
-0.474233088287706
-0.444309113354098
-0.528755128231808
-0.509101891046323
-0.451972038509529
-0.61164224615762
-0.50430972740335
-0.490016315540978
-0.395219169813296
-0.467731711788385
-0.498966862766467
-0.440971052737381
-0.646660785066446
-0.351861502095159
-0.535718180710713
-0.432918086012298
-0.436512464862497
-0.603075512771374
-0.542663342762779
-0.497074641743841
-0.394290183615562
-0.436323487625699
-0.505608054229441
-0.478327385431413
-0.420863590922078
-0.306422698691632
-0.556509630807195
-0.417196432615268
-0.577425448353589
-0.482182289982228
-0.521079304302697
-0.353012197968357
-0.28861393542147
-0.451514083153458
-0.453827207828716
-0.400163453150378
-0.380195821563613
-0.332430128874945
-0.425159945281512
-0.321101479558601
-0.569747170204888
-0.369556020359062
-0.512220016000468
-0.596607013824809
-0.43457819358032
-0.348481546287254
-0.572367415787567
-0.396322271480212
-0.449822555511388
-0.337457107236327
-0.304833471468793
-0.327437638105791
-0.401900942819375
-0.4061647686387
-0.315678861327686
-0.389471349690282
-0.403064233898099
-0.472618717892756
-0.426217198992692
-0.353396456604437
-0.384219280056589
-0.428835171646429
-0.233257077037944
-0.259469875803615
-0.366049971949121
-0.437864194744236
-0.426624297469102
-0.51385148015271
-0.244008029052173
-0.459450401887087
-0.317128589216486
-0.369042655895104
-0.314524105175351
-0.380190642061016
-0.354549178266256
-0.39308930783539
-0.304992288104014
-0.332445857840621
-0.423736985643938
-0.373519369676937
-0.428001208071776
-0.413330175588496
-0.29909503231
-0.377447321358898
-0.20671622152007
-0.169397711838884
-0.343192853555734
-0.296688367747351
-0.243697257089769
-0.274501133285349
-0.250332159115828
-0.276155354438911
-0.378926673729347
-0.257236684272114
-0.274120068454382
-0.343655578086331
-0.311405584019285
-0.269978465089738
-0.442431744372816
-0.455604520504039
-0.325564885445648
-0.2308535666338
-0.363528865924104
-0.321033292993902
-0.379632650981325
-0.343376560685754
-0.364588359242138
-0.348606378866589
-0.204148407734599
-0.305324811993151
-0.358120143275227
-0.258870738548598
-0.237153345109411
-0.21861317490369
-0.305545194014115
-0.201557393356742
-0.172905400983706
-0.171724066874351
-0.175743539745856
-0.286024308082114
-0.194769603172544
-0.269408090710872
-0.40066276393102
-0.210455464131941
-0.154363760578924
-0.146521241518138
-0.338873335108968
-0.38837649182838
-0.29922120684343
-0.377260487043763
-0.301665815006636
-0.314915312932931
-0.267327580617809
-0.330852371638518
-0.192884051611771
-0.232340333826022
-0.197082004988292
-0.251622793727219
-0.25508370252891
-0.231027339899229
-0.209392348974932
-0.175258447604767
-0.16159642464585
-0.260264902861848
-0.26702393781264
-0.177145662167287
-0.210557929745244
-0.176878578336682
-0.289691976865604
-0.230372865823495
-0.205561116652404
-0.142577199338992
-0.231551530205472
-0.137057894162919
-0.177573411146215
-0.193689329961916
-0.249646706276364
-0.140938420385578
-0.198475308732569
-0.252465451619579
-0.159927811538567
-0.0508352692917249
-0.175762079982855
-0.306412931458228
-0.147684687291133
-0.183941993550369
-0.237369403261311
-0.156482339399901
-0.149020241612271
-0.17000258753196
-0.206036598189419
-0.412218248296577
-0.295710438866579
-0.187085682970522
-0.0670744931473082
0.00586765254902968
-0.0676917317038976
-0.327545960774125
-0.0591707443238694
-0.229087436607914
-0.0132742196252225
-0.0990204462449896
-0.239271156802991
-0.0906180541516597
-0.290325495883824
-0.117198006888664
-0.129874741582634
-0.055440832476537
-0.298627331870803
-0.0779098810286851
-0.201944512824956
-0.25695334718321
-0.017854473767922
-0.257465498158284
-0.0875227952123604
-0.137470335176977
-0.123087093469663
-0.0861218471127788
-0.202333987236668
-0.236739409023172
-0.0708776336012817
-0.273188377130744
-0.130882084306859
0.0799695915648851
0.0122344335476461
-0.122200224017879
-0.089458819034997
-0.0720798867145632
0.0487647347901154
-0.0188886888275975
-0.0980363285505199
-0.166079214961394
-0.190850467590313
0.0341141289822867
0.028922026403484
0.13086614570541
-0.0813868573080437
-0.0881027853473829
-0.0936656984238774
-0.190550259615282
-0.178527806235725
-0.209185051361614
-0.0513230828758849
-0.0819548654133524
0.0440041461879255
0.119867787083386
0.0994282873160402
0.103625527316672
-0.0788661790975406
-0.108871086652933
0.150351133493036
0.0472413846903075
-0.133675963966587
-0.10122091485926
0.0100418476585534
0.0574064863401664
0.14857324522877
-0.0196238986701077
0.191730455990352
-0.0206702436851595
0.0353124580024548
0.0188762901881223
0.0329433943458445
-0.0479182368536094
0.0621610092042189
0.00708843660621076
-0.0654344016593688
-0.119444219034852
0.0765768450879186
-0.0222313378279036
-0.0691278417014204
0.0795706024669074
-0.131262310085814
-0.00886519681341407
0.0116070784780164
-0.0822301401378568
-0.0590865029018403
-0.117281829609086
0.0639209819401731
0.0252397668555499
0.0424423185222719
0.00369124575686784
-0.0599238762492776
0.0988369737371224
0.0774504909282098
-0.00487842134317679
-0.0863640295395359
-0.0153265769587918
0.0561198545741451
-0.125727539624941
0.0398938492236395
-0.0956438540108112
0.0520959796191611
0.106861469364311
0.0189542703549469
0.0334959099352239
0.0258307202255131
-0.0755043579395975
0.0798707340738122
0.0673635740526486
0.0478045443920224
0.189317794028491
0.142650840759827
0.0660419796433517
0.109499075515647
0.247208225153087
0.117548060277949
0.066163254372975
0.0694656890424262
-0.0538374661625098
0.0826812901287347
0.0856949326560456
0.103879691586464
0.080358045684835
-0.0239899401777196
0.0619288964512024
0.207097371877702
-0.0427221720717538
0.0129050047661595
0.0726905254351288
0.00843430151719024
-0.0144675590635867
0.170921265793969
0.00033750730685225
0.0702446536581824
0.0420301956280876
0.0761894671838137
0.0304287198196028
0.12687855708589
0.205617031645978
0.259315747694181
0.0632074730268409
0.185790737051947
0.0155289005271122
0.144752618084862
0.223937101204983
0.18240078108437
-0.0409425417986469
0.290687664872448
0.122915045676795
0.0629905559765916
0.213711842949958
0.069220418110111
0.21272219006796
0.149964805172697
0.0583817931168642
0.0895805602244291
0.129917879409559
0.127581590236952
0.18496233670034
0.0729365213301818
0.163279718434739
0.0503732520249311
0.129867258458327
0.0818047186392585
0.121453326903448
0.154249819252582
0.136575669763404
0.148310183297621
0.0477622718631918
0.14702307168664
0.10748336688825
0.194391526177143
0.111432564052491
0.14049652698761
0.19492499724895
0.24294021617631
0.236201309563464
0.267138100907656
0.224319863416153
0.138571904197276
0.317970321930827
0.0933559268385788
0.0544050252244053
0.214000802746567
0.193715446737993
0.199807314860213
0.153834136510807
0.244050990829863
0.149985987049126
0.189619215958498
0.180873032929251
0.0910850984113832
0.350507805159169
0.265368448490627
0.248505163180885
0.12677975622514
0.175845828179032
0.236376600801202
0.368975050831431
0.347490980704183
0.358861944542671
0.162528312353573
0.235427803727983
0.290167397786269
0.150518837748568
0.241354336437277
0.281741099575824
0.325560151144879
0.291084842526333
0.296390408152174
0.263197665565617
0.195433245072167
0.213526220877218
0.338559289531177
0.194270528060902
0.164980923808229
0.166320791886253
0.0885899101855526
0.194850716719148
0.225972876539853
0.285313402812646
0.309012843287295
0.35223981951119
0.244322962411486
0.357077529973096
0.289094039446569
0.304575199703197
0.344799355020694
0.0973315403680741
0.233592783912345
0.193352485117165
0.119194453233204
0.362837672400846
0.311288153505291
0.351059554142669
0.312360284150062
0.322663481675824
0.292131504500833
0.351813262211606
0.40152908476873
0.320278772401468
0.274875611798546
0.306146171792616
0.321827271921137
0.337339298861246
0.300355179390052
0.32181625041017
0.290250371039586
0.326008809618579
0.27771931629475
0.316483512295475
0.113204791792984
0.302949452782607
0.406330490692367
0.320109107801989
0.410351350887265
0.29292605373743
0.276277660551979
0.294279732761385
0.301203492840165
0.250943820080607
0.405208873546925
0.255502609194979
0.170474499570284
0.293570107373819
0.374868881214747
0.332874077397428
0.236267312450908
0.391480892950461
0.481333609669446
0.35591455966501
0.178437332567264
0.355744666232827
0.312052624451713
0.497853059035931
0.356064912008094
0.339100952166349
0.334880548592007
0.527436028904473
0.322130142496683
0.387434512537101
0.432214039051354
0.43193024413559
0.365994579491964
0.480119514165543
0.500279925985451
0.404240226827496
0.330724885166613
0.328977336460352
0.464465643152357
0.4189700133064
0.443276980819077
0.481819515285269
0.392002721897609
0.50732308894559
0.412074083599469
0.350955287432335
0.419156236281266
0.378416585566608
0.463661944580536
0.411494722754088
0.355458405820629
0.538731916806939
0.488818334106754
0.360350604037487
0.442180427959172
0.276967692844983
0.539294651727588
0.3381900419438
0.522335626934635
0.415142960323349
0.310365937541454
0.43577394118403
0.497235151194591
0.492649777317526
0.340709100994565
0.457367018062436
0.297598789071556
0.343439876857598
0.503884381288216
0.711713817508447
0.312018744112505
0.505497876550705
0.503437247932005
0.496841063564427
0.678957442939606
0.427077019908296
0.552601760030773
0.603740847281983
0.495902390190669
0.502159126900421
0.472603477588493
0.635160917228191
0.558397910209421
0.491944437051671
0.603452730064149
0.409907916778258
0.613040220820215
0.499690694656695
0.60718923478237
0.53999983447418
0.45733468481273
0.539086860695779
0.446644522346007
0.458681529019011
0.65529175014196
0.469235017037549
0.548422496039783
0.58597930252138
0.532998609183233
0.544327961242666
0.479883143517281
0.661066620459043
0.553797758470457
0.467617119231498
0.664251954055541
0.496267929827145
0.568939272224917
0.602538000321553
0.629092634335466
0.440108342533236
0.582544393399307
0.561130500349796
0.537028282398089
0.512025748917342
0.407470141979895
0.610618260311259
0.611984254520408
0.609624763591566
0.479256478371144
0.709861986662893
0.550622325354448
0.553985138719325
0.609520037662912
0.681795779606446
0.570614406371971
0.530436493225657
0.621767445427362
0.62665906621002
0.677523068311926
0.522579245110783
0.516985246637425
0.769829494509724
0.65372644369797
0.566297652454179
0.680353625762252
0.515188303281426
0.556624908636157
0.533636379072653
0.695212648075384
0.644645351266244
0.519014852916385
0.60809232863887
0.475303606176132
0.436373210893926
0.644078503938036
0.747209663458105
0.655477118884974
0.674916160233322
0.598559488722985
0.787858929282226
0.487948926934276
0.766674975686367
0.599927785640259
0.746650538440334
0.513388812078188
0.539509462816617
0.523138422115638
0.556700898332153
0.731119123183019
0.69021232725895
0.707505377920862
0.491895117490582
0.683110298830268
0.75842475961865
0.655224219904673
0.550332761797682
0.649177156699836
0.766958740222815
0.576739402319511
0.616207417755339
0.668278105328542
0.589731359971534
0.673556501676393
0.767814839497729
0.517024342839989
0.665636312963029
0.701056459112995
0.661008613096146
0.731607829776169
0.81388362729599
0.62341561384761
0.725289273600408
0.635388263193961
0.588633621380059
0.697411714105778
0.865470561334191
0.674120717807551
0.822298481773443
0.740427461565893
0.821625300995158
0.681141444700832
0.633745336855555
0.591782424005006
0.757423313905768
0.640242703353906
0.853724539823145
0.712562085677879
0.724247420230074
0.799943741364484
0.821029044888826
0.879744808944916
0.872933186787309
0.785523618594018
0.737709169782623
0.739084557168918
0.8746168683403
0.872071142105503
0.744331107929784
0.781086031302308
0.762522233246907
0.835830081751657
0.794661628495078
0.83344412942901
0.675503826914445
0.849235055351379
0.854652205356294
0.619648193408358
0.623501010816795
0.803493548319532
0.757880624060791
0.813023676539679
0.707890228991397
0.739808819283493
0.92690689627832
0.705185910058727
0.82013285395993
0.722437116712016
0.837456212477915
0.75444949204549
0.875079984526485
0.980216299203598
0.698209852448087
0.820788707318119
0.776576616483175
0.933683364555452
0.739503842084759
0.833321127317368
0.949391200213129
0.75781062796589
0.967173666551406
0.793218769954432
0.815876612311682
0.854148297783693
0.934400967339084
0.757233028508687
0.728938828390182
0.808065970130866
0.840900283541808
0.891990272088157
0.641745191293765
0.73349221200473
0.802195324574716
0.848181295786314
0.84376210394031
0.941272082455448
0.81721166148375
0.75238247604426
0.755761792547834
0.982851207557817
0.893330776031275
0.786495348143099
0.904643231236811
0.810306894932484
0.911624651177259
0.804696797736394
0.932958380550622
0.892289608522272
0.937016422858989
0.802106518088867
0.893335809183134
0.889525497502107
0.828218714724949
0.888679782013426
0.932909428090293
0.898621136152587
0.668697370065782
0.853351993915583
0.796638677343515
0.935688269456806
0.854013002919864
0.805612261933294
0.883467037872176
0.801361758467757
0.925893430151582
0.896469156360534
0.904846052511588
0.891472442837182
0.864034695446028
1.00801337392379
0.837848140499347
1.02078927465561
0.957018535850113
0.8327076416515
0.845797900625138
0.887019256503732
0.990081406204354
1.02701630827574
0.931079721952984
0.781031803944655
0.865739085501677
0.927903604413875
1.01752867591186
0.855198344670626
0.917467200999707
0.957746396988647
0.888804997171204
0.897266876778769
0.972479303473499
1.01496303539943
1.01984692422212
0.877729811757184
1.0168513201183
1.09579180752129
0.914447528855617
0.976231949611539
0.967029530786623
1.05223091692409
0.942734191014829
0.969388956284542
1.04790215495499
1.0507408074389
0.896416523397034
0.986558268358592
0.982401106727262
0.987949247390436
0.832325356069395
1.04807881730383
1.07168373824092
0.986904997166936
1.07439935891424
