-1.06489490153457
-0.971304659595734
-0.991264899169439
-0.93031994281389
-0.907338343147295
-1.11561547653458
-1.06578813957912
-1.12367506207352
-1.09147990696097
-1.08085535105422
-0.920921418419568
-1.02241571962806
-0.96068850015317
-0.958498013100243
-1.03070135378277
-1.00674357729458
-1.07495546545822
-0.963943351849238
-0.818867084780658
-1.07906091795223
-0.881308859986791
-0.964383651201352
-1.00106235722719
-0.933066456356063
-0.890354399682404
-0.899296779128404
-0.93344621571664
-0.845133728544068
-1.0050723324128
-0.844226467618658
-0.955261337742847
-0.767945052834333
-0.983319893569871
-0.741827230813041
-0.983630164273216
-1.01672818140431
-0.927152419261229
-0.898233398706675
-0.731205194398944
-0.837139141400781
-0.869895217685832
-1.0371322909076
-1.02095357483278
-0.737683913989483
-0.828215653745848
-1.07232437066807
-0.906607151693497
-0.78632825100938
-0.749621825470698
-0.916079415644873
-0.961890285935692
-0.991401303672902
-0.959463695846811
-0.918106849446742
-0.991243200533722
-0.951795105056605
-0.858978690190326
-1.01834592747294
-0.83215248680803
-0.869370320915409
-0.926889829105167
-0.787342953262182
-0.933815506476931
-0.897596061753725
-0.880749033635261
-0.771234187717884
-0.927600752062993
-0.868663445441414
-0.852171857463044
-0.893672895811094
-0.938756985786832
-0.839052502794612
-0.794351565085756
-0.780393875989008
-0.690673447323339
-0.798609329461088
-0.798790817794663
-0.841111712726175
-1.02754100958882
-0.867194638535653
-0.805362898064703
-0.876462275305246
-0.748358203263298
-0.760582088147475
-0.842135290427879
-0.961403364439585
-0.724371684741131
-1.00271626630085
-0.793159809419838
-0.781567513024596
-0.947559680044145
-0.919440315761481
-0.762775822440727
-0.896306772932982
-0.925607451109708
-0.832752193207989
-0.781153852296664
-0.881474745265764
-0.681062953933265
-0.796869494762566
-0.79612237271415
-0.720479880639052
-0.816721801043171
-0.915714136457281
-0.910563609352104
-0.766621316407609
-0.896346322927428
-0.765073412455661
-0.773620984942125
-0.907490722504137
-0.689966148353529
-0.741606077007516
-0.8322088728053
-0.751366244140242
-0.784899784018163
-0.744061920972899
-0.715870133256689
-0.801028550193473
-0.710663629607717
-0.801368696554519
-0.823420083562047
-0.866441855776537
-0.651824998495662
-0.736560756206725
-0.683390669692427
-0.694464098677403
-0.827147433548024
-0.888904775475254
-0.78466128384025
-0.744403105753051
-0.823111200895702
-0.671072334798364
-0.651476347943757
-0.800462429951766
-0.700380556798166
-0.707223744163506
-0.852298641988453
-0.834136810907076
-0.715753035721931
-0.652188496668598
-0.781050575849344
-0.766375320259079
-0.737913160013641
-0.783579424069803
-0.757998413958525
-0.862576884831376
-0.665254694140741
-0.7517786771002
-0.74376144938399
-0.729794003011717
-0.762956914072084
-0.713279503291866
-0.552059274396041
-0.639379123480248
-0.58234631785926
-0.625283598158
-0.594215221220538
-0.670925765875752
-0.744217105237596
-0.660816729506276
-0.693650970867506
-0.845248582138606
-0.734739061185261
-0.607414867822614
-0.603729598477534
-0.650871046329949
-0.588728955980727
-0.856852833989468
-0.622659391028757
-0.662754978384023
-0.719579201000164
-0.728222203753416
-0.707515000498237
-0.750107488584633
-0.559510338538384
-0.58738781229392
-0.614531632051245
-0.781000780269063
-0.643637832653792
-0.485175704756745
-0.450799038298387
-0.696579340821264
-0.754598850637371
-0.489659185319599
-0.660254579749589
-0.572770980321583
-0.778166250006006
-0.666265623884424
-0.715120636859824
-0.604981365022511
-0.67071720729111
-0.584425516700459
-0.470629631053236
-0.755035820094746
-0.669274528682003
-0.614472557272306
-0.696050191460837
-0.712819572918056
-0.599119748409381
-0.708626194923659
-0.604150221005533
-0.675652118546534
-0.493007814096735
-0.636795850880876
-0.652782592862566
-0.620873078285129
-0.449631016862804
-0.616969175572489
-0.697101548941166
-0.656414312135677
-0.619686517855114
-0.558215762930689
-0.543333944456067
-0.55379812973544
-0.631969370043174
-0.626384732164571
-0.592024565853125
-0.530331201146826
-0.443350168475605
-0.57831228527514
-0.605800492621099
-0.714179858053471
-0.396220635935627
-0.492495714076461
-0.50578602010967
-0.5914693288863
-0.538893815428217
-0.589614731243411
-0.40573789111801
-0.678169002927468
-0.638677237508517
-0.553156841656394
-0.434441697831898
-0.421311759262718
-0.417613311788322
-0.670401711201804
-0.30369861653908
-0.519365843998814
-0.518910772723159
-0.494852501368707
-0.548175638568174
-0.53996753888929
-0.390223489274451
-0.472839525208935
-0.518302117297229
-0.477917662851248
-0.551472335659185
-0.4379374872849
-0.355121446739121
-0.627837202268189
-0.573853646214968
-0.537654158978221
-0.534374338910043
-0.580789595246713
-0.479030303972073
-0.37072800560103
-0.530946153956655
-0.45363875705824
-0.557062500315947
-0.586090131606894
-0.307246797693398
-0.403447917013876
-0.41239882332238
-0.63081118830472
-0.450543409741152
-0.326729717732457
-0.436302501353409
-0.394751657632202
-0.483972077608404
-0.474403286064985
-0.533669675219574
-0.37006277164306
-0.499014545720135
-0.490425112335859
-0.427296802650564
-0.380710552814739
-0.541021581477259
-0.357475713975084
-0.509315735942662
-0.446733707070345
-0.391855894928368
-0.468251053565556
-0.563424964071969
-0.460086583094966
-0.217733570185659
-0.373355390004016
-0.419415437065806
-0.376668866217698
-0.52026437501143
-0.328092808168652
-0.549805487637325
-0.375377768205873
-0.400768409181091
-0.17569920254615
-0.436104095484464
-0.402202505429551
-0.380912420029252
-0.53014772849695
-0.429057609820996
-0.494653586532528
-0.33315019796197
-0.512740739877123
-0.506524371417133
-0.362088597372002
-0.468848290297689
-0.332306877719269
-0.439310813478324
-0.329745283124897
-0.492790936870571
-0.397339322415911
-0.483832748052626
-0.36815523589184
-0.391363576454148
-0.251358506912722
-0.432933341906547
-0.223014546734918
-0.570073807671014
-0.156363922444678
-0.278626390481614
-0.314594905973367
-0.371583551168469
-0.298707726739333
-0.271187712747975
-0.480001642853278
-0.27870092916045
-0.364528594763503
-0.316753863114345
-0.478039466011773
-0.233179984222859
-0.497732877049232
-0.365202779905045
-0.422086544380831
-0.310297510410324
-0.511299037206065
-0.201526989051972
-0.297533378214931
-0.184526675777761
-0.347999166497734
-0.237783254040773
-0.345435254299421
-0.265334406765809
-0.233627039424139
-0.320494791288286
-0.351194382478642
-0.194064467047524
-0.168325498082423
-0.318818505120243
-0.355813613444747
-0.376158287399656
-0.318327770477333
-0.21355270740603
-0.219464928586637
-0.227886866909329
-0.321186774698382
-0.159944989490293
-0.306227855244348
-0.24563181659987
-0.277234686899639
-0.273089431124027
-0.270121024111993
-0.220835173942658
-0.383426660391067
-0.23115291477514
-0.37847983745722
-0.297087864611673
-0.249708872443625
-0.320326143347314
-0.164957582611559
-0.308087392553764
-0.295404893538049
-0.166192866660622
-0.181151618297948
-0.385193321477406
-0.228519305183869
-0.247331422908852
-0.23339350852955
-0.276774130916231
-0.244315919107008
-0.287711129753322
-0.282347883268632
-0.155937939822869
-0.191742811930148
-0.383266041512427
-0.158942853379509
-0.22800649772625
-0.150596955393646
-0.195620640211126
-0.304155035204797
-0.158690281174528
-0.335661107456032
-0.179025689914502
-0.211871010230859
-0.32099809734529
-0.240422143204107
-0.246000641116035
-0.134841993688773
-0.245979511025646
-0.264917144522967
-0.319642353948754
-0.13576469162408
-0.0776782832267124
-0.0239310295211565
-0.195768526039623
-0.146437947828493
-0.330233014202774
-0.306015874824997
-0.159001614974945
-0.136365642434722
-0.0681449990688092
-0.227136783217343
-0.164996851936414
-0.0827533291462926
-0.112211144824173
-0.286117195325028
-0.160483216027945
-0.231632200492023
-0.134774880793355
-0.0111489513876109
-0.100664606749289
-0.128540850536569
-0.11039362572958
-0.13529990527584
-0.094473129669187
-0.142627500428698
-0.110441793956339
-0.178317824959045
-0.0407925937546345
-0.125413710871297
-0.102740753626726
-0.26093825242393
-0.0316537314664415
-0.167306462963481
-0.143271204013116
-0.159805743487353
-0.0948136121962498
-0.172351376008143
-0.324313275169249
-0.113378394769376
-0.0313674263524275
-0.214436224596661
-0.199708073747173
-0.207790960375804
-0.0849185092224657
-0.0421329051286842
-0.257425613403378
0.0166725865349643
-0.0586637019201934
0.00633845340799388
-0.256305638375361
-0.0861870087993471
-0.219265641334614
-0.0934719998591241
-0.218906120320003
-0.115101737855297
0.0147838366365411
-0.100353928761352
-0.226021583340189
-0.080403945767039
-0.0234788567755003
-0.00486350699334603
-0.172180408140252
-0.157559161800112
-0.00711343257441653
-0.140832555235718
-0.127612597763197
-0.115335619048563
0.0266939782609391
-0.0825679485408497
-0.0675234747912778
-0.121439303920186
-0.0533819755955931
-0.188546694780345
0.0422012715590501
-0.0238181510540971
0.0459826049958002
-0.0854426297019985
-0.192516052939441
-0.034096756149639
0.0191152560801878
-0.0584210834227188
-0.14202034035638
0.175869717182793
-0.0995936663813031
0.0106400237852192
-0.14808445539386
-0.066940143549531
0.0749084263620914
0.0529817512750153
-0.0505441046886907
-0.0790084503836837
-0.000183300153598121
0.0327378058375846
0.0485271468148281
0.00452087585799391
-0.0946379609479635
-0.0258785172649007
-0.000425974807805733
0.0647219999160261
-0.0530423949972438
0.0232320389250011
0.0194123198602467
-0.0630437330441983
0.116191818213639
-0.0523372917377899
0.131876829161462
0.113538670856653
-0.0443583317536046
0.0401794802736827
0.127643998523206
0.0576645230186236
-0.0155020190505712
0.0179491219000857
0.045630498919306
0.112989261012
-0.110754708411129
-0.0420106055048373
0.0776706611758861
0.097479286552532
-0.00833996764355757
0.101089823295955
0.0585743141590324
0.125402194576583
-0.0664453162136399
0.102292823568354
0.00782997629806033
0.153070494884036
0.137253591440834
0.0423934648837257
0.0586822012386442
-0.111646277448433
0.147160750113623
0.0441106304618052
0.158582242987608
0.089270850720945
0.10296602568983
0.0490764051675272
-0.0125357206025844
0.155052588647827
0.1806527998531
0.10386061284268
0.120823483202615
0.0771746082211929
0.240049843846048
0.00441526242243054
0.154010099928807
0.181149911983409
0.117246446034293
0.25149642007748
0.0555579137403492
0.247471210400184
0.125197054868984
0.0169855049033727
0.189929770735644
0.0770914096687623
0.137300186135136
0.321688179008674
0.0536864061808162
0.126877691689657
0.2932895993666
0.0191564287077759
0.00240055339941776
0.103504884757913
-0.0265921789993151
0.209543344303114
0.2182014577862
0.13109611139723
0.0411976227993613
0.24938449827597
0.174621945830078
0.106569677812448
0.173436684755911
0.187490664567884
-0.0619523460033102
0.171225860252276
-0.117137759759048
0.0924407938840635
0.178576871697699
0.224260230609507
0.25336931433171
0.347633939384991
0.167642261451106
0.339029532061199
0.217523930440209
0.201601919242011
0.164730746826934
0.207062768499198
0.126544551195797
0.11652373903207
0.162948771932655
0.217200894122287
0.206961527011918
0.255949599536812
0.202323683570672
0.183465633098618
0.240643097671625
0.105066448925361
0.276867276928536
0.246213748652511
0.291493259037631
0.247893892407154
0.164844800616808
0.378652093957659
0.170729392463076
0.383278677211756
0.316682269042685
0.0921832857858948
0.214978689530373
0.428919475302402
0.205071900119944
0.371018354801522
0.0974506507227687
0.180942535878866
0.34667878465855
0.249415512283094
0.201971989747388
0.303077065345388
0.229899223778061
0.236211731380917
0.312948589826808
0.206271205327604
0.222319843570277
0.290517911791173
0.39346270308555
0.332897109484831
0.18481750295294
0.19452134397061
0.251558695465193
0.254164908120418
0.33915271984051
0.227674436759365
0.304416125521234
0.215495780924439
0.191492084786061
0.152456662324501
0.303301481794292
0.32818674295003
0.320432306115087
0.247587143385445
0.135532105208791
0.320933465413968
0.40804246911073
0.253301116294459
0.415238580703634
0.27144630654135
0.373659745999698
0.255125056996379
0.294229900459384
0.290502592457298
0.285006189877719
0.312727411168234
0.152758506010555
0.226056465848376
0.538005178988101
0.375322900730002
0.305305598092292
0.410940152004411
0.271427989467257
0.377683438843021
0.188037640253181
0.269337696606363
0.438214967846121
0.334651933447371
0.188015171936764
0.357857005771217
0.207831588941098
0.297477594745499
0.353369381326092
0.329399952499873
0.312108108995203
0.314241066049951
0.272224705927961
0.259887508711328
0.291019061222721
0.316400071185423
0.396233346225898
0.312274263029589
0.355794373823362
0.18365309125328
0.34870075644454
0.318841101654827
0.441806516642802
0.357731561580007
0.307166678522885
0.38241941277995
0.343926956779423
0.295336291625231
0.373139853173087
0.453307411037845
0.453868490369151
0.509537358220873
0.351429129571934
0.290409672667001
0.612235064933834
0.344747146978746
0.30332023880555
0.498748230000893
0.429882890515563
0.352427514601736
0.361321873723085
0.397565054869191
0.480454451537456
0.39476573401692
0.391887714180206
0.318756532638838
0.223891137316187
0.388203443673266
0.42096277481727
0.336437615274822
0.565736405472849
0.39391709899997
0.449913529326741
0.448357546358441
0.440309900997507
0.496943160909522
0.381261687439136
0.480786993791265
0.350541556844058
0.348323063856591
0.371962274946334
0.396006828689741
0.351092006986086
0.444980149507643
0.472471403897605
0.446472335475318
0.442763866880808
0.350902479433579
0.260678638248408
0.597299239194282
0.462040855068849
0.569511001345985
0.475704768825404
0.501275198464411
0.468557928765106
0.428030044438659
0.483349918238861
0.471930285023644
0.395404725860749
0.426830038755445
0.506762312162623
0.415587174195693
0.470890540845941
0.47728748844206
0.474912032143584
0.559179173151795
0.507391977563723
0.483252330289502
0.574085753907488
0.466359638522174
0.616869217073631
0.329940567665396
0.433852590716322
0.692365307512431
0.547783610690206
0.491013328178879
0.438307233563845
0.602134117982433
0.520684722130973
0.457289069941631
0.463634646370309
0.547463147336965
0.61987672236865
0.512737369062723
0.421091813705788
0.540845089071891
0.493503971344823
0.469791361537852
0.763230811287265
0.424549621169135
0.58418268318518
0.602341745586442
0.529754562649457
0.580238831677803
0.59715557521134
0.643473592707292
0.603653556486026
0.716777815276946
0.537676007749194
0.591088677533534
0.591982099395563
0.450407823059461
0.521819216244866
0.584838876557847
0.702273027609756
0.535690282616181
0.624160457054835
0.625461801544792
0.450817899585323
0.56218158696162
0.529795095932948
0.650096497796818
0.623573581684309
0.553596500064359
0.484378824075843
0.656912413525998
0.660920145199138
0.603857294452708
0.678127062882009
0.744348862653253
0.613811608548132
0.592954105288025
0.701660234783186
0.692286487039462
0.611900511324035
0.580087512208193
0.614730038475055
0.565118617483307
0.571754472512383
0.666411214686993
0.549412818686771
0.649730073045589
0.55247866793641
0.516983787732475
0.712869482248087
0.580869695013693
0.559112154469441
0.790030398098659
0.411138317428047
0.574150202685887
0.653390850835846
0.693344984681587
0.630941812334378
0.670663558289864
0.677953711905246
0.572997238594991
0.737528791961372
0.621765306219854
0.751785467008867
0.614693139170887
0.554885395672814
0.727665710641316
0.715540725427315
0.631644895814137
0.753368810761333
0.764788190654209
0.543561576185649
0.825689934115897
0.672651870026186
0.743180882319558
0.767325999642874
0.598166328772252
0.802171240947813
0.773031986031131
0.657516042747209
0.769047473380074
0.650599191762082
0.512051256543697
0.684336647504274
0.626608101575549
0.810274772118644
0.736127732931385
0.584381683868799
0.630074249288803
0.618731221738487
0.818587773471956
0.806732536526052
0.720586318003357
0.596777794149946
0.664621126774603
0.599849682198704
0.69105963510088
0.641812468074588
0.609388194324531
0.754252561311619
0.738048825814886
0.744467237000783
0.610866848567209
0.565274371153293
0.869126609249214
0.689315507015047
0.745228501752048
0.704225620762694
0.709627977711778
0.772046082991357
0.586054872536221
0.736367217523885
0.894012664925024
0.866206905325515
0.702005999360077
0.895332093952851
0.819298742315394
0.668940830018127
0.750373362448758
0.835854889161836
0.787853100203789
0.818013476170438
0.676410354798067
0.70844580986768
0.792948582548582
0.664289287561282
0.886141986450782
0.817249364695213
0.606835843978044
0.686810364573549
0.750673731394762
0.873870867668439
0.755115624191715
0.830917525485278
0.856921231843984
0.788561541479333
0.620943805286971
0.846990290225854
0.813661676090664
0.740533945488875
0.800295068413804
0.744910600582083
0.953860771292529
0.764327610644088
0.888212401477471
0.755351965589673
0.665670693727233
0.754339886524133
0.789237081685236
0.778539766136368
0.811265363945687
0.741327441958434
0.756305146148721
0.918948886663501
0.923656914245209
0.928074368685757
0.808787386217697
0.90407855354809
0.887669474706371
0.882599121815128
0.94493434658088
0.765654569283453
0.981698955068358
0.874066779334978
0.732417568683266
0.86584564726585
0.815753302030214
0.802708022876758
0.86120208943279
0.921780027855004
0.897649355851652
0.907939598247783
0.928356233165709
0.767993941525625
0.876240487822902
0.789588928200801
1.02921609065582
0.803424767324538
0.81710670747382
0.933381620179622
1.05945099664922
0.813999748458858
0.911413475509507
0.704081306837678
0.983802201383701
0.872209190547426
0.970401007891738
0.839953188058412
0.832287593150536
1.03647246611119
0.93410088800505
0.938142994508355
0.685078813101478
0.923091430651562
0.924690581557243
0.890709761645994
1.0850760744439
1.03102000754023
0.812899450847483
0.911468957803936
0.922094501284999
0.937485156629901
1.04725991880677
0.99148146603132
1.06605046651227
0.963409721299179
0.955517466039176
0.815740727335567
1.01424115909529
0.929126692451706
0.911174529049244
0.987619189875593
0.9618598633315
0.84820731059371
0.975972430813297
0.870861288052721
0.845256786025876
1.1155571313143
0.823165055021879
0.876620439111718
1.02068765146273
0.982245623895532
0.840967465661548
0.894347922705792
1.01180695814292
0.979048096741319
0.858763041713991
0.962749599970231
0.880046149311332
0.928086270342726
1.02325255661083
0.92556783663436
0.872511426849061
0.957049503509615
0.930413151064334
1.00349194914927
1.04750009177945
