-1.08273171846722
-0.926406255117192
-0.889407376886443
-0.978047766641633
-0.947638165162757
-1.09239286088875
-0.97713828040207
-0.97822475056039
-1.13974309516323
-0.888020680190457
-0.914207305117098
-1.043896591894
-1.0664087104886
-0.945601539748923
-1.01064119308647
-1.04293965730052
-1.02592431287092
-0.942578515815995
-0.873580491124736
-0.994686599912434
-0.818822867758503
-0.927217048200999
-0.859244410036277
-0.888913714794757
-0.885870629155121
-1.00228381626093
-0.908921180383959
-1.0484194303029
-0.96993691137478
-0.96005834399758
-0.823884552514563
-0.862148149709471
-1.16834264935909
-0.854868715801423
-1.02494541467914
-0.915882828415283
-0.995297935311379
-0.904229602349534
-1.11844062007988
-0.906530464561227
-0.782113786238248
-0.949712042011061
-0.932898742438846
-0.999476646515531
-0.870548336227927
-0.903984873000061
-0.860185415373436
-0.940716662414214
-0.909389753352299
-0.935866148897622
-0.960694183989982
-0.852975355140699
-0.856658846260327
-0.836715519052937
-0.769151687018168
-0.818850065700774
-1.04304346586896
-0.765068791201404
-0.790471806538921
-0.735666895696541
-0.977643127865645
-0.799086973607798
-0.899591589221115
-0.774649772587407
-0.866411247352439
-1.03734963015615
-0.790682671060179
-0.831142616489712
-0.778185343168629
-0.701945759748499
-0.712704973319846
-0.753835594436147
-0.866470521889922
-0.995965100863368
-0.776737657310424
-0.911600171826586
-0.819418338666056
-0.970319923211682
-0.778853036467628
-0.872477680721014
-0.812377380050801
-0.840964623254085
-0.95587510846574
-0.812021324505476
-0.789424411258065
-0.766107554643925
-1.0513485090333
-0.886275088370148
-0.877518138067216
-0.743405607639967
-0.645013412771106
-0.674079906996155
-0.789092070513505
-0.933331008837621
-0.759545927209053
-0.783103747085954
-0.887743772880712
-0.872038841080827
-0.801648560708496
-0.827233529687654
-0.829151155106365
-0.815866392572177
-0.820597156344226
-0.864276683221065
-0.786937297725377
-0.70874820737361
-0.902166923370233
-0.729567875798478
-0.738116136935491
-0.831576087152243
-0.613054382369263
-0.979574337111904
-0.692845163404393
-0.821213397981378
-0.756114971378845
-0.784690263846294
-0.872972376047507
-0.69383806407866
-0.736682370821531
-0.703028393902665
-0.774964962097022
-0.749190827677303
-0.799077146325578
-0.635142666716992
-0.732239907298115
-0.785207888122864
-0.56289020385407
-0.694423441530013
-0.806915432349612
-0.733829171442908
-0.535784699780226
-0.657892193052605
-0.778378292595677
-0.793126243085578
-0.676129125015317
-0.726887964500498
-0.675135528402213
-0.613403455325379
-0.711394970699249
-0.854709390536217
-0.721251039707294
-0.699685937792742
-0.602260563737567
-0.672232505041172
-0.685640004188862
-0.652348510628649
-0.607777016155686
-0.675219829598755
-0.81920029416223
-0.688830719704795
-0.785469625618373
-0.72796873599484
-0.671485712989262
-0.786428994314918
-0.53853801463661
-0.635755146260498
-0.773509856912822
-0.719262653779716
-0.645300619740844
-0.724574572753766
-0.766165863206397
-0.533867895330812
-0.694587909279036
-0.572701760767927
-0.820698972266524
-0.673553808797059
-0.667588310156817
-0.625800389558658
-0.634420067505724
-0.745408509277002
-0.746765886889025
-0.54937930517507
-0.691246803903588
-0.640500894571693
-0.479660605489624
-0.725275870538531
-0.570119376457358
-0.720198776265847
-0.525289975220679
-0.521246349707505
-0.583670108954595
-0.738859126489266
-0.526439379740547
-0.578551987700186
-0.5854182735618
-0.527267246987122
-0.7227282396875
-0.699475269174313
-0.680478725624905
-0.742070562164204
-0.643363494551959
-0.754629139746823
-0.57214672556532
-0.611074230299633
-0.434307908823892
-0.537476919589626
-0.615638684368857
-0.597871996590214
-0.56117503096973
-0.607621827394027
-0.582145222091755
-0.632641412233843
-0.644201804842407
-0.513896785308326
-0.41210151579991
-0.547038320414235
-0.668469487435845
-0.463867875467898
-0.574611119533927
-0.495441760218573
-0.552691210387589
-0.681856994381582
-0.576433147011912
-0.548001116719054
-0.598634730180804
-0.411548294782471
-0.440786270887685
-0.549893694752082
-0.659621065750203
-0.649652217909495
-0.62108004618745
-0.57249531814739
-0.619142899619623
-0.632395572679656
-0.579140892609964
-0.543113494921615
-0.635351623794883
-0.62057914776056
-0.594282219676201
-0.567646349913067
-0.658608958666835
-0.549949287916058
-0.527577096168168
-0.380379409731586
-0.597144709527017
-0.57483620335875
-0.259953922715444
-0.569916459663268
-0.460879240456534
-0.586632274971499
-0.598272924063973
-0.824196837279031
-0.520129986688348
-0.505291833936814
-0.529567376601003
-0.586401244120691
-0.487325201652044
-0.49361879197043
-0.509764233403292
-0.524115532883592
-0.425763637676821
-0.362325120880189
-0.576087092387913
-0.52097055926169
-0.392968823379939
-0.442656633330593
-0.486849612087736
-0.366724480602293
-0.464867007713082
-0.563152982211575
-0.488212426829947
-0.590495708767669
-0.482119976034904
-0.436485133594729
-0.452903923530369
-0.418289484142106
-0.573495223398986
-0.589709076871048
-0.334572022499443
-0.388203804423735
-0.390287094501186
-0.35434315976312
-0.413377717643584
-0.41755456203101
-0.37457348831057
-0.497551641463509
-0.431185822585386
-0.666974614219944
-0.529093649818309
-0.533016959702529
-0.456945036240177
-0.459426683074781
-0.404906557450835
-0.414970629641777
-0.470624152435762
-0.258997201808103
-0.364402105931384
-0.462383318727825
-0.420394513127438
-0.309615446357427
-0.416123221193075
-0.48581256835648
-0.294462393306329
-0.456743217135836
-0.38220346002855
-0.31581164950572
-0.425426426518
-0.332729855854184
-0.394281988106421
-0.313544979353089
-0.3918594110084
-0.439706005917853
-0.348697911746097
-0.230820164596267
-0.202170605742125
-0.41995346993646
-0.367436223895518
-0.388750087505178
-0.419786034600539
-0.438962703695545
-0.319270422057839
-0.407768378994026
-0.177654703426839
-0.338055459546569
-0.283359348138455
-0.527046143060643
-0.350355746891196
-0.340485675003684
-0.447968028355874
-0.249470603336047
-0.372815700996642
-0.363744531351362
-0.348608845243595
-0.326208192469051
-0.331412250238394
-0.42423777587253
-0.386307759047464
-0.420027488044639
-0.303507999132662
-0.300078079670994
-0.392612007576752
-0.444266492917642
-0.359243543575621
-0.378324278470669
-0.380997409255393
-0.317390798697653
-0.417675208709397
-0.283307975620197
-0.262333020865182
-0.264754618699865
-0.344527634805933
-0.335294826744736
-0.441876933337562
-0.352277617144289
-0.390219093154606
-0.293873401586788
-0.365888269262732
-0.194023657923418
-0.232132382116587
-0.237181012915298
-0.371122896464751
-0.23309117984535
-0.210141883595223
-0.349784698062986
-0.312640762738138
-0.182245531332422
-0.1903932400071
-0.215728728149768
-0.404444900286624
-0.17373096709028
-0.195001891904437
-0.310171787680398
-0.222844910720234
-0.150731935437194
-0.313848029849568
-0.257904513788199
-0.222442837788071
-0.201664861987915
-0.361068714963732
-0.31676412251178
-0.220516974929618
-0.4228617396619
-0.310845564033403
-0.254747511817043
-0.402147355561467
-0.152590308388802
-0.270858815040935
-0.139210674464755
-0.191208193447881
-0.342405745375856
-0.299740257224828
-0.256336802369308
-0.326919841278026
-0.289546604596879
-0.222396051615743
-0.259047134219911
-0.325086780280546
-0.235088586398052
-0.275501335706448
-0.123792166163131
-0.26011452641021
-0.21172909783594
-0.168207697341745
-0.0701247109569959
-0.109860642028149
-0.105494793801801
-0.104325432291789
-0.30026321251267
-0.181322161693386
-0.313075640571366
-0.354557926482353
-0.0954233283538162
-0.280048985181752
-0.0937851975704783
-0.186327930760083
-0.201916349226393
-0.166133166972731
-0.113642421705653
-0.126826645567707
-0.272801758061147
-0.202759222636142
-0.109818121203613
-0.0592074224988332
-0.149693737750252
-0.184005994256823
-0.117829988038829
-0.195783817115677
-0.277260728599228
-0.168284908709276
-0.143512692132893
-0.150257564546369
-0.232825234967803
-0.114286133175691
-0.131544672700789
-0.270340206779984
-0.0712453894527727
-0.132863716473694
-0.235362162245169
-0.190184142506918
-0.172583527216282
-0.142176962627738
-0.189946648411554
-0.113864631841222
-0.178040002484092
-0.187220005389994
-0.0631502267770755
0.00747167836150084
-0.101791697412983
-0.046904737954612
-0.263648778240266
-0.163961555807271
-0.222799913421687
-0.154738178721393
-0.0995593132164072
-0.21279828439934
-0.0384076349595884
-0.0158384537729048
-0.2241988235377
-0.230307967161747
-0.294919528100511
-0.108243063729963
-0.0878130686651599
-0.194935799295838
0.0150703906127616
-0.051104796196968
-0.121374356112823
-0.0824960977381701
-0.0293216071529283
-0.133006324548248
-0.154236887241842
-0.107308975978738
0.0111776986829617
-0.0412504625741969
-0.0664630153375468
-0.0867444601232262
0.00397312383779363
-0.0498304051337529
0.0830121572461918
-0.234961812575104
-0.223564951264798
-0.0948039794652962
0.0171544676448013
-0.140272648326899
-0.0733918135896996
-0.0948164677539897
-0.0689952517715326
-0.0960985631372455
0.0237684582756026
0.0849564897831526
-0.183640613246314
0.0554876750476794
-0.192954633702677
-0.0917340512477322
-0.212232639048954
-0.0443970017148875
0.0817096690104176
-0.0850650990902743
-0.083850299034299
-0.00596068848021179
-0.0319477951871902
-0.0195293952473743
-0.0216322174365368
-0.140631082472078
-0.0129393198437116
0.113696574558942
0.15195640796573
-0.12436586501995
0.0162209384495889
-0.000167094336828177
0.132220443020799
0.0480609333248779
-0.0135566108344434
-0.141104198315137
0.076646820916108
-0.0310369610232975
0.0588543953881751
-0.0428299655167315
-0.0272512242623071
-0.065963733526819
-0.0506103415382283
-0.142282499570544
-0.138001251568191
-0.0393390143864509
0.0288107394946332
0.0821208102822175
-0.0452771126419372
0.0146837588525466
0.131698771551112
0.119198745307989
-0.0350327583794198
0.0463012594185363
0.0817149531392375
0.0332452805210453
0.0948413732646503
0.144918162947301
-0.0129023277091021
0.0383894501086606
0.067835174818721
0.103956941382159
0.0534054500058475
0.044888781820129
0.164191800751236
0.219342723133601
0.135395607820802
0.144345261331409
-0.0262217359821085
0.186363489134546
-0.0304718634123876
0.0564114421718533
0.135829312682171
0.022111736536128
-0.10989579367707
-0.102130876634274
0.0744000281492961
0.0823592536356981
0.248416854051815
-0.0175584069277405
0.0457150945689061
0.142573477933771
0.13211875172688
0.142117206586477
0.0674339606818228
0.127494367712306
0.219845405979002
0.0129666299260999
0.0215427253273871
0.27304806591187
-0.0286736970691133
0.119464349982649
0.223738100797332
0.0782103958554883
0.0911316416503171
0.20994736266391
0.256299185739962
0.159214485673223
0.0955956177200145
0.127797313500923
0.0758735598965253
0.215384272750451
0.181087334162417
0.0710349680123069
0.278253411844899
0.0382685616038219
0.0900059905738778
0.171643930850052
0.104819535795662
0.166553131901197
0.089956788777569
0.0762014991173782
0.136733395151723
0.138536004837824
0.0594498583183408
0.287878573739024
0.178659385699778
0.262566227863684
0.0140605494460434
0.0212156610524042
0.231028707585854
-0.00912088086699421
0.309735883043825
0.177206126316239
0.18856074754078
0.198691005138787
0.245998542542751
0.23730576669984
0.164586190559816
0.18230704063964
0.159495041542866
0.215586876795206
0.28929385767755
0.274767421824115
0.148967690031416
0.172197424556464
0.150589999960789
0.264808495474204
0.317194885276325
0.200780537424485
0.172157853502692
0.148812269377103
0.257324913988528
0.289215082694251
0.225127389532492
0.24412711725148
0.141771817603655
0.256847083876315
0.243603513498999
0.154223272936464
0.125383515261726
0.265556186286604
0.228650848606564
0.191741060398958
0.246152213701439
0.22561703454115
0.202628178929753
0.252073095658113
0.189428282315135
0.181002774643218
0.302742076048853
0.347068641700669
0.307411350237456
0.36085549553572
0.261357624129264
0.336657758903889
0.238004710687748
0.0428823308981894
0.167484850034955
0.365816215273355
0.0435215729324386
0.251603102846534
0.226665334255071
0.258225662057517
0.443980386439352
0.371720933852089
0.409000595030132
0.306050443063756
0.288256680054705
0.26980091162388
0.28166125489089
0.309445659081258
0.330315970231639
0.507005105670587
0.442233736171509
0.295047866993929
0.170647450113773
0.215134702593651
0.218081823580611
0.436673720528774
0.293315167232254
0.267229191506183
0.275581466058017
0.346036393225176
0.305871767813512
0.364974811307732
0.381949912376583
0.262424618073507
0.278555735753111
0.325078337417129
0.330955813025999
0.30291698918332
0.208827736057771
0.225230296003161
0.359420480139525
0.3451293720158
0.218492115428891
0.532407081696704
0.311588159143438
0.26496063338915
0.403419579754228
0.309596390140233
0.367991600833544
0.425331591815612
0.377806889674945
0.424155066280601
0.116282921062497
0.326872255789991
0.498334765985624
0.263662729488246
0.38794494194807
0.46594664947538
0.382404537167638
0.418151620237763
0.284600181074554
0.348950798627062
0.291201310619897
0.402536020498492
0.544109371219773
0.234992300766775
0.270313251218266
0.385621827196862
0.36591833652062
0.420875306809035
0.376349467348987
0.361479638376307
0.438830049171496
0.282536706034189
0.466504836688368
0.400478144822938
0.402554106874311
0.314096092207388
0.414751981432612
0.364274097847009
0.39343992266272
0.456905579493114
0.417085930951922
0.491238741667678
0.438376674532105
0.390541925858047
0.465653847316626
0.635069666410575
0.565353244768482
0.38532882439442
0.410153132306547
0.443013264221791
0.486761732583939
0.478806163307455
0.447188206632053
0.365478147389528
0.344664141796251
0.596411338289629
0.486948972636788
0.58789722881102
0.300174590625564
0.545130670587349
0.453541059250054
0.358103770108422
0.539045423582666
0.434059630343302
0.422265650989338
0.416483494608826
0.480964332503697
0.57276460691018
0.476627770750836
0.47399104698715
0.546889766001677
0.390338787752446
0.436316691951407
0.415632727413136
0.572374478684132
0.39887271336998
0.413435754194996
0.441493129026206
0.452298750709518
0.441058595557354
0.496240572806927
0.335727750577061
0.517379483365443
0.589075395518286
0.57164530997719
0.602393759154455
0.494911707415759
0.570833010359145
0.473107125874897
0.512151156675707
0.514071689255651
0.71883194708345
0.523694605215998
0.527184899339415
0.462202171789255
0.569807978517635
0.579964932503334
0.493721224187463
0.517527267256752
0.617728050184365
0.599929723779939
0.733174363637199
0.63817094631398
0.45954940739347
0.410244409710715
0.708383540126565
0.457878527305487
0.473341753449338
0.626542485719182
0.506725222972543
0.635208928256
0.559220296252653
0.632513404528723
0.628015935453449
0.620972347991457
0.691001199454118
0.604512383415153
0.560424334728631
0.606919003971814
0.560497009810268
0.4855467092572
0.647422758236261
0.62304908430107
0.635123698959771
0.694497777000756
0.595268100956706
0.497112649033688
0.522873644583551
0.599439855737971
0.544595121967112
0.532008062476361
0.535699162505752
0.631770953719164
0.638367998452241
0.700895163784518
0.583771988300333
0.542738517417185
0.786774928904218
0.618364853008442
0.702710141625875
0.669088802079349
0.707448929437497
0.630096406680175
0.67864457386167
0.503191014216682
0.694277831366472
0.581510661318879
0.478388201416677
0.65016032421324
0.40536238873642
0.479437266092352
0.833687305166871
0.553254670366004
0.77441525622515
0.728199249408225
0.591121636783897
0.552341636618191
0.595841060893971
0.709712363108621
0.751530844137772
0.547004636013612
0.71719860592575
0.426966802934424
0.686697015045609
0.726719901522944
0.66275032830459
0.673958220752363
0.806465730979917
0.656082003776868
0.788030700149617
0.691115852022707
0.583514667926351
0.615063455169015
0.731135275381737
0.735241738803026
0.667777506240217
0.766734756915481
0.590425318278023
0.595127100897531
0.660275378120567
0.662649486558921
0.543508958079923
0.699090039322507
0.661799936943317
0.75436202281025
0.644505514751177
0.68920213106776
0.731781438992222
0.781015618742706
0.704946030938243
0.573488325424376
0.683530928906014
0.751619697393442
0.606140014197848
0.589839995127587
0.662204854736701
0.784026282527436
0.860495351294986
0.681681509033224
0.654131328595192
0.742269853045532
0.671067894315226
0.637453672674616
0.769462633518417
0.781736608611721
0.762631047767139
0.748622815026494
0.967664050528608
0.722355672332214
0.896166889388142
0.846834601238052
0.484748641274576
0.686634099636071
0.840443531321775
0.791395107395725
0.795044662310416
0.823044458115481
0.613263408139759
0.727508249113067
0.793731220900953
0.671120578354336
0.796811589086448
0.860773724973792
0.836090538217301
0.77027482191821
0.735821207153163
0.936466330710056
0.956180363531172
0.657922479267859
0.970878751690051
0.904201322849623
0.746029848847026
0.752108239838471
0.830940838285609
0.959832297016794
0.782278392501426
0.88189727741116
0.891765575719673
0.917536829169
0.898018445833241
0.922453231793373
0.744388137343039
0.793124392040421
0.935655737556786
0.913496693689149
0.852133633955196
0.900081664125866
0.816573424535984
0.70313866054744
0.832041213188058
0.798087183959888
0.933640032938757
0.790558137950675
0.739667559103308
0.79210880557707
0.881411425436969
0.926277897636474
0.845422086138486
0.752825661878737
0.922725889471697
0.847513066538835
0.938867866118977
0.946037482020573
0.890560453552686
0.785933930561492
0.919299777653675
0.756355585138442
0.692588192501087
1.01229793101313
0.960079079200834
0.865750065092823
0.781999210723844
1.03202701383468
0.899829543306399
0.896025700134242
0.926179670491695
0.871800768922709
0.882678117392303
0.938487706400755
0.931719481662001
0.948275632737136
0.766245710815375
0.882947804880002
0.853065735493565
0.865825678642678
1.05951981190513
0.901395521847028
0.904158369132077
0.892014300191184
1.03657099466833
0.893996604787031
0.894590494311448
1.02937767845611
0.977521262487334
0.986649537884994
0.860575216460705
0.92578947503544
0.771152049340095
0.931586737276423
0.854370565031205
0.962394681571188
0.926309598167701
0.810283418525558
1.09018532459006
1.07413265907214
0.915329765286247
0.864284977335209
0.766162178836851
1.07978921540548
1.04089245490846
1.0093254729769
1.05379752584487
1.0262289269427
0.842857847942411
0.991449528490755
0.868597796056783
0.99198340801823
0.850757553008458
0.978694223947449
0.931660194891705
0.971321246795436
0.919988993007562
1.05836176589448
0.977267416735571
0.990375996401372
1.0551953028026
0.961969560743647
