-0.853249427849703
-0.937975184810806
-1.11132866320079
-0.966760278254869
-1.08596033394231
-0.941683514959406
-1.01173907511648
-0.992910715001275
-1.05167977993368
-0.90065426181009
-0.892842000022235
-1.14976527915608
-0.968451970820848
-0.890121045153163
-1.04031076890091
-0.989372142774719
-0.967553199649392
-0.937048951925999
-1.02842726168783
-0.954538141164916
-0.944823371417239
-0.930115788391291
-0.811149741369923
-0.861383425616074
-0.955570970837158
-0.929308083518676
-0.875380490501447
-1.04148061656073
-0.921344554646493
-0.888087385414836
-0.889662093976444
-1.03848113641272
-0.758386638839867
-1.09196195424606
-0.922227819376541
-0.859658870872062
-0.912019695836285
-1.03294772689501
-1.05298654647012
-0.843197326918721
-0.949209838920544
-0.838514817420831
-0.93704055644256
-1.00223740126097
-0.840887749748548
-0.877565062844062
-0.941077527301265
-0.927861870152271
-1.01846765568151
-0.837547087763381
-0.914139850333397
-0.88503620464502
-0.889566594071573
-0.858446892323853
-0.716111017007891
-0.905476194078803
-0.908962330990045
-0.87306085025905
-0.902070800484113
-0.903467206605049
-0.804202937786752
-0.940910679600775
-0.953591726165031
-0.940454782665111
-0.966353875693776
-0.857383650759655
-0.918070842261432
-0.814649705913491
-0.874276504592257
-0.908248486976422
-0.945689325288197
-0.881900188635032
-0.995142254464091
-0.874289072398579
-0.848562537225492
-0.898951518447969
-0.852199198951279
-0.944750156021207
-0.849154363739692
-0.867061030753083
-0.993621661773262
-0.74518947976378
-0.849817177725854
-0.780089160995678
-0.82601102439252
-0.724395660979349
-0.803724419021499
-0.847024548661433
-0.801318560008076
-0.883153132414001
-0.764784486999286
-0.845449363511935
-0.685869378914897
-0.91484547204489
-0.784793402231751
-0.737584882222697
-0.784979478127939
-0.875881389208877
-0.874215294913245
-0.763922188279574
-0.711155454414279
-0.717855636410407
-0.69544273192902
-0.755389792631288
-0.790837179432867
-0.688079266654064
-0.780970890342957
-0.762575441951973
-0.718697740092111
-0.787891099522475
-0.642601182879489
-0.694411525833003
-0.848221296761142
-0.645184609886125
-0.852763262745231
-0.596201481505257
-0.768668369736422
-0.755110273368169
-0.5908658960561
-0.809309474578381
-0.743646928837853
-0.745007981640378
-0.770838921362741
-0.71390684039799
-0.604071140072611
-0.556857038834732
-0.82988085808865
-0.681776473684374
-0.715134999521849
-0.608235852905514
-0.739216127207127
-0.641635771721821
-0.628007011858441
-0.72277524147654
-0.891991780205131
-0.772364979766584
-0.845860293114288
-0.51125298821844
-0.685968343199465
-0.869003177097716
-0.717414642988773
-0.611320918905037
-0.682329453445385
-0.702069096364686
-0.805128082678196
-0.774016075267765
-0.71754604918533
-0.750651568735882
-0.674303915300792
-0.769832854525624
-0.60887826954354
-0.9176313001835
-0.730500691046802
-0.691858995016772
-0.651886496419272
-0.754387814143443
-0.536569115659533
-0.523862322274092
-0.712878748282729
-0.671488706250962
-0.746186486138666
-0.634300329384803
-0.659266925263426
-0.586373285923102
-0.710778413043201
-0.546079038498825
-0.609005253271062
-0.54139063786591
-0.705445240445282
-0.578307174034844
-0.821568025189513
-0.629700243922352
-0.757190904664159
-0.626439605834839
-0.621431999144679
-0.35140242975053
-0.717261256384852
-0.556817257972408
-0.565934557947079
-0.634908371430485
-0.800817272503709
-0.610708111955453
-0.670371865338288
-0.539092350770758
-0.696176170232786
-0.642187031028694
-0.528044255457438
-0.635919967097615
-0.650255885008138
-0.658801521378427
-0.498600488746799
-0.623797080574112
-0.580334050043339
-0.731715194074097
-0.698714079247389
-0.604744246812598
-0.727976543875462
-0.596516239024644
-0.42711476599751
-0.636141568110978
-0.584615963522589
-0.620793099663791
-0.581976246489012
-0.466214142188459
-0.661322675785817
-0.595182961347711
-0.633611172789759
-0.650508491941512
-0.589974064903754
-0.55541340090551
-0.420838855510432
-0.642102238398887
-0.632741609532682
-0.359314349768094
-0.551946612518677
-0.635219676363529
-0.625848841512297
-0.573991376066296
-0.620427461286232
-0.625493559497277
-0.548035558129821
-0.458030497293788
-0.455870989629044
-0.49007042369916
-0.529934088692635
-0.605877179440027
-0.5376393174658
-0.491578655234677
-0.547927014940434
-0.641687967032561
-0.492230560161194
-0.398349607943812
-0.510847080401992
-0.239223163191583
-0.477557758545221
-0.590068848506032
-0.446093495461464
-0.517414822348512
-0.614632563504618
-0.458082780024446
-0.456595795944582
-0.61659138265695
-0.698115367690247
-0.53436921658605
-0.533185274860408
-0.5410693946838
-0.546927416069356
-0.541884981706305
-0.521597280221287
-0.355320455968528
-0.437879318176837
-0.505205576108305
-0.570195208953545
-0.490850907244097
-0.54206108321156
-0.341005758726268
-0.50758798943427
-0.469748752451078
-0.629000650114345
-0.487002252537289
-0.446332974551997
-0.455229383491438
-0.450526922186123
-0.494151257927953
-0.461826748230936
-0.492507857526007
-0.548794625136832
-0.418263024701496
-0.440060015752954
-0.362763750793151
-0.540022092016093
-0.479863518457843
-0.407673626317221
-0.435366301719743
-0.406882859568456
-0.261117626365973
-0.332157722974271
-0.651978532995882
-0.373040551650501
-0.458032625735912
-0.323561653492162
-0.555751941029978
-0.438148155507571
-0.495537421550695
-0.362085439254594
-0.520891145170315
-0.287821915087192
-0.512286532920559
-0.499984127223106
-0.529999103003735
-0.322488502248584
-0.408486462370438
-0.486201182261289
-0.297914354401036
-0.453121676455271
-0.400920198802116
-0.395939078736074
-0.327468895403436
-0.318944276127625
-0.291822060921047
-0.427029681512276
-0.390408777155996
-0.374166324848257
-0.227003736967889
-0.390445603692358
-0.401318135523333
-0.374488520637727
-0.392622329506623
-0.426528979257125
-0.465586868270507
-0.328361507272467
-0.335385156210748
-0.360136400821014
-0.32812080569265
-0.462893159298138
-0.430771462014181
-0.365325795582192
-0.30083646088736
-0.351419067059395
-0.310442970785801
-0.212300990694075
-0.425596800156023
-0.518228641284827
-0.448254484101374
-0.257968807163069
-0.390176822074073
-0.377010986157296
-0.379767884901597
-0.321457123648888
-0.388459410689359
-0.381796179973185
-0.254105741222284
-0.250210199840417
-0.293434659970419
-0.387116620997876
-0.320126851587402
-0.236921269342371
-0.428320502010649
-0.275645925339336
-0.32453296577763
-0.314950433311382
-0.296215327481315
-0.255628956905239
-0.296398522359343
-0.212808745089345
-0.196304682888497
-0.173814322437306
-0.353699810962043
-0.307847570238211
-0.240872834188857
-0.358196781091426
-0.261186156819709
-0.275862448839906
-0.367605501109065
-0.218428845866735
-0.172749351054375
-0.155466173002491
-0.343628341162291
-0.163767747045589
-0.192422485282501
-0.138807609647206
-0.296135849473428
-0.346862851775288
-0.325024207893038
-0.283995738446231
-0.329344051630104
-0.299828027159952
-0.136069330545038
-0.105212500935186
-0.314185145832428
-0.243118918283613
-0.0477488831785306
-0.28155908883655
-0.264345632074379
-0.115824643900283
-0.295038334164644
-0.242848071843034
-0.342123448459182
-0.29634439127582
-0.140922037718523
-0.289984384017537
-0.303015363944484
-0.155365182954599
-0.17735573437998
-0.0688166856862821
0.047515164501902
-0.310859196473028
-0.211311482299611
-0.198136489494052
-0.141454735888062
-0.229096739814847
-0.124143288675579
-0.269954646765252
-0.324705045014988
-0.097068054849887
-0.22123633718772
-0.135441086695277
-0.169761187229279
-0.419267913504069
0.0094188765340183
-0.220012213431879
-0.0926685100298995
-0.235861277410868
-0.26788072566051
-0.15296801226712
-0.324529906097337
-0.154602856445577
-0.141472635765911
-0.203693902392812
-0.267795887442106
-0.388910362231915
-0.197620537158048
-0.159100981460869
-0.191090306076199
-0.121710064578736
-0.185751085852905
-0.131198685605735
-0.100529930960843
-0.056869950085793
-0.233548065629324
-0.206596212313196
-0.0556304568994844
-0.190955097932489
-0.0466463365760247
-0.130370864675084
-0.100103592592603
-0.103422552394679
-0.132100813091427
0.0711723604819883
-0.129644726688086
-0.311112277489954
-0.197762439952388
-0.143339399960458
-0.135674792902831
0.0169883603086698
-0.0784247060580796
-0.243571496282974
-0.124371684324073
-0.15600037314361
-0.0740814184493265
-0.172861573631725
-0.111320047387583
-0.00155060046661857
-0.106046234991927
-0.0850630107353103
-0.113014282194383
0.0511494073671723
-0.179252717745735
-0.120327396800239
0.0378186310101202
-0.0507103070941567
0.0615224409188255
-0.0348099220213361
-0.148450997269252
-0.109531701183997
-0.0957534248846309
-0.161124165407359
-0.0467213910082059
-0.120957339578621
0.138959596548565
-0.0320245881707994
-0.169749761537604
-0.13604305865481
-0.182236793088297
-0.0201870459467484
-0.0240291464149194
-0.00211544210367329
-0.00916904673217291
-0.0664242012030503
-0.121905122296694
-0.0946993818893882
-0.061801741993207
-0.069978526869345
-0.0635010668934524
-0.110859826388482
-0.0903240972883042
-0.0159228568508746
-0.122569221086962
-0.0260079679479226
-0.0908644048515067
-0.231424780233215
0.0598428889058396
0.0635644110520704
0.0677457108140165
-0.032527572698865
-0.190497615461721
0.0901760628102409
-0.126732468626622
-0.0706997597691173
0.011022563701362
-0.131290806458171
0.136479259167464
-0.00281996031689183
-0.00193240143590263
-0.106356137850719
-0.0220436233663327
-0.118105670139746
0.0261247147810779
0.0457990441482996
-0.0320153620826849
0.181917326470627
-0.239397691062925
0.0640575399827076
0.0064552400183406
0.116574238121712
-0.015960557602431
0.151241548701128
-0.139986503114156
0.0920673751662841
0.0435347493511528
0.0649884221697421
0.0667314287126446
-0.0896155981429739
-0.121694513696621
-0.0634397001850451
0.100105596984756
-0.131178420952219
0.12212985189992
0.0420796856082191
0.0272564548760965
0.0481437230270316
0.0468336266886154
0.0629978253263784
0.152809691315159
-0.135900858044485
-0.0218254697852468
0.144887455052954
0.0563146593761355
0.0547292434112061
-0.102303625632676
0.0331321508756285
0.171536049684863
0.0609480759018142
-0.135413575218902
0.0155784500886458
0.106702590699002
0.0117128850213655
0.0373458048324795
0.0921517623144839
0.129266224202389
0.154286846998601
0.149827145476503
0.10096395874146
0.10022501724623
0.108257240391204
-0.0697809929971525
0.224891040104199
0.0609063140983351
0.0110110511818651
0.0818310845220049
0.189248472129414
0.118543402073249
0.148884395659361
0.174280971674845
0.122415177136249
0.205582432455674
0.069511359485333
0.18039167177578
0.180391580147575
0.244620479173892
0.15607305964484
0.246743800942144
-0.0420959534988244
0.181993529339976
0.0940779222587623
0.104243760347646
0.144214302318294
0.0116421146944448
0.0466565172992774
0.230123115049377
0.178426177257941
0.179396852758725
0.264455181315366
0.241554162364026
0.0579276283163983
0.178318009424707
0.144462452909209
0.0784232261405566
0.122986194175781
0.233635856095619
0.254044015466051
0.113265660074168
-0.000730366739135776
0.184553873990395
0.0909207155834891
0.0980790317094022
0.0962983699866189
0.173001646327759
0.171027100065496
0.184915153017915
0.30690316281056
0.103953278101511
0.170307023115151
0.313981721015385
0.280150307923329
0.213276286828738
0.0652986743521259
0.122443634701414
0.44966927165051
0.276201547426543
0.130863415601447
0.103922922195644
0.19577256266935
0.125374947488672
0.199283960962547
0.283641679924604
0.149336895541462
0.287755876596265
0.234819178533987
0.310624819334776
0.0744069261014285
0.160717994654981
0.113703863206829
0.197233155397691
0.151308323681306
0.0924775476541429
0.376963667744144
0.313089071631007
0.264585720797413
0.330042524229735
0.23286027816004
0.29523716562672
0.35334845769392
0.254177549635149
0.260373533414715
0.181305125424229
0.228487084044748
0.387929080443319
0.219239504846621
0.310030593331081
0.327514564118096
0.103776834938566
0.278991696253892
0.228200675357345
0.311758559586139
0.155062913804487
0.21868770151029
0.127072268528719
0.338233420996863
0.123168303099489
0.354923209674557
0.299016749967318
0.336120591258558
0.261110236520129
0.422147135771697
0.428727391270558
0.348482037182683
0.295267233384721
0.188957698950942
0.299451959916502
0.370366793064867
0.175085377218725
0.251428148602438
0.285277122054461
0.30978109227639
0.303672944004155
0.310609370048286
0.150319701614082
0.383704643837801
0.44622476247876
0.253274337993582
0.415231712528231
0.19810931610848
0.226916500837372
0.202693248244048
0.379665976847877
0.553672057513184
0.270533249382448
0.234859478700857
0.326738862319225
0.390604763610959
0.363647211902029
0.457345641428862
0.384262570050406
0.424937582536118
0.225614595508085
0.258646409002131
0.423733352091917
0.326539399034033
0.263883345450607
0.478296618259203
0.464519505685354
0.346248176760905
0.304189525056102
0.279454472961594
0.28865901810422
0.417228259093383
0.396941631367168
0.376304756072862
0.324936331341705
0.315794309677645
0.279946695618432
0.374146963475237
0.38021782808062
0.24097974511427
0.359423925078899
0.332087728778775
0.240389805071737
0.520884790999249
0.413996203434057
0.432145445302545
0.443190989936846
0.604839096545936
0.345160750200234
0.237310719613275
0.517607924374401
0.439594419799054
0.342162061051245
0.484980439398293
0.391118108155041
0.594684955750277
0.343456609225299
0.388436472940617
0.466587717464395
0.404886375108031
0.404163942490617
0.453702682754815
0.468884597259255
0.404092782304455
0.397038858741708
0.426159197330244
0.661035560687616
0.427979529003981
0.573194191248979
0.500369511427426
0.391237992552419
0.601951036450373
0.581413685852518
0.445365723400938
0.535951390822961
0.378792216344202
0.30066933646756
0.508286928132804
0.471822577273536
0.56470161534386
0.363413166669953
0.380267187509884
0.406306875692157
0.36473840291552
0.383419256124932
0.545499415366371
0.476479665821014
0.558319842534081
0.486655550095761
0.417805908047793
0.49871859004594
0.575793394238289
0.543095899548948
0.666041837572934
0.456148806191126
0.458224523463197
0.616295669027524
0.549231421853411
0.443740938574867
0.513854647302163
0.464010888741257
0.479017149114929
0.441050625143988
0.581094916695818
0.58915456353791
0.639148258118691
0.611126113016523
0.579978385258271
0.520601195506054
0.620126547482915
0.626567441808539
0.609949938508045
0.552622927873692
0.584682584949458
0.508009889122678
0.552225868436825
0.524960116363518
0.527381004695509
0.50919951363161
0.451461908756159
0.614524736291217
0.577615211514252
0.622106820836445
0.563473495351332
0.571542560752822
0.541189544053423
0.580173465285448
0.492444433632522
0.617362170981065
0.522682338560346
0.598916558498471
0.580855981815655
0.497985120058939
0.573157362135244
0.500358124816582
0.538412626089873
0.535104926319795
0.627569153794392
0.633937828818832
0.618214833332242
0.481422067064509
0.512387433307124
0.549165162898149
0.504152876676933
0.776046155909724
0.686006655259567
0.411588744899236
0.5211637409141
0.674335203813544
0.605704480143181
0.436554688423257
0.643949255012302
0.616422194872444
0.548864956505481
0.559120992132907
0.568235278255431
0.743132711377143
0.586568975094023
0.563624259825448
0.618301974434191
0.607928435605642
0.547486557876922
0.58115182550373
0.752623377693881
0.623519220282236
0.56499717823506
0.705392173936089
0.676919987321486
0.728905115799351
0.587956930183373
0.706229974859261
0.657189192256608
0.487478095544172
0.574331492556412
0.529261176126927
0.578121998028404
0.727424545555524
0.583609918733453
0.764154477386513
0.716108347313984
0.658206612279048
0.833747522096068
0.640751344816091
0.802046526582193
0.616518646394995
0.714707875531968
0.655838521000603
0.886574436243151
0.619050999040019
0.493215190641933
0.725901217787967
0.789710193724348
0.648600760245208
0.743814872901062
0.588803587527347
0.568207661237534
0.814615480424493
0.675683115411433
0.61403198290663
0.735702581247529
0.943006567655572
0.63543488457941
0.775638617392448
0.761072177383599
0.779181864387622
0.882451979933302
0.651909809226219
0.812560172333677
0.772962533254225
0.654039306804091
0.673964207893618
0.741627556442805
0.596854531842344
0.608375723026007
0.725565294057444
0.587666719334424
0.673075934704999
0.820571587417533
0.752469444749962
0.923277545822622
0.783212735983114
0.756048019137094
0.670993138354019
0.922068659111751
0.898600666379428
0.70195903353756
0.80793934628296
0.726343575036604
0.777288705072566
0.759408039606363
0.72352928450235
0.782100556759653
0.858439864944223
0.663164971075554
0.653323215423947
0.924623663997624
0.841102517067201
0.759446974384672
0.834094951759864
0.778236046764446
0.738713911212662
0.875883758970972
0.855256596835126
0.875772308608694
0.798564440742817
0.704251392315045
0.710161796400122
0.798556697831258
0.839091880773759
0.872497657357923
0.996249838687847
0.9048972690187
0.812635431007166
0.801216920615026
0.859351913528828
0.863651065245599
0.78005527479216
0.678385161517517
0.916538454440588
0.956114005460721
0.993134193358127
0.856300870828433
0.950194374121257
0.848173967150966
1.01775836721724
0.754254778229687
0.955174046582871
0.938987704045189
0.883132548890543
0.841474887809738
0.854800512971924
0.789626946914684
0.82941964489626
0.999100893791512
0.898610861387646
0.913569906439589
0.815579754743092
0.822084582386036
1.00825030026304
0.898197319114889
0.824299129014522
0.9322009966737
1.04180810070353
0.886550677689704
0.976794724234512
0.948786301755292
0.841269486455154
0.873701426802903
0.961546840493436
0.898941372073993
0.829166350202305
0.930492418315549
0.875877947293312
0.884684802517767
0.904476776737429
0.956835831583229
0.811560913457776
0.980253206501571
0.87693569067364
0.823215923851581
0.987132738307959
0.908471222010864
0.861010424346204
1.07628623413978
0.887914351783936
1.00426433384466
0.883034947412243
0.888231962071524
0.850014966680643
1.11909750428487
0.998205283713891
0.739256928947212
1.11944105040983
0.975341622561587
0.994136335912076
0.969974662691419
0.93131735665948
0.901469795969993
0.935690100964654
0.855875241204085
0.845577706517457
0.864545541280368
0.995915693943413
1.02659285019674
0.907377037199676
0.782886745675694
0.924853639703688
0.966472702071619
0.892406211242755
0.949433094405293
0.919575182857241
0.975440113315993
0.957731911364825
0.820111398817731
0.961519114392922
1.01099075621988
1.05193939653733
1.0361627937292
1.01904178557016
0.988897785666891
1.05368767814526
1.12001434765888
0.966734035098566
1.02089823225366
1.15326660704124
