-0.835085284984454
-0.940329135996415
-1.10670205762271
-0.954072853081535
-1.09181153546463
-0.958202913535481
-1.0143705966208
-0.991240783274342
-1.05697171340795
-0.890494804812714
-0.893429549971056
-1.1744347252828
-0.969645233984007
-0.891508067642376
-1.0212024020928
-0.958096555181645
-0.956249517185959
-0.926148634467438
-1.0140348650622
-0.967125329758131
-0.952242676463225
-0.927162334506355
-0.811372394620531
-0.854373887020436
-0.947805503937391
-0.937482072014697
-0.887319031926284
-1.03619029192001
-0.923262381504301
-0.888407413631615
-0.889867126224854
-1.04769902924162
-0.764650058443858
-1.07807229475443
-0.918408461967322
-0.871720357381351
-0.934372209869157
-1.06183648964085
-1.05782504786549
-0.849127000652382
-0.930287693794301
-0.828964696864666
-0.945250149845018
-1.02677256815865
-0.837371301551333
-0.879537178747093
-0.933681348510485
-0.919351949975723
-1.02994218734436
-0.834376683296704
-0.906812193325291
-0.897249376937099
-0.880313980748733
-0.843940253593317
-0.717154882698545
-0.913779064478919
-0.918152218661447
-0.855840116689525
-0.882735093542807
-0.875565362337128
-0.785528430995917
-0.957373880670524
-0.951517031693604
-0.932012128732854
-1.0002602426432
-0.845085376297187
-0.93831256443965
-0.812580032239668
-0.859533321822545
-0.909512044662107
-0.949942198655047
-0.85930527659248
-0.990723362041877
-0.912368081771937
-0.860314591510086
-0.906514273250198
-0.838013220505253
-0.9458628424301
-0.838828567517949
-0.858311402243615
-1.02427244125447
-0.752765088492433
-0.867574523524321
-0.787494174020359
-0.832954727854338
-0.730459575311787
-0.80603866365293
-0.8566641719579
-0.838368777460638
-0.877735650986314
-0.7595348510011
-0.826324327468826
-0.689174716269232
-0.910710500195304
-0.778197483159425
-0.712479249256627
-0.792126429694666
-0.85580100981347
-0.883077975536053
-0.762938853649398
-0.695803940077822
-0.700930933189036
-0.693989661808947
-0.771048400591711
-0.784116007451738
-0.706383731502643
-0.775402130882842
-0.750398078959524
-0.712446927361424
-0.783716068090592
-0.659643111423097
-0.691528977412677
-0.861127294475343
-0.648386986240598
-0.831035953755525
-0.585751368120351
-0.77986763908212
-0.755754506234767
-0.618693798127481
-0.811790959925851
-0.742160378837486
-0.727875127267126
-0.773616387936131
-0.722969092451345
-0.581121967650861
-0.541841111635755
-0.824909173843521
-0.675515948425067
-0.727086392025457
-0.557679528293558
-0.741177569596894
-0.635950031791914
-0.65181669045348
-0.713812546189215
-0.87114794342089
-0.765550723555402
-0.848900406016955
-0.506233744292724
-0.667469528706007
-0.87006745710882
-0.703508550780493
-0.637139689843876
-0.681117937691444
-0.71831885252615
-0.821069915155106
-0.776686965658354
-0.713243814108316
-0.771255657701042
-0.665586001030082
-0.770191286059191
-0.601831229730882
-0.901825105117912
-0.741963736226428
-0.69467446339939
-0.637841767783052
-0.743679837386546
-0.533190438783384
-0.51441889964392
-0.712708407748474
-0.670831543501616
-0.742565807977488
-0.650174357349018
-0.658624393950053
-0.584632880162525
-0.728126768699153
-0.536378894996379
-0.60532439002003
-0.550667502683135
-0.702482660338872
-0.564370034177612
-0.805112017511301
-0.635096546765849
-0.735773289056728
-0.627760957887221
-0.619677264620971
-0.339514444465458
-0.718455922257785
-0.530963453809425
-0.573411534298531
-0.635812738131984
-0.800151651124155
-0.60030530995376
-0.679172750624526
-0.554792889185839
-0.70381489538569
-0.662091441645048
-0.507545905779863
-0.613395664316445
-0.641430746677028
-0.670575255963989
-0.50945443393968
-0.617611345313022
-0.568290253381587
-0.745161079794077
-0.706807623333203
-0.587692029110675
-0.712763231532437
-0.60138997511901
-0.451870778327028
-0.622639648228718
-0.589455802411602
-0.648331376024824
-0.579109287106378
-0.48262716828682
-0.668201950508478
-0.573523639225711
-0.630015820710938
-0.63528205234467
-0.588434513254635
-0.572490251111945
-0.423753928006609
-0.64835396607768
-0.628721965351832
-0.359687582023192
-0.558756771536404
-0.631582178056994
-0.621525538456343
-0.607394334425264
-0.610107789337239
-0.634558390561062
-0.567649032053831
-0.449148720316448
-0.470385692481289
-0.483014030974835
-0.556331566344281
-0.601242952078544
-0.550356075484714
-0.506290745042186
-0.542591537464262
-0.643433510528026
-0.494857071428654
-0.405129954962722
-0.51625210901814
-0.240803042299314
-0.451844459951438
-0.579605512255582
-0.432693131303177
-0.525395139374917
-0.614384208479928
-0.446840437403786
-0.481477437209966
-0.639821643533321
-0.691791627660708
-0.526149400782991
-0.496824442700755
-0.531930302832367
-0.571847332281869
-0.525725331726764
-0.531601662736974
-0.331313175474146
-0.453963928167405
-0.510791306654338
-0.565229423288193
-0.500913205234416
-0.509041332682593
-0.352889283844221
-0.500248627362062
-0.474579411242721
-0.621746013904999
-0.488166159557904
-0.432670274170744
-0.429739510875057
-0.418995475990256
-0.494316762952644
-0.454206856738203
-0.485071404469841
-0.543012658196043
-0.406839042529186
-0.434729520985355
-0.349629731574692
-0.550342030166617
-0.47013692681272
-0.391348471235548
-0.451206665122067
-0.406087225249556
-0.301333071137511
-0.319548892977056
-0.65095615903861
-0.379897677190333
-0.428622010911014
-0.30717139446094
-0.553682029281811
-0.445430910256171
-0.493201624967753
-0.368425524249706
-0.512956593236169
-0.28508574082933
-0.531343332851139
-0.493073038704081
-0.541038547258857
-0.338694025678446
-0.380682018683099
-0.494033944677444
-0.284367308479852
-0.452224024345685
-0.415767931923807
-0.41443633669499
-0.332037022531823
-0.30676971561861
-0.311570258251568
-0.419030881553923
-0.405847390566096
-0.370313952655122
-0.233809682764541
-0.391868705438799
-0.412684427332043
-0.359575393391384
-0.388468811851076
-0.421706894093098
-0.459110608330163
-0.322327929111881
-0.32609539289365
-0.379220352515945
-0.335211297480486
-0.466069758503416
-0.421038498592148
-0.366142273465904
-0.324390177000223
-0.368026398280508
-0.300457478031527
-0.1896401813913
-0.43049648584984
-0.534523704702077
-0.42730841645147
-0.258620763369656
-0.41739722898206
-0.35471782603039
-0.372124797407552
-0.31291944170692
-0.378440702819582
-0.397266881876737
-0.259547161397962
-0.223167237184738
-0.30088921417013
-0.38731165409335
-0.339494730537316
-0.249833172411228
-0.422732845101477
-0.280827179091771
-0.332831425834955
-0.290805030955045
-0.286127238153002
-0.244488779487133
-0.2823462670384
-0.197404337948995
-0.183078506393519
-0.188612273410368
-0.332164317533078
-0.318739203603167
-0.244866981506123
-0.375363866369589
-0.264171980581018
-0.259912313666418
-0.343775196599192
-0.239184328356022
-0.17605878370931
-0.148878688230546
-0.338850783941134
-0.193656908346475
-0.202554209124449
-0.141455523015863
-0.302920589797031
-0.35599754013079
-0.336523606612872
-0.262389410909229
-0.333737098469581
-0.296303742143377
-0.1395491958136
-0.112860866639237
-0.338566608900964
-0.234600707835942
-0.0309418042042951
-0.296383609482159
-0.23883928114028
-0.122189819047207
-0.311094667075687
-0.234728446707857
-0.343777794905073
-0.287731801584054
-0.131195725038234
-0.296522608608288
-0.296937452356089
-0.153712753869343
-0.158555553174893
-0.0430642474511354
0.041469679445631
-0.30397356531099
-0.209917404416199
-0.20063853935116
-0.138652375774564
-0.238156188982144
-0.114729446821586
-0.274788833411488
-0.317742073006258
-0.0986506475565175
-0.219818443129563
-0.124234998498797
-0.169382991116721
-0.424778086297161
-9.56221052064994e-05
-0.231926618423808
-0.10189510502929
-0.242811408806666
-0.277990141645687
-0.156701530184862
-0.341270591587938
-0.176002509227214
-0.134265695361941
-0.21687545902766
-0.245155160790987
-0.37220229577948
-0.202542252150854
-0.156159582513055
-0.216340901820504
-0.107598469752348
-0.183308883718135
-0.143950325052299
-0.124091992780491
-0.0643628151449205
-0.22224347076607
-0.227391353413078
-0.0563966758023448
-0.184432314730405
-0.0231821310980641
-0.135294703499808
-0.103777611984572
-0.0931493605493765
-0.131053493741613
0.0589866095815318
-0.147326416262819
-0.303974042923101
-0.217194611309691
-0.11735839117096
-0.130472462024744
0.0129266951710871
-0.0827719723896037
-0.220496006937111
-0.137962518278714
-0.153164563998524
-0.0929403296443574
-0.174123938895744
-0.138865005306669
-0.0116995623494273
-0.110755720834609
-0.0974041361455784
-0.0915632458027794
0.0457754966484588
-0.158669205469548
-0.0875537177379705
0.0417883844296853
-0.0376838545859665
0.0691716448311908
-0.0340917068660265
-0.144355260757289
-0.107753207640851
-0.091125290747346
-0.167974888689056
-0.0275239996500053
-0.133616996283047
0.115299114466748
-0.0470735259118089
-0.170728370426342
-0.134666670780236
-0.189864187821165
-0.00534921521797716
-0.0278591026287202
-0.00212463844835124
-0.0190094041110692
-0.081402437763371
-0.132486942686179
-0.0947400941282125
-0.0689877379899469
-0.0744975615085287
-0.0365175009534907
-0.111511574624898
-0.107972531460365
-0.0141430165101972
-0.120287076632428
-0.0211486991831873
-0.0997054006433813
-0.229468766420185
0.0512139291306004
0.0629051138997412
0.0367674877177627
-0.0489565202665023
-0.170098239059096
0.0779232798765879
-0.125662172362265
-0.0440204914334535
0.0144929566091528
-0.128652327795783
0.132110829273332
-0.0285508750187579
-0.00989147936368805
-0.113360499021892
-0.0175297906151563
-0.110200117433754
0.0150966585817207
0.05463915785828
-0.0341248217343532
0.207555976183935
-0.24914359321294
0.0619823580314383
0.00225815221683178
0.112252010566094
-0.0243189854939593
0.134263864333758
-0.114292123888288
0.0854917321932144
0.0404387667892715
0.0782355926127647
0.0830340477331575
-0.0872116435287231
-0.126392233835057
-0.0585787732194144
0.0772489697797969
-0.149016522544721
0.114544550135045
0.0518269584560437
0.0227372391343367
0.047051515845057
0.0550372783846599
0.0662239715927339
0.179955081932826
-0.124663997783809
-0.0518945667658913
0.160323878530168
0.0423191306470864
0.0681554862017617
-0.133436269116734
0.0249271979660329
0.155187933332565
0.0622833020710178
-0.104963183314422
0.0390129899153387
0.104968746396891
0.00785017801159534
0.0530731306672264
0.0686124066403621
0.129450305417452
0.163001216591309
0.144447944725142
0.0867870943576349
0.117490059858601
0.112923636390133
-0.0724780809799383
0.228092070399695
0.0706643010456008
0.0257319761490713
0.0685780660610984
0.201437526702464
0.0915849772112362
0.152395410921858
0.196713514998006
0.116165786178214
0.208529945189465
0.0397561478363068
0.171800395512244
0.180248386642505
0.239773464109442
0.132353257500567
0.225145718355962
-0.00946215135944887
0.189523371693764
0.117422908746938
0.108021593860194
0.152995202068723
0.0219900745326238
0.0592843400415755
0.206777495296223
0.181044109149133
0.181229569101881
0.261445391492295
0.238383973119757
0.0553411507875589
0.170178650300575
0.134902199139488
0.0801311621031951
0.131480993156128
0.237700031512074
0.278934122738267
0.0972797397902394
0.00678698925230883
0.171743450737662
0.0843562754537289
0.109816262814689
0.112801534080312
0.145363990026591
0.164637530096032
0.16097668199495
0.28530996145816
0.0722844792423718
0.201331105396318
0.317445934862613
0.299252687792995
0.196428351802563
0.0542435581645812
0.12443988035591
0.470534379961696
0.270482124155843
0.138907413666097
0.0976335484578143
0.201358967783955
0.125417119331489
0.201815522736974
0.281535953680124
0.154674021287012
0.282180863893993
0.237306704844892
0.3066016514659
0.0899704136269579
0.162552413740112
0.117004488172189
0.175807866030009
0.159881391778057
0.10231720289612
0.388905528116215
0.294483486442594
0.256801311931146
0.3275254112457
0.207844565526178
0.294291894282564
0.346574545601557
0.25756753399073
0.293263507052447
0.206307306742947
0.233483295216295
0.377247604301453
0.216309399147216
0.316071807474068
0.303469848907164
0.0780791816675752
0.275966588354667
0.239963527020833
0.315631611773707
0.172716554590488
0.184544473234514
0.128313578224776
0.32788024957396
0.142504607059978
0.350404287354245
0.287212998487527
0.368058737794889
0.28612396480365
0.441225936631318
0.398984679225124
0.3140140973729
0.309431485212815
0.175343665777019
0.320540720708627
0.365005181125521
0.16230580530698
0.237128662610509
0.286530202859465
0.306967560847203
0.327172775321452
0.325573067591825
0.136465171072399
0.397408424061777
0.42531886619384
0.24655867879264
0.400410573129445
0.208945584726732
0.22283836411954
0.207117122825131
0.364260419778747
0.551068891710091
0.279741076270471
0.237379652530845
0.348425761371465
0.385983856692196
0.356294052229692
0.446390075954569
0.373112576312219
0.421821606308077
0.239339245259097
0.257921575456369
0.437510205167069
0.321709093537187
0.252240212120256
0.494225101496781
0.464590012297335
0.338164319485221
0.303451175427878
0.293078805670788
0.296546137645074
0.396187190035171
0.383565669953932
0.344651889890969
0.308992205101781
0.330468197857599
0.266449546443953
0.369458281991787
0.388275765830037
0.266214547526457
0.366486116587223
0.330636295957066
0.21560486324627
0.494445511969235
0.433052530744408
0.437267922295103
0.456765679974576
0.598216466874703
0.345632447849832
0.222023313353975
0.510649726137564
0.460865386776621
0.355738724784063
0.489927653942277
0.405799591441277
0.602626928169668
0.319447440412078
0.370012341833656
0.46380505496561
0.420664329111644
0.408247287482064
0.44743396842087
0.447644683820659
0.398483779899224
0.391802276272898
0.413018230078556
0.643169197369215
0.432922761726827
0.541969110110784
0.484361430129331
0.387667605140562
0.605657386260154
0.593159552819502
0.445868304696427
0.541491409741057
0.375294447178128
0.300877839022579
0.512141566541034
0.487914365874419
0.586186259620492
0.366572146579786
0.407018496670305
0.404391510742179
0.355831886685587
0.360959706447481
0.532613503628287
0.475111793083486
0.561520275373256
0.484563719824005
0.443316069056644
0.50064179397763
0.575048547289185
0.536210202570507
0.634976405155853
0.47974054940872
0.445562196424773
0.639364952594718
0.572331616641347
0.463503977702471
0.516678361660753
0.464815477287689
0.475992796213456
0.427440478798093
0.574163794480774
0.601251648477148
0.660250009726898
0.594457634623126
0.565780060819508
0.52197821826455
0.613001088084511
0.647041677949095
0.557680238662026
0.566092894156671
0.56935503585615
0.504546065952953
0.558772520534182
0.531218574066643
0.537465794771831
0.490413829373864
0.443219932786031
0.599193953044767
0.564211322005754
0.624909969681003
0.57002689072835
0.587006831496906
0.545184719069643
0.57649865397897
0.500812006977771
0.617405082521778
0.51670982678808
0.594607041732908
0.580925988763919
0.502782692821151
0.574909279361511
0.480361851951099
0.556498528648662
0.538825718520936
0.647562302836408
0.639022844400966
0.604345989705749
0.503379827175323
0.492348897601047
0.562104735076206
0.501983694187719
0.799537468094139
0.66173324785331
0.420060656571191
0.497247117236407
0.673122562351805
0.616384672707162
0.434551971394777
0.640207984860916
0.63517238910034
0.556178310355498
0.57993964145337
0.593890287959402
0.73904012331254
0.55753909360289
0.568645510923317
0.61095516981808
0.640863949397564
0.540867284171638
0.59714276201143
0.753366714544073
0.636452037436127
0.557023887854902
0.698197013045952
0.705361372685987
0.710290862628722
0.592958195557129
0.682618298753005
0.699389860703381
0.485663376799053
0.557486947982439
0.533316964217397
0.612164704072806
0.704044585706531
0.56697423766277
0.768435185829162
0.710463866074156
0.656784474851543
0.85855789373257
0.652648342272298
0.800066065958792
0.642337767196457
0.727889911926134
0.641191559148374
0.872103026803411
0.615787502100547
0.482936609813391
0.718316399136474
0.789446094715575
0.646654007734882
0.758967770527581
0.594341845943169
0.564056334519386
0.808544000776993
0.686671968473355
0.606649340721116
0.709409684808355
0.930156018025034
0.646031228537883
0.794608722009843
0.769696674697117
0.782185740737434
0.876911847499478
0.624565742125345
0.809924555764513
0.796480490227973
0.660470280043371
0.671093615337099
0.725093079892352
0.6187749355298
0.618534793501858
0.746053522277451
0.580789126524583
0.686602546267069
0.828393645772225
0.758082365825363
0.915135949819411
0.796020250231418
0.76031504564497
0.691168110245932
0.918449526484053
0.893069798308969
0.67065001243827
0.828274068498014
0.726471802274315
0.801122557491268
0.761092585754295
0.709624011478159
0.758243365613704
0.874038429892547
0.66733471189026
0.67510417423934
0.912871281267701
0.838670543173331
0.764993983324585
0.832933641013558
0.795948111538594
0.721578512561601
0.885310133975669
0.847944427891971
0.890193081487378
0.809551197231425
0.700107935269537
0.690142070331919
0.791080777857706
0.816212127366803
0.898301733257176
0.976962297862492
0.895219478694463
0.808981272662805
0.780855881004582
0.860913210762688
0.845259700195428
0.77908858761293
0.691877599323702
0.901852580901388
0.929855039278297
0.985640266219189
0.881426465298293
0.939575540126328
0.879771202676535
1.00341474874069
0.766072521381632
0.959894831375801
0.949900179012482
0.884916435685262
0.842078599391251
0.852548283329138
0.828418253568377
0.855296006383927
1.00953720185897
0.861658696007333
0.905243686554712
0.819694223439252
0.807017770214635
0.977000914984273
0.922042273156091
0.829642422078607
0.924788941633686
1.02597920992182
0.89595300678027
0.976448284488115
0.940901992728744
0.850292526284354
0.867981399163248
0.969679208518379
0.928469684891627
0.842378389302647
0.965182791070185
0.879083963296346
0.878870040887279
0.887616952635805
0.980482962920805
0.828454947286658
0.983960762156794
0.885045255039445
0.815594292303684
1.01736017754387
0.898848742326798
0.870895615693507
1.07536765941648
0.898698633638922
0.990526241951372
0.906739850838367
0.886305961265729
0.85764355492119
1.08948437034532
0.968761305979736
0.731622283169122
1.12739431286848
0.999663356232184
0.992158383412595
0.974919542177324
0.931652487260871
0.925206498192192
0.943129288636493
0.86266373416561
0.872975062029336
0.882229634735658
0.996643900271609
1.04173971756953
0.881023559626818
0.781240413007531
0.942294810778829
0.963117229693339
0.89165717795313
0.981348308679879
0.935972932910911
0.977558617118426
0.950081264605728
0.812439548804918
0.968682535313179
0.984489482847445
1.0409322710157
1.03305381201074
1.02908977715562
0.985225966339451
1.04922596473537
1.1293679124285
0.953809293792774
1.02411550579494
1.14245211285247
