-0.990599331749222
-0.984202496727156
-0.920849954346807
-1.21087280767389
-1.06787744622117
-0.927346117604156
-0.775856645709176
-0.894699761379035
-0.999116703994134
-1.02875929729422
-0.945936127612161
-1.08142414338471
-1.04318677232234
-0.990236465434605
-0.874810453233248
-1.19064482991878
-0.958287562526545
-0.952448082848307
-0.988609501256086
-0.863846486615973
-0.881183045686385
-0.868539226670076
-1.10738582837383
-0.885403118504287
-0.986849798489929
-0.950785631810864
-0.896636869901838
-0.92653629733997
-0.977816279285548
-0.923293482907465
-0.90621144635633
-0.918369320716215
-1.08895437707811
-0.765784860441988
-0.957708311167669
-1.07015356404179
-0.937719532204916
-1.04888364634132
-0.893225963284395
-0.983552612862214
-0.817297729860489
-0.96725726969177
-0.90137395815221
-0.874923682530629
-0.745432114698533
-0.838889332604872
-0.995389532119646
-0.949283957017477
-0.736120256171672
-0.940765924976183
-0.844677210569696
-0.901554676884402
-0.791830382674788
-0.97705958487333
-0.77864750031605
-0.944585407811895
-0.967162371778963
-0.89169979742107
-0.833414808497272
-0.997637914813302
-0.911831542497861
-0.932739855899041
-0.952144888688753
-0.937052968359096
-0.88168538555773
-0.664830396485791
-0.832148781857513
-0.900260778082941
-0.924912260248297
-0.879945634639174
-0.954648654581979
-0.8058631579524
-1.00663698708837
-0.871802279733046
-0.90375844256111
-0.877575072792012
-0.787123190131928
-0.87022485948998
-0.870332496973245
-0.829983746633962
-0.825677986234277
-0.740463633563973
-1.00449319137117
-0.791485341776532
-0.730513599294679
-0.892825603443006
-0.790930828731739
-0.736594282492347
-0.833324714962338
-0.922531422299677
-0.864374775576291
-0.709434182080814
-0.904586036190563
-0.718324901499996
-0.818398385281734
-0.7390090595105
-0.775922496234447
-0.775334637932358
-0.808616552488124
-0.750177673245038
-0.788833235129712
-0.722990743701378
-0.954517182524363
-0.857792120755731
-0.748805239332472
-0.837216062821375
-0.831505034867046
-0.77506413306307
-0.840319353466758
-0.674253356181639
-0.767032616850091
-0.709001587827566
-0.715504502860363
-0.704258554114863
-0.916292735701579
-0.766171128674738
-0.864528166221625
-0.678516501626885
-0.740512979673115
-0.604286484981814
-0.774171378533372
-0.75818168132336
-0.652701633902829
-0.706005582463427
-0.626159211153191
-0.647036896681886
-0.784134773373975
-0.706343322352022
-0.831426973576784
-0.732009426221693
-0.692502428281418
-0.840709026973762
-0.718450849366356
-0.635397862612582
-0.522394894325966
-0.666636700419382
-0.62890266029948
-0.643376352206652
-0.671543426615687
-0.632303978082144
-0.675797009646636
-0.724763084729095
-0.816725060286504
-0.735480320862176
-0.803546513401489
-0.716049202894516
-0.638419969203905
-0.752653904266869
-0.52107347144994
-0.751027226878602
-0.660445877447247
-0.872285443296075
-0.702906603277033
-0.662443683574706
-0.763363089578472
-0.669779115398064
-0.729103186262637
-0.785675450699308
-0.635527391233669
-0.699107429433838
-0.662208437457002
-0.730478248454674
-0.725608938286167
-0.607307476811661
-0.566890598627528
-0.74807311721286
-0.510020486877638
-0.856078531827313
-0.738871088854596
-0.638634406875793
-0.704585284102967
-0.745300659338407
-0.676481262638641
-0.843398168682189
-0.672889835743459
-0.520052920603938
-0.766399117654364
-0.706234554406605
-0.694704582682818
-0.621615977897914
-0.534618886783335
-0.544831299127464
-0.688628879364046
-0.639630636187016
-0.60956858984108
-0.696011389286379
-0.555488323515907
-0.765173323873647
-0.621354769169755
-0.715294177300923
-0.610899381147511
-0.681373502837362
-0.615734296173165
-0.599110334532477
-0.60718932555679
-0.640083721518728
-0.615217571687167
-0.700960620488065
-0.796715252127747
-0.680718385865999
-0.584234069193788
-0.682135591269052
-0.569022409869557
-0.462430739886203
-0.510353717353488
-0.560634246471014
-0.638949738242414
-0.733965698299998
-0.557673723799575
-0.637516870280943
-0.545196221078537
-0.508651825823888
-0.441932171036818
-0.767614020401243
-0.680662404887698
-0.59295655102353
-0.362332704998611
-0.53996049940745
-0.548556735230736
-0.638003293410161
-0.640242609986235
-0.504898172629112
-0.552319613493429
-0.496115469750806
-0.543987122886516
-0.414469963470024
-0.646905371243503
-0.593107112445561
-0.577762625728607
-0.577476066666785
-0.624966043297496
-0.614579021304616
-0.428838946310527
-0.602013934168372
-0.520731174598069
-0.539748364994072
-0.45667037452885
-0.769049391417651
-0.49414270796658
-0.570393596706127
-0.539617831087475
-0.544927337789453
-0.414310520590202
-0.38912701383711
-0.569444972548019
-0.378150436335829
-0.567927258434417
-0.457710260519218
-0.618568494301697
-0.440320144397227
-0.422436755716943
-0.437524059738043
-0.442633090912677
-0.360184262718589
-0.577608386219119
-0.606526376591333
-0.417269259849381
-0.350379358692877
-0.507211197068952
-0.545454071993487
-0.480988386785107
-0.371596894714095
-0.594757952720107
-0.489055292600044
-0.547705699450839
-0.490668540261845
-0.27076415534166
-0.555980627106575
-0.393632005530871
-0.515796371462849
-0.421432257397368
-0.383983342083576
-0.313541677428589
-0.280744650629962
-0.633646444636158
-0.315618317772197
-0.466179420838189
-0.515319695471245
-0.306937750913353
-0.47133085784662
-0.502660061165157
-0.432444617897447
-0.508001034278821
-0.35676644301298
-0.470566475183027
-0.457692702558697
-0.155968653850752
-0.53339450449269
-0.415090305018084
-0.318531371288284
-0.433460126640044
-0.440442120077132
-0.481973240821759
-0.279110744969836
-0.37629846486674
-0.352328585981548
-0.464762847245816
-0.322452965516056
-0.314165405842101
-0.339248417379878
-0.427188728469318
-0.415623453142795
-0.33146041885252
-0.362977425612753
-0.331600448958004
-0.256924147755566
-0.466651004564778
-0.392258309094102
-0.380559037075629
-0.347565069670709
-0.405987677200285
-0.475705342339176
-0.406473591268359
-0.400916597061016
-0.393570642493337
-0.576342782055882
-0.437330668040531
-0.343502481513979
-0.360152647056594
-0.382885750901281
-0.340459873213986
-0.346439490773822
-0.483829518530601
-0.299114328421623
-0.184645618210718
-0.416498354803285
-0.420634404581372
-0.225580568539311
-0.22105159462222
-0.346811695011791
-0.500581341422987
-0.415518723949193
-0.216389422819552
-0.37298383444829
-0.347275427982649
-0.274779065757575
-0.344150781963855
-0.339413625587935
-0.382346346903922
-0.336838152889764
-0.280125911968348
-0.52393203365624
-0.151770360185262
-0.297788971650733
-0.121593570504041
-0.279113582286481
-0.251971480649498
-0.279608786673886
-0.265769171409911
-0.237961977677448
-0.360806451858145
-0.288391983562178
-0.283891352686607
-0.284197161279988
-0.44334898765496
-0.265433302293563
-0.344314543150862
-0.247193326045592
-0.451074618823321
-0.366516535145562
-0.26604059218558
-0.360549393359857
-0.343662977498907
-0.130900820050739
-0.322322563468211
-0.262535805611413
-0.208578225918577
-0.3479787136154
-0.405911776867212
-0.309456609978367
-0.130224591488615
-0.362711005304335
-0.205277379304099
-0.286268668854149
-0.283512715706309
-0.262684073761777
-0.102594245964848
-0.344331068524554
-0.2821477365128
-0.241542634420067
-0.213605313876033
-0.144939085060691
-0.35728580023296
-0.311799264850737
-0.272534830471737
-0.242749718990357
-0.300063737337764
-0.18973132215654
-0.279469898596047
-0.305593049323528
-0.356741373956437
-0.288671730615756
-0.214404018918979
-0.169438909207824
-0.233904313334127
-0.201628806344506
-0.305785701606333
-0.23227657393438
-0.0517443107466122
-0.111968915907528
-0.265070540083913
-0.244408772044845
-0.190002593978091
-0.257351391848059
-0.330765336853902
-0.147142438134035
-0.258482100233917
-0.183803496836011
-0.195037384102176
-0.216039409676685
-0.21489862446539
-0.155977422604559
-0.247897318190707
-0.217209694017621
-0.00391409847748576
-0.223659008176606
-0.225304027660772
0.0117882466434079
-0.279350297543656
-0.159119259762583
-0.097435558099863
-0.178969996060599
-0.174345579182679
-0.030375054510098
0.0712817713042757
-0.0760180199731683
-0.10534428376291
-0.04253297800933
-0.294323535345903
-0.0768221550946161
-0.282977059813878
-0.122314049386145
-0.196207825619209
-0.0151530740259
-0.0822907872772325
-0.143783179488745
-0.192459475527134
-0.106783751849236
-0.124436265809937
-0.0996208145397501
-0.216322551413785
-0.0572246780747955
-0.0202546689317443
-0.207949377504799
-0.314262534226705
0.00202656407196273
-0.163728190087542
0.0214277313937536
-0.0975708734599679
-0.125323871772531
-0.109349867781378
-0.077499669046011
-0.141039966129444
-0.149001104532754
-0.10727782179644
-0.0950628924151605
0.0132304276203916
-0.0260750184251186
-0.0855872189015751
-0.0871530629558276
0.0161454159128646
0.0450713747993847
-0.119357673039076
-0.0511613258353679
-0.0316897907319141
-0.0788648634132849
-0.0203613960833042
-0.0453956235329233
-0.0277642789846535
-0.00656565478547374
0.015221971130973
-0.0893496881537084
-0.090141593183502
0.0579336233528087
-0.0771520622288473
-0.139887106605261
-0.0670600147440816
-0.155621250303663
-0.0335037893548119
0.121163984372295
-0.0530243622534521
-0.0472519758596923
-0.035242338481032
-0.032930000155815
-0.100716945920732
-0.0722238265048354
0.238525399252298
0.118398957234452
-0.0103818231336015
-0.146241808141525
0.0368242721056386
0.0263652940787432
-0.0437593934399541
0.125944991806083
-0.0356267387025166
-0.0399651511982553
-0.0337074751719671
-0.035359775339091
-0.174430618867529
-0.0147980947349771
-0.056032204931594
-0.0659767346649516
0.0780379925733586
0.0568699140373546
0.142626364492445
0.0869294012144399
-0.0518871027406097
-0.0574614215505064
-0.0105330317375749
0.0358461289619228
0.0114385236238573
0.133780746911931
0.0635241566439709
-0.0512868715669913
0.0394496767082054
0.0460117697204614
0.0640573822838679
-0.0256183716395801
-0.0648672311330368
-0.0649985537825295
0.0122336154470646
0.0106800488615526
0.0199957240074877
0.071859472977488
0.0714464385037037
-0.0925334438068318
0.268827710710939
-0.117100305790013
-0.0365064171525045
0.0080106677234615
0.117115665041842
0.0594952253661416
-0.0815227469877119
0.0744043626613797
0.136905498397779
0.0941481621107302
0.0888631645197985
0.0516781747188262
0.022105740370431
0.152661619662153
-0.00655419516295556
0.17764111006211
0.277773994783932
0.0536377514793387
0.0577982768028304
0.0188707709250046
0.120427016033047
0.00504598945575755
0.0820169492529905
0.0908814771725053
-0.000647938076826859
0.0768719139024061
0.0235033950371119
0.0720375031767168
0.0707714876598654
0.149170096440073
0.155044993029275
0.156037705406091
0.127541104108825
0.133393535266281
0.181107108761469
0.0109618634410726
0.0661819602727636
0.108271896983284
0.181362310185012
0.2298994969621
0.232540339289657
0.188749150355384
0.0970953350617129
0.130763287680294
0.13553591142928
0.065042741772373
0.114928640723017
0.145167862386733
0.166402787654787
-0.0230687617011964
0.226890999091411
0.130282396126959
0.145658975887399
0.233115235298098
0.312733724015171
0.140958964740149
0.154243203724853
0.0986157024485868
0.128394437428238
-0.0237911317755592
0.313737943405459
0.395667117344746
0.123977139315502
0.218132093824801
0.0943855874652438
0.0964939708385489
0.147984814648204
0.310125812539393
0.285304133444265
0.414206083623816
0.0823891594579135
0.251873163815179
0.252017908859035
0.115655135300733
0.134282116043293
0.227679241969537
0.233667052271576
0.171028149583369
0.120588586064216
0.245224100565919
0.328351017307776
0.277264038476687
0.23633044019581
0.211805302338699
0.209914908226808
0.202721584066978
0.13736046106852
0.327945398623168
0.288062840614472
0.30146935014213
0.386949509324965
0.276880658962856
0.137599346360931
0.243911478773855
0.219167038960389
0.286189837300294
0.297578926189272
0.411526599627252
0.171405031906821
0.300414746265068
0.185916491286578
0.164651312200875
0.215938241348789
0.227902188830533
0.297480095320577
0.251959158199682
0.299919472450657
0.459859379936166
0.333582801268112
0.343606562650739
0.22603951934553
0.37487111203187
0.291484861863852
0.302383726031522
0.194583263162994
0.3394054274352
0.308760748881393
0.312609496794371
0.29616367499293
0.148865502191013
0.263436113030175
0.348199868466719
0.484575844936525
0.309809851272178
0.372575602116491
0.232194524335897
0.323150454151846
0.193818151121124
0.274312447927434
0.316058217397789
0.302625339289179
0.252629748352958
0.357798085616816
0.437477307061487
0.311166818773348
0.312989701878712
0.470445657035162
0.372708777997333
0.369071393035947
0.37453097935034
0.326819525556479
0.276356862561099
0.187173845263823
0.40364476207349
0.47834978131569
0.324183049773845
0.387629008160055
0.507998653099199
0.33748597542162
0.358142165339416
0.361661917537133
0.300976710903388
0.281772259139352
0.494088060205807
0.376873089910179
0.546468857580993
0.419609898952207
0.299039336051589
0.23519097936262
0.355744541890094
0.485323710735746
0.342325420058036
0.420498672725254
0.335776376684892
0.293214907843625
0.56062520464934
0.482681662476321
0.486637625108041
0.35481408972106
0.428836710515048
0.383346879122891
0.584133521556699
0.365019956900344
0.416935050493362
0.400671437168178
0.477063302065217
0.509846239475474
0.410617079651067
0.327028298943868
0.461193849307224
0.317098720063813
0.35002687069035
0.454773096859903
0.434709738155148
0.395238587281063
0.494246733149881
0.43487169622264
0.397314216762096
0.287555681125925
0.358051336786918
0.348753140782509
0.361006758818891
0.467662657028747
0.436854742992016
0.466028733262443
0.322223303299268
0.32040017814018
0.383679969750865
0.50677270443946
0.573406070852091
0.449942261183413
0.554387023834153
0.471780641584955
0.495891724008864
0.467131099093516
0.387991743720164
0.551881983013458
0.421333012342624
0.53869970020707
0.500172599597795
0.496507606890455
0.587592228964766
0.596653022682184
0.505009020529776
0.473434662626994
0.399818632392353
0.394262795703949
0.51173940410127
0.529165245901992
0.521119178450832
0.522563727841592
0.527069833313983
0.533203618700132
0.459150882955506
0.571218237201899
0.466113440233781
0.385523080276098
0.430203556084911
0.530188686214739
0.632140172731598
0.503137931416658
0.470023368883334
0.561929174326937
0.633674642552907
0.519365124326047
0.405327945298948
0.413372966588054
0.518846707126231
0.590436926327853
0.548626626071269
0.488384721361054
0.464122788177707
0.435379315155641
0.431068622863735
0.355931489848434
0.542236027924389
0.48236159655081
0.712662291207901
0.63499748534782
0.598453268633881
0.640901780030664
0.5186501310976
0.581314707270951
0.501639703263581
0.512451666681111
0.542736484122731
0.360556359457236
0.745775815914543
0.637030485918615
0.580937127712933
0.625459124660196
0.790918833580791
0.584159718391259
0.60448184981415
0.752139518149692
0.724281388852618
0.704889988127423
0.517823325600708
0.614380042835165
0.584472609475141
0.56535248154524
0.693717754932004
0.641956429749742
0.560999849405444
0.719474717514062
0.568690834824818
0.795880633893758
0.579072349448089
0.597108587479636
0.702668898615815
0.643842878484528
0.721642244666803
0.445902945134809
0.681920890978572
0.589852399808278
0.736567748400667
0.601495311283685
0.554026441877773
0.556522260729603
0.632331478628734
0.750527766959364
0.670729840911834
0.61796846278756
0.77330385590358
0.736541998784294
0.457533885792467
0.608918495168589
0.693014078177925
0.729834231353721
0.55256943054997
0.588510433255635
0.599142894180557
0.547744613207076
0.674972874717372
0.745296594743197
0.667433960466388
0.578632138381944
0.53907521980134
0.62708353043918
0.73621952096295
0.702027253586225
0.721203678610707
0.664428626208949
0.702579842400954
0.585109937722074
0.658961610402953
0.767541061699696
0.83918595314168
0.555464584189016
0.715702315372981
0.726225369237715
0.771030981721796
0.67437434211381
0.649625023463561
0.682240068921161
0.660300373209533
0.789251357923896
0.584316254868315
0.763417149366377
0.580721387228954
0.707305149842908
0.623465604517471
0.695833038001924
0.679138728055547
0.546258924427548
0.512128137957363
0.818797415128472
0.59966844031717
0.683825937739807
0.901135627955718
0.800686966957208
0.802038220295702
0.677323162112679
0.742774045221955
0.695570702060095
0.712656200576229
0.721331627434632
0.820999067367355
0.733919381173367
0.773238290609283
0.811298278896615
0.727358802969837
0.747077660615677
0.794222092556023
0.905774681897305
0.878231192887217
0.888146534913882
0.779864394298256
0.830764224327029
0.775432082849897
0.645886487887046
0.717972280289214
0.917334150277337
0.987183436406813
0.590969393598612
0.728745564817863
0.747595947901326
0.803084733475128
0.735197641424898
0.844135197942332
0.901971632628528
0.597493832476092
0.851161860218342
0.856704365011125
0.810454026354919
0.743725962858379
0.843098289378101
0.675095714638831
0.711080257259367
0.821023386375366
0.80946956836876
0.927586512819969
0.949268095513277
0.843693736443608
0.760428239852435
0.94667330408505
0.760983703448422
0.72536805702295
1.00075164337178
0.688262042622017
0.74739638120873
0.805642136067536
0.619285877122642
0.808847354749547
0.866686813874787
0.942832713770737
0.77758870060502
0.759063361250769
0.86061642557348
0.943354049948496
0.907370920875975
0.701186493931765
0.958975141493602
0.847415501503088
0.797235623526776
0.805276903981187
0.758023619835186
0.729655640058124
0.850070836511038
0.957090426012645
0.680212180935684
0.751267891432079
0.938609151218072
0.831482133655041
0.897259784736054
0.961849365138244
0.73968082401766
1.01152024552463
0.902282748694053
0.923597429644637
0.989564885160063
0.856638195318478
0.784098322427531
0.985888937007537
0.86031005256954
1.10003799614799
0.776663047874742
0.990373313847129
0.682373753602623
0.874974007571016
1.01300806622615
0.871677334670272
0.827629929656881
0.876023239588812
0.790555677555312
0.953733684491205
0.760380931094121
1.0157261515933
0.991792609657308
0.947964100784246
0.924741085825369
0.893400152382166
1.03280892489735
1.0536181871372
1.07485240007763
0.861679994831842
1.04506791993904
0.836091312916019
0.967558588655383
0.753619050295192
1.12699253935404
0.991723694142179
1.00166946007665
0.993393317959285
1.00017143397363
0.93606354850859
0.907968164833875
0.96310666864477
0.996572288220767
0.930396006028047
1.02757185771164
0.975067840700917
1.18409657419165
0.871238238666416
1.0224958693431
0.921792662817143
0.946158945764629
0.892897329059065
1.09998849889617
0.913896470403099
1.1114006573095
1.13677343582807
0.915058174908862
1.00254448635055
