-0.836267359550155
-0.931091951742223
-1.10375865989597
-0.963465544103998
-1.0924829290397
-0.952877700643578
-1.03164853500065
-0.990645914151634
-1.08075569765566
-0.884139086497052
-0.904418751876645
-1.17797480162776
-0.976478910244362
-0.901638526493155
-0.996912660716383
-0.992942973946224
-0.954497638984001
-0.933010952997365
-1.01676875773964
-0.950319224888112
-0.926223076945598
-0.935330132361474
-0.820116322437442
-0.865812208440096
-0.953850336399377
-0.919922845359466
-0.868224894157443
-1.0407030595269
-0.918827275353314
-0.886523706969906
-0.903790597292565
-1.04192031281435
-0.77242173099514
-1.09481886165653
-0.931760636855021
-0.846209106997506
-0.915170931406642
-1.04624641172097
-1.04691573321993
-0.839740818799375
-0.955361951314838
-0.840162274234262
-0.931224459321895
-1.01143892497964
-0.831010193628614
-0.85416198796535
-0.933131469586358
-0.92418060169225
-1.02469940208769
-0.8285563112819
-0.903041416791295
-0.910655907971302
-0.870135434048891
-0.850754452013284
-0.720720444308385
-0.910145591929505
-0.905349547522774
-0.850603316490366
-0.886479596036707
-0.872742501778379
-0.760991637143678
-0.968709845553619
-0.941520445786714
-0.950062824442428
-0.980356686168671
-0.846818566416352
-0.939359389857907
-0.831382907514056
-0.851311463819179
-0.914575870803017
-0.964010071181447
-0.892531253234493
-1.00227623709917
-0.901732808352906
-0.831538402735346
-0.896206761825464
-0.835318622160623
-0.922242959356594
-0.859519904669541
-0.866377469891968
-1.01787303842252
-0.744750063937944
-0.849884024238369
-0.791809367275667
-0.811838845421617
-0.72655087300315
-0.808005404404647
-0.83429995200746
-0.805042375763682
-0.851358685392186
-0.767263138360669
-0.817675293090099
-0.700814168750461
-0.913736920781584
-0.782067162575953
-0.701215417192746
-0.793158178105904
-0.883688785318802
-0.878727124380957
-0.772665610954653
-0.699051374798583
-0.722322054199929
-0.694181087180687
-0.753644494188382
-0.812700388920706
-0.70108004532736
-0.803706394459952
-0.753374918722944
-0.721058747143875
-0.775426841993844
-0.662327011079443
-0.681982871424732
-0.859716018655515
-0.640086782933047
-0.841511505645261
-0.587202701410398
-0.784744258846064
-0.763367816386726
-0.618149190562269
-0.806741462417267
-0.761279825542034
-0.740394942554841
-0.78017893023812
-0.740545398354954
-0.578478892573896
-0.541653931592558
-0.835831093799591
-0.674048204668215
-0.730987590101212
-0.581663971994857
-0.747251654640729
-0.63343773712326
-0.641246310059094
-0.715032635607533
-0.884125137773907
-0.773614086089361
-0.852648206910472
-0.501986393786559
-0.68673916227141
-0.85270079331764
-0.703114967046769
-0.625061755660298
-0.704531260400074
-0.704705465509218
-0.812694875958744
-0.777413598701905
-0.711711811780322
-0.78495863814171
-0.662075414790646
-0.770348075018065
-0.605819593100473
-0.91123354350749
-0.744169913150313
-0.711365532026613
-0.653907804084608
-0.739399258728627
-0.532681519915799
-0.513267345261641
-0.70652691277089
-0.666018616070823
-0.74018496066767
-0.663022880902437
-0.667795213108633
-0.575398178145334
-0.717514317920515
-0.540270262536795
-0.591770403194317
-0.524304568540398
-0.697918707057843
-0.554411381524517
-0.815682002852986
-0.614132462243419
-0.751002753141271
-0.623186056693776
-0.636760630348218
-0.354955418898662
-0.723424612394885
-0.543105376771511
-0.554209460375411
-0.628665993880707
-0.811436814591985
-0.606171979637624
-0.670832338352113
-0.548805758206907
-0.712421696385745
-0.660175730049183
-0.493867934131226
-0.640868422424912
-0.636417999462178
-0.654591080152685
-0.503395625968153
-0.602369823101926
-0.569107916063776
-0.745196251483862
-0.699881243750505
-0.604274844824165
-0.726611317117639
-0.621883392870248
-0.447091289790467
-0.615564709938703
-0.590637698724944
-0.63839752734357
-0.579976194879429
-0.460745350372942
-0.656013762401364
-0.561478244511748
-0.622574033034392
-0.625409791135061
-0.596277343686692
-0.569669975590517
-0.404928781100763
-0.657147954105438
-0.634725851687681
-0.362603708137405
-0.545612962166595
-0.616295679349159
-0.622713440996986
-0.604669190874975
-0.62278706583212
-0.627677813520919
-0.554967922235546
-0.455545600205044
-0.451686151604447
-0.495105710813915
-0.543209403797193
-0.609475771715947
-0.544867827046298
-0.505616515655161
-0.557053768435558
-0.633871270478432
-0.48734245693302
-0.412233568251058
-0.500422879528464
-0.218527642558233
-0.44797943573191
-0.605300834022722
-0.447086914609492
-0.505913636147103
-0.634178858273607
-0.402753589770641
-0.461672460851966
-0.629274355926103
-0.70004369136752
-0.520214486844357
-0.51877140987186
-0.521755420451962
-0.564566813482919
-0.530199482249882
-0.5328815074587
-0.343194748053505
-0.452212511813016
-0.513303294112535
-0.565418273870496
-0.500957354685606
-0.531365927243899
-0.341520746722589
-0.50797314911564
-0.506163589034928
-0.629485797330275
-0.485309597657853
-0.445262506149798
-0.454372688003968
-0.444688065964375
-0.487895326573054
-0.457483414458709
-0.468232546711992
-0.534297465790637
-0.421189743689792
-0.417094627005018
-0.360606905367405
-0.545250304614688
-0.487684680400163
-0.382592233046129
-0.449734213745266
-0.41017092578622
-0.295999071268893
-0.316051882464559
-0.675197243174025
-0.393816183415894
-0.443786696115322
-0.310962165479974
-0.56660024446063
-0.436547548915516
-0.506182798255262
-0.369606143127856
-0.5215635518115
-0.255500018448812
-0.514024650303855
-0.516233124961152
-0.537296450669106
-0.333435733343494
-0.391428846786897
-0.488636229711864
-0.300174859756472
-0.433248397615007
-0.412849200736617
-0.396776097471441
-0.355845295223251
-0.29908186248082
-0.327150267004743
-0.4233039106217
-0.37986415036015
-0.356361006292483
-0.217487573391969
-0.399686457428686
-0.419561621251563
-0.343367825535799
-0.40262442007286
-0.419543052023802
-0.441340060213391
-0.345760454579575
-0.31324964442828
-0.380591707362109
-0.325278122549314
-0.454752456687676
-0.428070392130643
-0.349449775596607
-0.31609626296256
-0.360919860952878
-0.29364196054517
-0.179874927561417
-0.422053352661319
-0.514531556665253
-0.441105111606659
-0.277129196691601
-0.399919106390261
-0.370429255173983
-0.370719903518471
-0.297080280342808
-0.411532592422614
-0.366133381552637
-0.255084803493069
-0.258917310545921
-0.325890438089745
-0.381819727702696
-0.326297469608504
-0.221400784459013
-0.413380798822153
-0.289547676915428
-0.351427794373387
-0.326208259789414
-0.289926283731133
-0.249778727285966
-0.273685703966981
-0.1995297525236
-0.183801276434763
-0.195312339433953
-0.343434047301326
-0.310653800791163
-0.267394252393561
-0.386455841820963
-0.253746043633703
-0.256996139032007
-0.344585675977592
-0.22527068170436
-0.177033795899139
-0.14655837568727
-0.33553053761685
-0.178893492688795
-0.188192281639081
-0.134658774653998
-0.310341807476506
-0.332013783450321
-0.332738918555877
-0.273828860688717
-0.331686230991992
-0.279007985755042
-0.130056298289777
-0.101722029458951
-0.319897828557179
-0.241047131001132
-0.0356250862501147
-0.289223619648897
-0.25232615444298
-0.110835471550864
-0.311482861154886
-0.259106658959706
-0.346053797707387
-0.296971163434186
-0.116055039997326
-0.293918302841777
-0.288791829553086
-0.1582583393681
-0.166342511516956
-0.0544687401475023
0.0333170236046907
-0.290648629188703
-0.197299791179143
-0.174463763210577
-0.139045396854057
-0.253504022387397
-0.126652279402358
-0.28975957717198
-0.330280689841371
-0.111995323735604
-0.188435180163192
-0.135628561347144
-0.179163291338499
-0.414033109654771
0.000505083263201414
-0.213094883225762
-0.112004143755473
-0.230551518061837
-0.277749591565423
-0.173557949208279
-0.328839882358894
-0.144733207088196
-0.136831720055125
-0.225410568973419
-0.255048839905214
-0.405461520866648
-0.199594515009422
-0.143409775360528
-0.211986329302556
-0.136730046374563
-0.169885126459759
-0.143762642505567
-0.13135558939808
-0.0606511114302059
-0.238555684026835
-0.224877487728715
-0.0638353587316421
-0.182000015857469
-0.0520882380749248
-0.114321410709575
-0.104208076431362
-0.122478003067047
-0.136958176793414
0.0599966010178827
-0.138899007148357
-0.325634641012287
-0.192003948963482
-0.12610979125176
-0.154954088771599
0.0180619539714481
-0.078699568067601
-0.223904111561003
-0.155511391195527
-0.148503878654215
-0.0852634461928524
-0.166644729708007
-0.145177249868037
0.0162565195553908
-0.100774547777191
-0.0617630933624892
-0.110219973891151
0.0420088588326077
-0.179119077039264
-0.0920067113187667
0.0622853206698839
-0.0655760144937681
0.0602962757009191
-0.0286078444679997
-0.154312292769056
-0.115252841801956
-0.104528543711235
-0.142113985494708
-0.0416046285225563
-0.122351395764958
0.133097510654865
-0.0410828563212419
-0.158024975902145
-0.140404370641819
-0.205872549085298
-0.0303054852113019
-0.0311800551700559
0.0111623197459824
-0.00663486341320843
-0.0630325608113858
-0.149052140345251
-0.105744184142969
-0.0584007600527375
-0.0532272540411058
-0.0531680645155607
-0.127599073417709
-0.0951447993240997
0.0146178141195714
-0.102063646775778
-0.0259617848471592
-0.102067496358571
-0.216063710896868
0.0533200977835491
0.0199099631564027
0.0485564668766938
-0.045959488905851
-0.168295138605622
0.0745294404151631
-0.120508054877397
-0.0707007614638236
0.00174750894735326
-0.112394724360152
0.141565798846489
-0.00936746332200827
-0.00590759699788193
-0.0860256920139435
-0.020565003448817
-0.10853842520556
0.0304245464671786
0.0735660137424509
-0.0215137938257741
0.219854537270857
-0.250099431166714
0.0629559102761826
0.0206412656283789
0.110543956477313
-0.0119504509147454
0.119439286196277
-0.139836473966492
0.0805813325906394
0.0325860446121772
0.0728594556231019
0.0837170146846383
-0.0875716740493424
-0.125014629677795
-0.0569043892831726
0.102251847398552
-0.172026191844613
0.121137129574335
0.045247469493208
0.015854771465215
0.0618839746592324
0.0588972406067751
0.0501566788588464
0.161581408205127
-0.110806517876452
-0.0550007192682899
0.159238973911242
0.0469893894019283
0.0824362149744253
-0.116824361217012
0.0421428117245912
0.17649886677086
0.0759896300714187
-0.105993788488296
0.0338485472177202
0.110813163155404
0.0226294591527009
0.0619255122216641
0.090323070924485
0.117077931785643
0.166950890118517
0.149179128870314
0.0921567141794922
0.114818521554851
0.118870002261807
-0.0666123811897083
0.217341990336416
0.0732893314286821
0.0414292013285325
0.0727835614276594
0.219420688588418
0.122707078506885
0.161051394839684
0.179171544646481
0.110879137196246
0.198262437570878
0.0597691385362889
0.168741756341826
0.182666271085745
0.235444936454019
0.133824484309178
0.232248726210509
-0.0401138276189438
0.167566100522314
0.0993868900436485
0.107121871474315
0.162234419846687
0.0412086543695166
0.0401599194425262
0.217600299892246
0.190419004074817
0.168742867946874
0.238614626415907
0.249147479182963
0.0539439728944255
0.174396211605051
0.144980239827598
0.0656781066486604
0.124990114671717
0.231248414277646
0.264853995844874
0.095628518407345
0.00163132781741855
0.140923045459702
0.0738266534268983
0.114830430141673
0.117935919113498
0.163575080749349
0.185630463726565
0.21716313185518
0.309157974783466
0.0861541957167736
0.197569406079284
0.32049978792201
0.289858029564646
0.197673276493292
0.0642523563823508
0.128653227721968
0.472228775705082
0.271460339484034
0.136952272450567
0.10228770632774
0.184586958361019
0.147583100500809
0.198103756465178
0.294665921642057
0.155498978299145
0.291182307501516
0.244878847253575
0.29724426992702
0.0596813026240604
0.183244689094431
0.120851955220156
0.177395527839023
0.15732179760021
0.109669083015614
0.366313887062994
0.295952348249294
0.280128446695198
0.325340604679311
0.212302270168491
0.288949634460052
0.34712592184632
0.263062499129438
0.257328840338773
0.194073822388521
0.237192943236769
0.389216774516729
0.217054854836028
0.324620237487176
0.318303095742358
0.101484087429058
0.290379420143985
0.227805015748147
0.3085218793275
0.162776136264699
0.229659740267156
0.121975388312155
0.352850033117481
0.152621574406656
0.349361833198553
0.282684445101442
0.373367111634942
0.262184526468834
0.44145255283734
0.427593948695444
0.334276416589488
0.296421285128047
0.216684851415753
0.32589314847786
0.379808697904501
0.177711162733043
0.24510939653519
0.284557220725846
0.311347240885718
0.316617046877028
0.292815273895831
0.159542598002568
0.402576809650504
0.432118763485531
0.246794345238031
0.426852578632614
0.192767889165203
0.247826193106035
0.210722783244572
0.387052301137977
0.55658772912484
0.268499451084671
0.242758059541348
0.341421349935701
0.411935583769395
0.370090252957787
0.469000799813355
0.370703495619953
0.432751889048854
0.2400382694409
0.232255503556047
0.445185251630516
0.322870785395715
0.247884863377721
0.49031327550039
0.461762089113635
0.350527852706986
0.309569045613749
0.284655315693068
0.303909934902465
0.423903544603673
0.396846443469922
0.361437909916761
0.322327980614957
0.318883887235797
0.280627005807046
0.386302402461109
0.353256277362344
0.249059661291367
0.349583624830394
0.340114956803356
0.25840431498991
0.518670135380794
0.427655164759186
0.429030107053611
0.464286370993389
0.599516546353759
0.362205564699764
0.246409606480082
0.514270690857202
0.437594033948026
0.356378723773127
0.490451577263128
0.398496854504491
0.60543972933796
0.33066809986199
0.39667880647652
0.453332509812945
0.386090170440825
0.392894412921968
0.454719084122701
0.472813876582223
0.393344030830425
0.389707374663285
0.441161119829148
0.655589941165648
0.439617482668165
0.566653533510402
0.489271394802406
0.400064328140687
0.616394538133566
0.598784017347787
0.42473877572743
0.53955587124374
0.390116951426595
0.302450776012753
0.505571790933467
0.485158539345278
0.606087706827805
0.340055524408059
0.368812174844262
0.416785336602556
0.339453801492534
0.371187249274262
0.540749243956374
0.476803034774986
0.5650799222002
0.490331732085272
0.448883510644304
0.494577020402148
0.54822392732692
0.56035555418474
0.645061726837413
0.500332791704827
0.433259167668444
0.631635248017723
0.541893469654549
0.464201680929897
0.503300435167626
0.469935617646426
0.478352635791426
0.436639569191465
0.598806692622502
0.608224496343711
0.641828907214666
0.613281308497159
0.568389278822206
0.542216495728076
0.6062493202495
0.618112429363374
0.593733622776355
0.579065234023074
0.585393854176263
0.500101809905922
0.56099531036729
0.539235839927991
0.535198186546337
0.504781488673838
0.44478312771958
0.601351216523802
0.559711884010123
0.633566837620049
0.560146361873023
0.589384222135359
0.546218613767752
0.575561682973014
0.475817696278934
0.624999042555741
0.536011495376325
0.586891802700868
0.573095331270459
0.515662982992988
0.586932456223418
0.501322248126517
0.563872022605474
0.527618302478385
0.622627959175615
0.629387194325992
0.622679402821091
0.501649362121378
0.496288983961719
0.536527882307376
0.506779888772047
0.799690501099037
0.672403695773936
0.408798529481829
0.498875583361363
0.674992577826218
0.610451281116512
0.431104788855968
0.621413145807902
0.627241794090902
0.562369926514991
0.588781747371323
0.582168212118248
0.74745952996006
0.578174788418965
0.568497663142169
0.626328152406984
0.6304488809799
0.559469813225678
0.580517638892033
0.736018138288767
0.642524961403658
0.565961763688894
0.690988797396214
0.701032571171967
0.715893301109551
0.562959950395323
0.711182106734637
0.691884350130494
0.481997474434389
0.549857962968597
0.535909252259953
0.593893790832701
0.719713921939579
0.582485441476341
0.743668637502849
0.707686249022971
0.660832452998182
0.851076454347736
0.625927072957564
0.820249381674775
0.642395563627469
0.745344896204886
0.652294711705961
0.880342281207781
0.636774755713816
0.500649390947249
0.727789636141855
0.81101836919246
0.638797317505473
0.737862425567303
0.583359618744041
0.555638391213391
0.810782651513216
0.684495523955174
0.603477712760097
0.716748369266864
0.941260799729401
0.664153112193743
0.78091045395213
0.755857651393385
0.790200081029802
0.88847227753925
0.641451920824325
0.797446494570709
0.790245459265716
0.652471624993468
0.675136553290724
0.737703643341363
0.580556757650312
0.638235903249354
0.720166507679031
0.575999158885622
0.693761644621335
0.836352272011353
0.759177003202741
0.92566091179927
0.798434462482565
0.74923677273511
0.676546895272988
0.910926261302968
0.896830734969514
0.686454343156223
0.831957874604855
0.722815779439216
0.790542889889899
0.786564089411788
0.7033108100477
0.766907652444429
0.876058860587693
0.679708212962224
0.657482226279743
0.917377018945425
0.842921764597317
0.759151080772088
0.829824601065309
0.782196822342107
0.742144403070492
0.913735330039221
0.827253587423027
0.890873344377244
0.785550779031253
0.704796352389689
0.702303510596667
0.813119055035664
0.844033195578019
0.889150774319505
0.996750724545771
0.898890770500875
0.814386923640434
0.790507539096133
0.859194466586061
0.846129821208313
0.772777017058293
0.691757173357222
0.913455999255646
0.956906846471059
0.975758188833119
0.868088671080428
0.944534763705971
0.858021142814065
1.00270703774654
0.779100829302331
0.979197771002864
0.93973328777436
0.879685771240913
0.852544195937103
0.843488122957745
0.802805746061638
0.841784414652793
1.01160017724707
0.860039415071112
0.920852837250513
0.832417625963941
0.814578403088151
0.983970446576463
0.928094710937661
0.837090842846141
0.904116337352334
1.0388439130461
0.883657333465801
0.964051902205166
0.963124867316334
0.84522176771123
0.869669685343058
0.946264303389116
0.908798363910509
0.830597836573519
0.947556499086127
0.901928645203181
0.88166295170214
0.892650540826299
0.960929813691093
0.819743008194268
0.978754243651994
0.873908604961989
0.833862925528359
1.00833069149947
0.895555987185951
0.857100285453502
1.08479884989033
0.902842335618399
1.00236543479455
0.913075214426629
0.886426392002586
0.849539803107011
1.10987771822835
1.00163368915633
0.744137616216006
1.11076452133145
0.998828183662404
0.995280860986239
0.97007547783807
0.927272221326132
0.908580791232149
0.928127232704931
0.860114836056319
0.873432878756153
0.868591063470423
1.00666199937401
1.03136446750976
0.894410678997187
0.774254941840091
0.939840627821875
0.977330566577845
0.888046341641126
0.976883905925445
0.91380936874184
0.950871916295003
0.953777165058633
0.820959803451846
0.962270760104114
0.992821907938641
1.05241046854536
1.05900891382878
1.04282348872567
0.979756373334871
1.05299890986287
1.11046242954034
0.942290427528849
1.02366374143059
1.13927326008606
