-1.07855011862821
-0.948180683191418
-0.887653630234349
-0.987449176075051
-0.951388034624228
-1.08838588696859
-0.981182039727902
-0.982129071086217
-1.13518137351696
-0.878764464514392
-0.924681977160393
-1.04894941223901
-1.07701036216265
-0.961562163136737
-0.981220605087783
-1.05369635008112
-1.01868021654897
-0.940578597740794
-0.886246896389129
-0.989425268834412
-0.838377421207849
-0.915782527336262
-0.852145618467066
-0.893664074859544
-0.908354812796701
-0.999548866117962
-0.902983780917453
-1.04385427150033
-0.965894244587939
-0.940373364164711
-0.819541524349824
-0.878335664366814
-1.16222881555544
-0.89138464341054
-1.02659992595905
-0.939144393967481
-0.99377038970822
-0.904350383904651
-1.12433217656201
-0.891632409759181
-0.782738090004559
-0.964032901268363
-0.933939706033559
-1.0123281642717
-0.898601675994411
-0.914278869149642
-0.881058054154506
-0.95460427452458
-0.894962018902121
-0.934686109586741
-0.958007726982511
-0.86612647753585
-0.861384103091606
-0.813451553878551
-0.77579427632653
-0.801365865076782
-1.04238200565372
-0.779115369413155
-0.780256215881958
-0.752327772701938
-0.984185638845202
-0.793740335999377
-0.912149547871521
-0.780144252306055
-0.880395276586658
-1.02414123772544
-0.791225680528566
-0.822832795639612
-0.785186336515134
-0.691300454523249
-0.702265903331773
-0.736995506758232
-0.857520976772534
-1.00192873561272
-0.77545738184144
-0.922436931584051
-0.837520742192095
-0.953705983114156
-0.799358196671678
-0.877213649175317
-0.79528524316054
-0.816806406331338
-0.946825004330157
-0.810239592020426
-0.788523520267633
-0.762005339337459
-1.02621455313788
-0.916768925858815
-0.892131418685833
-0.738738166483738
-0.632249733145466
-0.658870729386291
-0.783831047298326
-0.921037171640615
-0.763394910624541
-0.76567476391908
-0.876983490972906
-0.883035540131166
-0.794319128950846
-0.809871401588696
-0.83837799388256
-0.828850932272636
-0.827972999367354
-0.845283838164003
-0.778682428728943
-0.706383769892051
-0.903434813668421
-0.730015080641689
-0.73879521880804
-0.810534281470654
-0.627997540379158
-0.95788920550578
-0.695610866010239
-0.832214787288431
-0.768189546802395
-0.772582759517674
-0.878957287497832
-0.711571964206782
-0.749791588729274
-0.702947465780157
-0.785252284057256
-0.767977260849221
-0.770706310628749
-0.646752121309119
-0.736087418620479
-0.786139193146558
-0.544281190817495
-0.704291812181741
-0.816497455872304
-0.740286243038024
-0.522367757184118
-0.695215238049768
-0.761237276477787
-0.779314133826159
-0.641135820342894
-0.703980989906479
-0.660756059636717
-0.619523116151459
-0.711501532149499
-0.873121611289654
-0.716005973490856
-0.690203349861157
-0.608368925585709
-0.659350240568014
-0.687101044911388
-0.665639136098203
-0.607186064862353
-0.679791336249602
-0.814138106462192
-0.694382406274968
-0.784132333855969
-0.727736244626819
-0.677034372175733
-0.806357918443392
-0.558916079933111
-0.646499856488554
-0.759945612515453
-0.714391575614109
-0.621798207006524
-0.73931898663932
-0.767458714380032
-0.554047565146492
-0.676613222668362
-0.59306441969474
-0.835703858569793
-0.670930821321141
-0.685226889183805
-0.610764991729025
-0.647257408732318
-0.730427305403245
-0.754008122318708
-0.548727528865179
-0.699034638873853
-0.654533906461956
-0.477980472909271
-0.733076970830334
-0.584442581035971
-0.735567334779841
-0.546928728559504
-0.514231241585591
-0.57589396701599
-0.744581234432405
-0.521137992858215
-0.572470828400622
-0.577259094364858
-0.531985262583915
-0.701969810880883
-0.707081320976418
-0.690207923275898
-0.747122136766846
-0.66788851103943
-0.756278361410891
-0.574340584321221
-0.623383816359984
-0.418237026075358
-0.560422203670295
-0.61422912251954
-0.599624368914002
-0.560849102310745
-0.622042695346781
-0.597124789549098
-0.631377666409801
-0.63925789654084
-0.506480410338782
-0.423311984863504
-0.528127404972927
-0.691912647570107
-0.46574991883113
-0.554332570314505
-0.49944523616132
-0.565898597143733
-0.706271169752872
-0.588417300950439
-0.525142344682569
-0.621896509676716
-0.410665185493151
-0.454156630185906
-0.537961660337239
-0.666806088067521
-0.635801939742845
-0.634195144024901
-0.597415899714615
-0.631971402855949
-0.647712266695847
-0.578486809957941
-0.526028436502608
-0.669265038952731
-0.633109039573951
-0.571772044723801
-0.60921951735199
-0.664835029485641
-0.554015765078289
-0.53683049181029
-0.38283087031415
-0.595091467043302
-0.586054216436998
-0.275603886415524
-0.574134206043159
-0.458343267914987
-0.593228249227923
-0.596888068241089
-0.811938252666669
-0.527513469073152
-0.513946246320537
-0.528173896990505
-0.568744460337127
-0.497398993716575
-0.480710167459634
-0.505475887824161
-0.504684960377683
-0.428340422660394
-0.349289683734567
-0.560899564569401
-0.523425364959116
-0.374991703937062
-0.445273434296791
-0.493850387179987
-0.382712219488242
-0.460244523286606
-0.566705575304933
-0.457879290172422
-0.598343093205367
-0.495105880486682
-0.43403567673145
-0.45028765828023
-0.413934589528286
-0.572897204937087
-0.593875966917142
-0.326237038015726
-0.399379050353984
-0.396793827914358
-0.32564805140099
-0.405463296897161
-0.423467864156171
-0.376127022859215
-0.489785420530329
-0.431230700911975
-0.6688496427151
-0.516720778048155
-0.537432826104609
-0.459390426040923
-0.459065293997146
-0.430355216811457
-0.415656042367735
-0.474654156827227
-0.249979116074509
-0.347661757001271
-0.439834633893453
-0.420752750895128
-0.312412700465737
-0.400776372655119
-0.476527209335857
-0.305031823778563
-0.455658246763849
-0.389236249859923
-0.325998013726433
-0.428282560557452
-0.325946276297072
-0.409500193481994
-0.326689344012084
-0.375796034102147
-0.428283359009343
-0.35334141006027
-0.230089918348477
-0.188231078573321
-0.417270930145176
-0.379858862973842
-0.382260976720804
-0.405148525171172
-0.437290031503179
-0.326014799741353
-0.415958950308015
-0.168281661135775
-0.318563183646436
-0.268860762445229
-0.541379315318805
-0.36650715572415
-0.337712466395354
-0.449122864674005
-0.277389015194921
-0.373339154222767
-0.364135042833264
-0.324063427004009
-0.31514218780772
-0.359814180142864
-0.418280932682633
-0.35269944655697
-0.418796857653674
-0.332858113101077
-0.299274238867521
-0.364188206584883
-0.433781237025478
-0.347409967970746
-0.389025784429587
-0.359837248815953
-0.322174408201836
-0.422565933717188
-0.270755823941126
-0.253335563715114
-0.280492937716467
-0.351570387008093
-0.334167996781089
-0.439240371582047
-0.362834990514753
-0.396709329278616
-0.291085673164124
-0.371522616407651
-0.18808467140405
-0.222877509701559
-0.244044630997888
-0.352736356329316
-0.209342034421717
-0.197717643367478
-0.345838594674154
-0.303214116019605
-0.153595552238972
-0.225694980711555
-0.216755891770034
-0.398030648104323
-0.185350366294542
-0.183750289382651
-0.312147471158823
-0.220248206416041
-0.169684714101819
-0.297170231017362
-0.264016939322388
-0.225748019122374
-0.189564377602629
-0.386488028574123
-0.31984192809683
-0.237567830699113
-0.409039009403099
-0.313743008857835
-0.250746607523838
-0.417395717546691
-0.158741584749381
-0.235688199931405
-0.142702052126589
-0.187539679092517
-0.335491901418285
-0.292412714575135
-0.245181503566627
-0.304923961082114
-0.301062678818844
-0.202979694249924
-0.23855074516101
-0.318477197941588
-0.218321430917185
-0.3008240132102
-0.102728976371514
-0.254045513261856
-0.201475976312433
-0.176761020390139
-0.0758985364515574
-0.103073471885012
-0.105337580262678
-0.128265658743644
-0.309121991372057
-0.177207544272833
-0.31012780944961
-0.336008723255534
-0.104177819150628
-0.292615603910605
-0.0935797583915777
-0.174124671102143
-0.185866441148033
-0.174078025741567
-0.126671027819833
-0.138616227799933
-0.27858385141121
-0.216682563935298
-0.0954370837032798
-0.0593040431007118
-0.149355191807871
-0.206316391654607
-0.0738347187950524
-0.194693257941987
-0.293303981920297
-0.166330100222481
-0.16211459871832
-0.157040410037408
-0.243659682839329
-0.119710305441267
-0.147960903718801
-0.273752528466092
-0.0593994814727565
-0.138485531412768
-0.229011325301915
-0.180678829081484
-0.180709854550712
-0.125486908208491
-0.190523623207558
-0.115081084382417
-0.193847967782957
-0.204230505268533
-0.0621279691478131
0.019327564051935
-0.121529576944183
-0.0222832695733041
-0.251559829977439
-0.156209188393266
-0.219855899063783
-0.131088215963493
-0.0922516635090603
-0.207926846372483
-0.0423359327813781
-0.0132441113138302
-0.22119772023584
-0.255492632399306
-0.291878301040383
-0.0942585948608516
-0.0963577213812399
-0.192887032643436
0.0133169280071954
-0.0638599672209594
-0.0957364317146713
-0.0800170305923883
-0.0274381599824534
-0.137962021401051
-0.156911786146415
-0.104203039184158
0.0113106916849762
-0.0560580783364981
-0.0756091749645037
-0.102588352984595
0.00485589050923613
-0.0489061724372696
0.0643320768050309
-0.221622357721558
-0.193611621730434
-0.110466004887369
0.0191900975739605
-0.134115286100272
-0.0854901133355548
-0.0901020192064499
-0.0728633898670771
-0.096088005638864
0.00333902430436532
0.073154228632924
-0.180581894647572
0.0764083577607597
-0.177579928071906
-0.0756928898358897
-0.211770190689694
-0.0472483642720864
0.0924211857797315
-0.0937209912422307
-0.0921226479958015
0.00612200197465738
-0.0405965201844506
-0.0327374016106554
-0.0425981133078256
-0.115803263083448
-0.00745132720457414
0.0928345558436889
0.16900610343804
-0.127118593287527
0.0105675466435374
0.00990810936905595
0.142396110276005
0.0538780462656667
-0.00554729028215168
-0.121996338895447
0.0692023357946741
-0.0241985777623444
0.0672316363947534
-0.0369038807987144
-0.0108210433579876
-0.0659600501704505
-0.0593035025810393
-0.130849709153155
-0.14938417756317
-0.0122607727901832
0.0156643004713912
0.0879406169725727
-0.0136822473299086
0.0343491871546032
0.152420586586533
0.113398300974235
-0.0279899013195583
0.0470975371305844
0.0774581357123891
0.0332931002294665
0.104209090647128
0.156086584920005
-0.0254374791340957
0.0342210844588043
0.0682244692117
0.102863325362445
0.0569830233522847
0.0403900706519328
0.131001059314527
0.223857512250854
0.134106694668027
0.152417383482159
-0.00852966832038974
0.163741501242976
-0.0338201594942106
0.0641739012555857
0.145846356180053
0.0318009109684207
-0.108422250184067
-0.137627765356783
0.0818804535650166
0.07120185615971
0.232133956449488
-0.0244307036743245
0.0548406678450124
0.121712671224883
0.148080493272454
0.127554935059925
0.0866916439071619
0.152633226834796
0.227003138415668
-0.0144763558529808
0.021432042442372
0.266872852860226
-0.0608631784359999
0.144706785452162
0.217599685242451
0.0958525285481546
0.100540056941703
0.217841547791604
0.256400528310022
0.171431117639523
0.0848854668528286
0.127186357941722
0.0906504664184645
0.228206464497825
0.173761872666083
0.081439249537368
0.28521886527119
0.0508714608706209
0.0721700385448155
0.162203888303553
0.109151354307162
0.160944882327879
0.101900488682503
0.0937382463346222
0.137013986430545
0.15296828414345
0.0359871716759774
0.292620570098505
0.19676435283796
0.256328772706614
0.00741808859342694
0.0454384982884338
0.227602703938751
0.00269363116137491
0.315772010482369
0.188847663344875
0.209540688182254
0.188380283161995
0.245753630825626
0.245801506088982
0.180005709392008
0.1884597915387
0.147752909067554
0.217697034431238
0.306461660879342
0.285753175099198
0.138020466498843
0.144651866295196
0.155749553870921
0.255921190158713
0.290212562167525
0.198518520646857
0.185072048553994
0.141497042650285
0.269141872060359
0.281622719613568
0.21538798830604
0.226520389533784
0.148040722361812
0.268774535813299
0.270846054231213
0.177412177222477
0.127238154787115
0.24194889181466
0.237094246604592
0.21937702342976
0.244889224833203
0.212732410386146
0.210413675331174
0.229451207088133
0.171252293051691
0.185382322950145
0.309894853649795
0.35734257443531
0.316358539166018
0.373044663366264
0.249771610716349
0.321252519348961
0.248052256898973
0.0385944875174298
0.185507423249005
0.37918762871289
0.048887112635452
0.260078822964506
0.219866216381282
0.254321636218584
0.435025789968909
0.366668632494214
0.417103928334652
0.305781546915243
0.256764814966949
0.25384095279216
0.266298080230494
0.311228343742209
0.352702957045839
0.513167073229028
0.427745780856659
0.295869522761593
0.172603221912772
0.225565553558901
0.215887860490776
0.430303323377698
0.290335059105241
0.272016211663422
0.271058145919918
0.371953429742535
0.32137858852516
0.371767091217954
0.36808945668686
0.273263698731335
0.284247910788581
0.332889327874125
0.329906140696837
0.305989192781185
0.214726159803132
0.220485907574932
0.377070379292509
0.329505252013974
0.217643761325149
0.532235686726624
0.309661848927151
0.266659432218537
0.385115463567039
0.326767016986451
0.366839162263863
0.439420097001468
0.390074678037109
0.434874876847874
0.126785375972445
0.314075731686256
0.50591480815155
0.258938426369535
0.406846118628958
0.472563709852791
0.367362567910935
0.432103240941676
0.263691679229704
0.330141981258054
0.283713426445051
0.414533264308467
0.53017434411718
0.234471552251367
0.252406748000421
0.386831499003075
0.374324599453459
0.408259802278371
0.354076666853422
0.365135810178036
0.415079726560874
0.258527811346026
0.464297743304992
0.401284028029391
0.41472379733165
0.314493439829167
0.414242196539019
0.339114377449351
0.395980805000649
0.445029682959675
0.431383129251105
0.471897489694802
0.438138877731645
0.37527245291775
0.46972110616737
0.639158106020807
0.562177811663165
0.404690228918174
0.401157414262299
0.458292475924929
0.502336808428212
0.468699194814536
0.440872993734315
0.361398113188544
0.338356830422734
0.581250328947067
0.483051019413173
0.597325209238047
0.299444664670017
0.538505444867074
0.459603984253804
0.379358748774256
0.547924439324692
0.454903687278856
0.438928933069379
0.429287308182623
0.440563384783994
0.575676398094163
0.506718298272592
0.463831186798674
0.557198945271898
0.377311451209352
0.446250413809261
0.414019647565103
0.562225976967975
0.404757587478791
0.42827914223955
0.440576617477109
0.420767875909039
0.444037914973679
0.495216724677275
0.363946999416522
0.526301810122099
0.596559456731392
0.559388601508742
0.586111601335011
0.496916238566518
0.57476095916102
0.481817651357652
0.499274087717579
0.522960898093967
0.707230622493999
0.517620049121214
0.52038873865138
0.463631921206132
0.539272350637732
0.563273294093503
0.518556969718715
0.526188614146195
0.600260585289107
0.611796133871749
0.728092475646896
0.634289559050519
0.44240983270133
0.412666742430432
0.698393606255238
0.468514216439704
0.443482495121171
0.601419762143706
0.48572215103191
0.628597534499645
0.568652066926101
0.644202919965626
0.631313248754297
0.621330109241909
0.66995802222845
0.621684058099725
0.553341987024307
0.598632128363325
0.556721458359468
0.464018426503632
0.671853403177786
0.650530676686974
0.612863817298299
0.693072379913983
0.621761994947456
0.494421216975087
0.512025125016855
0.616007309095337
0.540833529083022
0.522771300204642
0.535693770721804
0.622319233959655
0.629211618058723
0.68942020599762
0.579258517803229
0.55719451979872
0.800346514413228
0.615519197507954
0.716898287951627
0.687749915759449
0.710440254321301
0.648920076754462
0.671988502506458
0.508532709856895
0.692212331873682
0.593997334562822
0.476422825905913
0.642469038532648
0.421546558774833
0.495407619196538
0.83617645610982
0.582349980975024
0.79212787088769
0.732055925982853
0.564665126735341
0.568787279387846
0.585516682024819
0.685950847062176
0.761216175312532
0.528136106111465
0.726240873074869
0.428034183634269
0.710529774407128
0.709073770304634
0.673510497856584
0.678808379027789
0.793320896985923
0.662403296137486
0.791311227165244
0.693447260136256
0.595200371547563
0.621715132730453
0.727809713769721
0.741463627023428
0.655559969593435
0.762162720603646
0.590615652339018
0.598428545932272
0.653302685765245
0.636443161693826
0.539712697381114
0.702039920410271
0.671812297716738
0.750489592559579
0.657901190839198
0.701802360529206
0.731826880231566
0.793289986705121
0.684011905649197
0.570025029643448
0.67102250270216
0.744442304017928
0.600746423511061
0.590404760316655
0.686736049578998
0.786860889123806
0.850662848379938
0.700697765663054
0.656371381780793
0.743311634993864
0.684666553277078
0.636377889932412
0.747766987552706
0.784911205610838
0.772354845359705
0.738744847919414
0.961583958878924
0.728695337102409
0.893879783718107
0.838978115232434
0.47678303540714
0.692130186522076
0.865017857770156
0.802557754208857
0.78649652109958
0.827914852698979
0.609347502962799
0.713602657590147
0.809889264605874
0.681162127828027
0.80477930098154
0.867572129428045
0.834089703164912
0.78756792575755
0.721049146209709
0.931777671486289
0.950710835274627
0.645333525563953
0.98492914975938
0.917561240196513
0.750113629665313
0.745122679074679
0.843524926339002
0.960951780531982
0.805633783640313
0.869324704466759
0.883431617280336
0.920124840926051
0.899588650289746
0.911509184799633
0.761526827378337
0.786746630127973
0.929638185250789
0.920395184197432
0.849354211910363
0.908388628036688
0.821446987134005
0.707206857975906
0.841229729881405
0.798890066837139
0.937748937069348
0.793046588848248
0.737909116258891
0.782562788284965
0.887863501035096
0.930215171828861
0.839751729037251
0.738636629499302
0.920503126807466
0.847624619523216
0.973547265647721
0.94971188113784
0.901282899408965
0.793301066747365
0.918059172541945
0.749480169542863
0.696937477643228
1.00411154680668
0.961764372934472
0.847888703262742
0.778601550635674
1.03395264097582
0.896393362626514
0.90829830287156
0.904571191089967
0.838971154687353
0.875615429577132
0.976613869944774
0.920423393353626
0.951010882718251
0.767388899811376
0.916265393752704
0.866317470151557
0.863685737094292
1.07197651013326
0.871794574652618
0.907130960532237
0.853269534789891
1.0496547553701
0.89901971735779
0.888952904499494
1.01960899492442
0.982609601801434
0.97470556802095
0.836373963785632
0.946266646144048
0.748553117856602
0.944518671657976
0.862345545914017
0.950621063290125
0.915314730297928
0.807342646002081
1.05861371626491
1.08694590994139
0.910430598247008
0.845445109932914
0.762937683864806
1.08860966282454
1.03764301584441
1.00840417421334
1.06209906179425
1.01932113362068
0.838703657401293
1.00140227492834
0.860950970898676
1.00075719851145
0.86251640031015
0.963862364718573
0.942560833775139
0.942993790956716
0.899447435048812
1.05848831832078
0.969790594156648
1.00567792881356
1.03012231258163
0.971428492595011
