-0.994462129211092
-0.962201112169663
-0.907473761391939
-1.21685990331691
-1.06400089630436
-0.911834056733049
-0.756610091994102
-0.880442397492443
-1.00129593375921
-1.02064692702258
-0.908884686017003
-1.05135165845254
-1.04022829271674
-0.993581236883166
-0.889874252599349
-1.20695712174615
-0.957650477351884
-0.963736034513407
-0.98967527316432
-0.862232511522106
-0.894419487676562
-0.868019560278743
-1.08103578488778
-0.908911094534235
-0.974036420132525
-0.944393819604197
-0.911602227680913
-0.919746682018911
-0.966632800425046
-0.904554030401645
-0.914935217906119
-0.924366292649811
-1.07822236765148
-0.753584060958795
-0.966392189194901
-1.06439195869532
-0.94606332383372
-1.02663590251774
-0.894022213702269
-0.983464468793476
-0.797401704489418
-0.953529119419198
-0.892456853482591
-0.889756550611071
-0.755983097711156
-0.854718316809076
-1.02156169231875
-0.921323221354398
-0.722056561629844
-0.937349761921579
-0.849473600840634
-0.914441065142154
-0.786768844588843
-0.971895378766585
-0.784460519254597
-0.956846351687351
-0.973286851571304
-0.89990120087377
-0.816422090230094
-0.985882751131006
-0.892091495944164
-0.921732968931815
-0.95966595331062
-0.956122767763038
-0.888265570053897
-0.678060852357658
-0.839552783163986
-0.915416663929814
-0.921349937314944
-0.886795642074345
-0.948659785058979
-0.812149785433829
-1.0148279192096
-0.857337955915427
-0.906643959651473
-0.857663031251894
-0.801105223222881
-0.860588940353025
-0.853966072940063
-0.831190097581287
-0.820840832855803
-0.77800459049355
-1.01038280593426
-0.783671870867397
-0.723064689686498
-0.89483469500916
-0.755675025397407
-0.736168476464427
-0.842800048163499
-0.915283378703529
-0.87369205294583
-0.728787455631673
-0.911777715243777
-0.72482993603828
-0.803103629147117
-0.745006160123032
-0.771029045303587
-0.774926150186445
-0.771819324403437
-0.770021414807952
-0.800699208461018
-0.740307375787644
-0.951491230258146
-0.847311595307054
-0.759217714964475
-0.83546774294243
-0.806418619282793
-0.806750000629937
-0.828223489323968
-0.662319785850172
-0.775283629832915
-0.691617603160323
-0.710305591036615
-0.726644634185746
-0.920478218249292
-0.760739134528648
-0.873778579444724
-0.691085459272764
-0.731706707489049
-0.631789438252105
-0.777488895628874
-0.745192637993843
-0.671886685613386
-0.704979542561415
-0.621270265949326
-0.642151604621111
-0.788898311470202
-0.681713517818415
-0.823967039030948
-0.715288142218036
-0.683969591549206
-0.848026922232082
-0.709039899343521
-0.645095298930157
-0.547799042699827
-0.656477394444253
-0.619417679654078
-0.624885259474737
-0.662623901233287
-0.650377418101935
-0.701466987106811
-0.744015746659353
-0.807042560582997
-0.720980786501431
-0.784989324006447
-0.722734452280736
-0.636313372910104
-0.759041263726346
-0.531387404047588
-0.754795132298722
-0.691712487447668
-0.867787344730657
-0.694237898327067
-0.661717585282693
-0.77764602946358
-0.665357012648969
-0.714618709677767
-0.784391011172436
-0.628354335402598
-0.70484704607239
-0.667664363764614
-0.726382236762196
-0.699516088295367
-0.599268629851246
-0.591208301823719
-0.748787607853151
-0.484606452603878
-0.848140295050661
-0.714023375783571
-0.631535938267543
-0.700634822947347
-0.749418285504532
-0.680534951896615
-0.859623190444548
-0.648443694599563
-0.519585679207646
-0.734708413481749
-0.712007770625564
-0.708234478149063
-0.632864843677288
-0.546502459194837
-0.532917000911783
-0.684357426495715
-0.654092789298613
-0.624224896380796
-0.685662916702306
-0.554464750655364
-0.755192780372402
-0.620394573464535
-0.714408760573848
-0.608708568584127
-0.652307859965317
-0.625326752322559
-0.607513667460257
-0.612290701724082
-0.640955518654876
-0.617452648534914
-0.704874700632808
-0.794727977560244
-0.689069892111635
-0.599506014870901
-0.689208106176084
-0.57967721708326
-0.483275806251732
-0.526134161410426
-0.590127296412035
-0.650163692035496
-0.727623483086361
-0.574534509764119
-0.643992947737277
-0.53482272641562
-0.507995233361076
-0.417725814916087
-0.757710755685684
-0.68838958441448
-0.574386910294548
-0.361039504395887
-0.545601484443248
-0.525412789413741
-0.66321541436537
-0.622802852403767
-0.516617304623945
-0.518457596747414
-0.485591501798441
-0.550871062974705
-0.396301587323722
-0.645273900554461
-0.606052619708971
-0.5495109049062
-0.594178680199305
-0.621287950418577
-0.620105778300193
-0.441373686040328
-0.602904003814727
-0.51315892238686
-0.553988891385909
-0.442795119942079
-0.751134640291785
-0.481273725532481
-0.586360180767537
-0.533986332031414
-0.520358121374707
-0.410560930742593
-0.388220636918675
-0.577176817129096
-0.393298338696355
-0.590055418264
-0.451067046711231
-0.588539981335904
-0.466297810947806
-0.431352766427828
-0.440266434965765
-0.459308219493203
-0.340498435197866
-0.556125889699252
-0.618370863100689
-0.422620566576437
-0.354024004907771
-0.533474076516726
-0.533101047007219
-0.499442854088306
-0.388441661479736
-0.590225732617132
-0.494295984417985
-0.511196929305667
-0.494362261910426
-0.233711509616348
-0.541889599183794
-0.389019672032901
-0.522787086869524
-0.416433833172612
-0.392442288271724
-0.308481566742531
-0.281283461351866
-0.647080227553754
-0.323507380793312
-0.474076310872962
-0.517126555973131
-0.304514397679889
-0.472275371560939
-0.503249813229568
-0.437476117767262
-0.504254204787486
-0.385238376897978
-0.473185142167806
-0.455922157160144
-0.141357179220473
-0.529747721056451
-0.416067864705566
-0.32704411275858
-0.432664730639899
-0.450253723190775
-0.476679797463367
-0.270113913983296
-0.383346310309555
-0.345344216318344
-0.475858368823469
-0.329631058904632
-0.323595775851162
-0.338532260354102
-0.435779185802088
-0.427709119245738
-0.326587458237878
-0.364616584123059
-0.342617821213675
-0.296235695141371
-0.471007170705268
-0.397695984949846
-0.379691493952097
-0.366454450253457
-0.406062950806007
-0.486711904771128
-0.414336637691608
-0.394354043941919
-0.416792936624203
-0.576954574332002
-0.446582456537063
-0.31717719771856
-0.360013976296577
-0.383616367775227
-0.331099371963039
-0.355121806015173
-0.477010132281067
-0.320817089484427
-0.183993435049904
-0.439663057176473
-0.405430457281795
-0.240902828591284
-0.241385515137973
-0.332804979490286
-0.511914456865238
-0.418683091647009
-0.219225424703234
-0.367655092711948
-0.377564085977235
-0.283889550260409
-0.362641871515309
-0.309315434693245
-0.384934950745963
-0.329784870573283
-0.266738621510443
-0.522193170197725
-0.176235923998642
-0.288866029936842
-0.111697098217669
-0.281593832032692
-0.249907483738154
-0.27517819652625
-0.282471448594806
-0.233860085298951
-0.327762425722706
-0.276883331871843
-0.270415214314818
-0.286890295887261
-0.422373919288784
-0.270203349306776
-0.353878790796349
-0.272264352040641
-0.457352460991323
-0.38643794656046
-0.262632390529452
-0.340323319282502
-0.357201494530703
-0.140359904625523
-0.334562477337546
-0.249861826318085
-0.2086977643979
-0.3360278196991
-0.428172450809324
-0.301621676965939
-0.149158414609697
-0.352228707343367
-0.22552669916454
-0.271138770181199
-0.295346384205277
-0.264188974629739
-0.0979289774384998
-0.340300801056681
-0.277157903553997
-0.23905994217913
-0.21689893384701
-0.157701217579528
-0.338155831688665
-0.314833082236079
-0.269225062826211
-0.228732421826348
-0.318373830921091
-0.192758389058345
-0.288393634261169
-0.313346004196648
-0.371198415939299
-0.295744173572468
-0.220249218577114
-0.17508147726761
-0.252827396924621
-0.219898603602077
-0.302085452707992
-0.211761314429617
-0.0643421072800272
-0.126018966027124
-0.226972829914582
-0.244020584184092
-0.168599657557826
-0.247444429519642
-0.321067774735275
-0.165062021499757
-0.25203136173617
-0.167296478534239
-0.172265437657967
-0.233873699494596
-0.205307645830469
-0.149168042413752
-0.240662948670222
-0.237508299383792
0.0129540625952739
-0.217433817744284
-0.219327258750097
-1.66719934893055e-05
-0.264582984251473
-0.172995009234201
-0.0962511551122135
-0.191123437474447
-0.172254120113008
-0.0301153082476633
0.0711507188186529
-0.0792919857348832
-0.100808228416159
-0.0350833063983557
-0.274223875283299
-0.0938382721118305
-0.289867241160289
-0.126162072662895
-0.181965693119579
-0.0297725374116216
-0.107895629579353
-0.150836292623611
-0.174601161439256
-0.0878993963895439
-0.106548693322897
-0.0901454308394117
-0.232745056080081
-0.0789975265277962
-0.0523656762355703
-0.212557881905055
-0.298489864649209
0.0196892837524664
-0.166316289576271
-0.0108977647373007
-0.0948201925315052
-0.128741882021597
-0.116123174807247
-0.0945968253125798
-0.133190834475787
-0.159485253905152
-0.086021481748635
-0.100851945693396
0.00796923806745707
-0.0200377874532782
-0.0926800404297425
-0.115946793810009
0.0173105327917222
0.0445143118006378
-0.115911220950396
-0.0386880826343488
-0.0182088968542235
-0.104360475953965
-0.00704581006830539
-0.0432762281806584
-0.0198085337643934
-0.00902405961397263
0.0245955644095901
-0.0920808495482267
-0.103469405447701
0.0385385612775147
-0.052298659074666
-0.151806663685902
-0.0465258998494258
-0.140189310601878
-0.0393650158089838
0.111301391336022
-0.0363999517368868
-0.0541863957998397
-0.0134800418925859
-0.0346063916893014
-0.108603883035972
-0.0668046270272714
0.23599442962298
0.146504781669908
-0.0227585017416887
-0.139442118516632
0.0522643597888044
0.0219925711548003
-0.0514024715775074
0.139344789977875
-0.0242975495326511
-0.0365006720361153
-0.0198254020938986
-0.0288676702867328
-0.183712612505189
-0.0286140023975218
-0.0483967490961642
-0.0686351992094108
0.0700017812413574
0.0689176591174292
0.144229494298902
0.0742893053331445
-0.04097558568164
-0.0566301889073519
-0.012323215147607
0.0490004344128096
0.00721871587398656
0.120871977070415
0.0264550802888099
-0.0544553932071741
0.0287945400158817
0.0555377074204048
0.049088108184251
-0.0212236217876496
-0.0891535942767432
-0.0643519998471412
0.0174115246254265
0.0251319354233251
0.0309699626588805
0.0692383180305571
0.0552771724919374
-0.106534749309219
0.240603160651672
-0.142653183088072
-0.0337430993273402
0.0135756816311806
0.111883637831143
0.0806385174716215
-0.0781976210007368
0.0611849908174687
0.147067473387865
0.0974494781118196
0.0926686823049589
0.023380790775744
0.038476193572308
0.143585910889905
-0.0199923909090886
0.197657359308969
0.266110247689546
0.0188171535194835
0.0615146722191098
0.0146410880538217
0.134394910048211
0.0056927445649737
0.109988408165911
0.0699473107745003
0.00655098694636646
0.058810453929492
-0.00278816958571258
0.0875038585432858
0.0474082380496348
0.153039012606637
0.1365537138093
0.197011153078565
0.143414209769862
0.119544457681041
0.184794033726108
-0.00426570882565243
0.0855445631353154
0.100925855645697
0.182189958712063
0.22801270280211
0.243444128266037
0.1849259268573
0.115498474643935
0.145802501961655
0.142608405313878
0.057366644589081
0.148978151879935
0.168908466484157
0.159626284288495
-0.0237008300301724
0.214076846935041
0.118304728897906
0.160380268969847
0.227325556771346
0.306498193501715
0.13921049668939
0.160283576045105
0.0991032238148707
0.14678106567332
0.00548599399251453
0.311640685208884
0.403092234508779
0.128607210464815
0.240943315553804
0.0916936359961763
0.106400169907879
0.166371846256749
0.310086244662019
0.308696671611973
0.411742190046441
0.063713190678735
0.239034320480541
0.227121617773326
0.12383317564663
0.162780412894682
0.229852785291052
0.246446944104796
0.179344711328165
0.115856912991271
0.230936972286876
0.315211928433497
0.291373012604965
0.230409896138995
0.237076354320808
0.216948931791033
0.212694377347695
0.135811395523157
0.319768788108094
0.305053959850943
0.300981434063265
0.375108880253117
0.287137073855947
0.144557510450231
0.251649421123336
0.220117020484696
0.30524715777094
0.31117429867564
0.402007491663219
0.176090041217261
0.306428014667451
0.203929233351276
0.165287241873558
0.228874661698114
0.201556021219252
0.290443848141021
0.247757133946724
0.297795236306109
0.444948945858128
0.339800692899557
0.317594761573992
0.265118222528988
0.383139843082182
0.289326151086403
0.284687423577375
0.20942786050209
0.350098498897213
0.318129512579939
0.325662544077817
0.2910045221197
0.15559172055291
0.251804875977189
0.356726961964167
0.481686372340537
0.308209209387695
0.359175975304417
0.207284267826847
0.33231833181114
0.199388090142349
0.280429086957097
0.313015873297781
0.294221004727689
0.264838260928931
0.373859223281273
0.440739208121891
0.327835047566333
0.319643067094747
0.433037447565086
0.38349001346287
0.379702631206399
0.387589316105124
0.350485047347521
0.283472354088765
0.165409328386842
0.395633990661559
0.4741694411704
0.358260137085244
0.393757626267454
0.481015501921336
0.352444768684801
0.343133509731855
0.350791721360367
0.287214139335819
0.272266756497163
0.492984800111155
0.363307810223619
0.563129706849943
0.425094082928251
0.305834054654478
0.231472176093852
0.345117056740678
0.481847612264984
0.329463986017285
0.420910569716211
0.32544689333352
0.300271854120294
0.529323368624885
0.474503634670135
0.490369479434709
0.347848511374812
0.42178561269427
0.37698860208131
0.594509629726649
0.369137630163245
0.400097276693937
0.388729803613452
0.458921373980553
0.49505677171414
0.405886018827727
0.349471471724299
0.457575642609881
0.290678150944181
0.355014605117616
0.441238985389537
0.456948167550054
0.395845374083162
0.482997550945918
0.430430980430234
0.397138307925193
0.264752786059723
0.359475741385371
0.369237154305542
0.354111201749919
0.459131714383372
0.454961466294734
0.465001159582074
0.3558912321214
0.317352343540113
0.35421119022128
0.500812830380042
0.568837656992433
0.467906003362788
0.561907890535733
0.479062956428929
0.520660873505647
0.461731685194461
0.376701853186572
0.55520793297391
0.432013681509362
0.529003851261718
0.479191258889375
0.525771216933218
0.602233318327764
0.587910332045553
0.49380738686624
0.481552794281268
0.399649268529539
0.396717285834205
0.523347515660474
0.530434971276472
0.525995552911352
0.498647240043823
0.540280285126841
0.536589935213698
0.462408840398462
0.578334329326579
0.475211349962956
0.401018136478424
0.42732691343376
0.53197132650566
0.648317780343773
0.493300615197546
0.438112375969485
0.561160457054889
0.636407100494073
0.490839914810963
0.421080719801224
0.391692146152974
0.490161009235127
0.590643029727687
0.562186433761523
0.508869632046839
0.467261529167422
0.438723760294038
0.431584402614451
0.372596957964492
0.537411433065862
0.454810837119167
0.700382016321618
0.638796613637549
0.593153150269226
0.636450273203202
0.554821947451269
0.582339351884326
0.487124867487226
0.524749254173135
0.554138576940754
0.393703998323815
0.759730616438944
0.62580979642518
0.57930485416634
0.615410697232924
0.80056482843539
0.588788978627319
0.60233508230106
0.747122335473421
0.749595189659081
0.716410387812397
0.508641067256718
0.606702280521468
0.580520163048904
0.541483874263331
0.678332293117034
0.650381306170808
0.574365617025883
0.709226378409966
0.552559869603943
0.805655415197367
0.590511546403017
0.588693466063323
0.688018713993628
0.634551852653422
0.692846895768654
0.438368453952275
0.656780486432934
0.626275691079255
0.755306072888602
0.62193794191179
0.546567636030964
0.545093965361644
0.63462858643037
0.757869569136001
0.676301811208655
0.629404798686694
0.751809848588391
0.721308259789976
0.443823620279109
0.608983327770285
0.687241275372799
0.731002377540971
0.56485129478219
0.589095220708657
0.599993189696812
0.551483796440912
0.659304972597318
0.733461497637734
0.662655899646207
0.586725234104886
0.553938532353234
0.613930778853199
0.752934195268121
0.692153664593522
0.723468866368637
0.657696872045774
0.68714051742942
0.597549008987651
0.66228439476044
0.778671981337503
0.817013640514671
0.554571327148807
0.730124832318263
0.708720978987103
0.743629065761807
0.678616393071067
0.646431092140758
0.674444529986281
0.673690589279632
0.78685905794238
0.600447892101282
0.770411394460581
0.613364115403957
0.729430478897788
0.603124383681162
0.693935507229792
0.667455783533119
0.560119181970427
0.507883867511115
0.807086077377911
0.606995573883915
0.67015186680839
0.903343615335003
0.809245735174898
0.808462513748871
0.694604682075007
0.754171379299005
0.708500632086619
0.703397051392785
0.721309813261567
0.798473254119375
0.762299591509919
0.773391265922394
0.815501891597987
0.755198625502273
0.756490773215794
0.771587705858582
0.8865458393267
0.868771278070446
0.880095170333685
0.762606400343554
0.841028846838442
0.784433794268
0.652802442204845
0.731480575497551
0.911073434885449
0.973367258422763
0.604043742195983
0.737180922702458
0.760185286323606
0.82761169296468
0.747098135473598
0.851715500939001
0.890889680526137
0.598916838764626
0.833049986150294
0.875232143357388
0.808803320174969
0.752930699543544
0.839831572822031
0.677505689289271
0.724525791788118
0.83346803508007
0.804591064365359
0.923497301395632
0.94397404299941
0.815473302665158
0.761218603668622
0.937017310025282
0.763480544871095
0.733004037818662
0.979876617039966
0.687128887697801
0.749897053769835
0.779253962964175
0.638604602572059
0.83688012883862
0.838418203619682
0.949753125579304
0.792249138838355
0.778339719907681
0.853309970212432
0.968014263646176
0.89317851759713
0.689083001287021
0.909136744028655
0.867538744551713
0.781570665050155
0.803044236633028
0.774450376099357
0.730606121824767
0.838616345641203
0.952806153354539
0.67481905074922
0.752902936498712
0.92158083984575
0.81636772433737
0.924529531460131
0.983415858130748
0.76402466554066
0.983049870149724
0.891448782877811
0.907161075663548
0.971199297908526
0.872503877376669
0.789195090365869
0.965975357387019
0.846674840545146
1.09865438129819
0.777743001206978
1.0008544126699
0.680482459801868
0.866242391971495
1.0151195778097
0.874048003009005
0.843438500936677
0.840777790383246
0.79236199626344
0.962811576562088
0.766882041100381
1.00480747335096
0.956760981480424
0.940426240393107
0.915020755733374
0.894899216807762
1.04541872734596
1.07438051235944
1.07326543240134
0.840354475707292
1.03951997496531
0.86230590077794
0.960256060400497
0.768014069390849
1.13126970347829
1.00774223651197
0.99997207937033
0.991807227228695
0.999634505534059
0.931978195775697
0.924806140917545
0.97132106338375
0.997034360110261
0.916145589566793
1.01331489115995
0.995080994852999
1.17693421350746
0.87397349524236
1.01282947678108
0.940182301061356
0.974471050624861
0.890358510570511
1.10607272075551
0.915298087968115
1.12069773126604
1.15720757662404
0.919119940836953
1.00797148605436
