-1.15785495383725
-0.783886451697121
-1.00884294753051
-1.04329591578199
-1.06964595243656
-1.03601408155109
-1.05706534328475
-1.12591541704918
-1.10559172982905
-0.800027786126916
-1.07636213337996
-1.09081835818799
-0.898434086598469
-0.950705232806173
-1.0029600184935
-0.991901861783743
-0.945622541253788
-1.06983345493624
-0.996804003238721
-1.07140389366593
-0.891896241104452
-0.98054326698048
-0.756809834331004
-0.926411780407651
-0.890327588617313
-0.99774334312528
-0.939101798281259
-0.986526063463775
-0.995706644832418
-0.964772790451163
-0.738561817705379
-0.987343131721937
-1.03989015591543
-0.890000412129156
-0.820998530205802
-0.854747501365545
-0.865580094042999
-1.03202518001299
-0.924113481020507
-1.10154008816856
-0.713761532762907
-0.953731434987453
-1.00969927571862
-0.895507044805489
-0.969344509126758
-0.975790858652833
-0.898011435179989
-0.821162417100966
-0.864300151385689
-0.900460225659334
-0.842545903853681
-0.954934364885672
-0.711318734515003
-0.831235257122263
-0.905536125396825
-0.910964821754134
-0.948917572508948
-0.829985333077604
-0.778407010625868
-0.868513582761794
-0.924624876418421
-0.901866592476869
-0.741817538785898
-1.01193319418401
-0.755198494340133
-0.918966716435958
-0.867749091167671
-0.949420613929977
-0.736966692296415
-0.816255196384598
-0.851899521496237
-0.747462400256426
-0.904467326665341
-0.744712100485533
-0.817438873058009
-0.877030128985024
-0.86972185401281
-0.935835499717539
-0.807762964741516
-0.73490387099136
-0.886268399349227
-0.761636309550248
-0.811921793521761
-0.870688889378281
-0.905789256153493
-0.780608553344293
-0.839151895260449
-0.859697505747387
-0.846589299154777
-0.863092905512985
-0.870196777986629
-0.86511175653216
-0.895498951424311
-0.780954548523483
-0.795272044497891
-0.830243120107952
-0.769694645380467
-0.881615072843935
-0.822160119786856
-0.723000302503877
-0.825253946448623
-0.860791242006984
-0.83901477778646
-0.654068848661473
-0.688535129357072
-0.97450951754412
-0.939436345635238
-0.589375068593382
-0.844443375869962
-0.712398167842584
-0.759725452047033
-0.860130723049022
-0.786641285530699
-0.614272683308536
-0.737476119834652
-0.840859911862584
-0.776798445513132
-0.733566691341879
-0.9391273212635
-0.759208753696273
-0.635198072768098
-0.861189977398921
-0.868355990259555
-0.736176609391761
-0.622468273746686
-0.837254253119708
-0.815431897300379
-0.591947243172315
-0.721074979377094
-0.620354830126237
-0.801027986292123
-0.76073523600464
-0.785787010835469
-0.695799595822615
-0.746183141654152
-0.70229491421031
-0.657051929227515
-0.568139470997538
-0.538243025569498
-0.785017227348397
-0.769500198882375
-0.692556562921288
-0.774441104476049
-0.767788279673053
-0.687255126746687
-0.733709939726003
-0.726000668975946
-0.793964788478226
-0.765747398952892
-0.57050960166416
-0.6741526887031
-0.802076394332935
-0.748568739113965
-0.771550540611049
-0.568738635498213
-0.652075370357313
-0.772398458032789
-0.747896171868949
-0.838427667847993
-0.662373952646646
-0.731285605774192
-0.652334968422322
-0.774306700970662
-0.580778922831925
-0.663032447608908
-0.656985717628538
-0.720254178567358
-0.558836089173571
-0.76696106620485
-0.797995897020502
-0.748261300258285
-0.588740652562198
-0.639012212903655
-0.555629240312544
-0.560063512545945
-0.635817001355282
-0.875379501780469
-0.573183673136069
-0.557000846559067
-0.728720321784642
-0.566442325014058
-0.431944906073776
-0.517693212453162
-0.741360936547894
-0.461399358175455
-0.541501651390381
-0.547522534091197
-0.621676138691921
-0.675532887942085
-0.587595853627323
-0.580201603792729
-0.603465352562174
-0.556994126214761
-0.587710770915884
-0.530786187444826
-0.610811358231247
-0.71616263534719
-0.599360883228667
-0.69025761684065
-0.543046935831248
-0.68188477238743
-0.492138853356818
-0.717207810558813
-0.516810843230849
-0.565729010845622
-0.562669397270381
-0.598078520066039
-0.471326200832509
-0.495686444293934
-0.58158832079857
-0.619026138788106
-0.650813370189612
-0.484373430117602
-0.510695653681331
-0.667586991761708
-0.505396936927308
-0.498651157584354
-0.681578225560342
-0.545740294355355
-0.550104574680149
-0.506935103853736
-0.57559174848384
-0.513982383068051
-0.645982688297425
-0.617215244172029
-0.573781082862748
-0.593745307289622
-0.702321838696573
-0.569873089114882
-0.548894207040798
-0.59375230598455
-0.747221230280786
-0.465450439681948
-0.469844362597606
-0.439733377560564
-0.450801570987286
-0.430625242866144
-0.601350786465582
-0.548592738167039
-0.576085350114562
-0.705817571783629
-0.294681017201623
-0.482197883463564
-0.59400096117874
-0.450231958612648
-0.454133749533582
-0.542831432347408
-0.489762217662298
-0.43630753751573
-0.435430647951099
-0.518056172377604
-0.51172420833698
-0.470141567137134
-0.609041668194324
-0.496254163239929
-0.493532592268528
-0.382414547690896
-0.454355961226473
-0.492999887238571
-0.424707173944121
-0.65658086569569
-0.354257458959689
-0.546306065326875
-0.432774007450785
-0.424411021987241
-0.602916363691918
-0.538897115375543
-0.484450987320232
-0.392214716784862
-0.427335723695327
-0.488433143007363
-0.49583885937674
-0.43117221912397
-0.316274336590027
-0.550623209813167
-0.43200116140122
-0.583362759272683
-0.474647057059953
-0.511942167773098
-0.3711596656648
-0.290728830973346
-0.422656828709492
-0.427665579521628
-0.396209659399586
-0.400347379897291
-0.334843053364055
-0.43125668327206
-0.305863837308685
-0.570232179934941
-0.374236971799471
-0.513584900716057
-0.585994157940616
-0.397222856270353
-0.359942777076762
-0.58539780006337
-0.393245082280307
-0.469911595521254
-0.355922737793836
-0.278212916695283
-0.318423987240161
-0.385454586178437
-0.391283045294666
-0.308412760442417
-0.376323682393307
-0.411855778113035
-0.48072039934198
-0.426715856908518
-0.371137022393698
-0.398561126758611
-0.413947249299458
-0.245329967129396
-0.270740909957075
-0.360066769625331
-0.419062810616757
-0.435766133856398
-0.504177369421903
-0.244949766076713
-0.451051590292777
-0.329588524400131
-0.351623956241178
-0.318911033399357
-0.374222445068718
-0.355178419116651
-0.379524958381256
-0.308377742809856
-0.356926303981429
-0.42991040328027
-0.38056703209468
-0.41623388680078
-0.405384695650827
-0.301125187220389
-0.37076667891456
-0.226861480510705
-0.202442359496043
-0.327274614465343
-0.310808413714713
-0.244132010546228
-0.280779385395625
-0.245038746277825
-0.265902712386888
-0.373486314614925
-0.278630540541921
-0.268828087006222
-0.346398490777468
-0.312334525999746
-0.266949438590389
-0.461934071435554
-0.457874304744526
-0.293055901451958
-0.251011585121427
-0.369482921954308
-0.322304614924931
-0.357398937695096
-0.327464886869851
-0.378103106221976
-0.340552328677684
-0.202333364131616
-0.304812291254545
-0.36048082735592
-0.262594192988735
-0.237970743058184
-0.231789829503123
-0.322874718822246
-0.207930447408479
-0.175635700544592
-0.1724942956404
-0.191501569042121
-0.308728765634392
-0.224117757687025
-0.273630331919188
-0.402545762914262
-0.223489340693135
-0.134114151864529
-0.139512476787993
-0.339864691965783
-0.371439721806575
-0.30007545170711
-0.367043586532662
-0.29878055057465
-0.310924226065244
-0.275675684185147
-0.334776584282702
-0.171063102464012
-0.210675317859788
-0.20793588654525
-0.228204623240352
-0.253588304606628
-0.238298818602528
-0.214940724432163
-0.193071386693858
-0.186224580373433
-0.252755262087445
-0.254344212424367
-0.18124298435394
-0.191797366241709
-0.180621637488247
-0.325947289318057
-0.23349935579637
-0.177237181449995
-0.155380927539548
-0.253027228501014
-0.131494250621145
-0.17162771966407
-0.195845980214161
-0.271221023881453
-0.147079172091836
-0.20287490167085
-0.243885053019232
-0.145761612252143
-0.0671150435129179
-0.168879314020325
-0.309225369590693
-0.163127326026631
-0.185756420569731
-0.235725273557292
-0.176758761065739
-0.130595145813241
-0.135516621061359
-0.200276400827563
-0.405335134436878
-0.327456869940883
-0.192773421657767
-0.0842975310824056
0.00885147638073153
-0.07631141539295
-0.327956426909584
-0.0416231611096862
-0.236384288199551
0.00474662444256746
-0.0954306329745614
-0.238946901793286
-0.0902691861474337
-0.298555299650021
-0.087718442070709
-0.120330250211495
-0.0253947182247424
-0.282946944105812
-0.0982058221411334
-0.175339222483271
-0.243025323220866
-0.0190254174836256
-0.278500061872008
-0.0791913245118712
-0.151380099579363
-0.114576294581062
-0.0911745422378516
-0.214085524914834
-0.199056095166315
-0.0754515885462423
-0.256620001265921
-0.108838559941703
0.0699841762416714
0.0173554645476705
-0.117267420525919
-0.10140481323914
-0.0720898960470645
0.0578419100203904
0.00855395182779953
-0.0995823015221688
-0.169085734199508
-0.205260296540437
0.0381151383498785
0.00375119075338834
0.117758231599245
-0.0589213870515831
-0.0969847622090414
-0.0728178773223146
-0.202314291090053
-0.179464324478218
-0.184433446030898
-0.0687225986646032
-0.0662989306130826
0.0119120164145242
0.120794080752251
0.109661005118466
0.0766498259055489
-0.0720026997818429
-0.125499552355912
0.137608338279564
0.0760856224350794
-0.152452697989797
-0.107015711447556
0.00238025213973115
0.0699858663826489
0.163305397898726
-0.0148523812240225
0.201643101839313
-0.0159587022344011
0.037900740930086
0.0310542003112098
0.0214474040304006
-0.0619473942977786
0.0632489210232148
-0.014610647687325
-0.0545252321349765
-0.133406790799796
0.0847925801511016
-0.032625717406023
-0.08714295979473
0.0515853727528409
-0.117294829507864
0.0035647138295724
0.0144285332893827
-0.0502818291275002
-0.0639733564719204
-0.107600694174755
0.0456518007856249
0.0261378296814116
0.0319094351408807
-0.0181810601266061
-0.0695889839635109
0.103490794911807
0.0666492943760901
0.00920759597102138
-0.0684594435435672
-0.0389121891774752
0.0478396592292695
-0.113709499741094
0.0189993970484402
-0.101867745290616
0.0695979914275552
0.104830786648837
0.03041574821506
0.0127453415172075
0.0186095346287422
-0.0518250523719874
0.0668502344105715
0.0608216577334232
0.051007280534592
0.164597637909901
0.136742619491069
0.0624488246167598
0.112732686561618
0.228572278825041
0.132439908879719
0.0648383091382761
0.0711831811261718
-0.0614959580752181
0.0919529196855707
0.0917791071034226
0.090914967350112
0.0846338872666358
-0.0279038793822212
0.0802988918685076
0.237903228790461
-0.02656283387444
0.0065777532376901
0.0804598107056646
-0.00800404250624504
-0.0345473917122555
0.134617645504541
-0.00249408771999712
0.0767227395611058
0.0475237661115397
0.0593277769227179
0.0360616797517131
0.131229397315086
0.201086032223696
0.249011103513992
0.0480090594939625
0.191773178052555
0.0268759114599467
0.152092507902205
0.219652982999088
0.164429606855239
-0.033523886720606
0.273862732861013
0.126723062814874
0.0832605249871111
0.194040086692336
0.0474943710741004
0.212640810801035
0.1545264957085
0.072808360042491
0.0870802119308932
0.178772262590523
0.134044035245173
0.205327277826731
0.0716157339704496
0.189423271706772
0.0469941561500057
0.129187270164078
0.0703515695836232
0.137737657514967
0.154534790012782
0.139445542934104
0.180467930565493
0.0390037102571832
0.129491037255757
0.112186995384846
0.196297864862077
0.120920566102624
0.143439926214007
0.224638724837596
0.237794231512962
0.236489340156717
0.249401751913278
0.228934890143293
0.130337010364017
0.338695329185673
0.0792742875174311
0.0637905232738418
0.20860638922337
0.203466371530593
0.205774411533704
0.169740374064248
0.244051856029876
0.140707698501053
0.212499279058215
0.183589041698004
0.0970252465815028
0.371147096753168
0.275893556256501
0.238892717393118
0.12994106810994
0.16052958443917
0.233913612747418
0.337508872971387
0.328761896168129
0.352588634065449
0.19466811868977
0.244099973598679
0.280648101944781
0.148347464960173
0.230815866965956
0.299884908231488
0.304918012567268
0.292117596515056
0.284259964552658
0.239822280632961
0.197759170188592
0.21814348306632
0.325783596157537
0.181114479221494
0.165442740668489
0.183855637496478
0.0828592673848718
0.225458560995237
0.228053147208898
0.258191422210167
0.29334765149132
0.355590234855045
0.234640918276581
0.35120822107089
0.284021515286902
0.299783567926799
0.330807985403026
0.0900859674009243
0.225604269385181
0.210039081753305
0.128463591816773
0.361153626066839
0.315448226480329
0.346935519904618
0.313760416981912
0.304805138095553
0.274809682433388
0.335755408824344
0.372667998464991
0.313347043866927
0.268640641307094
0.305462236023647
0.314887182295691
0.353970196350378
0.320518433940984
0.326679002352075
0.27620888395275
0.334945203921218
0.27886320108516
0.328185753812371
0.130580531900408
0.286357425445448
0.436290035807242
0.294192091638083
0.438110318185058
0.282849519506231
0.257197871244037
0.304637785275425
0.30000041180245
0.265668422688755
0.425784243147933
0.249756045578309
0.149316766683986
0.268012804668966
0.360912633043853
0.344402626552998
0.227742057525172
0.387787348478885
0.460860234527846
0.363174082133647
0.177335067581295
0.361487959695757
0.317406496529359
0.491015211415621
0.370029516450943
0.343518946781154
0.329185164025002
0.535373798450076
0.314748037943402
0.39109402300809
0.427874122163733
0.39759384344231
0.39935874262073
0.458617860927457
0.490492977361492
0.396680944298032
0.324373958327051
0.342447647873088
0.458101781590894
0.405591193729068
0.477522298239772
0.49256544577557
0.389893865778693
0.502415743250357
0.408614860148687
0.332503275035298
0.441957976947477
0.370596109181769
0.473215862148065
0.409061713092906
0.341836584535428
0.543422424861688
0.488194944840426
0.365078121605662
0.468262327486876
0.306177184550989
0.545537940463306
0.329447726729967
0.523183009131401
0.422015955442967
0.29844300993242
0.46131002552959
0.504981316653576
0.494464802924527
0.353157151530257
0.464508291422328
0.290063194148858
0.341340218939492
0.483972456221884
0.699375047013364
0.321893748910816
0.51089307707316
0.490828959541843
0.476343150201613
0.700712868728413
0.437861220691128
0.573843874892786
0.606030642250861
0.482935044183424
0.485872280530394
0.482858661791663
0.636523039857196
0.544033894928755
0.509677809402943
0.592626410566308
0.408681948499052
0.61040077139587
0.500606006002424
0.610980360849747
0.546541825191117
0.423867229298165
0.532219592066371
0.444386508667866
0.441627209352233
0.63009036949636
0.485516564205062
0.536037619576939
0.577253080497517
0.560131786930196
0.556333529784061
0.47237961135678
0.682516352810441
0.556855998924286
0.469653832174272
0.69266297219605
0.48841997578713
0.55998177701792
0.601151358198804
0.642619586144995
0.455606230618165
0.556456700764374
0.585080522389424
0.581049852209964
0.507984726855493
0.404151826022152
0.628017188661418
0.610265696093693
0.599275075851027
0.496921774226733
0.690541164364755
0.536666892693209
0.567873242836928
0.600236873373654
0.682421535351429
0.558568602442462
0.50937835087466
0.635345184088921
0.615344881933356
0.653335469777634
0.525071744028311
0.529578172278186
0.757657418261667
0.657109022351337
0.58583432845288
0.662794511697197
0.54303930026777
0.576300584813949
0.536207618877482
0.697426969487166
0.633160995130097
0.505754211790756
0.598976424717312
0.473395412870623
0.413692945210931
0.627471085683206
0.727662586520213
0.642498548333431
0.674961372538075
0.576523974553703
0.773672255080977
0.474675399759518
0.769263751706024
0.604255122063403
0.749463627230397
0.518669060256417
0.528331416545261
0.512417354119414
0.53632101990575
0.724769826797191
0.696696754286336
0.704332234253662
0.490254304622639
0.680661319735036
0.751216542732177
0.657848203151865
0.529362945486422
0.684620084522408
0.768673691814399
0.578324191605879
0.624347093445048
0.661215748351547
0.601976228991211
0.688524323825763
0.775957924098535
0.536613851860455
0.658832363911872
0.700423156910251
0.644537510195952
0.748331169338852
0.77835050108169
0.621669294144905
0.750103467304514
0.635060390713893
0.585851234668035
0.709995630516429
0.837261549956198
0.663399822496463
0.816415743898071
0.727052333234606
0.810871573766656
0.673718006215809
0.632763900317225
0.624891585808036
0.765838463058524
0.633353809831311
0.864925171648694
0.704320604710791
0.716396062910187
0.7909781546603
0.809875696612591
0.860636402903883
0.867905727292481
0.780245065651673
0.755407103066619
0.73847738069319
0.877221297204026
0.865199100040771
0.726625663439561
0.784923541095472
0.762566746434483
0.842821653649201
0.787882830804093
0.822271407774033
0.645813869815927
0.848631390783186
0.849028102558541
0.627456338212711
0.579569008161682
0.814034335573891
0.758318919237312
0.821696098529837
0.739619457014819
0.747630391983794
0.931136337661468
0.707329477692767
0.82056294497484
0.710730118056796
0.852932099705466
0.761227458239935
0.893430298888147
0.989271939038948
0.704727975937724
0.840776133888537
0.784293497320726
0.926976402957318
0.720710113051534
0.831837597086787
0.959853973467949
0.754263600055957
0.940417145578638
0.807142784274343
0.832869845368366
0.864752848154581
0.912624911174113
0.75077931081838
0.704377300587471
0.83391181157699
0.844687992813338
0.891556406600855
0.627867303558916
0.731908444473228
0.805989200315367
0.828770627701847
0.833215889261133
0.930716537708331
0.828738532705635
0.744148690357952
0.774468498286514
0.967489717823808
0.894179311312631
0.783276599350374
0.912149440227553
0.803837519892394
0.933621673592045
0.795404013969655
0.932211446092274
0.92063938025011
0.944740221999932
0.796495784256183
0.874775463370065
0.896097533568975
0.8476465203188
0.889957191994639
0.918586173214342
0.883589309045642
0.667481477015304
0.860310008519322
0.769440035142223
0.963360632885421
0.839032285367064
0.835237220286347
0.884438960588664
0.810243444228318
0.907232635644806
0.879638293021771
0.925203123571696
0.899618590053018
0.885449706505246
1.00153205949362
0.851602957325835
1.03052430600952
0.945324162841965
0.847105601406888
0.839876462808125
0.895022170436568
0.995973288479973
1.0227541193643
0.918667932434452
0.754421432203913
0.865853789992449
0.909424608660047
1.02106640019182
0.846653337676622
0.919124309492166
0.971521406344229
0.896406926051279
0.913169762652483
0.994316181710863
0.996065494317669
1.02866115899934
0.882277690210801
1.03563720242374
1.08091246651236
0.8966294632064
0.966679295606516
0.966957938729329
1.01449685626339
0.952175999532174
0.96553997510834
1.04761542541058
1.05044152161476
0.895469694276684
0.983708735311005
0.981864275060984
1.01668068740861
0.833460593655389
1.05803144995758
1.07854013455555
0.998680909086015
1.08994742974377
