-0.986523523799371
-0.952511610316198
-0.938245175413449
-1.21890840297205
-1.06519745954157
-0.909691582648512
-0.763508472886249
-0.888198567942439
-1.00268668270053
-1.01472973205185
-0.948884805326691
-1.06254584652042
-1.02623158925054
-1.00622554825751
-0.874242764956349
-1.18869112765064
-0.94289926434853
-0.93904917914837
-0.990925654565848
-0.866872441695228
-0.892315946383882
-0.854670759617813
-1.11249831370267
-0.881399863743873
-0.988302405417878
-0.956949444144702
-0.883657962145018
-0.928106718940862
-0.978108787469004
-0.912857784193533
-0.901887556996595
-0.919980372722035
-1.10131765759056
-0.746249822348754
-0.958945279057631
-1.08500330794045
-0.925000559729809
-1.0321283083743
-0.878291959909048
-0.970177551918257
-0.819044629184411
-0.969542017414316
-0.916452916986413
-0.874618100302637
-0.759634842593644
-0.850130025305949
-0.986262189588167
-0.921209836315872
-0.742450623897768
-0.953291575565034
-0.84679577611147
-0.897070814870065
-0.784063825697661
-0.972102425067475
-0.770196857821646
-0.954832773627869
-0.983563523850826
-0.903833818595399
-0.843512346268024
-0.978925622985087
-0.876494847637254
-0.937240434432004
-0.957346331394036
-0.924756928945795
-0.914127847536019
-0.653026032087641
-0.843663045841049
-0.919623042480591
-0.920073145772734
-0.87381708124243
-0.935749649353605
-0.816853277851231
-1.01078744557813
-0.876671493875295
-0.898201937395343
-0.872945061902242
-0.803592984990522
-0.858800552917215
-0.875027078959414
-0.805761754607798
-0.851499087557597
-0.777747819837164
-1.00602946357601
-0.782078132099001
-0.72277841895237
-0.874679140814957
-0.787070921022291
-0.747858002821019
-0.83443637321258
-0.895369027251871
-0.875699922878192
-0.718861171255936
-0.917153117212078
-0.718160529843748
-0.821733402572432
-0.753342795982541
-0.799406504842809
-0.763691560853213
-0.785866485617793
-0.74806919898753
-0.783775447790978
-0.748763597975926
-0.943129205240761
-0.848132652120375
-0.755663348238601
-0.837353484442973
-0.812758431349661
-0.803447230534527
-0.854524523157083
-0.646964763600332
-0.755697921023588
-0.69371622669933
-0.705469525439777
-0.718482727688684
-0.908731126472232
-0.758017410866971
-0.880135762512861
-0.678550544238483
-0.727544336959425
-0.620399701605181
-0.783353963476266
-0.7584949267888
-0.671530237657981
-0.678326420527948
-0.64043375762116
-0.635276102960557
-0.775291499646022
-0.687288135166022
-0.827991915225392
-0.73275927470938
-0.688799688617852
-0.837548605970713
-0.719474651386003
-0.666153951072981
-0.544781914490293
-0.657439188437779
-0.617377740761018
-0.638134032553229
-0.667778234310692
-0.637039019064167
-0.687389641426517
-0.729389004093776
-0.826894759893489
-0.724399775985831
-0.79050473419232
-0.720538357390978
-0.63369014149988
-0.762468015909358
-0.544293817170615
-0.730748646590273
-0.699759303741828
-0.862823964359407
-0.697428363841612
-0.669466585408813
-0.77324122603141
-0.69121448536705
-0.729994095830789
-0.784102794008007
-0.613780324400135
-0.690682412129217
-0.678344930192549
-0.712087616544933
-0.718742893957945
-0.590274947168482
-0.594105790244247
-0.768841429003369
-0.490738785547049
-0.853126241490478
-0.731921629899978
-0.633912456834492
-0.696603832268781
-0.730359208586719
-0.672483738878435
-0.845620349695219
-0.677878922121209
-0.517943506857824
-0.740837598424013
-0.712648483311518
-0.712559313156433
-0.625262611562669
-0.541324052992843
-0.517215632480687
-0.703399932579456
-0.645998720161722
-0.622606466270624
-0.682657776146104
-0.560091679678668
-0.771727170858219
-0.620142080759633
-0.71614586569427
-0.609616047255715
-0.676078470898344
-0.634518845739823
-0.593162449158913
-0.61591358714886
-0.630307386731471
-0.625333031422164
-0.706009734852506
-0.770281476913031
-0.68415023473644
-0.591006154451805
-0.693176912409508
-0.570070430751676
-0.478353531099657
-0.511220212098332
-0.574015245124348
-0.663097603656915
-0.753070430676648
-0.53679755038819
-0.652006891518468
-0.537716786286038
-0.502128070590958
-0.449354087751834
-0.760807147542055
-0.677768647366476
-0.583858230736989
-0.363426168557187
-0.538529253022765
-0.570150405925507
-0.636558002933039
-0.620571204438982
-0.516843473645493
-0.508223940613505
-0.511791648358934
-0.545311832757119
-0.409784218730219
-0.665815507566583
-0.581757045617867
-0.572610578138065
-0.592234351441668
-0.635972675546249
-0.627435490193245
-0.432404155673181
-0.592156885905481
-0.541680232152366
-0.532659725112667
-0.460503469141038
-0.754163722338384
-0.474092398493703
-0.57572923280755
-0.532262404179859
-0.54827320873221
-0.426849114542151
-0.381896455418054
-0.57116566791195
-0.380129430076569
-0.55680584141073
-0.465157039161168
-0.595481890519213
-0.460576103690998
-0.447021374622698
-0.462446755452619
-0.450541970506269
-0.347428937983573
-0.562983829325739
-0.613626165793599
-0.408978079570122
-0.350590198837989
-0.508375879611929
-0.547836676670757
-0.473744124996086
-0.404489116282005
-0.612416100620341
-0.506175940951667
-0.523539010260057
-0.501654368521101
-0.260409692625852
-0.547484909984995
-0.398718057419375
-0.531679849085131
-0.415375413321809
-0.378428300410336
-0.311214083726987
-0.282475720926531
-0.643836585195771
-0.316008455987355
-0.489072438079564
-0.518350392813586
-0.297970258359555
-0.469172017823412
-0.522732760945617
-0.429105217783661
-0.518461427362078
-0.357080152715724
-0.466203506381386
-0.443278187561629
-0.142878473672549
-0.530323255154789
-0.410936373021729
-0.319624382723998
-0.447402875623872
-0.449665830008354
-0.496249209439198
-0.284943510550481
-0.376368392078616
-0.349296030680724
-0.469436865179829
-0.297502960392369
-0.316092237925854
-0.34150956317978
-0.423094581128621
-0.415516011311386
-0.326843263877078
-0.380465003713779
-0.326382680268946
-0.281952941803655
-0.467746024258868
-0.405491576389702
-0.377951688881374
-0.367168147808252
-0.408995828404624
-0.478430097565062
-0.410709121737518
-0.385057896207819
-0.387033447559055
-0.565565184578131
-0.451045404959953
-0.335402383528142
-0.341888490874033
-0.402121684733255
-0.360147348714265
-0.356237161641992
-0.476952406124676
-0.317736268712484
-0.201655183191927
-0.412680577810946
-0.375994985445809
-0.243073628672904
-0.228196472707837
-0.332341323074681
-0.500001638745548
-0.409499509709437
-0.218378732507727
-0.395273305401825
-0.370098754062359
-0.288885132015434
-0.339496955799328
-0.320595154573952
-0.379402995628652
-0.352885577978747
-0.270985776863682
-0.534906719903772
-0.182270595973628
-0.298439416807271
-0.129779153592047
-0.270218987324218
-0.259874623618563
-0.285687793338956
-0.282447491483473
-0.244033339691191
-0.348867046493235
-0.284379216641648
-0.261264274381802
-0.278758193990109
-0.437304137753561
-0.278461013003413
-0.334434946977365
-0.273968142400668
-0.424914479505457
-0.380521171379584
-0.260639312818347
-0.338483537882342
-0.35016728036267
-0.11792434025904
-0.323192621565089
-0.253944285177752
-0.190371754975527
-0.321541880881081
-0.408711082503592
-0.320711117030483
-0.124930371843155
-0.375283291450793
-0.217297364535012
-0.264415605285574
-0.287243810025463
-0.273450998863326
-0.110900497170085
-0.348304991961393
-0.300865075052717
-0.242571429950545
-0.213695730950559
-0.14645982259215
-0.36312256098751
-0.300779033879221
-0.257390267418829
-0.237637718601578
-0.315546536933664
-0.199193852657598
-0.270031462599284
-0.305105249594176
-0.358861065394716
-0.27841006842853
-0.208933341838656
-0.175247052716065
-0.257361380828219
-0.205471937903657
-0.292891810148203
-0.216112741819648
-0.0631423100887812
-0.107485560454397
-0.235141440841092
-0.229307915811216
-0.179387178987012
-0.266352039744869
-0.312589386390152
-0.150403480571119
-0.241336037619177
-0.166022443183391
-0.161031959891648
-0.227454802573545
-0.206635815369183
-0.149311175421805
-0.220897546214859
-0.232908381835836
0.00192660627448866
-0.233928921794074
-0.223598604520389
-0.0122499227267694
-0.273803468876083
-0.152364825857814
-0.0878529580299205
-0.182241437659785
-0.160770707125207
-0.0350017788237733
0.0720358194971242
-0.0863598423695164
-0.105460296239071
-0.0367913545633611
-0.274813008441702
-0.0675179473840335
-0.285318841451853
-0.127346823074484
-0.197122254841575
-0.0297761541105647
-0.0886831363379792
-0.162920412214311
-0.201602980331707
-0.0965770961688856
-0.12038053360762
-0.0922534180132459
-0.215174229460296
-0.0792268494174928
-0.046571865073084
-0.22204317776178
-0.305319698290401
0.0161205622921399
-0.155675871018253
0.0130345249476779
-0.0999796831941271
-0.113331671102816
-0.116855508028924
-0.0859218856953775
-0.155814776690786
-0.147836201612831
-0.0886830813172012
-0.0828183522888552
-0.0121135312038364
-0.00868002687900357
-0.0773014431638681
-0.104278679957949
0.0193041658719949
0.0500379866495688
-0.120066928128613
-0.0465687931443039
-0.0336263373145457
-0.113941974615183
-0.00966357120308649
-0.0197019198382212
-0.0345141470299071
-0.0192393865494406
0.0327120404536424
-0.0958856403269819
-0.109693665649912
0.0457117242198265
-0.0358799037361979
-0.149587253730646
-0.0620277190727555
-0.152945506238147
-0.0126770767907534
0.130575636299003
-0.0510123436001494
-0.0484988522772048
-0.00583609285047364
-0.016992409230809
-0.124567403757777
-0.057763002732086
0.251195193510956
0.163671741689906
0.0125369898406432
-0.15244495468333
0.0382863045905118
0.0320549088671031
-0.06662078689202
0.147228230372541
-0.0514427397013211
-0.0160563087053525
-0.0212379788625691
-0.0379729646843441
-0.187301836492651
-0.031574699009594
-0.0740330139137188
-0.0877315625885816
0.0659233706194971
0.0550246918603473
0.139755222084704
0.0668200426640409
-0.0543314792722129
-0.0650201662084603
-0.0271551691079803
0.0380218032519684
0.0168868869090301
0.135979681404485
0.0481588803121081
-0.0479637683902714
0.0339924374850413
0.0413884599052026
0.0547512053132441
-0.0162600414220907
-0.0774383134614613
-0.058612772729848
0.0144346971328695
0.0353457915260662
0.0389816972225032
0.0670010954320158
0.0745300292930633
-0.094818618224613
0.258553244178142
-0.125601175861908
-0.0386188806457459
0.00255222788888761
0.0956410551917806
0.0661579033013698
-0.0830977020693845
0.0623698111711879
0.138869717484736
0.0871169405761368
0.0794059269867458
0.0605431834479652
0.0400022254979843
0.178440050649583
-0.00147919166901806
0.188808443501283
0.240999088646001
0.0322192624519753
0.0776325778457455
0.00986141599880292
0.137997328415279
-0.019858133139301
0.113416758813764
0.0679130191967376
0.00336960888059682
0.066389926993415
0.0139965918331523
0.0790866028450693
0.0633173809623564
0.130202946574588
0.139468428355923
0.167026153344596
0.144260705557688
0.141903268514794
0.171896611017706
0.0140355392829579
0.0703947504224842
0.0940353746701877
0.15971686200742
0.216562307985545
0.227363552653641
0.182395654373904
0.0970610618157056
0.140211097315959
0.109903143030419
0.0256369137308428
0.140548381598851
0.136046663985851
0.17797931111982
-0.0467347073805321
0.211716977210823
0.139876187096053
0.143358940584771
0.228315494779304
0.310754191614348
0.156409295495192
0.155446482123968
0.105248031895442
0.135998497873045
-0.0300111310521347
0.299435378844929
0.413864862906114
0.111944705506456
0.226208477162522
0.0682505822439314
0.0996196545842693
0.152539978908979
0.328144183305481
0.307997848533455
0.409187008130344
0.0736960922165369
0.240775310596586
0.247560821149022
0.127938999362805
0.1469687017177
0.248790288685894
0.225523488653701
0.172276437641922
0.117137721412253
0.235966619863361
0.334900659208495
0.294396774021219
0.223980372109676
0.242474990773808
0.218858833616458
0.220056109620971
0.130290298297288
0.324571468285577
0.279683772896342
0.293019027516433
0.378552518250744
0.274923523093987
0.145396878109762
0.240829381141026
0.227192640226493
0.297943961926664
0.295286389533228
0.405618854214017
0.16692554493051
0.296445080659009
0.204527286003305
0.157377058446468
0.21490297711874
0.196012917018702
0.300649247919819
0.257729695090555
0.320264196361881
0.473016719687178
0.346649990265353
0.320617568106769
0.259893408917519
0.366382623247055
0.289783919760486
0.295868181967383
0.186748917422696
0.356226172975066
0.296567508478965
0.307308826103549
0.298968703934352
0.14836704663241
0.252021857240766
0.359198925772685
0.496524423001746
0.295607848523873
0.357184077800584
0.212090273453759
0.321525824787473
0.21213321478645
0.267453023937215
0.321325829885284
0.299575994231846
0.267825616220525
0.361884720908496
0.456065121315846
0.313250841160714
0.302497480354109
0.444336746536266
0.352236281102288
0.364186097219208
0.411036192312296
0.329530563132413
0.278218918591457
0.178959597881954
0.407442500029514
0.486190064309189
0.345647233466063
0.413886631573385
0.479822847869758
0.370859305266201
0.34847259425554
0.344823147095973
0.299391345391607
0.270689178071336
0.488994789721223
0.344895006822034
0.573730128012073
0.430883951555483
0.323491908951766
0.237805119605356
0.328586330120376
0.472948520933002
0.328178686779107
0.423252345552349
0.333857008976245
0.316777636656771
0.518064431790461
0.484097627062023
0.497349593140918
0.346791787392231
0.437510783210417
0.363997094565799
0.591345156751562
0.401148576842787
0.388050528218079
0.398904707187135
0.45232206302106
0.496684720140706
0.42685760023055
0.351026930802452
0.466533805607503
0.297868895515301
0.341815991667398
0.44554637943807
0.438646432490804
0.378385035824417
0.5025196524974
0.436924630617905
0.396271274205282
0.269214075603059
0.369100635311113
0.3752474240262
0.35490151044266
0.469523022917565
0.460654739749975
0.479015018914487
0.348493059866299
0.318243491084576
0.366457402542262
0.484065609090437
0.570229617179663
0.446795052540553
0.563813277645741
0.481035090373604
0.498396223918999
0.46308487766394
0.389371718729818
0.546202925905927
0.450644766748068
0.528270659367034
0.490061588587054
0.507116528787869
0.590688922399162
0.596406700128076
0.514054610072501
0.49680574712406
0.399561228957434
0.389147512580485
0.513152093336356
0.529446990690264
0.542759287347737
0.507360436587901
0.554599668770105
0.528915314314979
0.452391379017128
0.566571716664852
0.46132157065827
0.401520833644593
0.426278244243122
0.521152699761291
0.627361609479767
0.515532342167393
0.456456303294912
0.5525805462672
0.632245156330851
0.500722960793628
0.411742743300149
0.395010459454064
0.518800696885719
0.595931790828783
0.562452812351013
0.505619890808218
0.466240500174699
0.434902319116863
0.424184614573559
0.364668117716356
0.547899725661931
0.470170956145435
0.699897872180805
0.62681828811658
0.595000549241301
0.634270066665985
0.538712448498936
0.603488035999918
0.489539163529509
0.511763808226011
0.558773911841539
0.384287792079004
0.751153371377556
0.635295104324275
0.591511085937977
0.621333244257714
0.790859221824195
0.600888989854247
0.57815358958699
0.742559521367907
0.728983440573126
0.687953961452894
0.51943164968837
0.626231136754605
0.563155287142499
0.556379705017055
0.679963920960787
0.642551673690709
0.551814245952538
0.706567150018351
0.559778434805645
0.784927352774306
0.600580995996731
0.579816973887394
0.695901455972086
0.636354883004987
0.725018561451663
0.45053079927177
0.660208971266156
0.601803717058653
0.737136690703111
0.615414207957636
0.554709224730083
0.549393743677388
0.620550763978061
0.735497690238793
0.669016677613534
0.633536718138567
0.760796368105623
0.707006488864387
0.461566427098716
0.59917926397847
0.709963588856224
0.718400704860373
0.527385520915908
0.581866427383525
0.601571082703071
0.533763034645297
0.662206420203917
0.748149572594756
0.67231043389125
0.566117323325656
0.559345289849446
0.618306911251078
0.749183827857852
0.696761818305484
0.7152752219546
0.664849513671142
0.688696813808298
0.605517633150599
0.645883382745768
0.763424280539315
0.826076900458218
0.551338823972757
0.71994829087281
0.71583249393742
0.741447111950814
0.692326348604441
0.647540394805647
0.675629575492218
0.668248557606803
0.806645968095627
0.606052417656229
0.761794106816294
0.598254914736107
0.732599894283241
0.603397914171808
0.690824584455372
0.673210990079737
0.535195352738157
0.501069897636385
0.80641620555877
0.607129996553375
0.682609721669328
0.868553011276233
0.787436941490019
0.809399895454323
0.687524515694439
0.742418282854813
0.716029888511322
0.713008914652397
0.715608027301547
0.813710876860811
0.756183844662862
0.754759942485911
0.810160432104742
0.740049687212196
0.75884106744038
0.767964324492485
0.876431849651348
0.906085034354728
0.874730898502549
0.779490877222777
0.820532766772108
0.784533540000409
0.668330124957229
0.713575552220119
0.907167191277584
0.981163982477112
0.593121226702112
0.721996421396379
0.754916665518826
0.814308036262938
0.723424315876372
0.858003835715958
0.895421680685156
0.596605447663382
0.841825340483054
0.878401295227644
0.80093899386563
0.753209568726234
0.827818337585388
0.668815495620912
0.717422779821239
0.838297316301269
0.799971383468512
0.922265398729853
0.943354975081966
0.830112318621779
0.758839993475055
0.942384525208965
0.758226754706968
0.737244143776731
0.996088744965545
0.687319661094866
0.731826362220503
0.785292557380009
0.663694108434444
0.831315984634604
0.828200779325325
0.940120380042169
0.793215524457787
0.768803811018319
0.86794976167942
0.932671483522195
0.90052457920204
0.6865755598044
0.941372389098614
0.859465427493532
0.792447740102926
0.824064378124842
0.741453130627155
0.739479553339416
0.851741527427297
0.963320695606562
0.681384243575343
0.757152173515288
0.942945773183601
0.821783720120363
0.926312643298582
0.974385666755063
0.744967297736879
0.991996320495724
0.89312512682164
0.917587645260808
0.975226003125397
0.870358737437842
0.792013913722728
0.961855175704704
0.85294605097307
1.08032955128953
0.766678308264866
0.999055866667591
0.672053006732147
0.867937801577451
1.02179917018416
0.862368139059847
0.820178110334762
0.847903294608959
0.831749117595838
0.928713902611923
0.76549422350873
1.02523996089694
0.968824656180189
0.953815562534418
0.915442420858332
0.879501371458399
1.04597394220511
1.05113934161071
1.05740929650194
0.823972665008617
1.04670060270077
0.821650258495741
0.98475851545699
0.757455581262779
1.13002717863809
0.994749235068609
0.983481985848506
0.998915931053619
1.01939009126388
0.943084178374761
0.914095719531442
0.996500395326184
0.96333937676203
0.926598976298255
1.02657569052152
0.980422178107127
1.17897523484895
0.892354101499597
1.0017183674212
0.92812233552074
0.975469194201611
0.889998748103685
1.09511707761705
0.935296043329597
1.10976336119791
1.15100240127518
0.934675507326405
1.00287309121912
