-1.10244834518909
-0.933796330263142
-0.894265761776663
-0.98007075248739
-0.938732969329007
-1.0840496970307
-0.975466953984309
-1.01027680185849
-1.11606467900038
-0.885080161968892
-0.932687598485633
-1.06634780577736
-1.07272360733666
-0.961486311022784
-0.99142897742561
-1.06362505574693
-0.998822787917605
-0.92232396471003
-0.898850448283166
-0.997243647904873
-0.835298263290146
-0.906148080529851
-0.883080377240782
-0.891111613965428
-0.889281671327689
-1.00764946200257
-0.902810869624974
-1.0433527518906
-0.961220977985258
-0.941145786249794
-0.804244415183626
-0.852574512895076
-1.18899639589551
-0.869390764374766
-1.03762183040089
-0.925881350248302
-1.00405038819973
-0.924276398036213
-1.11871964391516
-0.910909366270126
-0.806260849885155
-0.966683702695348
-0.952148651589656
-0.993385771987356
-0.871008927616435
-0.895735070801205
-0.865396197446032
-0.944503497867038
-0.90216783335793
-0.946544483234988
-0.962095440265573
-0.862468266694763
-0.852968725641946
-0.826107032573545
-0.756246106095361
-0.800725169732526
-1.04190378135801
-0.772250800323628
-0.79397829461864
-0.739672075315762
-1.00047695387841
-0.795519963431578
-0.897576370049171
-0.775326106594467
-0.872102511582883
-1.02537865726016
-0.786150741921559
-0.819060643204636
-0.777409981984246
-0.693372869137694
-0.703242002774316
-0.721453146395026
-0.847145561420957
-1.01202859905522
-0.786231946900124
-0.933627056918927
-0.820029478765546
-0.940067588912448
-0.803009910167961
-0.870246016635965
-0.79542177703979
-0.829235109429321
-0.940640163745591
-0.805153595236282
-0.787857150794626
-0.745312122595694
-1.03903617875911
-0.879327764499464
-0.889281271028719
-0.750614868779876
-0.638596118313095
-0.668257331359024
-0.770386289102562
-0.920688984680271
-0.751008652793779
-0.771362023579302
-0.884173137624796
-0.882167011446393
-0.791472748481071
-0.799487280129363
-0.830448734104402
-0.809506068843424
-0.83234471076308
-0.852987344527193
-0.794411125589534
-0.705506559347104
-0.905724768488321
-0.743008948032897
-0.737216418050121
-0.822014303342492
-0.621366404605328
-0.946332025010397
-0.681715678056163
-0.837906453413914
-0.78949435403418
-0.776216559456043
-0.868137491448516
-0.695837190823023
-0.724764377038641
-0.695107926659466
-0.78049211278394
-0.771001273671802
-0.778207216199821
-0.650683406596694
-0.734720433509346
-0.785766002004443
-0.564465729579599
-0.7061756218277
-0.804480438127753
-0.739918820311476
-0.531165945524784
-0.683914214306135
-0.788694526620109
-0.789564241874473
-0.652990546737248
-0.711833682533345
-0.672143246565925
-0.616627550889224
-0.723659808237496
-0.842643107817125
-0.706929213967724
-0.689313482073136
-0.599825163841263
-0.679421037519747
-0.675806025266474
-0.66339632803891
-0.61252633781078
-0.711044947959188
-0.814766858529022
-0.682463766042466
-0.776158083611675
-0.745794387317089
-0.668914746977783
-0.787350081088327
-0.528296383433041
-0.636694349104132
-0.779752270431496
-0.720106805611698
-0.650132459854648
-0.74503412508538
-0.783446920291882
-0.543265078686995
-0.700089829658998
-0.588755147021956
-0.841755922385134
-0.675033523871655
-0.663758893333274
-0.620418762827988
-0.649281924662121
-0.758353902799135
-0.75861674264389
-0.546193284417536
-0.674783800231703
-0.648974474054344
-0.450877352462749
-0.74790724431479
-0.599352890999828
-0.743083162072305
-0.556764522424067
-0.494739425044375
-0.59650437932552
-0.753329718850647
-0.532066173241506
-0.583614636067208
-0.578892815565114
-0.522845571642345
-0.705089631983372
-0.708649639049211
-0.677090439251758
-0.721803078428505
-0.658359309132175
-0.773173386679484
-0.574906144615856
-0.627608910711865
-0.449568862989853
-0.54601438209967
-0.612936308025384
-0.594608760511637
-0.566243274809453
-0.611423753632872
-0.594253311986599
-0.628509094055261
-0.632509765231315
-0.513454369572254
-0.416371106814575
-0.522615094000411
-0.70671761938336
-0.449630294705197
-0.560994196139237
-0.493416004991687
-0.558645169895937
-0.695947151957448
-0.567061332737207
-0.537008212577878
-0.622868106593542
-0.433517535257552
-0.465677587648955
-0.524975375298162
-0.664119502778806
-0.630957813623457
-0.632833331729293
-0.585842759511829
-0.62955972707872
-0.612507489278737
-0.571675251198146
-0.533702982373046
-0.674194140152801
-0.616180186896527
-0.581891584056144
-0.595599747582755
-0.656666659048904
-0.55702652360913
-0.537140967133586
-0.391976047132684
-0.590373285552062
-0.556625523998502
-0.263536175494881
-0.562619516453095
-0.461789074996783
-0.60820450446053
-0.602775122927608
-0.809752492407479
-0.531388385903039
-0.505220729801917
-0.530279959201648
-0.572624875578025
-0.492687869232733
-0.481327706138274
-0.516153355553947
-0.504009927164494
-0.429652933149513
-0.376554509618428
-0.572113439481038
-0.518829402321693
-0.396116723587564
-0.4542924181919
-0.486503202332409
-0.38779875217185
-0.460959925855534
-0.560412892314738
-0.4612827398096
-0.60035643304868
-0.476601682682006
-0.417786517340203
-0.44987688611834
-0.389469080955411
-0.563684577947691
-0.599263768534596
-0.336343962341522
-0.426144051767182
-0.411916363087936
-0.355020853023574
-0.421721420591572
-0.434330861382911
-0.364426590739565
-0.495274880790569
-0.422170746950649
-0.66412924938047
-0.534381157776839
-0.551782207395468
-0.471703704399701
-0.473231173853609
-0.403780863740538
-0.42768097636247
-0.486388208104253
-0.248442396239623
-0.34440855153344
-0.457692766623099
-0.431845994236854
-0.325375438668858
-0.403428131985752
-0.467478538884446
-0.266677306386843
-0.466947422670592
-0.379058907515648
-0.316889360296972
-0.424939556401605
-0.341478756388943
-0.405266487827366
-0.323505297684657
-0.375700983965523
-0.429915945855836
-0.378717753873096
-0.250445471003104
-0.199515142691527
-0.413264077850763
-0.386291544251816
-0.365510406464106
-0.419242895785483
-0.437689523682199
-0.315645082774786
-0.410802078702955
-0.155809460256689
-0.370963063566285
-0.264180215041435
-0.552125905200287
-0.344849158814946
-0.315258317715781
-0.46046820911996
-0.248374628870807
-0.375393775749639
-0.366373869046658
-0.330568142976098
-0.324775879957927
-0.3493687994083
-0.419150153269891
-0.368653536482291
-0.417747794535964
-0.33621605207792
-0.298051856888332
-0.399774994150507
-0.444742222848229
-0.333431471164902
-0.38167221708945
-0.351154759753066
-0.332799945565008
-0.424669282804198
-0.253807416474263
-0.267095979258982
-0.262585606866884
-0.340024468415402
-0.340476238271345
-0.432024492332923
-0.364404489762605
-0.400493428660163
-0.287601286103637
-0.368450764097773
-0.199341026472383
-0.225403341707749
-0.238770421278296
-0.36856007821914
-0.223256012618391
-0.195980992438977
-0.36844790019086
-0.291139136964351
-0.16146999049141
-0.244313265195924
-0.202370198007938
-0.404558776945527
-0.176502351555734
-0.194052600794464
-0.298415040115689
-0.217826095461623
-0.156534834851739
-0.30893684832131
-0.255505161465175
-0.223277953835978
-0.207743767841304
-0.373087955052185
-0.303772638585306
-0.228908996909936
-0.410794936815767
-0.301148241326438
-0.242620686959408
-0.404807257268377
-0.160771642233081
-0.260677964939232
-0.151706806215041
-0.167799929275041
-0.347508270846744
-0.29299919780675
-0.26056080786606
-0.313825263410332
-0.294750305899283
-0.22268897197426
-0.251647151409544
-0.314215612947483
-0.214167571035256
-0.278664005470192
-0.10434505294967
-0.250002440410573
-0.208632721868943
-0.177152671038869
-0.0766737106766666
-0.100971963111634
-0.0995456599817641
-0.106570156610194
-0.320069190852765
-0.176706184748569
-0.299904947458235
-0.343441998700067
-0.116380830674777
-0.286431080662167
-0.106193441541406
-0.175418364219328
-0.218988545881672
-0.165444318953948
-0.114326666158692
-0.145629435577212
-0.28098571715751
-0.215351096725069
-0.110397825244215
-0.0661112746124335
-0.160376072322386
-0.185927378516853
-0.073327463234555
-0.185721458865192
-0.265673440635817
-0.175209070591236
-0.150472593225766
-0.14912847684662
-0.219912688140036
-0.115187333814198
-0.16118081494826
-0.275035979188678
-0.0608301001825216
-0.135904271448634
-0.241433232408307
-0.171422694880673
-0.155867041806985
-0.130341134897504
-0.187829507443104
-0.109504048324146
-0.204830909181146
-0.188056637955198
-0.0555016959018448
0.0546668065878137
-0.128362195797473
-0.0493590392581309
-0.234846381492017
-0.168017090702699
-0.215255299517978
-0.124716998144606
-0.0995297404346416
-0.206538488343263
-0.0312790452116518
-0.0193871693966488
-0.211329086932889
-0.238113533501504
-0.292665977334033
-0.0982160237225376
-0.0762031524822145
-0.194724063157471
0.00993990840893143
-0.0680201302705326
-0.0964083514753076
-0.0758181970824969
-0.0111932769516683
-0.141892141242413
-0.164006339149605
-0.104919063443833
0.0166529622630683
-0.0217531064417213
-0.0573819561911781
-0.0890431808616416
-0.00961598049540914
-0.038665053956024
0.0884887791770645
-0.23826519561942
-0.217910636655695
-0.0789682609149451
0.0335298724069979
-0.111299350204789
-0.0758541998066089
-0.0951206816497236
-0.0839683594225794
-0.0927788393592375
-0.00438553021908865
0.0716161376518834
-0.192213755846096
0.0669935836197113
-0.166669547661282
-0.0759465098891772
-0.217105544098265
-0.0522658148341245
0.0957506220252362
-0.0900394810118744
-0.0814891269533205
-0.000920724838186406
-0.0510390539088065
-0.0159864943241219
-0.0208231031339684
-0.106905876672411
-0.0253488591191058
0.111897202601204
0.161493484080418
-0.12432107035045
0.0228728518964458
-0.00987114592633138
0.152434761227688
0.0520171016897386
-0.0181480557088109
-0.136092911563017
0.0658819348635911
-0.0384443973300016
0.0890253082294449
-0.0501592073267054
-0.0337376420171342
-0.0505609180163836
-0.0513368106371185
-0.157670209876786
-0.145244358407772
-0.0100164516119355
-0.00782398946768778
0.0622271020333139
-0.0517686123599362
0.0207193761188239
0.148728306372063
0.104739172671691
-0.0393026779527632
0.0561893539655278
0.0701528546418958
0.0217688621646891
0.114012968505468
0.153110221052571
-0.00514430983514866
0.0501937283317824
0.0995864179136697
0.104173737863464
0.052981041854794
0.0421899765679002
0.145520223321214
0.212647666306426
0.127239848116734
0.129037500897697
-0.0277059843254334
0.179661197972724
-0.0207497602043968
0.0745043964760608
0.113851928862034
0.0422042749720246
-0.113869470315362
-0.115480000914478
0.0724360287917896
0.0740190488959831
0.220028120520681
-0.00631575981875376
0.0279625067762761
0.120654471615335
0.135167848552933
0.147928996096257
0.0661839042314666
0.133079333309481
0.233514002321571
0.0102453235804656
0.0327099193921747
0.269443461002792
-0.0468184316543747
0.129004338074212
0.216063002726583
0.109245012008207
0.116783149223286
0.238347507095367
0.25278487055968
0.178097646328059
0.0961121628385591
0.133851632739056
0.0684468174138425
0.220936261637884
0.166391091170817
0.0845800687340433
0.280982148993011
0.0394685394785624
0.0818983009961845
0.17498039851291
0.0945093184062274
0.154107956822718
0.0976537834000374
0.0746567847581381
0.134961177136808
0.134185897173984
0.0387519139426756
0.280801104926212
0.192346469288486
0.24938438161244
0.0222639900075723
0.0551475346060998
0.23358779083869
-0.0132508118744162
0.302832431373342
0.158613468787496
0.203431416175861
0.21255083452868
0.254636549497287
0.242230176413579
0.177119731055439
0.203820040836211
0.16311601927026
0.227566311561883
0.304848554063432
0.283555796271091
0.146646079407872
0.144323835847498
0.134654742968823
0.259559347941544
0.317575688569678
0.219251996810163
0.164805157600136
0.161370312241088
0.280129926914636
0.2868996404107
0.225199586814286
0.231460723915584
0.149461414111239
0.267671225908205
0.250384928954855
0.14006548450184
0.133119041357659
0.268724643535735
0.230186462308714
0.202752010038256
0.250852079173422
0.224031695848957
0.214525405519726
0.22894181541953
0.187871639540169
0.196952269873866
0.285668978291869
0.348941395643661
0.311730789415595
0.346259292440981
0.25889192057932
0.335272842161561
0.235655160632663
0.0390208911447029
0.185262389457766
0.38719034843013
0.0624201267944823
0.257464848744062
0.204996675073149
0.255887085079232
0.424512455798707
0.35621240830427
0.402130796383449
0.311721301368261
0.26481058263608
0.271679898832511
0.27156368323405
0.295293689146563
0.360487654091543
0.515711162151962
0.431677064799558
0.294021131115071
0.192159989284522
0.225645503191904
0.240261372919048
0.412866484466802
0.286598992043941
0.271396263806526
0.272129278304781
0.352993020000233
0.2970035231074
0.38486796931402
0.374445449745686
0.254348786086939
0.291661615217447
0.346006627950208
0.337450395101959
0.312025377059652
0.193119071313064
0.230963626183049
0.361026890893263
0.337589458299041
0.237977667982909
0.503243699485775
0.325036540374859
0.264336281956774
0.390940771599055
0.330542109209587
0.36404685440528
0.451291385631673
0.403252835533889
0.436360386338779
0.119641598510512
0.309991834804056
0.487570308622853
0.254932396279031
0.398458257491644
0.483647087625568
0.399287697167215
0.430223260927156
0.279534774589977
0.378821926951914
0.265394771529507
0.425590761642757
0.514650842106258
0.235585694650327
0.270875438779802
0.370135829936731
0.374702417672142
0.412599813984301
0.363141842279512
0.385889604081143
0.401568812936302
0.292150890213901
0.466134697018528
0.404116732519122
0.411247384382012
0.29530994981146
0.417916600564395
0.342883475387875
0.369410167981469
0.429212596096347
0.429070638619004
0.478667865069631
0.43297143779097
0.37712176955316
0.469584366309659
0.669993917262592
0.550566276647864
0.381728731533475
0.412147929663815
0.458419643018571
0.496099465147945
0.480844647602002
0.423148064314501
0.363847039557037
0.337562605603032
0.607955413679499
0.491597834720986
0.614709715774111
0.281423040590634
0.576454744761565
0.459325068612978
0.373248907153729
0.523042185299582
0.456906879247554
0.439537426283061
0.44063455033442
0.437186919830761
0.569874709006171
0.517545590790983
0.474526342576889
0.557403654676117
0.376997452654446
0.462037558448839
0.429478531342893
0.560244953559651
0.391199286970621
0.421266444633311
0.429676135745976
0.436363486240896
0.451584768740067
0.528845341524467
0.364883450323364
0.506340933493405
0.602677575186605
0.565722396259337
0.593530480509636
0.489012826277891
0.573816822636212
0.474986748895139
0.509083904141819
0.513158352185593
0.723787714766864
0.522943157362858
0.512291777796249
0.443127623522064
0.540053142754558
0.546896636139982
0.505085185099968
0.531369920685181
0.605535225286874
0.58314470398535
0.738902061991819
0.623666884343911
0.44955515827631
0.396947062086524
0.708495994568435
0.456812025144696
0.457518856081917
0.611102284042142
0.513534897903455
0.639726339045596
0.554438271681492
0.62428121131577
0.604108575733311
0.619594724298059
0.691880747836046
0.612519615520621
0.538465936910839
0.61516886272726
0.574733564929238
0.48080356268853
0.650488098679331
0.641053385444095
0.624239940532026
0.678264831851706
0.60529084532094
0.468567293945239
0.518299587223732
0.60276035103101
0.520398603437184
0.509502640840686
0.528959954854892
0.623562104455396
0.64139942328925
0.688419351343768
0.569832127131273
0.559385505655711
0.797146965865303
0.624323368511676
0.701037929959185
0.671965349050135
0.70281754642598
0.648311809032481
0.679888027818993
0.50021920651257
0.700648660468179
0.597071260447458
0.471056402525977
0.646057423931035
0.410651370033899
0.488968044304713
0.828946100891313
0.552557418295535
0.790449353615771
0.72665623066086
0.593198775773135
0.561446776078579
0.615477889143945
0.691115863808194
0.757717252112699
0.539359365770147
0.726803102029889
0.436503948955743
0.704791472517015
0.729759216259894
0.679186705015667
0.679216869386703
0.804599252411208
0.652575444520913
0.790866906752934
0.700784968580271
0.589266426616336
0.642574918099292
0.740141915130809
0.731798240546983
0.665500949259032
0.782486022147784
0.600239675465246
0.617985519169261
0.697346971776618
0.651379340195631
0.535468332879254
0.692944790107314
0.648494302031171
0.772618524191188
0.656415664756461
0.703987539676547
0.728242388797663
0.814382259307524
0.674372650210048
0.568817849807255
0.675942571030246
0.725863949181934
0.600287800268775
0.577475936116151
0.669428746483454
0.786905507920319
0.86937665508431
0.702971816850683
0.669490238433954
0.747265667845547
0.685915773822034
0.640897796021062
0.737009648675543
0.760018007874569
0.749401559076329
0.733968750717656
0.964106254424351
0.716165204995023
0.90230521889423
0.842693635727578
0.495548315363382
0.700915172806493
0.848646176477178
0.783670852652894
0.787141466382927
0.829976463895644
0.612406695087463
0.716238741143752
0.800559782737887
0.657090570980324
0.810001015581595
0.888154734669321
0.844509235484326
0.770492160224201
0.731897942107992
0.93415847001263
0.954818985527073
0.655391488107469
0.983640012829173
0.92381039543466
0.752082102831765
0.758098386775483
0.827402653970336
0.972818375601229
0.803945268017911
0.878090997138051
0.870495284407087
0.925264081804917
0.909267628538603
0.913748941047009
0.745875386911443
0.784791471880734
0.90780226456098
0.903428521117476
0.848669219418193
0.897211307560547
0.799007244275465
0.693929056867406
0.856646008628388
0.792084000665787
0.93027496656103
0.808006813348505
0.741998914082552
0.793959633916582
0.889577981727821
0.908593331812642
0.839712879574283
0.73912808432222
0.942017187865245
0.869467541897047
0.97204894722842
0.970113419862929
0.911312859298938
0.806890066999951
0.908321724294602
0.746667006451591
0.689775755500618
0.998440119441889
0.966379129144329
0.827426519324729
0.776611765176993
1.03595944166512
0.896967467731686
0.896245622129664
0.944397311414913
0.833150208294162
0.895294436490155
0.968224283074041
0.946908425133723
0.950703866966916
0.760132322058216
0.880379797756892
0.860548645311372
0.864393075538307
1.06819898245741
0.887414919783043
0.906712164301644
0.857891776348771
1.05394533472763
0.919624155986662
0.891166976037196
1.02963061513387
1.00024350017153
0.970634356201396
0.847337170382026
0.939826050379658
0.735745876735081
0.952979479785093
0.848270585069017
0.93185123729271
0.923463111204536
0.816335669655063
1.0889013683113
1.09032947374439
0.92771470601058
0.868776533167092
0.786655645704205
1.07500547516616
1.0530449890725
0.994092110575495
1.05531504259501
1.02534351878932
0.849604997281173
0.970201889032097
0.87272439997586
1.01895297914995
0.855941265438004
0.963950503733878
0.927380895901004
0.947296695065793
0.908101855464324
1.06272772538224
0.981052337619925
1.00848208861612
1.03623756997319
0.964675042821764
