-1.05562660393685
-1.00032189083952
-0.988060030331779
-0.907643228772607
-0.910376833058272
-1.11748039617012
-1.05553776429445
-1.10356643546782
-1.0845637657278
-1.09154262372414
-0.925987393306516
-1.0463162785662
-0.940224512648688
-0.958768128008952
-1.03618714989237
-1.00032906728281
-1.04320056597312
-0.955261171211234
-0.828597404069316
-1.07565590724673
-0.867346858566167
-0.967065250605895
-1.0080818824598
-0.919053294500499
-0.90272501225277
-0.894644293738877
-0.940683570271147
-0.83625786273689
-0.975921611696561
-0.832951392393449
-0.964968554285649
-0.791469426180731
-0.97623102676853
-0.732409632808773
-0.990705480452398
-1.03185255117521
-0.922576155632405
-0.891067569121946
-0.745596759068773
-0.837683971769466
-0.872140561775054
-1.04932497243339
-1.04286653181571
-0.722131841565617
-0.816185740124732
-1.07390072293351
-0.922302927672862
-0.800188986307868
-0.754783793225552
-0.909016601417904
-0.94823446217325
-0.970419575741582
-0.98309026130575
-0.940146102095183
-0.993996291167641
-0.94373808644862
-0.850381528495007
-1.0132224588956
-0.85407540924245
-0.907352544724831
-0.894101479040243
-0.80535352737311
-0.949801792315179
-0.894866109495565
-0.863752410675496
-0.760640964127206
-0.926687804467761
-0.875759656893537
-0.834641217529503
-0.895440730210887
-0.959552267743448
-0.839935428493555
-0.789900340572016
-0.751074533379343
-0.697027628125612
-0.824940796316104
-0.785990847906464
-0.825443152388632
-1.0066932181311
-0.867526950420105
-0.789416228599208
-0.881561414650094
-0.758670813741579
-0.733192967152118
-0.848230094960827
-0.957483684635685
-0.723883997151121
-0.998430139264231
-0.792769817084401
-0.79127600275496
-0.959031619104017
-0.913274836970908
-0.781529490126787
-0.879020228916036
-0.923023641131907
-0.819034916307595
-0.751533401276789
-0.897226100110281
-0.695063455722556
-0.807479388551567
-0.816832308371324
-0.730196058815229
-0.803285078572686
-0.926764260709586
-0.905826505989038
-0.78991598053441
-0.890056319134277
-0.781882697397889
-0.759222706591889
-0.89699160141726
-0.683875312749561
-0.729532197253251
-0.803142861934344
-0.768545532991804
-0.760769358772933
-0.751342795327932
-0.716246487762896
-0.809487622006942
-0.712287039172373
-0.796226818055603
-0.844547677380392
-0.862880860070949
-0.667396287339808
-0.753801354030925
-0.668988967121136
-0.70119015269353
-0.820913600173633
-0.901128023200736
-0.807212343049608
-0.723778527882986
-0.827374960239939
-0.671663097407105
-0.643861218118071
-0.800627423206034
-0.695785327382304
-0.6723049780957
-0.846172379827423
-0.824780882344285
-0.709223634835104
-0.692198752458912
-0.77790123779073
-0.774768564294081
-0.732585603988453
-0.789035791162415
-0.74608660856716
-0.87081374415533
-0.661870681367894
-0.733378900009856
-0.733332856825365
-0.708616732103044
-0.757913871804366
-0.71359243730343
-0.565586286980745
-0.626013316165911
-0.59349717656812
-0.62499143762932
-0.59955845983871
-0.673387140066745
-0.750407942403874
-0.686112002955636
-0.713431783420651
-0.840690769487376
-0.718378404800795
-0.597774225398229
-0.608674854864545
-0.648158603406197
-0.558679380009774
-0.862073077992507
-0.606477134014432
-0.654441080613637
-0.715829201048645
-0.734666735635499
-0.680917692195064
-0.765071729384581
-0.560172083884698
-0.591263055374403
-0.588523605598939
-0.783735423519752
-0.640308074029672
-0.495169851522181
-0.463343534381619
-0.697792257121328
-0.741084791738204
-0.504896076403275
-0.640535357541441
-0.574365292668523
-0.796570944280817
-0.658610234406598
-0.715565404380881
-0.634300432970652
-0.67200263581783
-0.62367460663574
-0.499718935365582
-0.752374804737496
-0.661186170114031
-0.605945470748257
-0.702257962995253
-0.711776747303087
-0.583938456896409
-0.724199626923187
-0.596213799103121
-0.683501939564715
-0.506902654491338
-0.659509506434872
-0.654796771761047
-0.619630142732172
-0.449407501573949
-0.617848882734759
-0.682893799601859
-0.675093727178282
-0.606548356334048
-0.552565502034644
-0.536727986146117
-0.561565317239777
-0.63589582546
-0.629071618444137
-0.60046681598683
-0.513818573280065
-0.455299862736481
-0.593964095011045
-0.620025077857222
-0.68745874515318
-0.396519921037201
-0.479503540618208
-0.506698909581159
-0.573065738057283
-0.546010844903428
-0.574894751977298
-0.401166159771185
-0.679552898551104
-0.654854572084242
-0.554888146125769
-0.441364986423282
-0.434755101274517
-0.417140540040644
-0.661398620846784
-0.293890693683326
-0.512334689882251
-0.521986677217896
-0.46569772085694
-0.559672461746926
-0.555316064086332
-0.401912405687715
-0.479464276920586
-0.535715848465639
-0.484249562326302
-0.548108168758119
-0.428926521238633
-0.345016617472915
-0.619150907460328
-0.56980212892439
-0.55988064788505
-0.543198426442509
-0.574638124620558
-0.460925204881939
-0.372432243603703
-0.535551496515479
-0.461338992296584
-0.548253765543924
-0.601707978904654
-0.292568856258919
-0.443354284671231
-0.40923201519136
-0.637599889305482
-0.442341844332542
-0.333898632211125
-0.443229234900482
-0.391009616996509
-0.463039320008474
-0.471954298030337
-0.54968314603457
-0.393237930966405
-0.496569786757775
-0.470540443825483
-0.417403871875001
-0.384665492477375
-0.541151257447375
-0.352252207982493
-0.499422137097956
-0.457005319516071
-0.411387524083766
-0.471616982048178
-0.564062555446071
-0.480903170429799
-0.221934389545094
-0.368481294396519
-0.398671731896362
-0.357662504079654
-0.522953272794243
-0.327015940741522
-0.538649092767724
-0.384367139347158
-0.401914743347624
-0.199326005226559
-0.441907376669707
-0.410807190746445
-0.376761491932987
-0.502792744030523
-0.434764324326284
-0.483123328431652
-0.335777220933806
-0.499240975161615
-0.502953406554332
-0.376291414187195
-0.484825147208108
-0.350692959949566
-0.446482653807594
-0.320516753369164
-0.503451831190417
-0.397290152068364
-0.485186315657103
-0.318298149365078
-0.384539805246276
-0.277376918990545
-0.442254414975525
-0.220172706898361
-0.551827829051451
-0.177503858636882
-0.292125822442649
-0.313632825880976
-0.379423101086171
-0.276828279510223
-0.293405845149361
-0.501378705374826
-0.289340574792828
-0.351595138227494
-0.305311029389635
-0.467090174987451
-0.243037840061632
-0.478394010749681
-0.334474443182495
-0.385764031997988
-0.304409858539691
-0.516987448647231
-0.222063717010374
-0.287883147718775
-0.185035489305897
-0.34990173528408
-0.240085527286434
-0.328187090549282
-0.264428221388168
-0.247790788597304
-0.313560668644289
-0.345938441569752
-0.207264486959274
-0.152646481723577
-0.31380476775956
-0.348910443824277
-0.3717309740019
-0.32071437712512
-0.192766224407131
-0.185036756883624
-0.212278427933084
-0.327329580382882
-0.13952751126827
-0.30473210843841
-0.275086204935029
-0.273656343656606
-0.283610733533519
-0.261122892466255
-0.247239732476623
-0.386528978412914
-0.249464964441728
-0.367905729781557
-0.306755201665244
-0.242361661093699
-0.321191919182004
-0.168558909391291
-0.315461944697305
-0.304694000302027
-0.190628461111483
-0.133286868853458
-0.375796904503943
-0.232227861619937
-0.260206982766777
-0.234618758876411
-0.27261248180792
-0.237486795414188
-0.281185033630353
-0.286322793891447
-0.152968310038549
-0.196387218593781
-0.388632919355466
-0.171087656265435
-0.218991012653066
-0.141222727392648
-0.198671328578782
-0.278045710934513
-0.144258236418107
-0.325451150443541
-0.174731501138481
-0.189923461403964
-0.33439288521546
-0.245360216420509
-0.252131125768111
-0.126488707343832
-0.25831713786752
-0.256865435050719
-0.334964409490911
-0.148213161082169
-0.0762685106089017
-0.0156028575222461
-0.196880771363435
-0.149418820751948
-0.31434492173715
-0.331830347462458
-0.1610725538875
-0.117154840543364
-0.103422904017322
-0.237547560636101
-0.197891466583501
-0.0847073491061985
-0.141456671544553
-0.281297944616765
-0.164744729542604
-0.23840887041282
-0.124294453544627
0.00546434029169046
-0.0758765730673769
-0.157765616571619
-0.114877767640104
-0.117098267598033
-0.0602937051526643
-0.132304226813468
-0.11497231665808
-0.167131027235293
-0.0382979056577773
-0.132120496904582
-0.105958508394059
-0.259556356709212
-0.0378507004098707
-0.15409736910853
-0.145947249512296
-0.177749711264729
-0.0876765561829792
-0.193912095826086
-0.309565902608892
-0.0954372064005919
-0.0262584646967231
-0.219554948525872
-0.20085210144914
-0.183987228257192
-0.075302074661827
-0.0681412169110396
-0.257742852805636
0.0230681719281204
-0.0442680984281282
0.00676584108751722
-0.265337530689894
-0.0957300148892383
-0.197639893467336
-0.102852419051625
-0.234322831087027
-0.127006827353696
-0.00128594170522502
-0.0964932220382356
-0.225553144460192
-0.08766636774803
-0.0251410505415202
-0.0140989900074244
-0.151694919851012
-0.146207236256807
0.00650687191532872
-0.151535122196571
-0.126892499472454
-0.113166342174586
0.0280209378886363
-0.0891607839541141
-0.0608148832680085
-0.125380867486682
-0.0384169488980061
-0.193032200504479
0.0310370074802155
-0.0215373876482996
0.0302399823099038
-0.0554489120820525
-0.194158775730112
-0.0174565906642533
0.0308664426606584
-0.059066374747675
-0.157175494532322
0.175643059728676
-0.0981164949482838
-0.0206384499964205
-0.152643210631444
-0.0552924284214737
0.0720529919761063
0.0579930642433494
-0.0629158667610984
-0.069570219635255
-0.00544352286823754
0.0474217281687471
0.0347858096704847
0.0417411599798781
-0.0983575275637284
-0.0157773599664194
-0.00505918570088559
0.0754523841184415
-0.0499657171537216
0.0349178916551887
0.0295283953206957
-0.100527593875776
0.10903221533388
-0.0545145754376886
0.13014786813029
0.127270694887617
-0.0391755418114661
0.0621688784727746
0.117570619223717
0.0544345415847767
-0.0143755318530862
0.0345890031395207
0.047897489241766
0.111918246229974
-0.101385354031469
-0.0250358022384578
0.0794706555450759
0.106404274046743
-0.0116619200292956
0.0899020840449285
0.0457305955568729
0.131119322778531
-0.0710279196624663
0.0853010439014044
0.000737599856894519
0.14493739591504
0.150818632989051
0.0541337391762697
0.0587527551448228
-0.104352667741523
0.144640555715649
0.0345629301730989
0.139558503514089
0.114354960532587
0.103342682677984
0.0675260177160932
-0.00320383657320408
0.156372752498369
0.19430339079204
0.127088411143109
0.0964815373661614
0.0983039355816829
0.252372052876542
-0.00529270484682462
0.150502462509615
0.151764512149715
0.106099491174363
0.24740676372283
0.0517758352997721
0.250733796616319
0.122625653595029
0.0187230714552373
0.205007315462365
0.0765900532893972
0.16151816674501
0.314773122872541
0.0472315459393613
0.103999250021923
0.30308147292441
0.0184060291887992
-0.00516727811391031
0.0957278249946292
-0.0260201286778601
0.220413811279833
0.219752428685575
0.142738726841149
0.0460879465129541
0.226877743434886
0.188135953555728
0.117224498667938
0.181303552269463
0.205400206714755
-0.0685743841032699
0.166020946365047
-0.106656232243991
0.0941833891153765
0.215956475408227
0.232553631255564
0.242731142934585
0.330868682176969
0.178185315731346
0.331575990784977
0.206201623216273
0.177867836257539
0.182697854093965
0.185595219565488
0.0994408245791253
0.13054826769482
0.173465572349487
0.211046394384237
0.205449312849408
0.260880511816756
0.187138658468345
0.186435629934233
0.24379324226271
0.117357031498038
0.260483873975693
0.250733758174023
0.281258273869976
0.245802410196302
0.161769485567115
0.367682978488917
0.169012675473812
0.375207779773477
0.335872268264875
0.0724827721086004
0.216155157164854
0.431856560763243
0.207390603034524
0.386427878714189
0.0751877723998953
0.191166396708695
0.386009390189777
0.236808151882945
0.217817690509796
0.316575269080727
0.204814822359331
0.222680634104316
0.317592447797233
0.193934325874512
0.209924783866979
0.296208448263815
0.387363760217014
0.341918215012567
0.200794615854606
0.203246322286621
0.264387824441866
0.266766644247931
0.356019314039372
0.225177245751494
0.309327006935251
0.221064096177338
0.228207890661228
0.183096266604455
0.318580449908375
0.338501383935064
0.314137707573673
0.266027804421735
0.136170899491031
0.307369839484501
0.381460690912747
0.221059463646451
0.454254543916759
0.308986882832988
0.359667211883957
0.272527076459141
0.287435793623778
0.279995634189551
0.30474327698361
0.30985674416452
0.132755288822415
0.230529725560565
0.541945157727946
0.354526169318959
0.314281787810109
0.418240887178111
0.278953000425906
0.360533722544742
0.174252884300386
0.250299417561476
0.434522138217029
0.315339639095199
0.200990743912032
0.397136494440954
0.225403732802288
0.271297875997421
0.334945879357325
0.318409611572016
0.30810460346606
0.296329314457006
0.270122859664395
0.251265517776303
0.290570326365722
0.331363699041138
0.36349946239248
0.332315598129896
0.347539898428666
0.183713283625203
0.365409707249847
0.307737043125276
0.464546459747258
0.325611958850482
0.302934941078421
0.342683141106923
0.33533885386693
0.301310212382504
0.365190715373043
0.465744136908994
0.43449302811699
0.520710849440974
0.355865682408395
0.293075157320518
0.608884286264075
0.340641370633272
0.321634158400323
0.511515815936094
0.420876812365067
0.338550159475248
0.355375257205516
0.405958828421467
0.470262684395885
0.411918025716099
0.420451456709058
0.320120950175177
0.213417393986625
0.407858511028817
0.412776716786255
0.339907166049812
0.565911293029704
0.382559855096847
0.444934837936992
0.4740892566467
0.437877479610672
0.501932456438244
0.398064011618021
0.458132259658887
0.355821727030938
0.366749440228751
0.365398458410664
0.394098125469976
0.332704636358856
0.429284449839332
0.472033709897614
0.457370003161351
0.452895472421326
0.356796288504956
0.252038930733784
0.591154346494415
0.467526546013867
0.565998051347197
0.465258752375215
0.512169935467656
0.461726471495076
0.422585504435241
0.485800416228713
0.464733455200717
0.409648753070414
0.425271420598621
0.502940062771192
0.433424908661909
0.490795159328865
0.468717833365135
0.492533090889194
0.573437821621747
0.516309952553735
0.499949766868063
0.558389716679276
0.459060933328021
0.579283703339297
0.339096535606007
0.442284850703563
0.700392644191635
0.556769455346512
0.483069371292175
0.458776868533521
0.606779338268181
0.526679417759308
0.438009080924059
0.471900102434931
0.530141620697468
0.623843471857176
0.51408441139827
0.430899751358854
0.555655386240779
0.509152765998762
0.479455266169878
0.762396081893484
0.461377926141304
0.572350724153486
0.60259368108562
0.54720206911947
0.57864800304298
0.589200147601423
0.635950059905947
0.595486935494753
0.711151097633639
0.526859919930103
0.604547199334564
0.575418618367316
0.45484956164446
0.497231954026071
0.583619579774579
0.697084742205172
0.522376393050884
0.62304304418296
0.598711243997823
0.475952327169061
0.563600963506825
0.528153209129323
0.637619972538922
0.613589667559056
0.547734700062518
0.458520445993187
0.676626417226671
0.665341136845446
0.60230419523047
0.67020448843715
0.75518007185271
0.612377877659999
0.59299362993759
0.69299731553222
0.681240375095179
0.595468516433128
0.582946496752992
0.600301745183911
0.564748242264306
0.566285201496817
0.633867018963652
0.587835655980869
0.640347547483662
0.552660654164268
0.528460139254076
0.707082797309611
0.558063792398746
0.550924368504539
0.79645919079253
0.426686327451895
0.586842785505363
0.650121364593859
0.707801205581875
0.603952088786969
0.649338879723187
0.684434248372751
0.570600834902573
0.714573327246356
0.624843860126626
0.757303003617863
0.612613573753835
0.562341236309557
0.729677508633125
0.727562083346438
0.63790384103107
0.723783773669128
0.737199944097484
0.507042842096599
0.827213470100409
0.657827479693657
0.751318264404447
0.755161376406796
0.59123195966818
0.805297631660255
0.769855323603137
0.643107358789081
0.785123428220384
0.635109946763904
0.531222596583741
0.695212605175071
0.624846397389131
0.817020208200752
0.713601215248122
0.586384827924016
0.617025432719271
0.615455672996155
0.82515219360221
0.791945249883261
0.727029704605157
0.605477883610757
0.66374014993022
0.584497431661646
0.665633313500746
0.639576158959133
0.606263404753002
0.73021909577772
0.747019165730425
0.746383617752212
0.609885991914697
0.557565295177395
0.871998052189131
0.696820112989256
0.759659918761443
0.712909863364937
0.699753230339854
0.774061579110642
0.594029581433829
0.709761893234685
0.907191338998703
0.849331059373953
0.706064227687713
0.91132894617491
0.810431732082113
0.685090159207178
0.734909010263682
0.827689683856761
0.791660800265056
0.811388418782138
0.667685080241765
0.723770013130495
0.765319867579774
0.680664657777699
0.88904765315276
0.810554570623035
0.610903816281246
0.686528033715681
0.744362516534781
0.876009079176002
0.745200784398292
0.809679869214652
0.873056480638569
0.798362373559279
0.605461073666916
0.868464453006228
0.788264979208599
0.711221283784194
0.783982826467692
0.72771028409155
0.957378151584325
0.792447322482189
0.899368308354012
0.763512615034813
0.667866093529628
0.752581541785377
0.776476888056201
0.761365581855312
0.784000328593007
0.738412390744094
0.757811039325097
0.902797571065029
0.904342304306991
0.917664209559838
0.798844663862836
0.935760664825249
0.898640685560418
0.86853153765126
0.948063936895468
0.769394566482067
0.968160048983996
0.891264562135137
0.761057958154662
0.874958090320266
0.798437894784292
0.82165403428588
0.857639233021401
0.930000256240778
0.871336994390049
0.889892933514357
0.959748972915003
0.789619666561431
0.857479749928272
0.797925747740249
1.06924040712979
0.833578293755528
0.815813490034511
0.948034872857847
1.03173897024621
0.773805129195374
0.885943520620008
0.686500028177418
0.977216192574275
0.878574577397847
0.980943706778325
0.853467787805858
0.8240899014734
1.0482964617215
0.914691612931774
0.923648840575404
0.681189138448028
0.912451645887336
0.908670850600881
0.905837820182666
1.07194703563443
1.06812481770067
0.80964924110592
0.934187142533288
0.937619124515225
0.95288703042275
1.0592627437714
0.991907071986646
1.07168811548974
0.970384598852417
0.945114820987958
0.798988763464494
1.01051965537938
0.922429731449687
0.908283005122695
0.993604718588903
0.97312597041219
0.84895887325146
0.968413417902795
0.886702860229408
0.846537078735191
1.11797907292292
0.814071736447924
0.869486054562196
1.02429683386136
0.953985263311871
0.828392743870766
0.894100351382527
1.02026455356374
0.981089686242769
0.857536888518481
0.953724392099951
0.873865874460124
0.938670006360616
1.02382061346944
0.919301518845843
0.872167914169135
0.939408272045315
0.933563237695851
0.980554948789995
1.04134629117572
