-1.14043490139981
-0.783296836789978
-1.02097560204051
-1.04373898939403
-1.06839620687642
-1.0305250157221
-1.03483552301822
-1.13999654361588
-1.08180321296139
-0.808710608472926
-1.05349082312302
-1.07827361881582
-0.893473773501597
-0.947206189154171
-1.02443911363542
-0.982615265052979
-0.94301301697647
-1.0846217311052
-1.00287465455588
-1.05577738943558
-0.876530907783399
-0.957981002591004
-0.7497439461369
-0.924240561471338
-0.903543752854111
-0.999159653502671
-0.934990432862997
-0.966365334360792
-1.00830907301373
-0.942550692043318
-0.736605826029261
-0.966185247668679
-1.03582997254153
-0.895611803891803
-0.842955989905394
-0.834882220946971
-0.863434272524629
-1.01549525351083
-0.900411215389609
-1.08168490953357
-0.725365512819263
-0.938220317947566
-1.02708995676733
-0.899240625265115
-0.968429849726424
-0.967062164269388
-0.892184088947147
-0.821375602350246
-0.8647476053913
-0.889808151297251
-0.846527257731187
-0.978406136975657
-0.744417590445184
-0.818646367067874
-0.879218463229323
-0.912920811156555
-0.930034966567367
-0.84120677925352
-0.80217456637779
-0.850280502666831
-0.919889183327402
-0.922879472508649
-0.739318219602776
-0.993671877347814
-0.765080658580411
-0.919519750584861
-0.867821912677309
-0.936057137648966
-0.708431364509273
-0.805381181827566
-0.840596564064865
-0.743989160438559
-0.911092284603561
-0.772011200622469
-0.815240238417599
-0.859039440236711
-0.8848138281814
-0.9266185497249
-0.779169328756357
-0.735891990104717
-0.874478000957004
-0.768963547040275
-0.792374953769052
-0.874306495560728
-0.900758249582208
-0.777011674760557
-0.848462742811153
-0.869197586526291
-0.820405977123006
-0.865775028700359
-0.874678983517562
-0.848228246229717
-0.874712883541238
-0.799983829333772
-0.798075033510268
-0.820693184152868
-0.745986657974356
-0.876237314077597
-0.834008316667472
-0.692794402841283
-0.837385101256169
-0.865035801215819
-0.83330295675647
-0.642719077561116
-0.666287952006173
-0.973243877357718
-0.922424655322633
-0.588725638019296
-0.839183270550978
-0.681706320046388
-0.729945341839296
-0.877672637934093
-0.789116560534303
-0.616967221074512
-0.734909615764582
-0.857940001876141
-0.772294130603252
-0.746375028850246
-0.931493047574801
-0.752168206314406
-0.641684921328369
-0.839525644081372
-0.875238125134762
-0.722182281841202
-0.617020633835134
-0.856349850519309
-0.809400857754754
-0.585727240671437
-0.722060646210205
-0.622659185233635
-0.827158258126616
-0.751398159808367
-0.788231943664476
-0.682164738753762
-0.727655045527787
-0.710192641736413
-0.65248748144579
-0.551869185356641
-0.548784178028582
-0.773379802597751
-0.755960556961112
-0.69210340139584
-0.785005660459051
-0.766977803980689
-0.682107393025343
-0.748877968320244
-0.740034783340362
-0.813707414127287
-0.761472267573901
-0.594253801643334
-0.670368662997138
-0.787976964104764
-0.724991604165225
-0.75739667162913
-0.57514513037267
-0.642800846482757
-0.774841845219015
-0.745146811562835
-0.835153901265758
-0.647823085939631
-0.741771654228378
-0.660979770059912
-0.787358004503957
-0.577468324894467
-0.645873501076421
-0.675611398258035
-0.724297376757816
-0.536263894749591
-0.76171277335978
-0.809142931847565
-0.742423309502858
-0.587071467920138
-0.635971281916287
-0.556842791464506
-0.575815492369973
-0.612420585035941
-0.875506447086144
-0.587131631700843
-0.567552854374386
-0.730543242553573
-0.57614144502675
-0.444355179775472
-0.510049604113585
-0.737152526731966
-0.450566672328696
-0.539270806711186
-0.54327784236351
-0.619472472125362
-0.686688676572373
-0.579760016622797
-0.596851292628042
-0.602507186491246
-0.561095247824698
-0.597547143942382
-0.534542579294763
-0.597413537374523
-0.724042932904107
-0.614317671746499
-0.67988221749215
-0.533909071506276
-0.675010784548332
-0.475692309547971
-0.740203647648377
-0.531233046852398
-0.542676230635841
-0.541824468654168
-0.583575971408833
-0.487612364979814
-0.476488749599416
-0.600055247444459
-0.596454643529378
-0.665004340355237
-0.482670257716331
-0.495868175894282
-0.65176576051502
-0.525421776821137
-0.503717651228294
-0.697347892266381
-0.557151726049567
-0.555382108825998
-0.502559190993691
-0.591461154392749
-0.528429501028068
-0.640220911576773
-0.61817417987022
-0.547219529762058
-0.610869762074403
-0.712995813878087
-0.57749479959248
-0.565003684480088
-0.602355876946891
-0.74883137521922
-0.483840210739327
-0.470691082391881
-0.443566347610301
-0.435343090277766
-0.437263783635858
-0.549979281150305
-0.556231850236467
-0.582066677552345
-0.713901385895781
-0.283146665887342
-0.461339846604176
-0.57471666971334
-0.447731598417995
-0.454686053716481
-0.539916360468199
-0.47285099370061
-0.460536259263257
-0.435351747897552
-0.536707279358123
-0.523602413799433
-0.440394859412025
-0.624656650970665
-0.517831085948223
-0.503216456250566
-0.393596257920135
-0.462886918970545
-0.48074399599217
-0.459508454188279
-0.645883551065124
-0.35695524118541
-0.555716099787576
-0.446932046919623
-0.433320535273796
-0.610557828720996
-0.528354987880296
-0.504617669611122
-0.376800465741323
-0.44351832626704
-0.510752589841823
-0.485832305553301
-0.428275327401007
-0.314156609660758
-0.545206705267861
-0.404368999397694
-0.60932166446248
-0.503117365604118
-0.505004311544382
-0.372709523368969
-0.288553496224106
-0.420633381798285
-0.459271219088073
-0.406199993143141
-0.376272648660293
-0.332665768052761
-0.437752766936315
-0.307545790943433
-0.58750276744992
-0.372603814934913
-0.537206184357507
-0.574390979882548
-0.437994659373407
-0.342952273557303
-0.584597755551439
-0.396789725524921
-0.486339571942194
-0.341180341992628
-0.280201677307344
-0.326166396258283
-0.404028689797813
-0.402167880238694
-0.310887738470937
-0.393152539564902
-0.389094551995937
-0.453878431700773
-0.438375360853592
-0.350333868574977
-0.398350475513128
-0.416313086150798
-0.216586655652309
-0.262961327522263
-0.35676355119652
-0.409760407964196
-0.424005232722736
-0.50827600309832
-0.235424341456079
-0.458392846027253
-0.319953951648527
-0.374413767412034
-0.335453204779397
-0.371730596898086
-0.364832498720262
-0.389856775668928
-0.294096038180489
-0.33726672683374
-0.403904345828155
-0.367000116662575
-0.422192802466979
-0.411122354734833
-0.312213723731293
-0.373393465283805
-0.225917229867229
-0.175100037021079
-0.344599798847656
-0.327436100124108
-0.240620579187427
-0.297393000194712
-0.222608719047612
-0.268508561246411
-0.364567445847052
-0.283074344045107
-0.284365985221923
-0.333254124519978
-0.319633046482107
-0.262183795121765
-0.444221777042976
-0.458524036823509
-0.298889780389035
-0.24223532711306
-0.366213454598782
-0.300195675027803
-0.399528882950353
-0.347748714997449
-0.362397592288902
-0.339560672350005
-0.208375989824609
-0.321755505648842
-0.366060112877158
-0.245362495798455
-0.234704986425056
-0.213617074460136
-0.304623605655331
-0.18824801230649
-0.168883936764842
-0.148824548290539
-0.176890690868428
-0.305310041320781
-0.216156012745413
-0.271514605847858
-0.401724758449746
-0.222676152659786
-0.146906635874703
-0.16167476198903
-0.350256622118302
-0.38524624505331
-0.318431014400941
-0.355154593197084
-0.271636022919897
-0.309357772662537
-0.270076680920239
-0.338774084640221
-0.177340977587585
-0.230568739075002
-0.232297565616322
-0.24239120650848
-0.265549236923234
-0.220726097380695
-0.229292482878074
-0.196366766736714
-0.168970998726184
-0.23209869202289
-0.281331311235647
-0.176407248999965
-0.180783269354623
-0.182668313857315
-0.316969657835136
-0.238238652105291
-0.186575495508939
-0.158113807037482
-0.254413791451506
-0.0993725189661901
-0.153538033476181
-0.193182975211876
-0.263206287883808
-0.162293053521839
-0.184545450525578
-0.259975805293286
-0.126002377816235
-0.0667744265970381
-0.165049859347237
-0.292526473965723
-0.15767341297952
-0.195406453901189
-0.228862378885772
-0.159750341942913
-0.133462801533356
-0.166895070995222
-0.196121125423336
-0.394862513219968
-0.292207607952846
-0.191932109860048
-0.072769607657835
0.0218171571121131
-0.0500913149630278
-0.308184454521127
-0.045453161022749
-0.231428834585657
0.0173496296201308
-0.0841108422676346
-0.252089245974161
-0.103114065011648
-0.29470059863387
-0.0904488518603315
-0.107709367678858
-0.0576982151860112
-0.289683136315698
-0.110795874130179
-0.182590513175682
-0.239313747152582
-0.00483613018038302
-0.265569342491263
-0.0934813430353084
-0.140797682953148
-0.12785684916561
-0.0732584238417294
-0.20810784389458
-0.215846954719184
-0.0804526364729076
-0.292486423508121
-0.114893029757137
0.0674037591869792
0.0164778331707448
-0.114013263384946
-0.0674658565088083
-0.0892454903473986
0.0358861999338427
-0.0262681290302425
-0.115327657216191
-0.177701339866917
-0.195686541429077
0.0489522005198967
0.00234637386307562
0.123226880520317
-0.0631321013422494
-0.102623560522203
-0.0725225115594247
-0.205660723541066
-0.188570895574517
-0.19227225427689
-0.0514599062600524
-0.0736701738795437
0.00679829360847687
0.119333276606863
0.10738955669139
0.102780789960501
-0.0928632221308746
-0.0929855633908168
0.128633767216348
0.0634305350946793
-0.159420304410039
-0.110619211080335
-0.00105793126829011
0.0718869957821225
0.143636721133577
-0.038368308730825
0.206168247479578
-0.00163578829343464
0.06344743062564
0.0217275717389175
0.0307049293149464
-0.0487280896448917
0.0571967388851735
0.00495343122386859
-0.0544640736572303
-0.132568813063215
0.0733278197714349
-0.0300414800378751
-0.0857168475611275
0.0429064859063933
-0.133097795866452
-0.0102187898304558
-0.00301306959581474
-0.0669644936603729
-0.063512620192129
-0.111053243694049
0.0513616669776324
0.0176473876500754
0.0478680156591655
-0.0105382218325044
-0.0621857642124501
0.100519973972945
0.0525771346546582
1.51915283938235e-05
-0.093652900132925
-0.0447786426899542
0.0592826895997545
-0.130931251065132
0.0128898138401628
-0.0850347492591802
0.0481544996102953
0.0943713813725876
0.0304941330032356
0.0293268821068218
0.0117138975186762
-0.0708674396483431
0.0723889728747129
0.0691797073396833
0.0756735290333003
0.19644701917788
0.143076670758006
0.0511670325666689
0.121207069140564
0.234179367710526
0.101153597696291
0.0668697275893716
0.0901131773142483
-0.0810181206185075
0.0887762643750243
0.0949392545030693
0.0990670220062354
0.0721585851841657
-0.0292091805415109
0.0705361235376655
0.234252591309488
-0.0300978967705821
-0.0149984665133011
0.0969500354456911
0.00559645975890412
0.00137436485733602
0.16010797183555
-0.00656937445345372
0.0864102008436994
0.0434584548233546
0.0503192818829016
0.0312129476384563
0.119623215095746
0.215522807924998
0.232475409358102
0.0654643863407842
0.193102974091758
0.0187853807754434
0.171961154746645
0.222587484814905
0.16540159370109
-0.0292019662069514
0.293605072014697
0.111678519320254
0.0558867271973786
0.190128520585415
0.0604024319440799
0.222610292837789
0.153454959122645
0.0571586646348643
0.0750830925534895
0.159463500882121
0.129904231222695
0.195423754964994
0.0807436825828244
0.188909765185808
0.0423839768606727
0.124420128091424
0.0633477452095829
0.130569154884944
0.15775557300918
0.140645257241954
0.175229127557655
0.0538343710500662
0.143122638897037
0.109975114699179
0.216888901020261
0.107754933964514
0.166027408764061
0.213095795113569
0.246942687941838
0.241268978743301
0.247901798336641
0.2230332626631
0.146958547646645
0.324986851056661
0.078584956848962
0.0351471649028517
0.195419867560788
0.185742166057276
0.201503232241462
0.152737998512167
0.249086368609031
0.151175925727115
0.203338247880962
0.18566619239432
0.0766191835587402
0.373155502810116
0.255111946473229
0.249007547282729
0.125507061903811
0.15421432154809
0.220008315170532
0.353644718257437
0.35216293175088
0.346150080861346
0.17706991375724
0.240422224614428
0.281446116353937
0.147494706099323
0.202699401875937
0.281598482941037
0.325853309137638
0.282015605234225
0.282049910431849
0.253196589025455
0.198308788306559
0.234504251264217
0.33076015811257
0.184116475562896
0.193723637459783
0.179877619072575
0.082093632028244
0.207948903792288
0.223674221741009
0.262489399514245
0.309969252291654
0.351539499972198
0.253513949807107
0.351130955425764
0.298781901739723
0.302822616545756
0.337036557838804
0.0890483624139184
0.229560863771101
0.209550927141009
0.115645907194367
0.378343222231146
0.312060163401099
0.357622179927579
0.309317930627341
0.323857299114736
0.278785806604421
0.338883312006296
0.396934587379218
0.330966228063838
0.26707453078739
0.305753890729123
0.331098939199099
0.346338082576431
0.291232398839768
0.313552536430116
0.288094545334977
0.318502108517692
0.289662915750185
0.330963525894187
0.124989710172403
0.307605379762808
0.417960261651291
0.297279161824716
0.416941092211796
0.305129220490359
0.269425778652072
0.317153151976697
0.298684778499175
0.254292184747329
0.423061979718105
0.233225349862959
0.158952651748951
0.296053512961853
0.353818862490739
0.348211589528863
0.236326321805294
0.369869171721324
0.471214112881304
0.378695548835299
0.183344581533172
0.373953043416929
0.304383168221808
0.48622896767492
0.35809655763602
0.337294331373004
0.334396161530652
0.542868385140632
0.329186154600936
0.394417436183177
0.442305570257087
0.425136082650289
0.391186052958725
0.474904296400243
0.477984585128992
0.395878554944666
0.322339775167552
0.32765048263732
0.461010384441462
0.418530199675125
0.43960921240745
0.482981612672798
0.377752892575097
0.51365814357355
0.395591449105089
0.344891733408102
0.42918921437911
0.375143340959133
0.476296449965145
0.409337823065019
0.340353088692302
0.543233236159728
0.483487341351952
0.350765326035625
0.456509839997534
0.27876398132747
0.541066900002988
0.34699856073434
0.531202882452477
0.4151537362601
0.302861107969934
0.469754976289551
0.546018801199659
0.502215961513616
0.368168575575491
0.457926946030983
0.296360709055939
0.339227716518623
0.490598490078143
0.689585463272756
0.312397898925979
0.504763597910612
0.518013054509713
0.474661348611682
0.700666306617214
0.426555508447531
0.566819792514949
0.59655706823138
0.497274097898048
0.505700337726632
0.471338303189596
0.620038890027923
0.551455686689395
0.501533854847668
0.613865104829337
0.394417264353826
0.612044912940189
0.496385349168293
0.60542533898831
0.535476094389717
0.458963290096683
0.519949449560842
0.44879185542389
0.44706405343368
0.638585908456291
0.497842557894633
0.550106422519124
0.567744865150441
0.546414618567928
0.536477486952102
0.468744711328041
0.71161198712588
0.571477876014167
0.472979436678392
0.66871019925927
0.505584833174715
0.556440579160894
0.587248872781617
0.61499809358485
0.447026199666836
0.574594735875155
0.573540674794352
0.576422744371814
0.538575315923738
0.403209630606947
0.627284345535437
0.604147737176636
0.584212825872574
0.486858494504871
0.702810067176622
0.547114834958847
0.559462485217842
0.620936840728269
0.659204290100502
0.542581469984788
0.524783477110939
0.628854481765639
0.615747785077838
0.679587097187649
0.521879843053166
0.518625115832046
0.78028775859938
0.648152093523107
0.586234257530959
0.665799833818767
0.534099886819551
0.584643094840208
0.539778134380201
0.688610793863499
0.625413156684994
0.511935929102497
0.604663059339176
0.472385375193763
0.408433063616143
0.629305512052853
0.746395018430244
0.640330607062367
0.674038372482296
0.576788704728147
0.792621943786792
0.474616670155325
0.78739613272013
0.59579514796384
0.760799402053056
0.521819485923261
0.549332957913829
0.503614985051994
0.540926090844842
0.725460505474631
0.707285782623566
0.685258512482195
0.517309129123872
0.699266325861244
0.753638665596934
0.644254513187783
0.556891963453617
0.670631791971131
0.78095457770022
0.580563279289373
0.628838019866772
0.659367634084174
0.620970502434056
0.685178764014268
0.757806772743134
0.540143834049184
0.660992599600008
0.673754195103848
0.659792907469923
0.751629825952187
0.792415634706679
0.623036289444934
0.719849604686004
0.651113394920491
0.580040398664272
0.698229783431193
0.821181558358207
0.657739920292589
0.814546802587435
0.753647436630702
0.796055961976873
0.674061535148352
0.648870326678528
0.629838973718366
0.766618786075113
0.635121832810932
0.845784321718034
0.704790856096753
0.713248748739602
0.810077156069897
0.823916092776486
0.856689336264464
0.867114496864293
0.792173799558484
0.718613976728246
0.738725750927695
0.868300932951028
0.889620103240479
0.746514979263718
0.776577852189909
0.759370090928861
0.831444888567996
0.810931524882945
0.835105564489228
0.659731008083708
0.844193351265164
0.86459026786156
0.63498361845197
0.604048586911102
0.803684170875894
0.762522648981199
0.831294078983432
0.719155289529713
0.752189963980966
0.897940789192538
0.693732218629354
0.817108491535568
0.715813661785258
0.861573136218923
0.769870220041089
0.876247661478939
0.99744685708855
0.724644621527207
0.820865580866135
0.774798533019246
0.922422539304418
0.753598445254853
0.857124686617717
0.941603652389749
0.772772577010447
0.935558584917574
0.806540819040247
0.836646893475772
0.861458876248003
0.893981428575551
0.746265326815079
0.73343670008016
0.821279538019958
0.864535166160267
0.868672291202718
0.658224694170301
0.727235869543278
0.797358733417447
0.83525753591554
0.841316059413992
0.926105799954184
0.804415335274655
0.751204905549733
0.762726118812515
0.964915123798008
0.876820887851488
0.799308430514929
0.914891663844929
0.818778268796664
0.931724680356892
0.818829469753973
0.926816461672523
0.898044166045213
0.944133401521619
0.819757998178373
0.869376357767827
0.914204951334543
0.857719029554307
0.880060134413759
0.932604747699133
0.894025091299972
0.65236914961763
0.839137247151708
0.794027857993478
0.954847962969335
0.845482258872694
0.817556736229976
0.885377612725427
0.806425925658302
0.924212460760743
0.891959449209423
0.906576969305636
0.92422079268872
0.898154234223322
1.00842089675678
0.850925577287421
1.01078848211971
0.952528308290458
0.836655923494177
0.854804080337174
0.900890076048823
0.992542352470965
1.04152587973373
0.920392052181657
0.762083108435479
0.859569699970888
0.905625297048039
1.01611818500236
0.847930751190819
0.906892154639854
0.959287006662914
0.87332140626722
0.890684643630588
1.00961266502878
0.998396266889388
1.02423060918974
0.868277180612262
1.01033540560478
1.0913284592278
0.897418023177428
0.958283776243952
0.948015601328168
1.02769555711375
0.952650489999769
0.973034788775242
1.05613412599438
1.05521616408078
0.896006725265678
0.993477320409349
0.98203766131658
1.00577077683414
0.826720544936152
1.0469358376425
1.04845206634346
0.993580438938711
1.09590732713659
