-0.821215225457142
-0.925680166541277
-1.11639143211365
-0.929615858117354
-1.08229716926628
-0.952138381203836
-1.02162917560013
-0.98739119813628
-1.05868026408484
-0.885013156610881
-0.885250110344461
-1.17875184527261
-0.953983233022188
-0.88499586497041
-1.01815300293051
-0.970920340173053
-0.951984735435962
-0.915162376748467
-1.01245878255405
-0.960193263330142
-0.933237851261799
-0.923983828602779
-0.808528244476575
-0.850894290532522
-0.943179800079923
-0.926405197401814
-0.867307836572151
-1.04508318969119
-0.92804576440152
-0.90024658536807
-0.889022937627993
-1.05558431912037
-0.760239859487184
-1.0893850477202
-0.926371895387912
-0.870891581896822
-0.916917043807577
-1.04401582484037
-1.05439200864919
-0.852144964463025
-0.957412944075779
-0.828776348095959
-0.957043550292185
-1.00881682634929
-0.851168552198315
-0.864905512423407
-0.939257932390085
-0.94026145311376
-1.00490806681127
-0.841700064529611
-0.89505453360775
-0.935956592942682
-0.879791371744172
-0.855994255817156
-0.727334612052732
-0.904910075618019
-0.903626700951406
-0.88381200763796
-0.890751428967016
-0.899351142180577
-0.785611765322476
-0.965188433761697
-0.933496144888666
-0.962105383381185
-0.973641220921878
-0.869785220072732
-0.937224922625259
-0.828062088259212
-0.848838767487476
-0.923938341761414
-0.940263438799541
-0.88446255560443
-0.989598655569278
-0.909510911065097
-0.837468136935395
-0.899167617128394
-0.818354602875681
-0.953238896500526
-0.866365761589067
-0.868772144677517
-1.00850900540873
-0.721479950224072
-0.869415752911338
-0.785276619041494
-0.838089270044686
-0.717069562185379
-0.776873716450049
-0.863302555201983
-0.807961536119357
-0.862452072865217
-0.767818742705691
-0.840111305264506
-0.68545751939826
-0.931202145433054
-0.789739259664715
-0.721623196507082
-0.779652111513835
-0.86796110235362
-0.868217733007173
-0.752182761444112
-0.711604711469742
-0.7228985764464
-0.690171607608959
-0.755750426313729
-0.77943337963836
-0.685494608044309
-0.760154092682843
-0.74142367863505
-0.718220388996323
-0.78342717856623
-0.655305259342321
-0.684954646825368
-0.850736701023697
-0.637234973452224
-0.851678642182694
-0.603022091515736
-0.781612869585994
-0.775315291519018
-0.61822974146509
-0.812480303293557
-0.742502899885425
-0.719277368546855
-0.768608641751646
-0.730368685449685
-0.593269553787809
-0.540541573493047
-0.830614309587014
-0.67076050667555
-0.734493176206139
-0.596603746303364
-0.745305699411318
-0.632896340700345
-0.649599476281221
-0.70311516111837
-0.883058233305932
-0.761811073703956
-0.848924137760508
-0.514759902818088
-0.694921178419033
-0.842481928017555
-0.714547004789844
-0.621271207639899
-0.677414629344255
-0.706220605283323
-0.834152939551003
-0.797207186549807
-0.715893537072484
-0.757439002877531
-0.655845963917623
-0.777406117725859
-0.607042249818186
-0.92132692418562
-0.739909058167223
-0.725900140772498
-0.647965844404924
-0.732902029475714
-0.531906597448569
-0.523523306165264
-0.702448653884427
-0.66961016449387
-0.75531340012974
-0.652296597175877
-0.673892410410429
-0.557891727244778
-0.693801692688794
-0.563144946286277
-0.584515015745634
-0.534776877216403
-0.697260292313366
-0.56967710795645
-0.79729033028399
-0.627808809550332
-0.76618238283417
-0.625270082131618
-0.640890584295229
-0.349388369281566
-0.719564403618885
-0.555877139291554
-0.552617234376283
-0.646671702303121
-0.795629204921143
-0.607526403466339
-0.705576218346255
-0.544397336796551
-0.701579217191325
-0.635548123522316
-0.514508643198553
-0.64040680228242
-0.648527702054739
-0.638449403350291
-0.509319881568214
-0.586382201240092
-0.580000270656126
-0.73654706231071
-0.713919570344997
-0.594888332280544
-0.720062580565709
-0.606593300299532
-0.44786456406841
-0.612668936259109
-0.586720429725304
-0.623013951487963
-0.58221965332741
-0.460173138439592
-0.660835153972933
-0.57596704540018
-0.641966238547386
-0.637793509923774
-0.599206813704246
-0.56420004355686
-0.421711237138052
-0.662775461001921
-0.623852885224568
-0.373911011856273
-0.542607418627568
-0.626958603805543
-0.610028979521305
-0.601759955669161
-0.620254808262223
-0.639737823940515
-0.557055534602622
-0.454466548868998
-0.455437297223698
-0.500817334910946
-0.545419099507929
-0.612080268029911
-0.561226208682624
-0.502714690491628
-0.551094338452794
-0.644964651693181
-0.502602614111176
-0.401594422459468
-0.514963761574047
-0.228320266105861
-0.445576055968582
-0.598325445281019
-0.454710479962147
-0.512968745466739
-0.620885064364661
-0.440154047332549
-0.458706736201733
-0.622384825334635
-0.709791913703877
-0.538450468299658
-0.517683393578089
-0.531245056982891
-0.564817361219363
-0.524266976478368
-0.530217499579066
-0.33607984808043
-0.445678622338153
-0.519679546835713
-0.571425629003884
-0.511905518644473
-0.517433456829753
-0.339297005886523
-0.496322639829177
-0.489522477347895
-0.619143333888622
-0.461856055635295
-0.435379747371693
-0.453007125210529
-0.444140611578835
-0.499886380222014
-0.455653533114988
-0.485498420646843
-0.538788478391876
-0.413748066840586
-0.434068485232861
-0.36930544446477
-0.560903571649041
-0.491962525232005
-0.405455725259015
-0.438450496188844
-0.406394489425786
-0.285254044439273
-0.324565692087899
-0.666242398037442
-0.373568365266699
-0.433662447076634
-0.303521224225938
-0.542229836535007
-0.432671665196318
-0.484266987515227
-0.37453732484252
-0.50209753571296
-0.262573878980205
-0.522415532361406
-0.520342800965513
-0.545173004045178
-0.370145011875794
-0.399555527610204
-0.472506106859975
-0.295546859189472
-0.439433101640444
-0.398484896392548
-0.408272653327238
-0.349627705014844
-0.305317794794292
-0.30442358823809
-0.427663652062858
-0.374163719321997
-0.352791412713826
-0.226591915248707
-0.401021745531144
-0.412256374418063
-0.350384093486393
-0.384868606130414
-0.413652303391836
-0.428942846564368
-0.322612242206205
-0.317491896855496
-0.369264118886064
-0.338329364121111
-0.458546609863127
-0.4156705097009
-0.365198465882164
-0.308648142440907
-0.368147055932239
-0.312454003122978
-0.225814415845671
-0.422765697456862
-0.536139301179852
-0.451209267897494
-0.256761148825713
-0.407760419050343
-0.354232008490722
-0.367546078196351
-0.297317112191109
-0.38621369278665
-0.368745191629786
-0.259108394850911
-0.229127868056329
-0.307035255785905
-0.398408690843029
-0.321403866550393
-0.216185574395842
-0.421896986611987
-0.287161459518223
-0.330510347256704
-0.295159460733038
-0.276757161274403
-0.259829780742275
-0.302457254693458
-0.20666288563424
-0.187276904850259
-0.190241432267564
-0.351691672314265
-0.314176287174763
-0.249361641296877
-0.388532790626566
-0.272982158994746
-0.271150601580465
-0.367218767341278
-0.221145701288395
-0.177240896997866
-0.170008653309909
-0.339838238808538
-0.166701310926259
-0.199655182770386
-0.123417973741351
-0.295934572119967
-0.341064647041762
-0.332181470528324
-0.26300671713039
-0.298500660710138
-0.289184006224404
-0.13206016733706
-0.102691243323264
-0.322894249779598
-0.236241049728084
-0.0434079194324917
-0.281538574119474
-0.261842515463495
-0.118281901819772
-0.296872069984278
-0.252569473781815
-0.338119400643567
-0.291342942043006
-0.167002289010326
-0.28843478232532
-0.28741629051021
-0.164144208649102
-0.133600376480513
-0.0685113594290679
0.0532173537432734
-0.308396726009214
-0.219350555811618
-0.203839016651369
-0.146884012626116
-0.246793208109739
-0.117599995688746
-0.264840333735284
-0.330590269728643
-0.105226058951418
-0.206738516406443
-0.125900399485357
-0.161861518088194
-0.435584543324805
0.0283242958955456
-0.242395201407427
-0.121167296603918
-0.22136986713015
-0.268422981332868
-0.168325368634678
-0.331572290171788
-0.166923944396437
-0.132445868190069
-0.197986103296362
-0.247529152928502
-0.401174001354633
-0.179830980461665
-0.159824774750407
-0.20013930428399
-0.123618562275989
-0.172896790245078
-0.146143335457222
-0.105527943601606
-0.0468260258245218
-0.23577774035113
-0.215167772552423
-0.0592404010948955
-0.188343111687622
-0.0344842737688839
-0.127986921331541
-0.119472342288451
-0.1039359832896
-0.12397016539008
0.0527688716861146
-0.1469739134075
-0.296826716165785
-0.202211234528834
-0.136146019971964
-0.123675683920384
0.00158908307894529
-0.08027986215211
-0.244571293575449
-0.127626070865168
-0.143645125883978
-0.105437886501487
-0.158846181612748
-0.121268238558157
0.0149508815120444
-0.097391837460106
-0.0857502518907981
-0.0956759270148204
0.0263658398840212
-0.140520887115613
-0.106273187218332
0.0524041198447017
-0.0545069237388137
0.0483866013711079
0.00362610898566118
-0.121974542732942
-0.116110068765573
-0.103690908635251
-0.164785598673336
-0.0552286517631245
-0.154656992348518
0.123585637689914
-0.0501173537649518
-0.155500022604357
-0.14546705069322
-0.17666454459286
-0.033016540810126
-0.0348986663881809
0.0158941006585609
-0.00680382525847135
-0.0598546005332803
-0.128349455817337
-0.0972765048133952
-0.0574332179183855
-0.0784615106098903
-0.0580961358505452
-0.106217671895052
-0.0797909093174926
-0.0126144668387697
-0.120597526478195
-0.0205512381244186
-0.0932927928848171
-0.229863505099818
0.0406538740963508
0.0553139577163211
0.0562749581278375
-0.0270456151554031
-0.178308233894592
0.0595239269797004
-0.106263145414507
-0.0580412310043582
0.00975899456991308
-0.121492709715423
0.124598817821666
0.006905565651986
-0.0192914651565458
-0.10080385797771
-0.0306556897847858
-0.129032798210558
0.0156782603134229
0.0636733156721243
-0.0159697610206205
0.208917020075855
-0.231994579176277
0.0781660906995345
0.0171795140704548
0.113741477936816
-0.0337976938538053
0.12543079046945
-0.151472438293133
0.0803797125588785
0.040545401818175
0.083348616972869
0.0889710267784716
-0.0963805044547645
-0.119339834431628
-0.0503653063721433
0.120807765037343
-0.156943401173842
0.116760124080371
0.0609886904833881
0.0152872666169464
0.0456045485297063
0.0454663439786547
0.0676756680101546
0.180519427715998
-0.154586851127623
-0.0575367444471616
0.151091610404542
0.0712559271360321
0.0694902752188225
-0.099709561958269
0.0328259450633596
0.166087715147754
0.0740738564889795
-0.123585934137119
0.027286147040965
0.101784130369192
0.00326599331036235
0.0431391059362786
0.0856924657707443
0.114214989892328
0.162365412685928
0.153066912113288
0.0860711812364995
0.139603990978182
0.103723925289939
-0.066813049193965
0.220294534074982
0.0731467691207078
0.0108287577907202
0.0831220059020562
0.214779920751069
0.0927282890373262
0.14122640447276
0.17053747780856
0.127590394810796
0.208798874350963
0.0642129000374072
0.154795042932777
0.174411266435742
0.222018412550296
0.125875155772175
0.243474359196671
-0.00457568819013958
0.209376726862149
0.10629662902789
0.127194293750295
0.13099191606215
0.0138965279947661
0.0594971765983179
0.230585862045083
0.182098911468928
0.170121062067749
0.233488658425655
0.247893297651517
0.0373923353842525
0.176084240170301
0.119981028163736
0.101390027325907
0.143611603974529
0.252041518574416
0.256969156673308
0.10952408212755
-0.00285886534757568
0.156002424138484
0.0679510464525738
0.105104971096914
0.0952190354880291
0.146078644211233
0.172443856032468
0.195783285345291
0.310954546182853
0.0910077504691961
0.192454316535767
0.300463945009648
0.304577337945855
0.183533924716481
0.0600826900249226
0.122666211243293
0.469312743682384
0.259180121426898
0.130284218894442
0.0771523536419051
0.207532699269543
0.144194698311969
0.209196211753267
0.297894034452145
0.149298823448979
0.290509683099708
0.243021474925343
0.297809857011396
0.0817527131762077
0.184528302487308
0.10064857915011
0.182845060140446
0.17157914354892
0.091075645805453
0.394060289517639
0.29012822686225
0.245789749185412
0.336590893482919
0.205329250545864
0.304202502862506
0.341829899156952
0.257038132237322
0.257364674278944
0.200686937373308
0.228543613713244
0.372103411456834
0.209970111766139
0.325171354361987
0.3326476742028
0.118757898590804
0.288343866911892
0.237430697330228
0.336204396439768
0.147640899247624
0.223586768383163
0.1449505206984
0.345453728976223
0.138802762505182
0.327510068904886
0.278819468779922
0.368114652202143
0.2813316246612
0.438313565318065
0.410885254114933
0.328203181796665
0.27863246278308
0.209310773722505
0.319665355560198
0.374525464937941
0.146221408956655
0.240627137248954
0.307085727942871
0.294438891991032
0.313864610451692
0.315306998279722
0.169772663914752
0.392754042815234
0.427555778910036
0.261878067960839
0.3894763867359
0.179711424074995
0.237350781031803
0.179541541142259
0.380282977652207
0.575958964924088
0.252240966400187
0.257601642254726
0.328413237640881
0.40248610919412
0.356858010290198
0.458010182816433
0.376438933308849
0.429119301399567
0.22013539944752
0.256560377854636
0.450068753615411
0.334327508931639
0.270780356945113
0.477396798148209
0.465154781689608
0.329776969855505
0.306467245351499
0.307963212804746
0.305904730061857
0.413135053306278
0.397982216632717
0.341736737543436
0.319271912182782
0.32751872273137
0.259817653216604
0.372521957444911
0.36771655413014
0.238796329792513
0.355702967534356
0.328121191681372
0.23728154814658
0.511825475092543
0.448622502139023
0.451665596786785
0.460729959435493
0.594685419593526
0.330468183364052
0.234113934732529
0.515077406027772
0.454207838896221
0.365514575765975
0.507331627316852
0.387088578085776
0.59802890996798
0.328743543903101
0.392553173980148
0.465271534333041
0.371141065863906
0.405721718365806
0.455941768743112
0.45754922886514
0.398387819717133
0.401561581369216
0.428654149892037
0.646438721096876
0.437002050009231
0.552715123793392
0.497161699312492
0.392951481844031
0.599542325814141
0.607354150832325
0.444206687907313
0.540998430840537
0.370706651426101
0.295183435883938
0.499405870768018
0.474332314904688
0.573622432727603
0.366866652660019
0.376366774531168
0.41998283229562
0.353838949934991
0.349332637606418
0.549831905650216
0.481447862429129
0.5572092571808
0.493236890207718
0.407685235848997
0.503377854040246
0.553211360152467
0.555601516146571
0.658630359313683
0.475842849037174
0.45529800614456
0.636565043203126
0.568141050614372
0.45844472103936
0.498488288405903
0.471778322276173
0.467591482361258
0.442665212712835
0.585947719877847
0.598301409769631
0.656560991150639
0.621500201592795
0.55355553678142
0.530545879946856
0.605405661925631
0.64370570487147
0.590754744212217
0.577032029989832
0.581347152862123
0.491251729770235
0.566189490510638
0.523534014152283
0.541276688676269
0.510399398512342
0.439386606900297
0.60421163741333
0.549714725348837
0.626390182587364
0.585969473660289
0.595386082940147
0.541054037077289
0.584194997583433
0.491660248997602
0.605385777057627
0.524192094884262
0.585666509331351
0.592184142509077
0.508505118682886
0.60856701665988
0.504532716838868
0.553623578459155
0.519116343173671
0.631766034753505
0.629956377453432
0.630015352182778
0.503087657816553
0.491481272046135
0.553275106390226
0.52324798879345
0.78406145940535
0.674825692920599
0.414129927593075
0.505974791479967
0.661580358062226
0.615777209765738
0.430067523455642
0.636038708724521
0.621623909430076
0.576710170354544
0.569408739834173
0.591533426038202
0.744180766279372
0.581933786207292
0.565994450557079
0.609206916039886
0.638590199379931
0.542081476636923
0.567041513834
0.753239906648602
0.631720326015799
0.561546105049718
0.691599384314721
0.68956429074696
0.720289071566843
0.58484855895403
0.693288750708736
0.7002246434916
0.478783402932426
0.579574753424525
0.530353926156346
0.581425947928123
0.718572151562211
0.555280356656513
0.746218840852154
0.717142395467017
0.642005568813799
0.847832805792118
0.64560251676747
0.787437386737258
0.630671515544663
0.736242383297658
0.652011660836794
0.888283393694462
0.634154629614967
0.493174494366888
0.716805701782862
0.807492601900008
0.6506033250866
0.766823688075704
0.584715204042897
0.561656805222353
0.815734653202313
0.680371099606807
0.606780349416504
0.732486704024786
0.922487386613037
0.658499364513806
0.790105507585025
0.755730647664904
0.763223490832274
0.866345757347372
0.642318536630634
0.776573788533683
0.781594092962341
0.670198479093095
0.657545707443452
0.72574452825039
0.602235707011867
0.621863817843058
0.706979133341317
0.582125207282823
0.671243524906981
0.838290380246588
0.738690829404965
0.946944153164582
0.789352776811337
0.766761292610807
0.678995908256174
0.921158437652617
0.897537043906677
0.6918632446842
0.821191521961551
0.723244917097383
0.793048000168057
0.770330086027215
0.724148669621953
0.750713264980548
0.864508897157314
0.665895445894887
0.642891399128551
0.91571856925933
0.851328379945845
0.762725928986349
0.823463239517744
0.794334458698783
0.732425805441057
0.898684419095088
0.837670486367862
0.884614101226063
0.799371508477691
0.71305969574264
0.68607880669982
0.779699356597986
0.817198905532859
0.882704090067661
0.976985393810086
0.889254790885143
0.817451848689415
0.797411632901338
0.851527162788752
0.856252578517708
0.773018307122338
0.681340784874497
0.912419542668245
0.956954082536016
0.983813055026439
0.86914001571201
0.955422566070553
0.867222955100703
0.98934361773838
0.772142554799302
0.972482966050034
0.943721801209114
0.888263511499219
0.835690942254051
0.865850830301686
0.799121982345334
0.810273004518276
0.993954803379681
0.864789512118913
0.940992975822473
0.812118175616295
0.816608399211242
1.00757790699377
0.901161537417435
0.836578669527607
0.939799615392002
1.01131665979035
0.894533109392913
0.983684314817157
0.937665483246272
0.856030004753621
0.883902430167922
0.974711553820097
0.924542146195986
0.828884024322708
0.958399277902001
0.875736695173062
0.902462607823499
0.906238186453778
0.97217699185506
0.830438824277936
0.973955040024435
0.856952425117959
0.831427566634698
1.00567551882513
0.902911822317792
0.86352445030842
1.07682593382701
0.90751462000536
0.996954602723018
0.924213478107119
0.882249763615849
0.859077319761581
1.11108938687438
0.99873691510534
0.736974340921777
1.1144212866315
1.00837751766953
1.01046633700029
0.9778900288004
0.91759949404734
0.91127979669441
0.925327818117166
0.858786370963283
0.882877581170003
0.865671813608132
1.00335328020371
1.02009172865402
0.891966256943539
0.791221615311834
0.941228869781563
0.98108380143363
0.878948269729764
0.964487485069637
0.919107796304355
0.984544798457049
0.961560553024953
0.837328459557927
0.971960338379464
1.02090366078425
1.05615151186697
1.04210856974123
1.01979220610747
1.00260256608336
1.06621378561259
1.12888985437938
0.968694721254444
1.02957316840749
1.15404398916241
