-0.829198355361356
-0.926008292640652
-1.11267841313308
-0.951247217659419
-1.08197327551707
-0.972686386812828
-1.02630960496539
-0.977309472933859
-1.06412610200949
-0.886590626962177
-0.89779536148024
-1.18888229722338
-0.968426074709243
-0.897834936560823
-1.01303845206756
-0.979893570985878
-0.972425786668992
-0.929193786623511
-1.00343839657674
-0.963283945258937
-0.951792671913879
-0.93092514625373
-0.809894456954379
-0.88108608114378
-0.960372755274244
-0.947864730907642
-0.875221000704385
-1.03712227243473
-0.919914616408584
-0.887002188324662
-0.884948294603198
-1.04018828973916
-0.757377432657866
-1.10459990257965
-0.938790972353672
-0.867173985535164
-0.924570467592733
-1.05955203821798
-1.05802746500607
-0.866936066201263
-0.951288752759825
-0.847344226381638
-0.941756157488838
-1.01870741044481
-0.827196531261669
-0.867003301977462
-0.946224124663032
-0.938206400004828
-1.01646683186719
-0.833018802078651
-0.901529948691832
-0.916053104931249
-0.889790732821945
-0.856053226958265
-0.725333098639505
-0.924163721664694
-0.921274665887226
-0.868569036247164
-0.871641977039614
-0.882606490687224
-0.797589515474657
-0.947301254985073
-0.95241506475889
-0.947011570519239
-1.00794545413421
-0.85117256299295
-0.927837455696607
-0.822667909855322
-0.86361533612279
-0.90169890705532
-0.927581009339387
-0.865891785162543
-0.980922789677145
-0.927277447895832
-0.864257848734451
-0.911240382883672
-0.831707801677445
-0.960727720820979
-0.851134745703589
-0.859151717980086
-1.00937427492507
-0.731841527270558
-0.851504477793758
-0.79591494511694
-0.823064119503383
-0.721981843389844
-0.794155798895562
-0.854686711896859
-0.805584846977302
-0.891044773915448
-0.777797393621756
-0.803428267403072
-0.699606996647238
-0.913184105205536
-0.795895113699275
-0.730489247585255
-0.817438455073682
-0.874465627774611
-0.855292442804017
-0.777939773585241
-0.69863340797696
-0.708046383905728
-0.706768980146052
-0.771412039155261
-0.798561294038063
-0.693511585144112
-0.771047644970056
-0.753149157288986
-0.719769503824516
-0.776648570109036
-0.645934655893584
-0.679538375036834
-0.851998130661121
-0.667428272781986
-0.84750971553825
-0.593905414103362
-0.785701054239153
-0.745461371081675
-0.611541984085842
-0.806372902052661
-0.727011119889599
-0.754379241838231
-0.770244390875996
-0.73184885474976
-0.596609243963979
-0.545399320423532
-0.858411239313177
-0.679605684032317
-0.741212033199569
-0.590936237804256
-0.760493345745009
-0.639088808174093
-0.652891833518456
-0.726189952570783
-0.873096677709734
-0.755666624689451
-0.846716903305504
-0.526821111626971
-0.696465142251697
-0.840835900062164
-0.704853325654499
-0.630614456611192
-0.684380449227364
-0.696548051928515
-0.827130312658862
-0.7671992603
-0.720464080910112
-0.747504642410825
-0.653574425840212
-0.762124767118191
-0.617866197435542
-0.921646887219568
-0.732553311140574
-0.706692629309033
-0.648999502405388
-0.754084229767888
-0.523208602704448
-0.513034817948559
-0.698273813986725
-0.673967335745853
-0.743468025957225
-0.635129818913291
-0.656369181606438
-0.589877154005497
-0.711977045650588
-0.546658440910073
-0.590676372535641
-0.539327972914562
-0.711291186744576
-0.583469699180362
-0.809593666805381
-0.628937184778694
-0.743909158500463
-0.620855060437428
-0.614937002253286
-0.320364186666067
-0.719529647072478
-0.529739339516364
-0.549292474940324
-0.621248440709704
-0.815510405275784
-0.60377752370312
-0.675470441501164
-0.565430453222154
-0.716390849999856
-0.657935918118834
-0.514671527170552
-0.63596248182177
-0.649292907617042
-0.668515667675891
-0.514404347095714
-0.611932986084551
-0.567511239455495
-0.756281693443109
-0.703539101215571
-0.579944618171302
-0.723650239213922
-0.596090884607896
-0.468883261476597
-0.622998130976394
-0.575770304406874
-0.631572536321199
-0.59273119949777
-0.464589183994262
-0.657785449425276
-0.566718090188253
-0.628327148486847
-0.642287728972952
-0.576052635126421
-0.562728267416942
-0.403347505868214
-0.651590143810006
-0.621545673246952
-0.360406829967284
-0.553718814787558
-0.637216684000209
-0.606709160200925
-0.598932112851801
-0.649143669134529
-0.608877842492451
-0.571487997839263
-0.473240996031385
-0.44772138101358
-0.49171330541807
-0.536149094598816
-0.622379002221958
-0.535021842198811
-0.507243294779645
-0.55961028162172
-0.649384585558025
-0.496881244557744
-0.415236171144248
-0.51361239416055
-0.240015973836132
-0.455598371286359
-0.595426718026638
-0.448009717863596
-0.519844617873795
-0.617544634430151
-0.435437856218889
-0.458833374024802
-0.626189733084072
-0.686247332621263
-0.538689704587665
-0.516208860374323
-0.536209023838546
-0.54748047442828
-0.523360732759324
-0.533861883403145
-0.357821817907288
-0.44561709574353
-0.507415494068556
-0.555993308338301
-0.506726195820581
-0.519815292025618
-0.348719040125626
-0.504767186436552
-0.48061071837525
-0.623145049339495
-0.488100335157063
-0.431804746401813
-0.461798203519298
-0.447650385132503
-0.494731976431754
-0.46495639009981
-0.49999446864208
-0.532028586824593
-0.40328578270471
-0.425078299237872
-0.359046102083946
-0.547408008323167
-0.499927381132888
-0.399206421543538
-0.441641659666045
-0.402610212453064
-0.284548287684499
-0.331517441953034
-0.653063852006016
-0.378497502342153
-0.436059543691947
-0.284710950332165
-0.566558125063669
-0.455101249798539
-0.497493883999008
-0.37415417299715
-0.509094576869325
-0.266500551729217
-0.531278030361709
-0.510154323378509
-0.553183311684857
-0.360413399046304
-0.387192444926408
-0.489812323127465
-0.299207838395774
-0.466590005915886
-0.412101975116232
-0.405904579507659
-0.346647798167748
-0.301350208945452
-0.304484329247251
-0.441140065096658
-0.387617384236586
-0.359173478820487
-0.21095906850521
-0.406783461499628
-0.412852061878388
-0.36037957568304
-0.401066264348741
-0.404892886907055
-0.444769790704616
-0.319416471273167
-0.337136178741201
-0.353483562762292
-0.308236402271893
-0.455457035743524
-0.448989860738873
-0.35851121600458
-0.297620114060343
-0.354260406685282
-0.304930923411342
-0.198276001284392
-0.4176768523663
-0.493652172049069
-0.447185902362954
-0.257609483975876
-0.41303437673281
-0.35639547317442
-0.400458972695187
-0.30712406155249
-0.386747096281816
-0.370456867755951
-0.262693398989015
-0.238294977157362
-0.321434427481967
-0.399803650742271
-0.325062143636063
-0.211809312738351
-0.433163201492103
-0.276072047337913
-0.35032893343709
-0.301345309405505
-0.291200977705064
-0.250438921746972
-0.299022315550672
-0.186856662902688
-0.199509988878933
-0.177165620576216
-0.358438909753173
-0.321896303304202
-0.256166617428215
-0.376890558286048
-0.239598334264733
-0.25703533250551
-0.360892395753254
-0.207858731587964
-0.169801345150012
-0.150831075539314
-0.345658787222006
-0.19060318063949
-0.191078097727079
-0.144899068867008
-0.299028584158937
-0.34815700883075
-0.334297171241092
-0.279829924667884
-0.333698683661599
-0.272317856447381
-0.120956083704986
-0.117981237949079
-0.316878573089204
-0.238662625702626
-0.0503629834849997
-0.283645715420318
-0.244610527594826
-0.124569621569172
-0.318726401289714
-0.242636329989255
-0.358272517995605
-0.304326545607844
-0.146041105727052
-0.287544032102662
-0.297916164401775
-0.161600186571983
-0.156566268240612
-0.0583539231539566
0.0265744976321
-0.324254006009019
-0.236501465506714
-0.19093698365819
-0.142227140580154
-0.254873910755556
-0.112722386561608
-0.253482741919539
-0.315741199992674
-0.101884000890503
-0.222660343675497
-0.132541460626113
-0.153039678003746
-0.413234727671732
-0.000782002537087023
-0.247760452194812
-0.116796607641651
-0.226672348255566
-0.259871541210871
-0.139680574971112
-0.314659396373515
-0.170492126427847
-0.135022443722233
-0.213097066497488
-0.234743716899475
-0.39892970663243
-0.198710606643787
-0.165394384182071
-0.218381210272414
-0.122051895505435
-0.178318487119808
-0.129212048186305
-0.122557870044954
-0.0486087111528852
-0.219678330306169
-0.215795645448208
-0.0419490493950428
-0.195193298172162
-0.0352235499191755
-0.114282466079907
-0.0927513509620887
-0.115224187946867
-0.121379028159842
0.0882158985405856
-0.134527715169196
-0.302074323337831
-0.202018072585763
-0.116383308126646
-0.135823370469768
0.0106099536631215
-0.0667940080122865
-0.23569466633173
-0.136030263196148
-0.14098804988425
-0.0837215768161222
-0.165571158491403
-0.139284115425887
0.0161980975806918
-0.114649940593757
-0.0603596182187623
-0.103700890025855
0.0381982971153753
-0.141252622614055
-0.115977754738915
0.0425710270187699
-0.0614720149889352
0.0584862748710304
0.00276792654148858
-0.130789708243991
-0.130196532461893
-0.10003215140204
-0.164679092035738
-0.0402793378212211
-0.115454267585463
0.134396908514848
-0.042162629640828
-0.161050047384192
-0.141854470332535
-0.189634993724295
-0.0311196355496174
-0.014456816490902
-0.0008664420963233
-0.0175809182742118
-0.084862830244928
-0.128274474162791
-0.0866376562227454
-0.0559672524625295
-0.0731417823480246
-0.0422119040973652
-0.121427156350813
-0.094875580963116
-0.0157629087547051
-0.0911782278102527
-0.0392071410091441
-0.0867765551366317
-0.221669338362068
0.0680266106144577
0.0350607618983091
0.0538899765120471
-0.0264358584352182
-0.177804582112698
0.065135764351354
-0.106995098400501
-0.0481098127801517
0.0161881814464343
-0.122428285615378
0.132261515306167
-0.0145021378098128
-0.0253139937722376
-0.116867967626935
-0.0168465281797043
-0.108722401953904
-8.11078719179607e-06
0.0495833059313079
-0.00596772371015435
0.213127748031462
-0.252406369675976
0.0601954821485273
0.0104573331712821
0.120754277329549
-0.0266811780173578
0.125777456217367
-0.133582702391519
0.0769291750414795
0.0409100127312875
0.073931396168612
0.0933238339324585
-0.0791860764917755
-0.130057628956986
-0.0524403923022858
0.110004160434137
-0.163807443189022
0.125668921395226
0.041973517871069
0.0213196735653497
0.0412163208023303
0.0582571725562469
0.0692351995786012
0.163781913018951
-0.121416305942705
-0.0573223579261628
0.1275044030633
0.0631130355196545
0.0629096501113588
-0.105829512036586
0.0341776180967387
0.175000301454064
0.0849515310777372
-0.108261125260286
0.0304221220782234
0.094654191927758
0.026224496673227
0.0658538944651916
0.092190209783002
0.107933519714266
0.188455658276864
0.16305508075586
0.0885782050165009
0.117261899838043
0.104553849627988
-0.0630149938951189
0.243295358178748
0.0834912265104695
0.0211102131567139
0.0890085989943251
0.20581564324525
0.0885424912198873
0.139879206840477
0.175539459256773
0.114175694241878
0.204437140184994
0.0771940114296246
0.147613413826974
0.173687771321687
0.241439840318835
0.131591498961447
0.229512997620151
-0.0222011572098844
0.196275158851247
0.11819859580377
0.122210518310276
0.145227289623055
0.0283607175383395
0.0485368092161486
0.219531971078059
0.187952405531532
0.162902804499748
0.25020606623352
0.245168216236124
0.0757004734765285
0.178511275621545
0.163593970168864
0.0939177511696148
0.131866767471937
0.234039192481742
0.272281909672849
0.0997615382808178
-0.0129502705858644
0.152644110497688
0.0844015463867176
0.0928504617420763
0.11814639490466
0.150471888337145
0.183985292390985
0.19726585235716
0.299669929390208
0.0846262263401236
0.197888996487179
0.300227205866963
0.287859948427462
0.166665963272673
0.0531359658893032
0.123395273979038
0.456379303197011
0.262921483427253
0.128006652424086
0.0751468822682785
0.20939465855254
0.141818404481596
0.206952163854061
0.294923407542865
0.132298272132349
0.298788405616211
0.23681931975853
0.298658202193277
0.0824591924884461
0.171154979608996
0.128411335774654
0.175207250291091
0.165184215370534
0.0588410327957528
0.381601955737372
0.295833107323345
0.260993470182627
0.332843033083302
0.211832711319758
0.27372435603416
0.340632893134805
0.253538709816651
0.269929102081626
0.187067817976743
0.245566461915924
0.363157018742157
0.205501410480993
0.317952294776759
0.313705325249248
0.102414265210146
0.284478637404126
0.21354608789352
0.317788439323246
0.156376508294615
0.2152827959303
0.142661630484539
0.358637317081867
0.136483838701678
0.36232083146621
0.292046606484626
0.357029137691471
0.287585256957663
0.440041994063559
0.417149226724781
0.330164650964034
0.276809194823285
0.19387569003704
0.323643706343525
0.38208864547213
0.155473776646329
0.249684461418525
0.305169716497705
0.328140063601541
0.329780460877643
0.305862915531477
0.146835629811496
0.369267823713811
0.440515035276973
0.255936870106771
0.403253744377125
0.203820274004761
0.241521162650999
0.193398340353575
0.404734097653455
0.573175172029352
0.277556978261754
0.238347973213467
0.348493234560055
0.388175707871649
0.3547069480756
0.470603948694566
0.384698123563412
0.419844197543879
0.226152073285342
0.256906350293157
0.442732703089042
0.31967902669683
0.252593452303103
0.469622026802088
0.467573816226894
0.351128688046619
0.320216936914623
0.279329973946999
0.303210184947313
0.416222516987727
0.405378344391048
0.35785900693008
0.33206819292019
0.323839321870263
0.27648677954828
0.367659098671238
0.369956498711282
0.238717393808059
0.347055693318674
0.328763905011969
0.225427119956148
0.534180316787631
0.44870198447468
0.446436324585038
0.462673633484417
0.60022823603054
0.329847162582392
0.238376003853401
0.525677567316664
0.435352703733416
0.352876678529496
0.509790700589291
0.408388024919801
0.585293191217494
0.336883106191116
0.389438970374904
0.471816087127905
0.396694352648767
0.415824202140212
0.445580697037518
0.45274836423947
0.397397622662903
0.390529215429052
0.416929393702214
0.648478623634533
0.447300000255358
0.565860002003499
0.507069912913802
0.41520157065362
0.608157088873581
0.599045473597486
0.444011867842718
0.536534830640061
0.380936733493393
0.299358241660524
0.495023788518196
0.475549827990128
0.604462525698973
0.368904021178446
0.370634647787735
0.391967637858314
0.368241628189824
0.379167943584465
0.546743029176304
0.478867655410668
0.553381173517762
0.492218317835708
0.438624780146779
0.50051856947104
0.557066686279239
0.550601260907439
0.649211327433993
0.489970954618383
0.442018227744066
0.642050149873328
0.569465707397163
0.448070802830393
0.493236348475648
0.478719034642839
0.472032545049749
0.434339283960792
0.589398860906396
0.612215672023796
0.65571202039997
0.594216971725479
0.572188450946385
0.536051953797377
0.597907054894516
0.645124951352632
0.579287281197284
0.574911058457866
0.564588806580897
0.517494525437098
0.561797717352036
0.518381828861856
0.519533099222992
0.499845494629361
0.451494029651686
0.60390273739952
0.568573835934365
0.614398371904239
0.571971645995481
0.596018746043639
0.557269287533798
0.588513043738291
0.498074669486898
0.611829977092556
0.530994581148953
0.588380377673472
0.561853274229339
0.497785685503369
0.587186554266378
0.48175948591571
0.55241172681865
0.511028522193759
0.63164803242204
0.62599316402245
0.603707587686085
0.491439335873007
0.499359921579084
0.523579844896844
0.529109071636072
0.788799579818113
0.659582297512824
0.427900538690346
0.504638225947901
0.670657671358396
0.604076962383409
0.454817180240071
0.628112619976989
0.601552387547568
0.541023285247094
0.554668888897223
0.585738374436946
0.748150599515051
0.591143070760751
0.565173826831678
0.609511319356917
0.620698937062495
0.549355918106295
0.587556562571034
0.744688322802618
0.64319885154557
0.566944100008022
0.683789713509589
0.681301194127186
0.728569884130408
0.572274255508485
0.711028800501417
0.688778422532014
0.485753068711799
0.575468106471486
0.534036877074704
0.580949544558153
0.733905428534649
0.575417894665112
0.75307033722983
0.725589114933079
0.65151893184203
0.858884387008297
0.64117715315012
0.797966832699138
0.638261418984532
0.730548826712258
0.669832386330549
0.850231144911131
0.634163186003511
0.486549283909779
0.707676623912734
0.807598696107144
0.637046929641423
0.735774859651482
0.575692635145991
0.55061260033963
0.821276457479632
0.684812627604335
0.62532065432845
0.737557558234758
0.930277067025108
0.652883055486378
0.78304902629107
0.759089368276553
0.756892284776844
0.8870356646658
0.636965356568259
0.794110986248749
0.774906408128946
0.671144292414967
0.645874091101625
0.745815210889954
0.588387710041165
0.626456243622368
0.722480290421627
0.582320955880293
0.67194232863215
0.831992747753903
0.741178434937488
0.932482325876585
0.797856746204735
0.743185706820719
0.675694757378257
0.925745339054074
0.896449397112552
0.676729275473021
0.819054988041
0.722294511780494
0.790657023445025
0.784990799450393
0.71980580890963
0.769016081308097
0.877906252232647
0.671455737213508
0.651407052027355
0.914742000227874
0.831206300679279
0.745726724319021
0.833373182528397
0.792362092752478
0.746500978311923
0.887992083370118
0.84392702482415
0.893107725199766
0.790087382839633
0.709212613298509
0.693543552118949
0.798588064896
0.819991557270238
0.884650062764212
0.972309485228259
0.906242836803274
0.81920266642585
0.799566364820954
0.878792865474458
0.866244214120747
0.757952762304239
0.703023224801043
0.915887595675647
0.956715256144845
0.981762245202951
0.871490144078251
0.942560598046465
0.867664831438035
1.01760944537959
0.756979060942279
0.958467874914883
0.931950531558857
0.875165450074855
0.836209343651795
0.860606879246106
0.792978612454513
0.831857017531863
0.990774467893728
0.864673720060263
0.920931775908738
0.806041673885556
0.809772982800994
0.981227756632762
0.912939725644722
0.83923430857363
0.950286825383819
1.00420775253129
0.880719854603107
0.971499052337403
0.943656339863424
0.854544557181845
0.879534907071702
0.970907841012624
0.90606757786506
0.823951840718553
0.947022754215602
0.880092777688107
0.884880117301323
0.891195839485226
0.965518907627687
0.814639821613894
0.98552960318121
0.872646306950123
0.825725423037293
0.998662521864247
0.896866948388875
0.872952732156132
1.09085374504895
0.91388500078864
0.981396777171972
0.892097917412784
0.889583203766616
0.873193889546895
1.10948225999397
1.01052526007086
0.708189632506372
1.12555471723157
0.985416137567612
0.988959362146939
0.965089519704425
0.917574475064456
0.932436761486504
0.939904871326102
0.865340918136465
0.876829941318949
0.893370892589761
0.983814869081154
1.03364587542832
0.877984554477399
0.786197903603974
0.91461760646942
0.976608209808862
0.893382507948419
0.960212734382374
0.921495550534986
0.982294023695788
0.944728453129844
0.81583364258825
0.959553571348865
1.00638972312397
1.0598247056703
1.05364476637006
1.05228771251374
0.989475689299952
1.04225620753837
1.13747593097275
0.966512517031334
1.02274007684065
1.16320661820969
