-0.988285934805809
-0.967505719055609
-0.890555771363358
-1.21458800028791
-1.07466941769999
-0.920495808506653
-0.771024864801743
-0.877688560246836
-0.981346530399449
-1.03901604220382
-0.933349085497781
-1.06917205133973
-1.02529207956189
-0.977305385462573
-0.874065252136043
-1.18599544406517
-0.958686219679309
-0.970311040180573
-1.02120670295792
-0.857727326764046
-0.887301310940846
-0.857354922232374
-1.08090044505736
-0.91079756941491
-0.992294978135109
-0.95161023895052
-0.895026706559157
-0.935884917946825
-0.977942678407905
-0.907595186340436
-0.909530907481227
-0.913224100892129
-1.09784130118233
-0.749902334617613
-0.966224992147259
-1.06836635324615
-0.907899287835601
-1.03564752159749
-0.88982569884723
-0.98913913266694
-0.808427202981372
-0.93935649786424
-0.920986743178587
-0.862658412534675
-0.751513945885928
-0.849191656711433
-1.00633984200345
-0.93017685521057
-0.739643353609517
-0.936883828540547
-0.854574080035365
-0.903274625032125
-0.798884718597685
-0.967413107816422
-0.765018678306133
-0.972809604010592
-0.991646045084022
-0.917323210699567
-0.805890388706168
-0.970553879871716
-0.885454181983129
-0.948770067034654
-0.969316037595568
-0.954073084978314
-0.883847790636277
-0.665465388441645
-0.851455539742493
-0.899384679513866
-0.930633046720481
-0.869023858726672
-0.946876046740826
-0.824264313293353
-1.01687901302401
-0.854477474688495
-0.879106602000006
-0.878237878610186
-0.793788113202744
-0.848400742104597
-0.876847209030735
-0.807721309894905
-0.833063484400313
-0.772438260232109
-1.00984585276852
-0.782648309748572
-0.71937413168753
-0.91072697715079
-0.775856616553515
-0.731512172151255
-0.834756014278151
-0.898394395139883
-0.851011805341379
-0.715351059464886
-0.896745984001949
-0.725158158484198
-0.806983574721696
-0.742660231036485
-0.804859923311514
-0.786713305731744
-0.784944236969626
-0.771912389450688
-0.783020398569623
-0.742196900817794
-0.944830557679496
-0.853035411952286
-0.738452222907915
-0.839039752319052
-0.799109010631766
-0.801052062888857
-0.833603764299037
-0.671429549857502
-0.753375616444135
-0.69590249773203
-0.727200380692937
-0.718698268141792
-0.907234970154223
-0.753064497648798
-0.875678666909223
-0.660114711900687
-0.73405999498067
-0.600056557308015
-0.771991848105426
-0.774614432560256
-0.669359671013577
-0.71178473980153
-0.625095631588463
-0.631670291808605
-0.792056396919572
-0.69129493271122
-0.83134550366954
-0.720904578542696
-0.699298499801813
-0.823184011194957
-0.709067026695853
-0.657499561841316
-0.504613058994864
-0.657086787333858
-0.618135900459993
-0.61697739009604
-0.684012564444476
-0.645360072898796
-0.690836714200476
-0.74165958398613
-0.826371528183409
-0.698180760026884
-0.783658022573025
-0.711563012807261
-0.635478588257313
-0.763830264672981
-0.522474326864215
-0.752290432397662
-0.674499089412526
-0.870816734561695
-0.713285129553281
-0.645985532196775
-0.787318191365417
-0.669034919054947
-0.715331708104003
-0.78744720927205
-0.611096049650834
-0.709157127468833
-0.663821333826847
-0.724190212501644
-0.710722501699725
-0.609158439388905
-0.577594124411009
-0.75122388430708
-0.497942752630771
-0.860884729586054
-0.713807786559918
-0.612428985345535
-0.709897731630754
-0.747248862099456
-0.654683476361629
-0.859153885311564
-0.66637776372215
-0.52290998018133
-0.736476252747158
-0.695227011393293
-0.711155390592598
-0.626469401578485
-0.51784815375896
-0.543261297341577
-0.711061189159742
-0.646186659475169
-0.630846411458828
-0.68247996151795
-0.56232903316277
-0.750054369845418
-0.619942022361193
-0.685694929751609
-0.603721971302733
-0.676882794255544
-0.61517478616021
-0.607267599689878
-0.602167742828281
-0.619795558714955
-0.615778218258317
-0.690040724697977
-0.778039037830726
-0.690390287473932
-0.575083658483805
-0.688792043072765
-0.569279481331093
-0.473331747809606
-0.505214240255942
-0.573901197080588
-0.661320525229713
-0.744523238067999
-0.562803834043463
-0.634659105192965
-0.534590465725714
-0.499846835619802
-0.441671112193812
-0.753829498151512
-0.669905972452836
-0.590093465460967
-0.356007439873407
-0.539211544239044
-0.545254214372869
-0.643712998428702
-0.639862413934423
-0.53373620069888
-0.5291668138145
-0.486024533898625
-0.542257632358483
-0.417652588684105
-0.642221205940328
-0.582629204998419
-0.553634980239358
-0.608638497458392
-0.614454837444729
-0.640456710429282
-0.419593164876228
-0.591363913073836
-0.521751824021431
-0.547880417445311
-0.480306928186881
-0.753308348876159
-0.480416687591404
-0.581795439551208
-0.532380623908368
-0.539520412170964
-0.429530130779512
-0.384933537033693
-0.594697258117953
-0.376730141472371
-0.55047998176733
-0.436693428084529
-0.596404822520857
-0.458312656252966
-0.410261776106035
-0.425676022673956
-0.44919428265591
-0.369661987347388
-0.58667377597432
-0.613440920158246
-0.427493940105055
-0.348014366454307
-0.507638459495312
-0.541038282836049
-0.465857195231673
-0.390910672079485
-0.616826266670778
-0.489538182210304
-0.535334461424391
-0.475500228898938
-0.243974898541334
-0.568711639646382
-0.37675165935797
-0.502779704278863
-0.41436344349912
-0.379240267007854
-0.315436586001804
-0.28742457426866
-0.636218545910451
-0.31900766219708
-0.478286942323651
-0.520583412264277
-0.301274336388285
-0.466498704966106
-0.514363513232054
-0.431483330230339
-0.519477025986681
-0.370545567220784
-0.46180189349628
-0.442251694986133
-0.138700967230009
-0.537643239578474
-0.418438589806904
-0.341721732236126
-0.435813905100928
-0.446719231174058
-0.497925877040705
-0.287225527378265
-0.382509032529758
-0.343325935605971
-0.486796878271344
-0.313660833856385
-0.321079714716853
-0.327694017790647
-0.440844619629912
-0.39821082914628
-0.329877982448698
-0.375011462775063
-0.348011966226646
-0.26920148085119
-0.473756613329223
-0.412609984830486
-0.36929629376368
-0.364626784785227
-0.419890910338371
-0.491848187524822
-0.408767427674214
-0.399462077336759
-0.406134792843453
-0.56663783604568
-0.445500049965734
-0.343061693034399
-0.348237928567052
-0.392641122845183
-0.326030118547784
-0.353287542134915
-0.47329689777993
-0.309911374169381
-0.211608490898758
-0.410825358127507
-0.420365900047595
-0.250858121991126
-0.251890764075256
-0.339982894154459
-0.490857417621045
-0.40458683230252
-0.220349405474371
-0.373485240395902
-0.370321751287721
-0.298312102081485
-0.359101971355288
-0.340980615878392
-0.408793485635144
-0.343182369781795
-0.276501237126401
-0.512617918900724
-0.176615736704752
-0.282292065244083
-0.129622601627645
-0.282473049720203
-0.250844529238458
-0.287911205894996
-0.278553732850308
-0.236928757712483
-0.338129640934182
-0.273601773025909
-0.2659715022119
-0.289773469876165
-0.429122444873705
-0.26086375895556
-0.342979895568436
-0.258000755369008
-0.436070313085356
-0.375784164505635
-0.27989318769346
-0.341817187117636
-0.338161757099467
-0.124335404714932
-0.308737761464627
-0.246720222685347
-0.176014385860216
-0.336537760676161
-0.410153303370739
-0.294231328906395
-0.120863414834011
-0.36027498045426
-0.212633237282991
-0.266934953348151
-0.287824328500861
-0.273351236252634
-0.122104238341635
-0.329073296290544
-0.287399631155273
-0.23121495798215
-0.213392031281228
-0.16213959742041
-0.347373398715415
-0.314636223962434
-0.244419146856184
-0.244906767700869
-0.334894661224648
-0.208505324276291
-0.275156327069491
-0.318132731033568
-0.39055075316479
-0.291612279138596
-0.21758185708041
-0.187339309996674
-0.252343155480372
-0.213123221132572
-0.325309205325936
-0.212894916574435
-0.0648893337089001
-0.107331370282924
-0.226516214756886
-0.239669070219117
-0.188070254567688
-0.246402102960479
-0.315384662861418
-0.151338306141409
-0.261870177572375
-0.175030791950738
-0.186932598547484
-0.20372633226328
-0.216764555200536
-0.148612713261839
-0.232251887112506
-0.23070316062621
-0.00145203990216152
-0.217274390977403
-0.220488467636303
-0.00220737475670448
-0.271748213839598
-0.166186212671282
-0.09757388226477
-0.201555564574764
-0.196135063309253
-0.0490795824069418
0.069577492075286
-0.0764277588661647
-0.0831483556461057
-0.0450212495390436
-0.289231747035882
-0.0800322837960413
-0.282168720496347
-0.152427954855914
-0.190381139209535
-0.0417979870813466
-0.0749142678340682
-0.138716833150262
-0.190255773763664
-0.0887547214386375
-0.104965923147853
-0.0814997187974566
-0.220971131381222
-0.0650706557342144
-0.0336749716711234
-0.231004465855278
-0.304731542660994
0.0263167649001467
-0.142736396556653
0.0088589068597652
-0.114027315253515
-0.120864035583522
-0.1250687452725
-0.0852462224111921
-0.149158528205358
-0.15492287522279
-0.111030412233518
-0.0876900229456391
-0.0126827098186002
-0.00892779522119207
-0.0651283367269291
-0.104955734467861
-0.0135883600469611
0.0453385751875346
-0.119664163545781
-0.0453803305184459
-0.0403012788562758
-0.0880312849493052
-0.0455233076567477
-0.0335592412181028
-0.0154474434604968
-0.0235760895172598
0.0204149730417533
-0.0988594420642865
-0.114798379293064
0.0507973249498961
-0.0603890644106774
-0.154706237823678
-0.0436363642907833
-0.137451415999757
-0.0402273489542736
0.113267658942569
-0.0604180665509099
-0.0393328645527969
-0.0149136388396017
-0.0250111584063956
-0.0944048211636911
-0.074026599017186
0.241190303053749
0.149530263789424
-0.0207386846849424
-0.134682440494471
0.0350432392942364
0.0343475673885176
-0.0571598266939906
0.156079027824826
-0.0478368509698542
-0.023248142003358
-0.0184618207557263
-0.0503248509936032
-0.195369098216148
-0.0351253961353674
-0.0466385473217743
-0.0722535121139383
0.0800734632713325
0.0422424986792333
0.156318688952563
0.0682357573971202
-0.0562457566317847
-0.0787410024375551
-0.0281899699607738
0.0422079740873036
0.00295379064975742
0.15572638342446
0.0685660761698878
-0.044691684707435
0.0217086582869347
0.0571957956120192
0.043281639084295
-0.0049052581569279
-0.0592392834243519
-0.0519016954220954
0.0267746922567505
0.031794010821258
0.0283259872058918
0.0684937519158688
0.0656979192070874
-0.0961877112508101
0.270125201555511
-0.140803208961132
-0.0428370998893945
0.00236398236846419
0.10253802076741
0.0727251674117166
-0.087216821549136
0.0613703236558599
0.14573032595586
0.095106166709575
0.10766524520907
0.058505337337087
0.0448361412606194
0.152128052367647
-0.020407436713328
0.205336392973653
0.244201954323808
0.0457681158679987
0.0681714438071729
0.0286354286857604
0.119553233698188
-0.00811524868342816
0.102451226611643
0.0628099574836157
-0.0121736410843511
0.0941959188848597
0.00776738728589588
0.0949530191745342
0.0775039588524974
0.169048356312437
0.152780175544011
0.182645260361599
0.127549621913875
0.129363654257197
0.181804597747938
-0.0119146212882059
0.0674093516046127
0.101330934385537
0.155728784581291
0.214292640636358
0.225481308510182
0.216199758625562
0.105651319017982
0.139143485609989
0.135139206717881
0.0395027552803431
0.152385354554215
0.163033265518744
0.179442110665758
-0.0394015278934653
0.240096120422834
0.10715258464065
0.148411979787143
0.222425156929655
0.301378168737122
0.144434137836429
0.165610412762112
0.0887206923165288
0.136543511290174
-0.0131268265706532
0.292505416800022
0.397133847917566
0.111405501373085
0.217500704239016
0.0880660512352236
0.0885106503241989
0.154263705289546
0.330132453869451
0.297727498706983
0.420892788157475
0.0615288936763812
0.260300186631048
0.262288377982353
0.129886123719356
0.13807526236504
0.231028581430088
0.23522918594864
0.170134135340073
0.132510944287616
0.22614392685842
0.337520897722398
0.300118173325628
0.223572142968065
0.242201999281441
0.212525968812441
0.208505856181806
0.153130442158146
0.324152245340898
0.27429685584826
0.306086771763362
0.404911198221985
0.290959042614419
0.147785832340079
0.255184151622551
0.230499926894582
0.292631277951822
0.285825176628687
0.41382990723259
0.16648442776948
0.305259570110579
0.188862772674157
0.148634856516773
0.244426998693876
0.188371706927996
0.283367965473654
0.254739836986555
0.314310268654636
0.463459499255044
0.337609792803844
0.310169203478035
0.238503399824816
0.354811471382994
0.304663538571152
0.297576306024488
0.184806740205831
0.348588702088425
0.263506062634965
0.316394651511622
0.287540708685356
0.161552881611401
0.249764588300371
0.364215650843596
0.491188834115631
0.30083904482427
0.374006027603112
0.196159220187144
0.331046349059053
0.223978385039396
0.292283491382556
0.317422171184617
0.28996798763504
0.263029489104384
0.370379354678984
0.460921480306366
0.332593410288477
0.300214978553607
0.44584372326044
0.376446432465687
0.376082046046602
0.385158364911045
0.35028211202414
0.272330611411355
0.178029754353274
0.399161066892771
0.485808739033118
0.338317592298147
0.405146789210686
0.477610932244369
0.3686128537459
0.341488034799818
0.351617458170307
0.286473942871571
0.278399742434536
0.504414231664395
0.3558227252122
0.579801833728164
0.430336843759845
0.299417915798829
0.245328730920295
0.344032613941958
0.464367037134031
0.335134662218051
0.427102957357958
0.334790539262374
0.293333088061382
0.520187417651898
0.485459188222669
0.486936351320419
0.342835886555032
0.412049562995729
0.388014845434933
0.579556929876608
0.373428720002724
0.39721489035281
0.394423166553926
0.473430254752488
0.500054694220962
0.422800891074629
0.344509855377969
0.452415575216389
0.282394646820687
0.361681802428762
0.459750361251133
0.446133312508283
0.386974049582303
0.481024953012775
0.430370822649618
0.424381894917479
0.26942059574851
0.36992304711544
0.354932488022722
0.344624152437452
0.462924924209231
0.45499634444247
0.471927994553323
0.340074020717453
0.322273246332496
0.363197465966421
0.517640362996878
0.583685079870869
0.445637579971602
0.536608052384996
0.489440391371679
0.513641129951618
0.461094716018165
0.377433121587073
0.533592004308745
0.421180898617457
0.533084349933549
0.481036731867109
0.499699877122574
0.601684606932558
0.591141527881271
0.491682493929073
0.489999044920502
0.39999009810912
0.399273213049653
0.525049499795325
0.552114447465609
0.533263028904506
0.527765841114894
0.551355915012482
0.545265400867125
0.455619182977603
0.549704479091719
0.450945746982325
0.393760631824649
0.427510850221512
0.547528177930163
0.658339923359287
0.499524554786961
0.453029955255832
0.552224788107452
0.639935057821593
0.484104274655328
0.41760975005239
0.396406901771784
0.514003194855111
0.595088916150701
0.551564956830762
0.492083768726794
0.460174476806008
0.428111449140775
0.432143881393575
0.366947743077776
0.545140895051507
0.456614771017637
0.717637169623932
0.645541158152839
0.597322412797063
0.617907010604145
0.530122201871016
0.585520346472437
0.481387377278985
0.500653691745599
0.547094317000631
0.374402383758655
0.761096476584959
0.656912168312754
0.57591221339945
0.617492075025494
0.792344656847572
0.591108130319367
0.599081335929901
0.732601541762204
0.753658421496059
0.701540650316407
0.505918492642763
0.601737825019078
0.58416550261622
0.53614411892311
0.695014909994624
0.650429108283532
0.554051228433579
0.691992807887201
0.569482574883182
0.781937093917083
0.578305128865498
0.574991547167294
0.684079356099105
0.617560088883112
0.714791315638492
0.458133333411793
0.668412355125141
0.596747401079542
0.753209394888184
0.592090833284236
0.543717823539918
0.541664510585224
0.633010945083132
0.744064898317993
0.707349304104722
0.622838212400141
0.752659291182252
0.706442513049458
0.43996199966264
0.623957772509361
0.685799206041417
0.724919857944835
0.538832579537833
0.585186066680047
0.598343613006285
0.533635639961736
0.659795838904093
0.733337280931858
0.683374876872789
0.582229930309905
0.537081568950154
0.601872664033694
0.745780820116776
0.691074904285715
0.724034293452199
0.651868024864784
0.68722922268969
0.58225493449552
0.661986009905465
0.769068731205557
0.836776311149884
0.553489662270669
0.729741406531743
0.718350048309644
0.74649588960883
0.675022150813742
0.668626319484207
0.709720071444793
0.647484077370685
0.807184776997154
0.588186046782138
0.770273176495941
0.598274576496229
0.72832163969985
0.624186037995139
0.700337949912265
0.664182253539906
0.535681818388781
0.514219994276492
0.800807482172374
0.594133962940538
0.699289658386842
0.907712340592431
0.794852730541334
0.826183171055334
0.674477230054148
0.76549696525029
0.708810832417322
0.71636491145382
0.728693778952324
0.820187771527888
0.761115500251545
0.770528772377356
0.783852719260264
0.750581602628354
0.755063344623929
0.775489714772891
0.863306098689582
0.88402855292648
0.870923276000455
0.760575630159551
0.827398511856748
0.781351167080529
0.64127906829869
0.72544527824593
0.917045209444638
0.983511464951912
0.597951749505032
0.732473600565911
0.764602373308038
0.798443355451111
0.738722243574607
0.862234839233102
0.905133677613551
0.587626615097334
0.838291357543204
0.87300446906521
0.802359900320919
0.737507914456371
0.839264269313037
0.64611420620669
0.715228030828377
0.837346428206459
0.786730048866103
0.925231370227385
0.934714526483421
0.833768398546179
0.747409720665746
0.931100340934985
0.755057999202326
0.742003576987759
0.984851680039295
0.695659511724509
0.753996372032397
0.783138649972325
0.6287814169857
0.830121206680882
0.852637966595836
0.918713718163975
0.797003365999217
0.767560188551031
0.875235218843572
0.962796378837816
0.893001551266497
0.681483857713933
0.939245000406112
0.855374189016874
0.790454986669129
0.811600806582227
0.76959682855712
0.741286909057957
0.848711498708352
0.958545105530745
0.675437336578709
0.743099369039475
0.953628825755117
0.82942499516704
0.918277134087931
0.960912152996814
0.759790709282035
0.987634682038148
0.901464230031014
0.901095283908159
0.963589831047148
0.873156901347166
0.803573753412694
0.995092310834557
0.845830216139007
1.09571634379664
0.764760165095477
1.00369922213775
0.677094616548725
0.873468481917035
1.00451168199027
0.88117243678068
0.837428551146385
0.869186256219054
0.799726353439649
0.939707787146202
0.762605692777386
1.01238152798102
0.985733210245078
0.947214223767412
0.924656689918407
0.895231197487179
1.04686792580029
1.0717012230892
1.07545550100017
0.840277139033339
1.04188279585326
0.835968839265366
0.971401859508989
0.745588361261024
1.11071759245623
0.984338934026471
1.00302033088075
0.983070573800058
0.991876681621076
0.936981658919826
0.900001389511452
0.983149097191811
0.982648444734611
0.922505002668076
1.02814532117772
0.967759969657391
1.15811047621604
0.87245915134009
1.01507178859843
0.920684397903291
0.963146953960568
0.897627516918468
1.11170662119846
0.924732177320152
1.11020777370669
1.16418487130685
0.916844098085814
1.00334267130857
