-1.0885663510016
-0.929637292983859
-0.892625403408837
-0.973376911398478
-0.97258725320757
-1.07439076408627
-0.992948512378115
-0.996788808328853
-1.13260843013636
-0.89235281430089
-0.923942141305175
-1.03798261085605
-1.06876778388452
-0.950659133455203
-0.998067296486876
-1.05289373832403
-1.03691769836216
-0.957794479604301
-0.888582554346154
-0.993293953830802
-0.829742211497917
-0.906750932613296
-0.873513492989367
-0.887537104788832
-0.903635456380537
-1.01861052484398
-0.899480957780633
-1.03363168232695
-0.940220937683845
-0.957286611879835
-0.82537227326124
-0.862824124183946
-1.17916723847709
-0.892452490457345
-1.03060853891233
-0.919662471473971
-0.973452503555234
-0.890538586772862
-1.11640751024838
-0.909467737767617
-0.783684775956477
-0.968018704135502
-0.925244208435428
-0.995551670755132
-0.894317143921181
-0.918510503951538
-0.87893941538503
-0.947358256951112
-0.893395441746237
-0.937077448507817
-0.957080216213225
-0.860568566905576
-0.844261151454164
-0.825730097964109
-0.773265280869956
-0.788483237027383
-1.02300438279972
-0.768159470196457
-0.78302984697043
-0.74726520231298
-0.994899391789
-0.783510844236169
-0.911129167925292
-0.789243363108394
-0.860061243501573
-1.03197120154053
-0.791145058494273
-0.823185873640192
-0.773685137568343
-0.684588803151928
-0.69951828750271
-0.756324018515874
-0.869699427702198
-0.995275036145778
-0.768030075283078
-0.930469093063455
-0.813066104807659
-0.944193245504459
-0.801212068969088
-0.869375155034561
-0.802419315937731
-0.830048754472433
-0.955920896065408
-0.80728723077656
-0.780718586860813
-0.776512822219321
-1.03629677783818
-0.877711929900828
-0.892246049275993
-0.745582627624056
-0.642649387712231
-0.651048746628364
-0.768659049499856
-0.915062371544769
-0.758636135876791
-0.760245482832013
-0.892156425749674
-0.878221598787674
-0.800226316679219
-0.803873016471439
-0.834875416915899
-0.833047253437681
-0.817536839834436
-0.844548499775021
-0.780929778235824
-0.699345999201945
-0.89654543117949
-0.757161833743291
-0.751359262081506
-0.81769674863301
-0.626410405935044
-0.933477736468436
-0.696946071476996
-0.823872588231577
-0.760901458644857
-0.797921895587267
-0.876567442227589
-0.71889757659433
-0.726182979742013
-0.709879689125635
-0.766707287888125
-0.780931514893066
-0.79385227139924
-0.632714903052246
-0.72512017550023
-0.773783484134011
-0.559912631063356
-0.707333306662717
-0.799939842605204
-0.748496288147652
-0.540454642368823
-0.678781312161382
-0.779024241432275
-0.798629260065277
-0.654268019405331
-0.702169929606582
-0.692383655305942
-0.616583615963625
-0.720422286627246
-0.847531644274726
-0.71313051048928
-0.686068415760485
-0.603101567978967
-0.660177189611268
-0.673456718854106
-0.647536167514393
-0.61782288073146
-0.676871078679625
-0.802350415746407
-0.702514752412753
-0.777321095349017
-0.713240188456139
-0.678099000132764
-0.790736483266399
-0.520185308388753
-0.63200795487899
-0.768576809165317
-0.721835350681749
-0.648919148100216
-0.717420369437783
-0.754257926389361
-0.536857901380138
-0.674571017589083
-0.606441059149306
-0.837131351677475
-0.678135732394027
-0.652972358081539
-0.616098640024693
-0.639822176046447
-0.74940986876195
-0.743821905360143
-0.546470443290028
-0.678360139108688
-0.652457197980169
-0.468875161191063
-0.741841511302548
-0.584766305233618
-0.735263932467027
-0.548914083912458
-0.510123413602295
-0.589472222192127
-0.756077206899774
-0.526973956545924
-0.56281376583988
-0.599860129459275
-0.520907572788949
-0.721362945928975
-0.714707392438048
-0.669287015059792
-0.730842885789777
-0.645263837858473
-0.763573981387972
-0.564367843022134
-0.616022752425534
-0.442528714228633
-0.537725417166529
-0.608975519596525
-0.585469272160107
-0.576875547225872
-0.621749680225886
-0.61278065369733
-0.637652497019876
-0.625826609648513
-0.521174201435236
-0.414104820638294
-0.525145689291809
-0.681442864084183
-0.453017745016873
-0.555268510944908
-0.48691234331018
-0.587157339078506
-0.694218386338961
-0.5775354045588
-0.549059925968566
-0.61704058301597
-0.427812799873801
-0.43716155430994
-0.529281793847718
-0.645328483443293
-0.663607134198016
-0.62685208335065
-0.579222867462325
-0.618365922768282
-0.629011369923909
-0.559218667799903
-0.531275813410704
-0.65447453723089
-0.622069388323627
-0.591540326230377
-0.574986830668565
-0.668081071730976
-0.572664502024105
-0.525296544258911
-0.381859120422317
-0.608713298661741
-0.576071557455301
-0.265523452185552
-0.547270808686084
-0.463116072764597
-0.583063362654479
-0.603277427300529
-0.806055884392868
-0.497920320493326
-0.495813200578339
-0.531113150268503
-0.577106440924836
-0.492598051060147
-0.483795947147772
-0.514754231620288
-0.504218734128614
-0.405593217090785
-0.362356873200477
-0.56314141863407
-0.515581258758146
-0.396546762664781
-0.429157678335358
-0.50413504959888
-0.383257786672915
-0.448583461769254
-0.545807567689534
-0.451061809857483
-0.612632051298864
-0.47846473109383
-0.433502685135908
-0.449010413597505
-0.413761288979276
-0.564206148177579
-0.61761808195082
-0.3155922747268
-0.409990609178523
-0.400136833221604
-0.336917297984024
-0.407995469838271
-0.421886194716348
-0.365548487974064
-0.490582481804544
-0.422553356877467
-0.647377486387037
-0.521496954112351
-0.533887461698586
-0.466781641748577
-0.46257804515862
-0.406399767534869
-0.42590684611005
-0.478833307145075
-0.257106158491089
-0.335693760253273
-0.439693881572141
-0.427666818114993
-0.308018404954047
-0.39011247321204
-0.473769171480711
-0.288960522258776
-0.458189294442033
-0.390357240136162
-0.327748962542705
-0.429209484206402
-0.313466554074599
-0.405571602957258
-0.322562532537078
-0.375408287261503
-0.44834891128959
-0.366919376011703
-0.237649739740116
-0.189152566727597
-0.419552588404517
-0.359793241871849
-0.390597134112581
-0.406051033212411
-0.448006085803594
-0.326275385424994
-0.421060159448967
-0.175422231585474
-0.352213172178072
-0.270132312923359
-0.554515922471522
-0.375951509722392
-0.329791529494064
-0.458648071735291
-0.235445769625593
-0.366144293046296
-0.36816734829413
-0.326674542421384
-0.328986981383095
-0.360546703066756
-0.429950902013923
-0.364159953388599
-0.419358674822688
-0.329457142102525
-0.282370399982683
-0.385634826963342
-0.443243461365311
-0.353530981919831
-0.378789848098747
-0.364987556486882
-0.316296245951664
-0.440447262686717
-0.262811141105749
-0.261278997828971
-0.280522619083455
-0.344806207949427
-0.338950907474352
-0.433536746005363
-0.371120825975199
-0.360826991703568
-0.26864854149125
-0.351834253027271
-0.195198702317941
-0.202728583803959
-0.245395324506696
-0.36008341075278
-0.221554364355424
-0.200003717140665
-0.334084358820572
-0.298097524988494
-0.160675689350832
-0.221005634272668
-0.176946575110796
-0.411602943825061
-0.177282876127334
-0.194469354363091
-0.310989980458208
-0.20835075131465
-0.158058286715722
-0.301629508566815
-0.246101229221302
-0.213839324294144
-0.190720821758368
-0.37536448137513
-0.320137986591263
-0.228359591760546
-0.406244582096471
-0.304104136557649
-0.257761377264616
-0.417187263013888
-0.14955967954682
-0.265181160982893
-0.140845381607402
-0.19484160365482
-0.342352234997651
-0.307412569659881
-0.237741082507309
-0.321894206742942
-0.297701759206638
-0.223578154686591
-0.233242347219699
-0.323539176987594
-0.217057789588833
-0.279709527781092
-0.129242598686902
-0.251164662484859
-0.219074474791769
-0.166996122153173
-0.075143180198373
-0.11961646319457
-0.106652767945894
-0.0927391311633552
-0.309545061342951
-0.185932942296849
-0.310650967884987
-0.340628080167791
-0.0986039942758198
-0.278153068069694
-0.0960228802181572
-0.186683709815525
-0.199065718351296
-0.168797641414823
-0.120804637039713
-0.125332177959319
-0.306205579309863
-0.202911452716711
-0.116236315074453
-0.0547223554796118
-0.150760245477577
-0.211553378696246
-0.0870028472984856
-0.179710743313206
-0.251539577175169
-0.173047573147614
-0.155859865887349
-0.141169898717514
-0.232441625728145
-0.115759004050302
-0.139430978797957
-0.28061609380301
-0.066916751948644
-0.147715330850054
-0.240327854197746
-0.182584947950434
-0.165482501124157
-0.127072519640885
-0.178362869290336
-0.111815984535624
-0.219405373571847
-0.175848971173131
-0.0586316504227084
0.0129384790351105
-0.119896277825099
-0.0417154104238983
-0.249882622921206
-0.164032914345745
-0.209636678380293
-0.140175620333377
-0.107998936645886
-0.214441162802647
-0.0254040484159744
-0.00324922998209126
-0.210853987000008
-0.232692686049892
-0.308899830770647
-0.102751900643072
-0.0960503262782307
-0.202889477550757
0.029339869894663
-0.0684594324802529
-0.119042528772598
-0.0746208554889775
-0.0230582010550766
-0.129771825474798
-0.150313350073892
-0.102266680660389
0.0280299266644395
-0.0322805147788086
-0.0855453482599876
-0.0772052899439239
0.00464779325232295
-0.04312682031492
0.084710476575246
-0.234079181426938
-0.206801383269698
-0.0917479962964265
0.0216832160813442
-0.129920928576421
-0.0772507796218627
-0.09370097673877
-0.0809315548544812
-0.0834164678020152
-0.00834502467291286
0.076835725759021
-0.187401292349928
0.0753124192421567
-0.181787393906271
-0.0809503408895081
-0.225061341303135
-0.0299409500763219
0.0755936727583122
-0.101319024491122
-0.065414457757844
0.000425997964430308
-0.0411827052178195
-0.0248691610704672
-0.0232049563134406
-0.11106014816214
-0.024870333882339
0.0988176566161085
0.154624911125339
-0.148197284228787
0.0132238885533609
0.00365730014690516
0.133444124367159
0.0626746901454844
-0.00367831207891918
-0.121061756867408
0.0696803905181441
-0.0360197157398499
0.0843270400260028
-0.0211854839467789
-0.00926724535213265
-0.0743252285391758
-0.0515494769817357
-0.148998583585888
-0.14453733539544
-0.00162048302438884
0.00960437406731027
0.0728699513451979
-0.0281587493076836
-0.00142893841866077
0.151050734425313
0.116247979495167
-0.0236521030014698
0.0311906617864674
0.0686741168222171
0.0266715006518139
0.079718486646558
0.135867361634478
-0.0149565800081279
0.0508429636706291
0.0758856680061542
0.102846151342797
0.0629087239690255
0.0363590381286902
0.1481329559465
0.217403403618963
0.125843605721457
0.132842895372769
-0.0164581845627673
0.183471964378559
-0.0162092265920972
0.0713234399066647
0.156243352113837
0.0510557323275973
-0.0976784018520737
-0.125354657215546
0.03754715354209
0.0669768151324712
0.237089551170924
-0.0138235483258505
0.0483048732117157
0.109340499690379
0.157883820922855
0.130823185055663
0.0777454304820881
0.118191532736798
0.213745903041317
0.0200051102457703
0.00697695746547978
0.259797746292457
-0.0462962857217312
0.127624803439336
0.225633431685885
0.0916445477062345
0.116360721540018
0.225396022103046
0.249318881023715
0.153191806347891
0.108913789638978
0.134027221352564
0.0630665909336036
0.241786259309348
0.185782102621339
0.069038094483248
0.271177453472977
0.0274295206795794
0.0885945461038229
0.180042553615703
0.132916691948351
0.156101720762674
0.112585679737117
0.0659954721090025
0.119555883153037
0.120574651067361
0.0619655404154418
0.301617226105555
0.18501572895086
0.261281193276449
0.00962881126447248
0.028184174280748
0.253803813110921
-0.010345144952236
0.311975795380855
0.172742239395258
0.195687588770267
0.198449816561723
0.244840359716005
0.239719766868771
0.167371127625701
0.201271250302769
0.152355078280593
0.205970541994054
0.304114176722579
0.271690456812089
0.136878419064783
0.171663832502576
0.138579833199351
0.264352319801673
0.325098073701193
0.2158198094889
0.174998776600001
0.150284452137748
0.260260547654775
0.301010802377331
0.214237389027807
0.239359620113067
0.15492313504161
0.273624121724011
0.249756072792113
0.15665254390905
0.124790780193992
0.269552140333129
0.230191312305859
0.20447761078308
0.251130941221328
0.216752382814003
0.222937841928446
0.233584554609382
0.20232924541925
0.179622766844843
0.306797274131729
0.353778949697494
0.306226835151148
0.347036458825456
0.253735808823525
0.328107470723351
0.244297640123701
0.0258956235279099
0.175034679985174
0.401735756758183
0.0694855960944038
0.260900638637472
0.227934978817022
0.267005974845501
0.419754787354584
0.382325451837613
0.412553499146728
0.317746161758609
0.280178718479189
0.261086428762667
0.262489804242796
0.302388123089376
0.358066635604891
0.511562263667825
0.451277986921059
0.289819843798004
0.174510133427098
0.215977873489374
0.199842512630632
0.417867769124755
0.305558592282436
0.2705841905888
0.271332222474659
0.342502809495858
0.297459841868837
0.370041982263068
0.372781869744835
0.250058317972986
0.280645784303146
0.342207250382104
0.314731120400624
0.305869499107475
0.208609139484995
0.222518904236762
0.36572787123821
0.34303260518197
0.228619601907113
0.516617986956535
0.320587429607156
0.268944828053953
0.398490738492506
0.32208811694754
0.349019372701881
0.445650656149619
0.374635251913207
0.431758634235211
0.116842507590272
0.321620565769558
0.47941776396075
0.261275044947999
0.383195158158885
0.456941999174826
0.39551904896443
0.427214196554774
0.283995967982372
0.372175683088415
0.298086216590301
0.420036000273113
0.556666576553072
0.239060630449338
0.28800669540198
0.366015571935155
0.364666882099211
0.411449202836267
0.390546250365976
0.389752294272928
0.411906416326895
0.277208744273917
0.466243507408405
0.400317235837193
0.396157152238479
0.310069781691353
0.413772260724078
0.333310824840024
0.36503777265012
0.444446341658875
0.436531358967994
0.48218363994727
0.421514890544169
0.408773537901179
0.478522453718816
0.641652451644616
0.556307318174578
0.404156902822853
0.407456293232832
0.455212469384448
0.480818823660936
0.477600841822617
0.428343767119187
0.361629378370025
0.32767274819338
0.584752440353585
0.492490856256679
0.607881276796058
0.301315995562461
0.552998923203403
0.457425847202466
0.363312489318166
0.553122803982159
0.451146454421925
0.442043648094365
0.435119550168544
0.459693614481457
0.577610959203028
0.49352625425073
0.46818433514291
0.555265361391259
0.374643640931146
0.447862112223256
0.403933200826135
0.566807948937137
0.388792511866643
0.411404755253393
0.449999437527727
0.425949991455455
0.437183660322334
0.518549274618505
0.352408330428367
0.49150897621725
0.609218099931219
0.572144260086894
0.603272695575196
0.496847673610231
0.585828786236586
0.49645306416035
0.507703860170685
0.520915280768041
0.726777534753483
0.517319997750612
0.504075867847303
0.471435904620577
0.561052967451854
0.559933877253132
0.502951909856067
0.5188360530106
0.603320258386182
0.591023012857936
0.73031517039951
0.636735005091586
0.448205685781284
0.419105385454279
0.706782515434517
0.462998148900873
0.457415110585937
0.61043564449228
0.51514308046284
0.624888278814867
0.568785786245166
0.613269368004184
0.620615971975022
0.621330852464746
0.679515340758127
0.601869335180697
0.5514293601375
0.602202163592513
0.562168215374291
0.484420949967897
0.670563994739018
0.614915749727637
0.630793788081009
0.687959296847886
0.601404235770758
0.498685259616266
0.526700980907676
0.602039051811858
0.529623972948882
0.545679075546308
0.522498915059432
0.610995836600509
0.634890368524692
0.677250839175707
0.580783910083196
0.545941397716796
0.803670634302483
0.62003201570956
0.718006598789068
0.679834968497044
0.713616112858397
0.638007012119457
0.686342967956969
0.505741479139632
0.683003223509182
0.606015644792531
0.480041631388283
0.628798393003618
0.413817765359746
0.500711361125474
0.828185907327642
0.572858454695969
0.790104318136308
0.747116646008585
0.589496626230574
0.551354526100247
0.610884036417931
0.69180866513712
0.744230142929899
0.540676439648269
0.720063803322786
0.442164835803748
0.716957746952315
0.71824498124556
0.672452897327836
0.672515565033076
0.819974838036185
0.65925911770906
0.775389037934566
0.684974230122177
0.587129422429979
0.648144795142621
0.733015109177992
0.735679280866404
0.670350706252645
0.754529922102787
0.588690630250987
0.598625161617745
0.659783660656587
0.662855757837586
0.521371123649406
0.712440080931893
0.667531779159608
0.771527489645949
0.655689198047532
0.687636760287662
0.740297158767032
0.785407637386163
0.683077418781973
0.554941557491667
0.667510089343727
0.741755660862342
0.61108591454098
0.596585306822644
0.682249604461073
0.772281911973329
0.856032782407425
0.704409806039374
0.66335403384271
0.747812133175156
0.678144268848884
0.619219733576393
0.757797623762789
0.782320497513175
0.760358058616585
0.745432687058889
0.973457925886823
0.728493882242078
0.896031240959755
0.857614900840013
0.483018349060755
0.69728948570971
0.860353052822334
0.789816529243516
0.799208855422764
0.848696755943784
0.612415034497546
0.72067006826212
0.798943019979708
0.667066225442788
0.807705770034817
0.862821356663662
0.839402134671603
0.769148896199053
0.718732389629753
0.949425843549084
0.975046036331019
0.656208775475866
0.975076979114227
0.92941591387061
0.733725499975407
0.758006468521027
0.846547004709159
0.971268975010301
0.802010109048845
0.880383721941109
0.867012279229465
0.909669043477148
0.893005259261318
0.902487942794999
0.769018010719727
0.78172954908943
0.923195973764803
0.936345245786549
0.85584998157334
0.897676487818334
0.805951481377218
0.708999761791837
0.833322119424954
0.804025930036378
0.915979432449007
0.771329031371933
0.743686077499708
0.779920033764936
0.893639785985902
0.921585886597407
0.842294524119316
0.736862190501832
0.929989275733279
0.831787868119219
0.9653292625736
0.937897816898774
0.904254462634955
0.803896909750426
0.91541412280131
0.751273944583652
0.697522260709912
1.00827053762632
0.953199428795434
0.856216060393368
0.769757329290344
1.04473264417631
0.898732312559409
0.903116817386239
0.935308021311056
0.868603816037339
0.896172984699922
0.957544407084048
0.947028347183355
0.958887082541433
0.774602252170959
0.914061913395858
0.871030751943779
0.862362205453078
1.08231848350498
0.893673082043865
0.899094066041875
0.880097012031581
1.03077389617744
0.909713620626314
0.901854074349457
1.02863428354026
0.973025066354678
0.975744435045224
0.829603226780066
0.930956383689418
0.742613428581177
0.943829438543188
0.864428863035894
0.940899888433671
0.919013972318808
0.815439667999888
1.06796452100696
1.09119010028561
0.90778746267278
0.871224636542695
0.773300472960507
1.10713274582836
1.05589729253514
1.02145191440777
1.054518791439
1.02542125712616
0.840747666647299
0.986078332565896
0.864072791238166
1.00728019733559
0.87112403825126
0.978377722205293
0.93276483025179
0.954483046000573
0.917929625679976
1.05705119184164
0.983521165133908
0.989267729600892
1.04916370860453
0.974920252704561
