-0.823851946424012
-0.931704572154409
-1.11943393357231
-0.935416741595598
-1.08230219606288
-0.947860760156721
-1.01545800634546
-0.969066804111552
-1.07252938704956
-0.870041292703909
-0.881644348299412
-1.18395469247857
-0.966895092910212
-0.909070738220681
-1.02390386145598
-0.968099837784995
-0.974351099408104
-0.932472754886385
-1.0199674575046
-0.963213727785946
-0.943017273412398
-0.932690730397939
-0.798365757807661
-0.855318123490081
-0.967977056404913
-0.933936854060697
-0.89975466405187
-1.02473047667461
-0.930242270911356
-0.897128860819368
-0.876305477164818
-1.05001158861733
-0.769012571685332
-1.09149159953823
-0.92346300215692
-0.866543553491676
-0.925162807258484
-1.04892118662555
-1.06491971910816
-0.850770714513292
-0.930797381462763
-0.81639425990921
-0.931419338579008
-1.00484576490245
-0.831271664559533
-0.866818251282536
-0.935606220476281
-0.923736373405048
-1.0093538106783
-0.829838984144502
-0.912368072181025
-0.924149019608592
-0.889759769393474
-0.849637730399338
-0.722608097303516
-0.921277447119278
-0.916370019929212
-0.866936356195228
-0.866813044133367
-0.897428220327936
-0.793169293521688
-0.943615760566713
-0.95731916753581
-0.945813887785922
-0.972200239886555
-0.844958024902566
-0.944115967474901
-0.827608019408803
-0.884930984208636
-0.921853579335406
-0.939146759523908
-0.895188166490269
-1.00074844817806
-0.899239305937724
-0.850319629739633
-0.889037537989095
-0.825726505271267
-0.939202786778691
-0.866657621304316
-0.850157510807342
-0.994496012690653
-0.735238783277876
-0.857156668512406
-0.783149764126864
-0.853752477470188
-0.716610497669446
-0.791455800756984
-0.863851056679035
-0.807213806831368
-0.882922183097757
-0.753782009358546
-0.830547826580114
-0.691857120194642
-0.897122033174097
-0.793587115895843
-0.730159452969435
-0.797342200669745
-0.886924807600195
-0.885011354619934
-0.772633488735566
-0.707677843555714
-0.714078279309785
-0.694459324098962
-0.730574425065903
-0.801243146920908
-0.713486310827476
-0.784692236993003
-0.759580262335599
-0.720076759886542
-0.798230916723525
-0.645479170789429
-0.695561177487866
-0.841126350551261
-0.642630309529411
-0.849933519847817
-0.587705123307279
-0.792961353928292
-0.759506846399814
-0.613758154888334
-0.812243089165755
-0.730168605398895
-0.733046397994656
-0.784201422240717
-0.724574381438255
-0.576412455408785
-0.539674466801018
-0.8324383269073
-0.67624762304312
-0.725244375840315
-0.590593391165535
-0.757750501786461
-0.631204595285102
-0.635493803821765
-0.716697580872943
-0.900978121343335
-0.765773202420323
-0.858332698125954
-0.507686429522618
-0.691980009020352
-0.843280907784333
-0.717111855721624
-0.620042593101578
-0.681219061014434
-0.707686798246204
-0.828261197560649
-0.77058049521778
-0.711600332920738
-0.764011625966681
-0.669903411132354
-0.785784490258157
-0.60908319105182
-0.946530150789683
-0.750531015370626
-0.704963242754918
-0.637805020389232
-0.749666640836635
-0.532254017418373
-0.514116672608295
-0.699184488306462
-0.664255809919159
-0.742584469707881
-0.662547394477086
-0.683314293806663
-0.582902848946878
-0.718106864349985
-0.540031918890331
-0.591214213327087
-0.545335375425253
-0.703646927195498
-0.578681812864127
-0.786821585752716
-0.637644700057203
-0.735156566333892
-0.622620647413206
-0.615847269251672
-0.356643911885964
-0.715417504616578
-0.544097758897761
-0.552948116534844
-0.6240023917905
-0.816483554375091
-0.612408519208111
-0.686708079025829
-0.553267621998857
-0.715189489916685
-0.652965466316977
-0.506417491085765
-0.659641813327087
-0.634664434725576
-0.655787125678887
-0.506511779235185
-0.611496256735474
-0.566722741732014
-0.748862330542158
-0.694438110155609
-0.598556229076007
-0.729406508667908
-0.591954686691505
-0.443660178483388
-0.624796726871322
-0.593459542571478
-0.623250462631573
-0.585013725288173
-0.4605229872871
-0.65532664524578
-0.591552671500811
-0.627660361513633
-0.629029089808532
-0.588219851180691
-0.566142581956266
-0.42375367737611
-0.648937374798197
-0.622881873455272
-0.359264866273328
-0.563197693734752
-0.613114691900213
-0.593142515710476
-0.605576632325818
-0.628459553172362
-0.630168520961362
-0.580414095321736
-0.454176344186656
-0.459219425931677
-0.464432383932707
-0.545773414448147
-0.596262965125451
-0.555800432977572
-0.509759308479329
-0.551011682149807
-0.647602436770249
-0.493647762290876
-0.411673097329698
-0.494116838554921
-0.227142172530917
-0.464322937553259
-0.596185289575055
-0.437379868142648
-0.510164248791409
-0.616930259953837
-0.435893121885002
-0.474309854678644
-0.630839305804051
-0.693143850058881
-0.535127965609561
-0.494965091599824
-0.542429626366611
-0.563132086128432
-0.525764613190797
-0.508022571466447
-0.373957788060745
-0.447745896057978
-0.507815745479178
-0.564742090673829
-0.502933000806947
-0.527160012009798
-0.363593093577391
-0.474353165918901
-0.477215693789409
-0.613958623444397
-0.482585201198503
-0.445459377841856
-0.435674727100545
-0.447794034916206
-0.501619138009986
-0.452005231569998
-0.485509834350828
-0.54705396291674
-0.412027954923138
-0.425752892538527
-0.356711502678498
-0.551695046068463
-0.503949290257395
-0.402816839468838
-0.451539885934969
-0.420632896214503
-0.308418348587063
-0.335596852852058
-0.66386998525897
-0.391541441402239
-0.456609420388232
-0.308957757103661
-0.560943697381832
-0.423654417996204
-0.489486841594216
-0.363818035964773
-0.526182004999164
-0.285771046843717
-0.527914554579174
-0.505911325111059
-0.547463807158269
-0.353154556140085
-0.386887258476658
-0.488337155670997
-0.317738023510279
-0.459203944678671
-0.402610646228251
-0.413868439213749
-0.338445523337438
-0.330438455081266
-0.31023013974771
-0.424473276439221
-0.377119375966459
-0.37428491515446
-0.221139408800185
-0.396242161173407
-0.40446085661649
-0.33884279349297
-0.399448946733863
-0.404234470965688
-0.449368158506777
-0.318549378895514
-0.321525182693318
-0.351539046845053
-0.331550527651017
-0.461897517728913
-0.443522928927434
-0.358932306817429
-0.310730133276243
-0.383960430121224
-0.309042137099012
-0.207067924168937
-0.415895598547653
-0.502656889646776
-0.448992149900131
-0.273596053530977
-0.420225062837654
-0.353871854692369
-0.383777997234916
-0.295736071717873
-0.385209537377207
-0.372701120208944
-0.24434644845167
-0.250669922948265
-0.314300504243542
-0.380638649356045
-0.316441716609086
-0.204033545752742
-0.417019327758859
-0.321623501720565
-0.36154556995258
-0.304454128619025
-0.293435887546139
-0.25914546880152
-0.299480639403692
-0.207143676698799
-0.200860868721007
-0.177538650316997
-0.355117961725655
-0.299501622481071
-0.239122168262989
-0.379645783521452
-0.250588005142382
-0.266837093503818
-0.347335374101874
-0.228703548248736
-0.188825148784275
-0.143873825274344
-0.355899949287016
-0.180118810826165
-0.20216815241104
-0.137374192692306
-0.294741225200182
-0.329294789580291
-0.329048813800328
-0.274877372367011
-0.336275341722578
-0.304355746497897
-0.119955855447843
-0.113933831879277
-0.32546984766389
-0.230230125997715
-0.0555540255463406
-0.286944408454613
-0.249019534957314
-0.133401364605502
-0.302347853259297
-0.253330634392448
-0.357283578565777
-0.282706112869073
-0.159847299829966
-0.309895263457209
-0.30631885458652
-0.155753641030408
-0.165731569396551
-0.0525287652452949
0.0362658834146799
-0.29139459642422
-0.205226829994272
-0.185821011657676
-0.117915811859214
-0.242224680597857
-0.116554704620942
-0.27714614593142
-0.328559792684202
-0.099555775100685
-0.232881155592793
-0.13458355794301
-0.162382024781901
-0.420916790093084
0.0177341186288329
-0.225265166451926
-0.119814432903094
-0.233759843751903
-0.261815812558067
-0.176913823511396
-0.314203497887968
-0.146763401814196
-0.152738095947964
-0.206090732806476
-0.250657059235854
-0.387179224494502
-0.20780390635043
-0.152279250540157
-0.193982178431827
-0.1128936142703
-0.17430625513822
-0.153246771408044
-0.118477462265593
-0.0536345942378001
-0.233460403378961
-0.217836517559334
-0.0536802381843772
-0.182896237582513
-0.0504138731616549
-0.127152782470769
-0.103111078120307
-0.13111105153035
-0.132372122633534
0.0744129637561613
-0.11985112904959
-0.28588369172824
-0.190389930118473
-0.128158009826907
-0.124746595950201
0.0253648613119544
-0.0840392443685858
-0.241232858469297
-0.130058124889613
-0.13635635856055
-0.0945449222318259
-0.157640746977231
-0.150609407594127
0.00482469292543919
-0.129062890537047
-0.0898280640391434
-0.108749791021051
0.045074270216434
-0.169088255186484
-0.0991015274341358
0.0334517482085364
-0.0733411979613913
0.0566365029702621
-0.01764361696421
-0.124112728302748
-0.111077947590467
-0.0940304189709079
-0.163408253475445
-0.0374787586983265
-0.116861536332067
0.128528478062661
-0.0413122898707628
-0.145717039401019
-0.138892502495337
-0.169105820361209
-0.012945047466098
-0.0200832008202366
-0.00704300068847716
-0.012631831889402
-0.0865749419659598
-0.123359075594808
-0.0887838591548465
-0.0475156387838351
-0.065298424186235
-0.0315890332419821
-0.120834433143434
-0.096972545110559
0.0176534557413782
-0.111562182365943
-0.0179713126427907
-0.114475645374831
-0.218135510897473
0.0613105225840966
0.0350303783685982
0.0651019696418564
-0.0513663330666209
-0.189436278419755
0.0685438969394023
-0.13169606443248
-0.0583710549964363
0.0132587542012271
-0.12615086096219
0.114869700775744
-0.0147888918298961
-0.0136545403920533
-0.109016896877915
-0.00548096761345584
-0.120480930691282
0.0181921663849789
0.0600737883283383
-0.0264778929923777
0.196660072781075
-0.226039549322165
0.0546636923677201
0.0213997936215364
0.136915895480834
-0.0396472537418947
0.125711010665123
-0.129978362641743
0.0895379418573025
0.020688669509616
0.0552762672270219
0.0916412036950047
-0.0920504303064138
-0.130962775879738
-0.0577813300590054
0.0986938845905495
-0.147246308868926
0.116638207180038
0.0529060124628468
0.0190534462551686
0.0272940697478428
0.0544165579226397
0.0628308119100472
0.165886753909953
-0.14107106687378
-0.0474124023368937
0.148334688887786
0.0583870225998601
0.0647631102290356
-0.113349959778979
0.0510874631977945
0.164970963190385
0.0659921973591536
-0.123896957371233
0.0312540140021263
0.0896274628659744
9.52575421718679e-05
0.0691953035661609
0.0649642874635911
0.125953443973741
0.183568453253563
0.136821191231247
0.0973973981373572
0.133426371185318
0.114457975290746
-0.07633519165004
0.228348905988945
0.0750643423034137
0.0183745788223061
0.0858593404428411
0.220648527832019
0.0910355781807728
0.137109898199248
0.172313604140789
0.119164517740543
0.203481653982837
0.0801766792932405
0.16256572386902
0.171060373606503
0.257104302984575
0.135283978196674
0.219119181168322
-0.0375898868666311
0.20053177663699
0.115556603998984
0.111673276512317
0.141013562556637
0.0336761672374676
0.0716323588220717
0.219576665900092
0.190772792023345
0.168960519458267
0.247680338914733
0.253260013957541
0.0661557996200472
0.173698174947943
0.113430065828509
0.0700224556339523
0.142966686582579
0.246204889863258
0.279966210999892
0.118662217752533
0.0189323414944309
0.16419733473442
0.0733949208228356
0.115989908917206
0.118866425723456
0.159642624866405
0.184278074789313
0.189830501325699
0.296282181143288
0.0772217952874454
0.180634743080486
0.304149188887761
0.301481551244441
0.2002883832394
0.0585827411000972
0.136826621258313
0.466610410960028
0.253591974416826
0.10231786794728
0.0819142275933459
0.201224479481204
0.135454654511247
0.210660124403994
0.300693174530662
0.161500799917855
0.271738628821237
0.233470879693127
0.299328991300767
0.0914708645615804
0.157573096393438
0.119259733705218
0.184960597089885
0.150247485830855
0.0841161942347783
0.389991026001774
0.306088997296846
0.250020328707442
0.333194319130988
0.217196003434674
0.312728592889173
0.33543899342449
0.241410478732705
0.261795454532439
0.197210374242895
0.236668912164904
0.395779382244741
0.228403640864075
0.333069207592021
0.331955016968464
0.0962404569680994
0.283731932484509
0.236755812630449
0.326124903325608
0.163642174845449
0.220332663159758
0.134587412136872
0.364383988347047
0.133579231350959
0.343182495284274
0.284436229319666
0.365976928790465
0.281930609868397
0.451730801305166
0.406781543783468
0.307453753657924
0.292862618515937
0.189636944871612
0.310473008773191
0.383262661144214
0.155580534549514
0.259022504868294
0.290744670811218
0.325262140517542
0.300697508340279
0.311529652704154
0.155904281161012
0.376454043570689
0.436115842861379
0.234092835952369
0.408323742200617
0.181674574100705
0.253103742885538
0.184513312776247
0.376293584562475
0.544766394082955
0.257480572087404
0.240140615744934
0.311093885521064
0.392008501181705
0.356661531251997
0.444946132348295
0.365817700430987
0.426810005354998
0.24239509273414
0.236581612140865
0.436707819800445
0.320511567560407
0.29693642941674
0.472387870870813
0.462228831506088
0.352684393423179
0.325672362145336
0.27688990175161
0.294325120108015
0.434623451518124
0.408729846033372
0.381566977671174
0.321879113924097
0.334164212571289
0.26753223793914
0.374585115252417
0.351912198645141
0.249790366261426
0.344001761375305
0.34089574437581
0.213885338681235
0.504022603508868
0.437671796525767
0.423377760734993
0.459617441095011
0.589272234207958
0.343215010203766
0.231674822935524
0.500490100868134
0.443456190370991
0.337827880900192
0.487307994628618
0.39873285435421
0.584874471606905
0.335774121891858
0.403619497521151
0.461774228306276
0.408333053733178
0.411866720264453
0.4413355011319
0.460495869990675
0.397166095427081
0.412144497528842
0.422750504397096
0.664159307981083
0.441603173149416
0.568738054804401
0.497268759224153
0.397234031048746
0.616474032477631
0.581985188056636
0.424232643873244
0.548472816326407
0.359027459843273
0.27885783956144
0.488117331329991
0.473094643303874
0.558629099840854
0.37728864397143
0.388448251238271
0.395583063403569
0.351327363296626
0.371943628744709
0.540795767218032
0.480082348925548
0.56031567788227
0.480349493388925
0.428890407473729
0.494024614256558
0.562673825632562
0.54854280596643
0.676887355050555
0.490628161855718
0.428441859990752
0.628628656382182
0.566894178827153
0.455099997313741
0.490119195561098
0.474582359837344
0.45406908421032
0.423996289160111
0.579675652382865
0.608347340459236
0.645918778262334
0.630166012558691
0.565994758635798
0.536184293335636
0.608040824228213
0.61747138152042
0.575278608411899
0.542740981356403
0.583937064327217
0.488445942776215
0.567264332193132
0.524807060707647
0.529411586274213
0.502154029315049
0.471489404885889
0.598859157370208
0.566527452783785
0.646935335766546
0.609475221033068
0.574136793661235
0.545644828573237
0.560919524438842
0.508297653931626
0.612640623476011
0.542636634984286
0.60037053589881
0.569899135536925
0.497463562063735
0.591813299463251
0.490768622572888
0.565114806721436
0.520252804593197
0.607410060364776
0.628146155627922
0.612665501509804
0.50656759577911
0.489242466807656
0.539939141239616
0.528089534497029
0.770072766227411
0.663295971146369
0.408154843033658
0.491048136639261
0.664842283588841
0.611246714969768
0.441633894452578
0.615921056918036
0.631859361688945
0.568703976907714
0.567678819058324
0.56587658021247
0.726314768154562
0.566693503955738
0.559270535412448
0.613728516531878
0.639986269768931
0.532748136447593
0.58605429348827
0.753187932244114
0.625540027710241
0.558797598570339
0.687558692120557
0.690448900684623
0.723460458397347
0.556867859404336
0.699128489334531
0.690236905509556
0.493207159048595
0.562278130539098
0.522945185331683
0.584923703285753
0.724725987007246
0.571421684040768
0.753917741921598
0.715743744957182
0.665067036183301
0.842783001465126
0.651832641018409
0.79692478639802
0.652514934921741
0.75331190007696
0.657496896331865
0.878212803312299
0.627236676084333
0.483886563166921
0.715581663248869
0.814559063420428
0.641707343324659
0.751292743687733
0.597546429907355
0.539338374442069
0.831114570301275
0.682575258169932
0.616729474930501
0.717202055328095
0.934684945560958
0.648438825118022
0.790540269613921
0.762982482160156
0.771058815663064
0.873690953531759
0.63201060158906
0.792118431491352
0.770089687796567
0.667228053700368
0.674820295169954
0.733572653017842
0.61355654450982
0.628877137337956
0.71731496957797
0.575073409862135
0.669249834312234
0.832930677971304
0.755485776593145
0.928268780591535
0.795819997178298
0.744096662634358
0.65769522089513
0.916871439503955
0.895538544523993
0.684195321755567
0.809986567729686
0.704136310842877
0.779947823962747
0.779418888053648
0.715193714393413
0.76562015125769
0.878649881025529
0.65918963124444
0.651716575297881
0.921588942091893
0.850580453355064
0.770271241515885
0.831856821733591
0.796329390499057
0.736646343222198
0.901048345025358
0.839332657483938
0.907317234716029
0.788702095032415
0.708293186038563
0.675588603504325
0.789631039849583
0.841965756760987
0.899893838559956
0.959574153128749
0.893035962319193
0.819036228672764
0.802441493303271
0.851455591259315
0.861374131050353
0.770504869941497
0.694132057609587
0.907884056639479
0.957708470228917
0.988647375903019
0.865364239967347
0.950394289538261
0.871768915754451
0.994938669986168
0.764145227125316
0.972995271520368
0.945695918571507
0.867917110981599
0.829296296623732
0.862845427173374
0.807386587600655
0.845481879575438
0.995778272259155
0.873787041599734
0.910514061175624
0.796230056801329
0.813545259802256
0.996460998680702
0.906200371816842
0.850143880284053
0.932040826897803
1.02805578971291
0.887325893887825
0.9687726891462
0.952248421445763
0.846058381809081
0.868878157417832
0.97390811580252
0.930838377917464
0.840859089327396
0.96716902785286
0.865181375597341
0.882406822372214
0.877647251755173
0.944484542772183
0.833974832864625
0.968167531700655
0.871700328646671
0.838492724365519
0.998106422095055
0.896059613212939
0.877047492877072
1.07193064286375
0.896401312950223
0.984412544335706
0.908136270123502
0.873619457770044
0.866368361088614
1.104448957154
0.99253892607033
0.720754774405526
1.10203369410665
0.994082274963286
0.994457976570429
0.988963699347215
0.923913236721503
0.912004382201013
0.928191966216031
0.886198330122845
0.860582356011184
0.869342952917566
0.993837144049231
1.03418251223992
0.899013110900552
0.777311756293198
0.920476341493214
0.983521696174941
0.904736820675863
0.963520241466938
0.92713828324727
0.976134808706363
0.939916898661395
0.829084126562326
0.957151673974155
0.992926120731971
1.05863711804916
1.0561761569994
1.03099530011722
0.995987444039093
1.05587995965591
1.14367864254006
0.964813165048036
1.02824775779084
1.15313536850898
