-1.15186378678005
-0.78333061820446
-1.00060993218989
-1.04530994648446
-1.07210364879903
-1.0512780908863
-1.04984688411767
-1.12057876093836
-1.09503012124579
-0.79299716589728
-1.07624823845853
-1.10265755324521
-0.888907860048021
-0.959689206027863
-0.998952013906472
-0.969677837663739
-0.943546687739097
-1.07057146058433
-0.988974418815736
-1.06020982690104
-0.891527579857167
-0.963236415505122
-0.739753676897334
-0.947709207887354
-0.882909705978783
-1.02696936109598
-0.955660000893635
-0.96513717516615
-0.975780902715727
-0.982517153087748
-0.742050319048881
-0.990101569909625
-1.03556645165228
-0.910687024283564
-0.839324709815649
-0.857351052633485
-0.876036417724952
-1.00805822794064
-0.910934397861655
-1.08772350965494
-0.740000354644172
-0.948787162145645
-1.01786852417333
-0.896231610719233
-0.971430006199899
-0.99159988567504
-0.886830916936965
-0.812472200890994
-0.876465146989405
-0.906693554473831
-0.844423554123606
-0.967670895652936
-0.702091048113729
-0.830316195485251
-0.916314099350253
-0.887484404238801
-0.940776321364275
-0.852726967821201
-0.790516749134402
-0.861286321318724
-0.913420930185972
-0.912911315569439
-0.75346731601026
-1.01553541058829
-0.747968306384781
-0.9327335513183
-0.852408792721361
-0.960083329633668
-0.721765153004705
-0.81263692082946
-0.847013943669469
-0.737407811619218
-0.899982775699589
-0.770850302551233
-0.812810171291679
-0.848123093167535
-0.877004262443715
-0.932716593756994
-0.797767615160213
-0.741904918399057
-0.894103231983269
-0.755682684092766
-0.79607528185598
-0.875911694063659
-0.911231996148324
-0.788223595418894
-0.845752421210881
-0.859940082425093
-0.821765969576753
-0.868011419696671
-0.850896654347681
-0.841280287435421
-0.881154396888069
-0.802491803783325
-0.807139973081049
-0.826165344779913
-0.780384767105518
-0.87899140589637
-0.838448876419365
-0.728933526565428
-0.833917264453647
-0.859618964216777
-0.83350779058934
-0.654404178665923
-0.670333267751176
-0.982579980569986
-0.919381579814973
-0.573848420292323
-0.843705018971767
-0.678590012771136
-0.747722077390763
-0.880725579357619
-0.781507403845395
-0.609841157748527
-0.724564968186896
-0.85328122337537
-0.770454131922167
-0.745736115173741
-0.925093937975994
-0.765086450957632
-0.609496371724658
-0.85079323906648
-0.861692405175504
-0.701882658664381
-0.61252590499321
-0.837010116365172
-0.817843684631895
-0.578762438374816
-0.733745504648509
-0.627708746940591
-0.812876626683165
-0.771911079232481
-0.774706652216079
-0.685252956676894
-0.74537049037571
-0.709476735531906
-0.654659856035734
-0.562456800987993
-0.527245737163713
-0.783553108840104
-0.774733522786052
-0.699814796885357
-0.788605712874188
-0.761495208982355
-0.687167001564325
-0.737435411533778
-0.73717774023138
-0.812252788031905
-0.781323488102728
-0.567791949775136
-0.674864422785426
-0.780140754767654
-0.762501887549907
-0.761661979718451
-0.554104039511968
-0.633211623480316
-0.766508677601208
-0.750871977230367
-0.829074679929363
-0.673742589783943
-0.74289829461186
-0.647138540783495
-0.78971404815974
-0.559130571862027
-0.653653134226389
-0.673237656979994
-0.702377069403314
-0.547398236847734
-0.769244750849879
-0.806887404676185
-0.737586238996556
-0.599001806587406
-0.633365005321653
-0.559281386201425
-0.562757796151873
-0.629975425776778
-0.857756378949233
-0.575198996730142
-0.556736489124106
-0.753859063797028
-0.580541285194652
-0.449210310914079
-0.50547687893221
-0.731391173610455
-0.46421572384955
-0.529392017066318
-0.537354377921836
-0.614888367019572
-0.686535707556366
-0.575906380177289
-0.589643859007309
-0.588170355749101
-0.5611180148601
-0.615753516707072
-0.529124760246142
-0.619321999431676
-0.741432309193585
-0.613622135680828
-0.709479078348745
-0.53047354835038
-0.685281026553265
-0.476306006566235
-0.733336854192829
-0.520305921953207
-0.572198246771289
-0.549185045821279
-0.608462455638607
-0.477621048404201
-0.474913975899792
-0.582676209389666
-0.613572796790715
-0.661200151039202
-0.476879057786404
-0.507653694363606
-0.667342592594505
-0.518798556844114
-0.503487048063163
-0.677002983476501
-0.537049790286551
-0.550650974155004
-0.509110523273609
-0.591906998833185
-0.513580894741021
-0.645578585845801
-0.611025713797056
-0.553500122991112
-0.618067830496704
-0.698347623122352
-0.56362907212815
-0.547293310293752
-0.615086790065495
-0.730049409145477
-0.481449682859111
-0.461991679305145
-0.452447087464712
-0.460824985860716
-0.431396510537572
-0.60357905060214
-0.548186315786763
-0.594371603346799
-0.721020225338399
-0.290689860765172
-0.460282523208858
-0.573833985383768
-0.465889141880086
-0.463096887329743
-0.547823467534955
-0.482376773823801
-0.466499162556287
-0.448111065378602
-0.554748212544659
-0.513141631234348
-0.457665710282721
-0.640989282246417
-0.500229117905753
-0.499033084766748
-0.399151821004804
-0.458293351220863
-0.493344826918864
-0.443089628562065
-0.643355794505131
-0.348975914930103
-0.552465323603486
-0.431768343596759
-0.445432340910647
-0.601317158733424
-0.519019871729894
-0.496284909204659
-0.368004079145759
-0.430266575741562
-0.51275631950114
-0.499030131686611
-0.433951197921867
-0.301136279131058
-0.556478219499096
-0.436027270801321
-0.58280996324091
-0.507688904925115
-0.511258647333407
-0.358898545738707
-0.286055850059097
-0.437723284939977
-0.435506524125703
-0.414641400011263
-0.357550915900321
-0.344284748461953
-0.435201109176512
-0.316999193936665
-0.598004467326726
-0.384499284880417
-0.526454045977915
-0.595637489959435
-0.418087650324649
-0.349359539402513
-0.569628471188149
-0.391416959804725
-0.453935364580519
-0.335989865914667
-0.272868934059487
-0.320821888642883
-0.41997637267608
-0.382722560902959
-0.325716636832779
-0.384181438254086
-0.391938732651407
-0.469560208232771
-0.431131480000509
-0.377984511660181
-0.389666081812198
-0.396636182365995
-0.255689059755671
-0.264659020487487
-0.378642840468467
-0.422380731098913
-0.423675517656683
-0.499491175146245
-0.242917064618749
-0.433942915282619
-0.322184337966441
-0.370959371836402
-0.318509304958165
-0.37389504899803
-0.351664988282924
-0.395820045383662
-0.290084442139813
-0.349790573258128
-0.431884553919163
-0.364253108506039
-0.40213892545177
-0.406970325301506
-0.32309110421734
-0.373912828092018
-0.212621335532827
-0.167611725125243
-0.348708698772626
-0.330564069529738
-0.233391999750887
-0.316626870087615
-0.236933350293617
-0.274260086425678
-0.371731253901228
-0.278847634288104
-0.280489114309143
-0.328264937586005
-0.292898698583331
-0.266049072959713
-0.449268858874434
-0.454042885801419
-0.313827351082185
-0.249927632932562
-0.353157945497303
-0.321954066936967
-0.381481755151383
-0.3420721353158
-0.369672795344213
-0.341641888111735
-0.19966857197571
-0.302388451719535
-0.365077398468056
-0.264423653016335
-0.24452704364368
-0.211381475447752
-0.31676182827971
-0.207563978030429
-0.169241206891201
-0.17664174436891
-0.172473284230693
-0.278019314811505
-0.217055029550637
-0.280863783215775
-0.399078062079526
-0.23661926457085
-0.138318889431356
-0.142467262099389
-0.341408678595255
-0.382584601733414
-0.286521339187991
-0.359526227536007
-0.303027050610334
-0.289473492689028
-0.272133161394458
-0.316680223691338
-0.197816675378308
-0.213346694328141
-0.226844800433386
-0.228240337193662
-0.259352811150983
-0.230328334923653
-0.252734383153776
-0.182719045022199
-0.153843879994707
-0.250786160636384
-0.257909031622702
-0.176339405243244
-0.197771438045901
-0.190921861316365
-0.308438943283078
-0.239058577051077
-0.21370284804289
-0.146486928938432
-0.239769509112914
-0.122079728570145
-0.158570184961962
-0.203124302088384
-0.270702674085928
-0.152991796452833
-0.186461863799862
-0.264279330988096
-0.148835494445862
-0.0714788145987597
-0.174930571966886
-0.293725260730831
-0.179782845975335
-0.203208411909556
-0.235484468582897
-0.166060497612957
-0.146275441552199
-0.144491443260335
-0.179008944731361
-0.414057625176365
-0.301522509417882
-0.216887975988155
-0.0754482738728977
0.0106299076633319
-0.0907985733768021
-0.291009509297021
-0.0444148226620275
-0.218748171434824
0.00892600527606061
-0.0857118881624527
-0.242594514807725
-0.0953331605908714
-0.284960835278574
-0.109945306104328
-0.141125404611919
-0.0638311118321139
-0.270966737181991
-0.0911437334545465
-0.176404089634601
-0.236191495826509
-0.021445228579249
-0.248807905629645
-0.0781124890627535
-0.148781931054194
-0.119765778617958
-0.100345246165258
-0.188564956290659
-0.215444735723217
-0.0644398208174981
-0.288162113380156
-0.117984350205282
0.0850284279233774
0.0280540426390904
-0.134547040232933
-0.08202161701789
-0.0576383523824747
0.0604830916446036
-0.0214166395825062
-0.125823011148894
-0.177591262438768
-0.182797871990542
0.0258697097587719
0.0135725601322655
0.136075196869258
-0.0636081743993747
-0.0940858975795229
-0.0688356924524509
-0.206845125551026
-0.183316299345349
-0.188329187293864
-0.0558705975992915
-0.0707403092305274
0.0195657625644973
0.109704062355869
0.125105179297727
0.0929091705839139
-0.06532117769255
-0.104509742808285
0.124953241531752
0.0296622753695712
-0.148950285643577
-0.103824874761062
0.0211907466889454
0.0540390216002273
0.135267422236035
-0.0267503596847446
0.199673286946592
0.00248100702014051
0.0582018922313672
0.025747208396512
0.0463080137641062
-0.0484293877734742
0.052473946440512
0.024455451856754
-0.0362210291799339
-0.115875314319942
0.0783742861410924
-0.0351994244394635
-0.074388773168203
0.0838217418500491
-0.13350350963517
-0.00646850547334623
-0.00366792538633663
-0.0991045635715253
-0.0715502816353691
-0.117871290298537
0.0365938188851188
0.00825344205778231
0.0459071430811914
0.00785429481615905
-0.0596785898696472
0.103862876688241
0.0819184168664518
-0.00080363470010585
-0.0929665134026141
-0.0363127179747327
0.0495369801825189
-0.124945987336157
0.0316238418805135
-0.0983460665581356
0.0665429787516722
0.101009721921411
0.0323284906826082
0.0137784729242867
0.0127522264132223
-0.0625181333949976
0.083795496173697
0.0780459500921364
0.0649451300001302
0.181704005499452
0.158493244245054
0.0678089657421158
0.140985511379125
0.219682918686867
0.105707682223216
0.0423562513943733
0.0793041136240643
-0.0663769784173749
0.0855017947402134
0.109056346301049
0.0944118180801127
0.108924619678533
-0.0242109033270456
0.073439192872832
0.209415963460473
-0.0366653570777371
-0.0176331300821905
0.0880676057836881
-0.00137358873092801
-0.0127668289472393
0.153592238266565
-0.00605477594059489
0.0679388359211878
0.0416518969065703
0.0629380615781848
0.0280024681990961
0.125368562743665
0.236510056092132
0.253277341830043
0.0709008484995272
0.183754442554647
0.0109054768376416
0.171585798149232
0.230931258179664
0.155766639802206
-0.0453970583032102
0.294958080127592
0.0950599289224497
0.0481513728987769
0.202450973580692
0.0591882308290712
0.212194980369467
0.148944839007642
0.0558388525841184
0.0855143898649776
0.151823555755108
0.133941641632823
0.204629749902048
0.0761598977181277
0.169856058362495
0.029421163185305
0.123356960638836
0.0644823520910866
0.152100727211502
0.153257222997428
0.132057085837309
0.161478231135183
0.0423763915535669
0.140270277385067
0.108308294723117
0.191867905632522
0.113239314651018
0.140305868953816
0.201316266190747
0.249393032360289
0.230691947963743
0.234826083869394
0.235291458164728
0.141522259094734
0.326536905314499
0.0830483987717129
0.0425084318897187
0.217624239776594
0.197806860214988
0.208454915223657
0.132834725218757
0.24925458595406
0.136397273257511
0.204172185177925
0.188444472837284
0.0915883136558387
0.357946257795809
0.25451168941157
0.255365957631767
0.119670663789273
0.14562146120353
0.231939505929073
0.330178610872449
0.339463304709399
0.356368160458434
0.178198703332734
0.261209245099418
0.265664191230842
0.148343758980156
0.218663328748274
0.298548133247739
0.316068506448688
0.285465167732929
0.304186495268134
0.252158583733236
0.200734571658785
0.223523308306923
0.335937904261783
0.176620927381687
0.162101517926119
0.169016091414381
0.0634809317959341
0.22314166124805
0.222740641046185
0.278320367183438
0.3022426725873
0.366637879867848
0.247427858701115
0.363352460861908
0.288438043963213
0.287563087201423
0.348785239274517
0.0770894809311648
0.229947220891563
0.205858268475467
0.1333995892391
0.380140310233793
0.316715391967063
0.358591140055597
0.312065934257524
0.293360918475344
0.286141172440068
0.339062021506212
0.386906164404194
0.330457738577738
0.283379807838376
0.29976209637406
0.316401346191261
0.325770651412408
0.320587176833802
0.30401008833426
0.281271749840134
0.342474139270932
0.271833673155651
0.331215704847404
0.141409137515029
0.284924965913159
0.422006949353072
0.328516480002341
0.405009517874697
0.31200811146824
0.276426843458122
0.321595019421127
0.304246392425682
0.262920791037992
0.413960338209412
0.21980407606159
0.164105036988796
0.29633712610592
0.354274027618064
0.348356538940082
0.229086607512817
0.371042081963427
0.481859280101471
0.357919603922353
0.183045696563316
0.369403231799674
0.295468506500747
0.482978051231923
0.340763135860205
0.357995456570468
0.327294862739272
0.531326783567843
0.327942380300688
0.396439861613306
0.433211536400567
0.419186812432899
0.3996266079895
0.479713030846113
0.490908178121349
0.397828822850595
0.309336392466839
0.337060725765854
0.449291845915001
0.400034862656695
0.44721975121772
0.455463708978356
0.370778888614479
0.499394677275638
0.402147726398966
0.346388680038548
0.408757032679323
0.371775626089742
0.470475379504374
0.416962291124424
0.347907556696463
0.537381275974796
0.497406916535485
0.349201716785812
0.456893922891501
0.287699676644911
0.52827115265989
0.324043371965545
0.544783833776947
0.420304536383018
0.312164918995736
0.443418243988048
0.518450720659233
0.512443909329352
0.355079643239608
0.470512738800213
0.264642673806303
0.35042415096295
0.4708938738062
0.695076217894129
0.324885568333933
0.505856481439731
0.501463903168135
0.483491978123631
0.700801791921405
0.422698141805206
0.570731412337755
0.618871541690638
0.484741584581962
0.498239823612373
0.462056056705985
0.628676439740193
0.554895465917115
0.504229316685275
0.619805275243702
0.396597501740371
0.597174162522081
0.516233815439315
0.607884744688035
0.518392199011932
0.447774438958409
0.55364716758986
0.448128195611573
0.461806783180152
0.663799397270382
0.492361817574033
0.542517431491201
0.55717890876971
0.57289017718966
0.545265524312354
0.488636161773845
0.677639660159042
0.541453511448472
0.468372860745857
0.665321343842672
0.508060861606455
0.558304623091449
0.593864023912751
0.625203025517846
0.443850801504974
0.58266543330704
0.546821283001857
0.56758301876093
0.501383408793654
0.403055023057514
0.614745448666276
0.603076904003988
0.609464711802284
0.510823261497035
0.703866261049509
0.549248542499314
0.562496650650612
0.612711080593103
0.676355083623755
0.536847124052069
0.513529012361516
0.620793185888668
0.612287555825316
0.663179955207447
0.529336449085804
0.521481185419881
0.777151995330057
0.636792833703558
0.582033734342235
0.664587354925849
0.55943467198448
0.556589844178926
0.544946740769892
0.686551992950225
0.630805374535313
0.499656781805131
0.618753732488012
0.47105605104569
0.423411294997834
0.651749851476248
0.744995907151618
0.640159443776784
0.675396361194573
0.592020319045456
0.770022163566141
0.459561995611303
0.777055925618322
0.597301327626783
0.762436746497185
0.524727327323675
0.540408366381898
0.537079003405379
0.544102325886176
0.712429656034325
0.694313425244692
0.725023404384013
0.516953940408263
0.704987891785431
0.769914349931137
0.647692287400744
0.554475529969192
0.673512824661025
0.774155900579033
0.559303987621455
0.619506031759155
0.665104285636996
0.612660838926676
0.703324265604862
0.774382188275408
0.530308846275621
0.649093356330476
0.688719516078066
0.640028609663643
0.761216210467991
0.79722116680962
0.636901430029651
0.726143980948276
0.648459984343934
0.581206786443208
0.693327278240906
0.840440789332596
0.671863322571297
0.835558164482063
0.75045106110395
0.821911700301494
0.66607183279354
0.660392054547927
0.610295219737911
0.774670390192233
0.644440441782912
0.856470162507895
0.69920817117449
0.71682849392406
0.791137113732075
0.822698264528547
0.867932109904331
0.856878960160188
0.789929234743164
0.740709360551979
0.735516992840058
0.882459923705549
0.869788078592982
0.723065970894558
0.780493966246142
0.756434363890421
0.83424378262252
0.813345697106815
0.824978028893466
0.67271133800018
0.838727832501576
0.840677106201016
0.620903199859149
0.62593588803127
0.797694163281294
0.738152538213534
0.820811225561541
0.732662730025398
0.754267915130102
0.91907444054863
0.693639597045343
0.820593572525016
0.728575255994579
0.86272910311473
0.769963721569782
0.890170442781437
0.997989008017084
0.725945924831412
0.822568769158183
0.765863799510622
0.915780303147027
0.76717554325453
0.839961887881437
0.950453186221295
0.769572317559544
0.932362891566983
0.796460486667592
0.833042892368523
0.849371385574547
0.896851238747805
0.746762569874113
0.726756639652715
0.828829524099014
0.844810731263442
0.903255133311822
0.635576945789633
0.740110597753013
0.796837779599439
0.830180914328544
0.833203485554031
0.939327225365932
0.822479432457696
0.758764797138692
0.753535451731835
0.968749248729392
0.907054633861212
0.80667882561524
0.911459809353657
0.825887231432267
0.940487342741846
0.82957946408397
0.911570867494132
0.893471230631531
0.939857677872583
0.809310592152836
0.869642271314641
0.913026151126459
0.858122460713264
0.877808670617587
0.930802482864572
0.886694154362932
0.679919866639785
0.846712642456273
0.808479496834254
0.957309106801165
0.839183834147149
0.823314775135884
0.90141768294956
0.817834127563982
0.917116723821663
0.88370262321947
0.891434027344518
0.888761505196557
0.887764807836912
1.00680730002302
0.837626168418648
1.03290732756555
0.942240178944861
0.841658894539051
0.838770636859446
0.90875604473237
0.979152603334106
1.00603279796373
0.92332119240167
0.757857496092875
0.870958935141939
0.911360024082766
1.01931960523875
0.84711922744995
0.920151640603479
0.968429359784713
0.887982641754183
0.909492547881717
0.986367890626252
1.01607786333152
1.00046254458784
0.871447956052342
1.03839304229051
1.08930356088265
0.897720903176097
0.969495807912289
0.966846583025276
1.02218687167266
0.945756381709407
0.96045964306549
1.05202605319493
1.03808396057406
0.902542565989714
0.969373331489966
0.981070935186237
0.995214913256507
0.843001207432969
1.06187104412058
1.05930792615842
1.00261499518205
1.08050135939991
