-1.15867201913553
-0.808504701997111
-1.00090277173125
-1.04714142619182
-1.06738974573218
-1.04977738362017
-1.02961288994198
-1.12273499896363
-1.08212951671704
-0.777838794691277
-1.07979072760472
-1.09602823796296
-0.891768726172722
-0.954191018552033
-1.02568291722229
-0.969243545818474
-0.947916276959411
-1.07170363965525
-0.996629199082452
-1.03599465482334
-0.8908682591682
-0.981243425496262
-0.744748573980052
-0.914037444348811
-0.891829977908014
-1.01158843990866
-0.926772869585793
-0.975419954649624
-0.993691772914097
-0.958476181757192
-0.743183640024376
-0.974899171329006
-1.04791367221923
-0.905422049505698
-0.851064172098697
-0.853834391329445
-0.862468639555042
-1.01606297995049
-0.941019966580491
-1.10691935318383
-0.71284220151801
-0.957981972197305
-1.01699178739528
-0.904959433177955
-0.970161579737567
-0.971743550902412
-0.872462583557728
-0.833806820162976
-0.870751656023064
-0.891404152029135
-0.853066775680527
-0.947300071603538
-0.736324944728092
-0.832285999055425
-0.913932737644809
-0.879781423135251
-0.934802394200298
-0.856007247561314
-0.799679665948935
-0.868531549819751
-0.914750335061418
-0.907333286908468
-0.749827683303167
-0.999258496309651
-0.738349513026943
-0.912532572247314
-0.858336456281282
-0.949622010562762
-0.743029048103898
-0.816904765280232
-0.859689553352724
-0.736682918068546
-0.907969693713654
-0.752625000524705
-0.832275397950621
-0.850537157134078
-0.871466528373691
-0.919866744173059
-0.782931131553088
-0.722797858905936
-0.903004324220943
-0.762547147049823
-0.79923865319041
-0.876609377028886
-0.907370022102194
-0.789868335034558
-0.848612819604745
-0.847156468696068
-0.837220985349904
-0.882250917940612
-0.857017975822994
-0.846741137335211
-0.884322717821394
-0.803689592979398
-0.795377341384037
-0.823259545417651
-0.757884735754608
-0.878952120221083
-0.836441585053999
-0.71423067024953
-0.850800499162065
-0.858321257295002
-0.841989642683856
-0.669301547385498
-0.681540536670696
-0.974137344929996
-0.934818593239816
-0.577056492057452
-0.843499412859219
-0.707375002375017
-0.746923525289921
-0.878253404562695
-0.797139818386617
-0.611327388478204
-0.7395308739038
-0.830623494325421
-0.747958443254672
-0.704869207341998
-0.932746853876919
-0.761808290296324
-0.635036792820376
-0.848321327883269
-0.854901578520457
-0.72094345777739
-0.623758752226217
-0.845274261798144
-0.827156920477059
-0.59502614525557
-0.718836632921025
-0.612317550980607
-0.826069869951433
-0.751096432436416
-0.780101627345386
-0.693729310189877
-0.740968752158208
-0.695437614418512
-0.644942022991608
-0.555848728334968
-0.542551572196308
-0.782593181939472
-0.7847926176341
-0.706470369575907
-0.782527283143892
-0.750642194723622
-0.671175736030405
-0.75462115816287
-0.756363738848281
-0.836456023729578
-0.777077535860367
-0.580805272527956
-0.682822530312955
-0.773266992283312
-0.747365033084663
-0.768398902165585
-0.579211666246519
-0.653404297745968
-0.763887814225019
-0.738684697329647
-0.842540043659252
-0.680845054310974
-0.719596989698155
-0.644226449150648
-0.794018155949581
-0.598022177369133
-0.656762262260045
-0.664621900524921
-0.694378550559591
-0.565559627517543
-0.734276452523614
-0.810439611509247
-0.73734686818409
-0.595012522129982
-0.615231152533251
-0.55499655195869
-0.573496570120808
-0.617945131117448
-0.888981104279893
-0.580739723698702
-0.55889777478863
-0.729685754637492
-0.566294365268854
-0.441645239682465
-0.517536034706142
-0.727890855719632
-0.45885256695489
-0.525108363168532
-0.552585324961038
-0.630344529871754
-0.674624835548454
-0.568315196466854
-0.600410250694641
-0.604802734359939
-0.578772586267269
-0.595275280398593
-0.551288972506614
-0.60950713664721
-0.747048847243838
-0.599823891845186
-0.683671841782699
-0.539883663782091
-0.662790659396355
-0.454454240036561
-0.734050812274455
-0.53622308394648
-0.560940542859432
-0.551990524041285
-0.593854224820811
-0.471700065906421
-0.476150202618102
-0.594237429838792
-0.602075192284974
-0.660918427581277
-0.45723292139108
-0.522394398522129
-0.654839372012897
-0.536035646330467
-0.474301089672095
-0.685581207250517
-0.545912149966042
-0.555162238458671
-0.497525680904965
-0.598135003504786
-0.516501886330265
-0.658996786707343
-0.61194754759638
-0.53184391155046
-0.608962554588103
-0.694879833988019
-0.568037318742038
-0.577086225483224
-0.614980552445915
-0.762453973864549
-0.481912722278739
-0.457015976120996
-0.432929610964453
-0.462336446032132
-0.419030642621967
-0.576810500338487
-0.525419603364753
-0.5757378866966
-0.713063257481542
-0.293148753756218
-0.445680606593081
-0.589149282801489
-0.443100238454632
-0.453808500567605
-0.544084303555963
-0.483509973939505
-0.465159264678949
-0.442099349969742
-0.526294260613377
-0.514137203306661
-0.443111599633029
-0.633968933798258
-0.521063734091157
-0.491598892417408
-0.402625497354423
-0.432253375605178
-0.49645444918407
-0.449949600937061
-0.674616349282014
-0.342702694550698
-0.544899998848747
-0.456228251836508
-0.431985297777591
-0.605793338562182
-0.523320894049773
-0.49142567780967
-0.39804773366135
-0.451024642565824
-0.505929553406639
-0.486624725072351
-0.42984827133916
-0.307517257828011
-0.54942698779378
-0.447895627112439
-0.577970470587942
-0.520123590473784
-0.503253433771609
-0.380051101618283
-0.289576777825598
-0.42742256144374
-0.441418759126739
-0.396337173239747
-0.384768339542598
-0.335556168658793
-0.419821299251754
-0.30346664396384
-0.573796901814781
-0.3551542879916
-0.514054339524725
-0.579382735873051
-0.433441652450384
-0.34390037995583
-0.561625082363168
-0.397310506793545
-0.470768264032965
-0.335261966059632
-0.300094078424374
-0.318089137878744
-0.385492672864609
-0.385577178672042
-0.310786381684672
-0.368479490264656
-0.380515843591658
-0.471799535468094
-0.432768949359128
-0.383962927471418
-0.393686226052462
-0.406825901873158
-0.246212990285939
-0.286898941509494
-0.369312731831766
-0.432602080085559
-0.444568176639818
-0.527525706878641
-0.265099099929643
-0.452819886913112
-0.336889570889734
-0.368072674997145
-0.325117139291374
-0.397681859744415
-0.354110929909286
-0.377968090453963
-0.305503814816737
-0.336063596668075
-0.402775375555257
-0.34986717051168
-0.421784429963554
-0.421890423338451
-0.299264573570648
-0.364368944098841
-0.222394248014882
-0.170795942838707
-0.344156533259538
-0.323416946222988
-0.24064341354873
-0.281206632820266
-0.230181148046806
-0.247826951877838
-0.37917747276422
-0.275213127019161
-0.242024410038307
-0.328607551165489
-0.316329817628701
-0.266845228658375
-0.454522699600512
-0.469344200990607
-0.322341476659302
-0.243063298022795
-0.383344592370204
-0.307495242073292
-0.381833149850642
-0.341238922352674
-0.368336337462152
-0.345282969042392
-0.203280593867156
-0.319072927132908
-0.383312819718621
-0.253956428179417
-0.249308239983024
-0.209841722397185
-0.310566257485462
-0.196403644830338
-0.172936633058393
-0.164373588559542
-0.174533461009852
-0.311030386227358
-0.225416801587146
-0.274540229898218
-0.388808005000145
-0.228184203382372
-0.147169498584669
-0.164947130867757
-0.343692126731919
-0.390212885444675
-0.289034938530939
-0.366194950805702
-0.303941368919978
-0.316798633197418
-0.267867649474129
-0.321603778456153
-0.202979118586116
-0.234741688388239
-0.207574791688153
-0.238150707948796
-0.267020736294806
-0.220030723865543
-0.217819508667155
-0.17560769484675
-0.165562563693921
-0.243543652931198
-0.270971320634133
-0.174879834689308
-0.183071909230807
-0.180965047652679
-0.311715299362598
-0.230863131864313
-0.190608989007068
-0.156148317984078
-0.239762272195274
-0.123674413489418
-0.164633161593094
-0.210279543164342
-0.261183674706741
-0.138284396340925
-0.20207771074541
-0.256309640957826
-0.138018151006022
-0.053768960064626
-0.191640029734185
-0.316184973762396
-0.168662254609048
-0.213202454525572
-0.228692591793261
-0.163619250263619
-0.150270143911655
-0.157451238309841
-0.190530978358213
-0.397560219228529
-0.296887176386495
-0.178738034423395
-0.057042425028534
0.0313811658246698
-0.0753779282830454
-0.308225385928085
-0.0283960674399524
-0.233511592110643
0.00879759484822347
-0.091311772034373
-0.23420929390268
-0.0840611900793935
-0.292593903501141
-0.0828205849959921
-0.119974351906141
-0.0391804770565286
-0.284661764274586
-0.11660554888122
-0.167855608349678
-0.237773861053374
-0.0020247192382092
-0.259587549007885
-0.0815870052177373
-0.123427171765497
-0.112937938454063
-0.0838005089922838
-0.209759334735842
-0.223505056301395
-0.0716295260070661
-0.296178867474157
-0.107670501878459
0.0799145274422119
0.0459558053704867
-0.145087478149736
-0.0850962505434117
-0.0730389828946422
0.0432504147452996
-0.00873083908088668
-0.100833624830575
-0.179721319601221
-0.186729676718392
0.0444595192861008
0.021545655754662
0.146179181590844
-0.0546926613289179
-0.10864770953757
-0.0759033294299003
-0.195520809584841
-0.179644959177603
-0.195073378136013
-0.0633211348878219
-0.0572694178785726
0.0229104724277451
0.0912125029339158
0.111927323197711
0.0867187576445272
-0.0583536171290368
-0.101867942495006
0.110185171870104
0.0523104987969187
-0.135939943097102
-0.0887647783471721
0.00796869428068651
0.0550470779235451
0.149311198749486
-0.0259449858096868
0.186293050962886
-0.0225425027958868
0.0544502218245305
0.0142773286014471
0.0577553788892763
-0.0450899552095592
0.0603501940544004
0.00106010712873505
-0.0492245021725321
-0.141687256502905
0.0745398885602702
-0.0222578318250882
-0.0732984629013075
0.0561919674972334
-0.11391813848059
-0.00755828429985474
0.00824096118046203
-0.0803371207776811
-0.0654410661039967
-0.11967631111376
0.0494294921816748
0.0220320674434328
0.0480934631681109
-0.0089629953525421
-0.0635709057291621
0.102685464512126
0.0694937870224325
0.0274269689629888
-0.0899169920258305
-0.0249740024549271
0.0506241055383621
-0.111919255750709
0.0231199234808331
-0.0834904129100309
0.0658039616395499
0.12786165307633
0.0180977215602203
0.0239845434536344
0.010326285826112
-0.0687818928306984
0.0746583006979821
0.0683031516490848
0.0575330373062218
0.184087823022739
0.141481169944732
0.0828595042492195
0.126718751835659
0.216238906953781
0.120790881889463
0.0521392818021213
0.0665678809916381
-0.0796099594594316
0.0894884997513782
0.108597952254209
0.103648497030122
0.0595752638581562
-0.0349099077966076
0.0840749417588484
0.220992247356151
-0.0379779267044426
-0.0138082613120754
0.0970628459865582
-0.0166037907893252
-0.0179279197043741
0.165360896548296
-0.0122455587271306
0.067517523770794
0.0508448540654934
0.0544397896548382
0.0149914212082696
0.143396092180013
0.194726589560876
0.244166757827218
0.0407168588611994
0.189632573799114
0.0101895249647068
0.152201795140897
0.214668019701722
0.165397397952662
-0.0231592650693734
0.291040687288233
0.0860686190653551
0.0681486804443528
0.190823571325208
0.0486878162572851
0.19888844578714
0.149553842830722
0.0692549849974397
0.0858898970287157
0.166231125713594
0.141334783549655
0.188864844566422
0.065523630266892
0.172793320736911
0.0434289668186665
0.13954554322359
0.0610846051931057
0.114947661676869
0.150173269701843
0.138460320608378
0.149670525943322
0.0246657293568694
0.15548646792507
0.119981636250691
0.18842658766042
0.102129163296911
0.159942139608661
0.200606994696651
0.24395056671236
0.232688241153937
0.247453230471459
0.209045562496599
0.154483847125912
0.318774046715115
0.08743293273149
0.0483408467951831
0.196322730751201
0.199716451681898
0.231283421389612
0.160586449645217
0.259032252481306
0.154551324389195
0.205760313555496
0.198148734644633
0.0860079144593616
0.381919402925783
0.254142083878977
0.247045319262928
0.143195724841439
0.150796663407525
0.237659721897768
0.339715252812319
0.347348304307083
0.345998303172377
0.180453047378887
0.249558673416173
0.281335235614971
0.157483060073968
0.214759253030997
0.300538909906871
0.304960840886713
0.273360058782498
0.265835396366178
0.247652371727592
0.180271142354789
0.20938635565538
0.338409705100619
0.174495377506172
0.161016045052909
0.200632117667319
0.0869062919666595
0.21668495852339
0.237234515621387
0.26108423934183
0.285705776679794
0.350338708406992
0.232998244368046
0.356739430484857
0.254886373158148
0.304374120987824
0.342024419712632
0.0713484590589229
0.229287575738019
0.197335423089445
0.12866121228502
0.359797966115748
0.314265700701881
0.353673961872959
0.325445534904913
0.301405454911667
0.281168733432849
0.336518119832753
0.385498655934798
0.331483489618251
0.286035262116631
0.289793324229081
0.307227704615964
0.354767869889795
0.309498756791167
0.342474450865415
0.278521630993294
0.336141325271543
0.271060779784593
0.325043613960236
0.146714223225868
0.31061749716192
0.423931592518426
0.332719223006282
0.411559497549037
0.300145401838372
0.282484136640702
0.312850477537516
0.33042121967286
0.24036557608486
0.428229932361627
0.250110831462681
0.1717422135384
0.278205784548102
0.373143002369877
0.345007927016013
0.222787280475478
0.398089965887319
0.469062904827236
0.368900136129405
0.193194817626647
0.370219203982075
0.299050492689054
0.471234468730493
0.352800881301631
0.359633726925822
0.332477073456407
0.524301463555105
0.318340938115542
0.389134035259916
0.414068221198664
0.417423285905871
0.379936800764509
0.466173801410203
0.49354580768219
0.399475646846675
0.329853992354734
0.32492425508988
0.459079325953359
0.412751806012759
0.4397464318097
0.49062575970902
0.370797498478549
0.498109505491259
0.380076583823525
0.337602260208701
0.413641244822477
0.374600897104443
0.471545081959894
0.399669660220956
0.355700473407194
0.529221802373051
0.507264392643861
0.357323651278896
0.451649313799754
0.281599655738058
0.550143475715065
0.331575326758428
0.529928445863132
0.409049452986251
0.316133246015696
0.42762046807645
0.526581093034301
0.514864162212305
0.371141893967924
0.467456506295412
0.286891914527294
0.341542847594438
0.488574731568757
0.695801407963052
0.309160936547081
0.502791298406225
0.502862465674175
0.485113917430274
0.700143437087646
0.421440750469782
0.580799231909831
0.596712251571549
0.500431413950684
0.500204501586455
0.466863550997638
0.6356143035007
0.57031102878645
0.518136768545088
0.597163445527714
0.40652279879157
0.596301155230031
0.493391905417803
0.611080059211387
0.524249638266132
0.456284625073938
0.51555850446837
0.435231718167026
0.446879315120738
0.640469720715965
0.495899411774194
0.52679777554207
0.600291908651548
0.578150064264454
0.545046434508825
0.491941852454971
0.672888579988301
0.565435796506749
0.477770617221975
0.670652848251197
0.501306311039788
0.569555166470206
0.601935210533362
0.615010497473829
0.44841606669069
0.561587710309378
0.567294804327997
0.563169472300611
0.527310680090621
0.413638114990164
0.607258168494238
0.608856208469903
0.588748552073065
0.483718494837301
0.720849487269549
0.54664909112385
0.57943610721572
0.618718735549152
0.68830880565854
0.552934446122395
0.531680130824142
0.613290227565062
0.581973506466507
0.671519449247939
0.542089476753815
0.533244309961244
0.766752405004435
0.64869109756121
0.570840611243109
0.67657123773426
0.53209643804348
0.554068308202181
0.545079074692037
0.687734061904478
0.619826197572193
0.518846528152789
0.616017597047544
0.466904087782035
0.420953122603131
0.655676388853118
0.747470849617157
0.63962466240285
0.685137893796913
0.601759067049153
0.776449471723149
0.495695807757173
0.755759814687118
0.607209348502765
0.759173853577201
0.51886051725044
0.529948452092449
0.520038957385005
0.556777221713623
0.738960461461542
0.70992973695677
0.711523391950527
0.51532608073869
0.708998546315602
0.764180445874346
0.647577644713047
0.560265525877413
0.672400099208981
0.787181422218082
0.551598306267134
0.637615204603672
0.668320535882835
0.600281142993327
0.695559401973525
0.783605259789025
0.527117518583792
0.67223563724902
0.692132754047176
0.652684825576507
0.732465929547185
0.78495192265949
0.631834762308742
0.74164447713586
0.655942576785546
0.592345852432906
0.701564897568918
0.835582590659422
0.645267206391718
0.822903208141418
0.713685069170795
0.844442195695823
0.657800230023895
0.642938656899474
0.629747541744054
0.757695465141578
0.626814407279028
0.847484504622503
0.710819593448195
0.708490884168718
0.799859541608491
0.80684969510186
0.869041606494526
0.867568173016807
0.789196611658473
0.758474755232279
0.739252437073134
0.886221054681293
0.872900037858641
0.752217479894047
0.776781642280119
0.745408336839135
0.848295537190069
0.813449915194157
0.823290430230553
0.676800049558571
0.849824942416339
0.858746605125689
0.635435254783164
0.615386699158487
0.804226097599972
0.745527789342182
0.822428335584629
0.738325452484811
0.740977774521503
0.936180453283917
0.696974370885228
0.83765193588234
0.713715430532351
0.862541459727617
0.749022705312546
0.886147098170426
1.00360190990228
0.714288221192686
0.818934719076646
0.775957328528215
0.936814965097707
0.742831942495668
0.846905798078424
0.95466975873937
0.760200308450737
0.937137041648962
0.800948648929946
0.818490083872141
0.858634991792699
0.918952253989622
0.769287215920222
0.739097136845084
0.829004351902127
0.856876940691351
0.898598769505915
0.650794255900671
0.738698603022367
0.821483913424725
0.852674677135604
0.850889043497936
0.939837557814236
0.836853042930365
0.737329400301883
0.75293272113864
0.974149200131769
0.894409187818549
0.796605978886006
0.918124656412179
0.832069293944015
0.922914117461884
0.799603319358925
0.929635079999594
0.888329345195193
0.936373430247521
0.806090847752801
0.884370577328688
0.907778884933422
0.844744349359445
0.884711905343363
0.932470883090258
0.893545436030552
0.683828728848333
0.855754307882653
0.788398085413897
0.958585562296924
0.855590853236875
0.79991706441083
0.882018041540526
0.806457399141781
0.931487635392836
0.877939641918148
0.913147832883304
0.902528705049884
0.883285947051679
1.0108221066419
0.84487853370781
1.01310319483148
0.95691487928828
0.838052594766907
0.83533884876514
0.896444266051038
0.999217738570403
1.011453830479
0.917314207127195
0.771610796517357
0.847413440788405
0.924983515917924
1.0178307598031
0.858834107442423
0.88948835243777
0.960381783819965
0.886744956928292
0.894262315849418
0.997379034593263
0.994695619173178
1.00821723326093
0.870306078098315
1.0233542033354
1.0915909887917
0.909391215225738
0.953986033603351
0.980167382763419
1.02249902579376
0.922298280487618
0.961157883567982
1.06519326264134
1.0561110354615
0.894549531582476
0.986862794362272
0.990193211201565
1.01282231340847
0.841260628390481
1.05911134475903
1.06493552377902
0.983061738233809
1.09174437671126
