-1.06102069817512
-0.975462647773116
-0.998799361256778
-0.92611289845847
-0.905493460169188
-1.10551509545477
-1.06794959651822
-1.12492395196466
-1.09594040371928
-1.11407804106539
-0.928186955382712
-1.02578642071344
-0.958081725575463
-0.966458262768428
-1.05688394822452
-0.995505531682982
-1.06989737413677
-0.955670134022025
-0.812875524685265
-1.07887488951308
-0.86901365845057
-0.946565306892918
-0.998266702642923
-0.907067266344676
-0.89462080033078
-0.880535719989543
-0.935331432096269
-0.851370454050831
-0.980007125891966
-0.84486464749076
-0.95046683376164
-0.779539119487335
-0.975853687478918
-0.737080916629539
-0.970185017674401
-1.03105897744037
-0.919225488543262
-0.896529786572321
-0.740566216295109
-0.844357145957363
-0.866232913731302
-1.03476638439468
-1.0330426528051
-0.719576583482369
-0.807317327864979
-1.07695346144728
-0.908480490188465
-0.790389315567448
-0.776469101739139
-0.925586613542888
-0.965329788444222
-0.966953436898478
-0.969659232426675
-0.908218750250476
-0.993745637773697
-0.973324431557531
-0.860779067730979
-1.01581165609473
-0.842638633361868
-0.898420459053445
-0.903565627259286
-0.792725543383536
-0.933098883511117
-0.871339747750824
-0.8676340152571
-0.781695010301852
-0.922961114893599
-0.888686288380428
-0.841786411811875
-0.877278635482728
-0.955222782889661
-0.832711442322733
-0.78224710460296
-0.786238297273595
-0.682592814280394
-0.80370297142204
-0.813728059833269
-0.821508795362869
-1.0222846885653
-0.885171547314154
-0.814055998357469
-0.872985349143269
-0.775183266298773
-0.768624128481082
-0.843714381292959
-0.949069104153381
-0.735683504729798
-0.98707587720106
-0.797229194324888
-0.798219450330456
-0.951958488965304
-0.907885867722738
-0.780350881231675
-0.897161665116996
-0.944215511668754
-0.835387532153128
-0.76184706466104
-0.903857546647868
-0.682767196197168
-0.799586910772553
-0.762934184091876
-0.728011183768847
-0.792336741247101
-0.902729196872743
-0.894338142022349
-0.786537097185835
-0.886715469060916
-0.774623951209299
-0.780467249772273
-0.911377230554026
-0.695942296302115
-0.735004959178669
-0.794632891457359
-0.783023542610463
-0.782155952157814
-0.746114282192597
-0.719741857773085
-0.789613091245201
-0.705257946670239
-0.801672542249982
-0.832661295931394
-0.881209644849591
-0.652648091247662
-0.734976722048822
-0.66818717484238
-0.71095013302713
-0.852418641830992
-0.897441695118284
-0.786649843011793
-0.727060058307748
-0.818230476609544
-0.68849368977285
-0.63769180135554
-0.789637331801909
-0.682738102933154
-0.697033677445274
-0.844582676322467
-0.829131128166665
-0.694757614536903
-0.659007916901454
-0.777980192083619
-0.784117113495624
-0.735888367514356
-0.814796018955555
-0.736501971486091
-0.880818723880417
-0.669947275815303
-0.74810723653668
-0.734065622035023
-0.713566130622767
-0.758445427587176
-0.711749597052053
-0.562564976760775
-0.610899641962655
-0.5883144823383
-0.608970726659199
-0.588060956685132
-0.673606176307224
-0.742808530745632
-0.665904669996448
-0.703184850254551
-0.83556872540387
-0.712961757786278
-0.604811162246283
-0.595831411243712
-0.650828342800085
-0.566639081007613
-0.858445660045933
-0.607334266339849
-0.637543857280286
-0.720672361116584
-0.715411258419777
-0.672614874791012
-0.763091850648373
-0.565789436655371
-0.595644712423726
-0.601308042318413
-0.770642350018344
-0.649569076249151
-0.500888016322105
-0.44596336855493
-0.678611057059927
-0.775786680927603
-0.499027821207155
-0.635123816957032
-0.602108109396882
-0.774192560850548
-0.654000399460459
-0.71531943930547
-0.645961357154029
-0.68987502725247
-0.605301360956333
-0.504531751780095
-0.750545303201989
-0.663592978706846
-0.594961087002798
-0.6909765171977
-0.714996900356187
-0.608290663283373
-0.722798837234736
-0.609487807331953
-0.680807073963329
-0.504484841071613
-0.649769052875375
-0.670484859193771
-0.621935921202906
-0.46400261555439
-0.594869186930651
-0.681378143569407
-0.665968662754846
-0.610061610405952
-0.577388999928405
-0.544222947235855
-0.54204979589089
-0.631781088311284
-0.63896680982959
-0.599722184350045
-0.535957323976455
-0.442841877908627
-0.596044545791683
-0.625732144227919
-0.687364337644176
-0.397977628942183
-0.470142374380729
-0.512464268629022
-0.5722969338468
-0.560129782098904
-0.576579668514915
-0.413775522816206
-0.680444530277035
-0.639784024877653
-0.563871933370377
-0.447405141855823
-0.438163901842441
-0.432923712407965
-0.674891891923285
-0.29388279959967
-0.511478892291682
-0.513365345344082
-0.514285358438491
-0.539964215675709
-0.553494675023063
-0.405736985407761
-0.466958732754529
-0.511512517772303
-0.459802384667285
-0.528323263061351
-0.420955984099154
-0.373910815340988
-0.605216307092836
-0.575982152115211
-0.557432146301853
-0.520194127534571
-0.549828069189332
-0.475701894699199
-0.368750381008087
-0.547291949799122
-0.432059032035085
-0.563286210003962
-0.601377899004682
-0.293661993688391
-0.42515769498893
-0.429830862370772
-0.633701981768145
-0.45558778258677
-0.319234149726197
-0.463659850238725
-0.393125237357691
-0.496477621820533
-0.449809834891887
-0.538649642076663
-0.391810525846341
-0.511781375972889
-0.467523079778734
-0.412868436678104
-0.404428625330016
-0.528259145459124
-0.355476326246322
-0.511270400358265
-0.440146391927269
-0.404299564334387
-0.476274789878622
-0.5615265601529
-0.483046694763227
-0.239667581109882
-0.372023120299457
-0.422261179902353
-0.368069198722812
-0.528377962304985
-0.339009286213524
-0.565947273142156
-0.374567873146481
-0.380327615482751
-0.173458811118413
-0.425431273131346
-0.407427779710091
-0.364559769128263
-0.509799499143123
-0.446972229287989
-0.492647445321193
-0.338284751807707
-0.497422750042464
-0.49548518307407
-0.372513010181935
-0.469304381450173
-0.340059504030476
-0.433941303125603
-0.317954275836806
-0.473172148490442
-0.395773741701581
-0.489894291363438
-0.34555332591952
-0.379083857349772
-0.246987051254855
-0.433549604893156
-0.223739427108414
-0.553425620497879
-0.183615020576979
-0.284559987040078
-0.338724321671749
-0.369294585841002
-0.295383538941021
-0.255420397216777
-0.490644916884527
-0.288119047544104
-0.362146612020893
-0.296348958940493
-0.464161187112056
-0.239119830434175
-0.491988439115593
-0.327321875644839
-0.392818040010356
-0.302413306994544
-0.52452055127739
-0.204611572077621
-0.299914916013107
-0.159067106523737
-0.339789322571012
-0.23204420817575
-0.342629987730277
-0.276831066625796
-0.230046878687148
-0.306871735532267
-0.361736462609304
-0.212801502248549
-0.17172130250151
-0.322379923958248
-0.352611135055156
-0.345168402540577
-0.302607501323473
-0.212888550541598
-0.208599537987052
-0.22130680308773
-0.309540245522992
-0.170187118423024
-0.322246543937245
-0.239618302409487
-0.268750906405634
-0.270545826391127
-0.272984038824663
-0.228798125269477
-0.375220484345111
-0.246075726877462
-0.3773175099416
-0.331628778505601
-0.261498006654616
-0.326201167553585
-0.15728401159369
-0.308775494730336
-0.319858847026037
-0.164737463447749
-0.142807908769419
-0.375528067984462
-0.2128402878791
-0.268069003294202
-0.248210247772913
-0.247571293994051
-0.255197200053481
-0.303197508487294
-0.278659005204312
-0.158831833123035
-0.190636357969973
-0.385086253456289
-0.171340862375381
-0.218354248826991
-0.132289650751005
-0.183016583485508
-0.302945482208371
-0.161750082659209
-0.304729219927714
-0.179647014562369
-0.216984748204062
-0.352878603948535
-0.254986472148194
-0.257055495885328
-0.117726839324725
-0.262020903116039
-0.266628754185256
-0.321375821857359
-0.138182771941725
-0.106857612518979
-0.0143422769886269
-0.195441441340935
-0.160536388684476
-0.332343682257082
-0.325419427591847
-0.170826461687513
-0.119609029385606
-0.0916730951659373
-0.233157274698046
-0.188933207708878
-0.0813514789571859
-0.12239552381769
-0.274672978777776
-0.138774173877476
-0.230326015392982
-0.1289630551316
0.0073250017097284
-0.0894887222239811
-0.146908333375396
-0.105290849793413
-0.109313829509274
-0.0796434963010971
-0.139821847690989
-0.119018645189129
-0.166961890840083
-0.0210007745342474
-0.11084392577597
-0.126456615177749
-0.256023770844282
-0.0185926057437798
-0.150349041597278
-0.156786263064041
-0.171937120609947
-0.0914247081964595
-0.158832698903176
-0.285587602249504
-0.0997498288878534
-0.0223012587929261
-0.197633628034768
-0.204673494043473
-0.215528312404533
-0.0984554750660929
-0.0476307607265786
-0.240457821335781
0.0195408244528145
-0.0658364901652328
0.000878563590731418
-0.257072229411535
-0.094175537703437
-0.226049374133215
-0.111908012508253
-0.208198811523632
-0.108753785990125
0.00747751029269817
-0.12124278192198
-0.230244574700788
-0.0615105796937389
-0.0395754541188429
-0.0345081629016979
-0.141291186433584
-0.167921075375836
0.00627229476411465
-0.140290031254394
-0.150079335161856
-0.111292663303553
0.0381204504588759
-0.0851286885621482
-0.0494216194371672
-0.126913000408884
-0.0384126564606562
-0.216020600439347
0.0339928099589117
-0.0112592252756748
0.0262954700307371
-0.0989240984381367
-0.182721678141457
-0.0262136593322965
0.0162919268210304
-0.0681347476086359
-0.174207951984634
0.178105863442372
-0.0863814185820912
-0.0161021912706791
-0.147408916038653
-0.0549611029811864
0.0601309984314733
0.0463428514707013
-0.066042124915994
-0.0738643103425925
0.0137867593409474
0.0339264256887711
0.0507466047336352
0.0209031448532122
-0.0933002108083926
-0.0225217120295228
-0.00581428753402758
0.0695128872029656
-0.0583077521034444
0.0338566481768585
0.0355190692651718
-0.0823601499925744
0.0968253183439665
-0.0296801284868474
0.148798054238554
0.125115029186416
-0.024770780116828
0.0614452085799988
0.114409845458097
0.0756967566216145
-0.0232310746260848
0.0152307912129106
0.0590672184280889
0.135474597753316
-0.0948631861257137
-0.0190944383785491
0.0682926624407515
0.107760914688434
-0.00489843368515728
0.0928492557768164
0.0492439425343141
0.139855017462107
-0.0820741582865882
0.0687094198413733
-0.00346300816037402
0.122418101428028
0.152819180196247
0.0630626358148045
0.0375205932381579
-0.0864300969683937
0.144300736956068
0.0465746023291422
0.142442366150146
0.108917625403125
0.0930557264371941
0.0631920843168241
-0.00526125955359819
0.159974765549754
0.193058023086159
0.108450934585587
0.108785926933253
0.0811303777696194
0.249284085957106
-0.00340265724753128
0.158449795897261
0.189018528493477
0.116182854229216
0.241173411876385
0.0551673534010208
0.263302445801478
0.107263226930768
0.011649526583949
0.19953911348933
0.112431286316022
0.143026150335185
0.331497512237395
0.0555651047677177
0.11523871710735
0.305796026612447
0.024015743105887
-0.0219411782077737
0.113022924865135
-0.0275987127769955
0.209313585792535
0.218809151854852
0.11898653666835
0.0364516180556956
0.247289228673362
0.180592862622515
0.0981735293510826
0.185737765577585
0.183775412669178
-0.0603153146208282
0.149538212899124
-0.112662721415336
0.0920778026646361
0.192638698431763
0.213809125683865
0.235415852793641
0.322268837907029
0.16970022182431
0.341945446951928
0.200237081382269
0.189193112825378
0.180549020795417
0.203950622313811
0.113117393141895
0.124043483678717
0.14540603051249
0.187209481425178
0.214206572721376
0.271103509944058
0.192386083940698
0.163811135993424
0.243490060738525
0.103151801349041
0.274198941676421
0.260017944294083
0.266244142692888
0.24500707815216
0.166414276581395
0.361978653406025
0.152235803722455
0.38127108650103
0.330295417360344
0.0740618388598333
0.214846336043445
0.417031627128628
0.194807861181764
0.370889155411135
0.109878739562968
0.189979215372901
0.345425819913546
0.221133369595539
0.228631750323337
0.30570323964623
0.232206506377961
0.244742666029498
0.317949301209702
0.211576359302086
0.210640959122735
0.306865147704886
0.379412931271977
0.326782537852117
0.235224895062344
0.207000216632804
0.260736353192766
0.240236261392437
0.326975547628726
0.238697261349858
0.293006424454399
0.19929445648858
0.196193196567566
0.180378414494505
0.309940291306724
0.32803487357621
0.322158310959628
0.247775204210739
0.120773491934001
0.294139086452897
0.365979210982735
0.244366634399385
0.447111983266666
0.286338070041841
0.374260500284303
0.258044349990444
0.295226164068306
0.278173149725929
0.281112833779407
0.313487588709975
0.15100325881774
0.192685267458473
0.551467145970657
0.370320992421119
0.331136824542704
0.397279737602403
0.275128346916285
0.373927033980626
0.199225213451407
0.249088966169187
0.457408923358297
0.313108942544195
0.174542137539961
0.351794497399373
0.220826909336378
0.294997742869572
0.328854597080111
0.320633415368284
0.339683223339527
0.312829843293612
0.277891902021665
0.263794818395256
0.290460938192993
0.309199914609285
0.358476930676009
0.324829724640346
0.365923767937581
0.184685508062308
0.362694928367467
0.29526663336807
0.444018971735267
0.349969476881002
0.300775859450614
0.360379346591007
0.338935564091886
0.29411206414362
0.383662576481367
0.456043039636509
0.449043955920641
0.516124003577076
0.331195301795993
0.300314923845734
0.609250023629827
0.332086339129923
0.326207555872078
0.502779464506999
0.394541213532214
0.33591216425427
0.349627950590067
0.411816372233495
0.451979836281785
0.391806753344452
0.393327045850028
0.311894006895863
0.218562139679188
0.408910426982461
0.419672987608947
0.341238785360631
0.572752505607249
0.400714276180371
0.465647951048578
0.463204065908173
0.44988137209772
0.479302681092812
0.392492682517213
0.477999891570533
0.359684067468444
0.340560842066951
0.377354043197844
0.400735705018776
0.345566821642921
0.433899503945638
0.455689277081822
0.454338032083689
0.446865416843881
0.335342828554712
0.250342507989696
0.590826969344526
0.448185109991287
0.540810064932739
0.466564157035855
0.52325604835936
0.45453856769479
0.443042715387335
0.497758439530352
0.47711785786231
0.392290347073327
0.416300105946618
0.501865460722933
0.413357377125781
0.470686123070567
0.48570640283879
0.486526360997992
0.582156627748602
0.505507362589168
0.487081171142325
0.552171462609749
0.467878800656285
0.61731408354355
0.337170790957345
0.427567297220663
0.682573054858862
0.537903362434192
0.487405579264277
0.45938720962581
0.586721896548222
0.516464666807328
0.444550574234942
0.477581158703737
0.526084916620763
0.614572578238075
0.530347045699052
0.438961362589213
0.552725899376344
0.49937454782975
0.490189093237209
0.750781852616567
0.435442324817316
0.576591312904474
0.604891666505951
0.551590958227433
0.579422825501922
0.60671508450144
0.6371002177058
0.600498670199293
0.706372679736041
0.525139494219457
0.568828113256424
0.590989650514795
0.442024393705641
0.517523215696697
0.609101471163021
0.707251179995824
0.531275968741081
0.631691081090783
0.599077668580648
0.462451956399908
0.565279208912502
0.52735982454213
0.640323601917098
0.630160875702219
0.558450579589336
0.466626678942633
0.667012763923918
0.672429261558363
0.588811747971594
0.686923001964343
0.734755915655008
0.598960566284508
0.59713668076902
0.720642360515771
0.674389442223997
0.614876895572845
0.576003483831098
0.621687165228388
0.569386930533073
0.554120048229071
0.659574209304922
0.546754911483111
0.64683742924084
0.540883746389839
0.541179963346586
0.704041836451548
0.583584110242285
0.560179937598746
0.7851828667469
0.408797276165682
0.579278099468056
0.638772630172702
0.701802923963981
0.595088800383938
0.660991100274345
0.666857268978879
0.576571210427011
0.704921752145739
0.630020630274677
0.772108388439242
0.617839756967729
0.539220386211989
0.747215303566153
0.727674078305763
0.632185346796875
0.764044810334048
0.740568531832685
0.507034571882184
0.837350154770896
0.647846449173981
0.751282591078252
0.763836570169047
0.599759620065142
0.795265052476581
0.787717387743007
0.660642454831636
0.767557113267688
0.652491418556187
0.524332287429685
0.694239342261865
0.633158952706975
0.773106168682293
0.736495734126387
0.581357553371027
0.632570145705366
0.608413328158887
0.828824295156875
0.807190119249275
0.730011253455955
0.605731666936194
0.676527020841441
0.58184023999286
0.676947522874586
0.645858675601824
0.609880941308744
0.747995071336534
0.758568212925775
0.747514726475123
0.620020306880627
0.560333803547886
0.8836484225442
0.675712925877376
0.766817766172256
0.716262083416151
0.710964592074908
0.751452347264189
0.599828949692245
0.724234224528986
0.902404455570951
0.8532953644436
0.707063407277476
0.923646001593423
0.809091500383543
0.689110938243163
0.754717403738273
0.828456834544579
0.798677265810658
0.835488495095066
0.694220117702347
0.715132495715013
0.776631935662656
0.680278737113104
0.901272335718117
0.811467408674151
0.6184906478911
0.683539430507946
0.738689501684433
0.877760007393222
0.752699809733677
0.814789306447889
0.840235531263327
0.79764457949939
0.608569063023441
0.862827415920759
0.818307827460303
0.729432387788987
0.799414563061433
0.753304288901384
0.941494039954241
0.804842810487672
0.907767682236644
0.751893320566151
0.655301608970825
0.757113264231832
0.778720405825102
0.742589798553991
0.798905109090469
0.759165856923715
0.77883359425667
0.91181687226035
0.921713258493985
0.919265737480201
0.779050883504301
0.924027941819396
0.884198015726751
0.882830008971592
0.947924561922789
0.768010005498329
0.984860300094516
0.872467939891105
0.745400037087204
0.863051508091679
0.788515680666035
0.837985482975725
0.845584812426674
0.928226998209655
0.886708873792324
0.899296417902939
0.959588879139946
0.797808925505155
0.85226619892182
0.808191770666192
1.05211558445663
0.828693842820526
0.785557705488861
0.941218818069866
1.0643648244399
0.788791991643373
0.890249088871612
0.700552377198772
0.953338808493826
0.881906114723893
0.991455864583537
0.833162712479259
0.839989001179856
1.05054970073596
0.910067649568456
0.909611370170665
0.662110754804058
0.916825784281579
0.915988015155208
0.892471991122962
1.07752788767164
1.0516157489343
0.817500778891008
0.92084414833823
0.926079876858506
0.929710386142323
1.07205278257061
0.983484482693601
1.09502593388752
0.964158860962559
0.941036532915718
0.828195439714049
1.01597970907159
0.945907432432508
0.893646182893156
1.00278125795686
0.981078831387844
0.85327643049613
0.980161625689153
0.890932781522199
0.853472621732135
1.12433848906119
0.840686197030845
0.860176557279553
1.01300946523636
0.958071964597047
0.831751046855283
0.89428753932085
1.0027310945541
0.988110998532931
0.841791430992744
0.953784513418747
0.867546359369536
0.932798828592042
1.0360565655269
0.927734152538738
0.879979725274663
0.963949277958836
0.92757734960834
0.994401155650889
1.04735997508221
