-0.832712886788558
-0.937199484741328
-1.12950083179497
-0.93282360616344
-1.07255574649259
-0.952926714986368
-1.01169893635035
-0.976165041502078
-1.06065409714896
-0.899222560508876
-0.881017543201747
-1.1773080364582
-0.953664259745215
-0.899322604443415
-1.04231039210302
-0.974464158152237
-0.981489183215368
-0.939516171009205
-1.03492965585523
-0.961108063736796
-0.956221787338602
-0.925032121819488
-0.813927094245603
-0.86518866305069
-0.957463592810994
-0.932174360043006
-0.868019027637331
-1.03130690530069
-0.929136726813012
-0.899641689495106
-0.882345146266908
-1.04856191887823
-0.766864751588893
-1.11092021581462
-0.929722354956646
-0.863173379733747
-0.922063742459027
-1.04962952457458
-1.05552165041982
-0.865418872055386
-0.938146073728638
-0.816997355399573
-0.947674590057538
-1.00630332883738
-0.848530915420249
-0.862889634073372
-0.940710563081097
-0.924005375909263
-1.02685383787822
-0.847428821082275
-0.916974232650299
-0.924870413716794
-0.906266390022393
-0.859992120437055
-0.728119996616235
-0.917870427525488
-0.907129959571415
-0.875389326590694
-0.873933703511661
-0.887806962805524
-0.802290465810169
-0.976910389940995
-0.952117060869418
-0.929975748567
-0.996241276845596
-0.848778030412679
-0.924030337106054
-0.826198612682902
-0.850837984919999
-0.910417631146729
-0.955327142578629
-0.873517750196169
-0.987668237532865
-0.893332941283357
-0.850556975865745
-0.907296753434734
-0.829292139716142
-0.936000958106839
-0.855336044555976
-0.857056660469437
-1.01576716580806
-0.750474390749544
-0.856970537448235
-0.787766433727464
-0.825294840198235
-0.723479316418944
-0.797265870140087
-0.873344977429801
-0.824033860638583
-0.880417680974411
-0.762971067053793
-0.818844821702714
-0.700013093752597
-0.901373322213041
-0.78531124955699
-0.71950318411884
-0.784568341838876
-0.876952700189081
-0.872674909646089
-0.762863201082438
-0.696277301296639
-0.719036665483685
-0.707676316010916
-0.76027816419168
-0.791835430591734
-0.704470947998547
-0.774143387303158
-0.746458977983346
-0.71379271576289
-0.790666482332682
-0.642674603767165
-0.685565849747876
-0.855694883703221
-0.638070729978045
-0.850320777809736
-0.585825924736188
-0.78008834587113
-0.76749506911066
-0.596057558172348
-0.819226064835499
-0.739554874060978
-0.756311864198949
-0.773813041486747
-0.73201350381535
-0.584601839056087
-0.550293229593129
-0.835611301942202
-0.694043192894813
-0.74353345327098
-0.578462718471415
-0.751483796703389
-0.629727831856759
-0.658571909010563
-0.712009064802271
-0.89121157030913
-0.773936645901717
-0.87082192380171
-0.513260486876207
-0.685719491578995
-0.865522862910324
-0.715643959730794
-0.619095923671569
-0.689102305495242
-0.71846310019002
-0.818565244872818
-0.783071442925836
-0.714543301763846
-0.749341148635755
-0.659572780999986
-0.773134695406556
-0.593036548776821
-0.935305068474427
-0.742468897758102
-0.674448377041679
-0.623455643852112
-0.746842277632191
-0.536577133914144
-0.536666070973966
-0.713247201029237
-0.696386617526422
-0.754056289733883
-0.665753005740722
-0.677472111184401
-0.583422866671047
-0.711960401028446
-0.538682951062518
-0.603425199889303
-0.53813458062572
-0.701731726089788
-0.563211368294247
-0.824549300802247
-0.622492101170055
-0.753613863988834
-0.621535415565477
-0.609186921913633
-0.366203612145707
-0.696111319894932
-0.542139853336433
-0.568138226383042
-0.628514160444095
-0.812519515892354
-0.603620385872202
-0.665194359068294
-0.552298186488821
-0.707237161121917
-0.649211505444077
-0.498070487545482
-0.648568092431111
-0.646154005322856
-0.638696072853837
-0.483436051108957
-0.587426790716453
-0.571863547299872
-0.736997982687881
-0.703702079044234
-0.590897896169477
-0.728223149736121
-0.603730178358093
-0.461865785904965
-0.621158845788827
-0.585842953406674
-0.640251313262516
-0.577067412812916
-0.467065540878438
-0.66115818663449
-0.566512016342455
-0.608870012135072
-0.629845427653562
-0.605905691101855
-0.565227054309529
-0.428055769662905
-0.645998866843663
-0.621474020833518
-0.377733302577138
-0.572788788270062
-0.659628297585905
-0.627706723376625
-0.602897267382824
-0.627226871645098
-0.629975447191315
-0.566911194866394
-0.443688119350243
-0.460253673956666
-0.475268437078831
-0.570479592601092
-0.595462203283389
-0.551247002873482
-0.515072679355749
-0.548201500627132
-0.646686437003031
-0.507942981750841
-0.424070150841888
-0.507478356818179
-0.228093405214646
-0.450932997087214
-0.594797085860217
-0.458334957587917
-0.529112013306252
-0.62677497636534
-0.43544951752983
-0.465790418118765
-0.606754491832755
-0.712927482714661
-0.519284889737901
-0.507264981974828
-0.523623044830657
-0.542811635117578
-0.521984229131108
-0.540389688520528
-0.337230466095206
-0.43822344788639
-0.508126593011363
-0.573205425774972
-0.507602473120517
-0.524888016495751
-0.348970733899563
-0.513523964298381
-0.471869725812527
-0.605442558552434
-0.469779138095798
-0.450876004035226
-0.454122646478031
-0.462325980141796
-0.504603435465559
-0.469552845222891
-0.479791033451451
-0.550172635415437
-0.413217893574516
-0.438525929054455
-0.349094439361094
-0.553237300328553
-0.479209356589102
-0.410189537150779
-0.455665225157044
-0.412761402454875
-0.289218622054273
-0.33658327439824
-0.661664299786669
-0.379343019912905
-0.435111853416313
-0.292075628670826
-0.558695710816951
-0.431123443570759
-0.489119945381701
-0.378242200511504
-0.493811214691144
-0.263671198562653
-0.530305689410276
-0.508257699398337
-0.538315145697229
-0.339414190203983
-0.39018333095774
-0.471115846983129
-0.296387527629193
-0.439871364533413
-0.403208016963145
-0.42340573631837
-0.346798415726429
-0.308400993406907
-0.29657863069756
-0.441045057551519
-0.40153841060817
-0.33784758769577
-0.228341672386809
-0.402394350049181
-0.39591532654864
-0.355774997481973
-0.386418259178967
-0.420193554254062
-0.455569620218124
-0.324597054264399
-0.320382080475803
-0.350739537899874
-0.319957078870508
-0.463183796545257
-0.440224558750666
-0.376626005484349
-0.312421393086457
-0.368131876979916
-0.303017170695047
-0.213987800597927
-0.426932007820467
-0.514857165521087
-0.439249229573767
-0.261006364968889
-0.413248958732407
-0.361952607491106
-0.378915206695958
-0.315582433779691
-0.397671154138658
-0.36771039127179
-0.239710114364603
-0.239498353315214
-0.304322613169904
-0.40253253067382
-0.332421734506222
-0.230688925250475
-0.411011155984729
-0.297292179462198
-0.339496077405154
-0.311809545386503
-0.288721528151859
-0.255865167098689
-0.270387782945853
-0.199115929487753
-0.167535811350629
-0.180833432332561
-0.349713899007276
-0.310939564134703
-0.262589084063503
-0.375616286840986
-0.283644124387889
-0.281497028481097
-0.341576913113302
-0.22416043992426
-0.168750863119603
-0.142766364220043
-0.31360412864786
-0.166643951928909
-0.202820433656057
-0.15031689358408
-0.304510795695968
-0.336225010321647
-0.334923268595703
-0.255788350292883
-0.307246549393089
-0.303466001408096
-0.120436695815847
-0.111398694202345
-0.333363932019345
-0.242131953441152
-0.0593905681515731
-0.283748826849825
-0.239493475670652
-0.141212703365064
-0.314720918842527
-0.238453944804193
-0.33138629470114
-0.273744049084576
-0.138300309996789
-0.267649928322441
-0.283155925639273
-0.164452819330955
-0.160958136924526
-0.0466169470899249
0.0179573965799619
-0.307486152588126
-0.201750568893398
-0.185773800119136
-0.142245924697989
-0.257204843734766
-0.110555148846313
-0.254973616247601
-0.330125619762143
-0.117026383378999
-0.217592589200286
-0.112489674344998
-0.194057672237787
-0.437343317476675
0.0192309877637082
-0.219755751049727
-0.130764998450781
-0.225513750126912
-0.279913500597283
-0.152564205036493
-0.3206657504347
-0.149276063884716
-0.151112530869265
-0.208254412645867
-0.255172464276336
-0.396346893849992
-0.205847718748179
-0.174938899339839
-0.197478035168082
-0.130157069018688
-0.17335339998572
-0.143109141436936
-0.141457863366318
-0.0733449977068859
-0.215111083778014
-0.224286427082344
-0.06006590181072
-0.160064913629472
-0.0455218799959549
-0.123982711067981
-0.0956227960402561
-0.119233117705987
-0.118462147992256
0.0661029618625369
-0.138482392963999
-0.30620454459555
-0.191530894238789
-0.109250576893758
-0.123554179890624
0.031427343262158
-0.0888297314551924
-0.243288308095847
-0.121484049663502
-0.145935258708708
-0.0912258602067732
-0.155709536993841
-0.1216619090637
0.000469479361093784
-0.116782800973022
-0.0961926991327302
-0.0967097684680916
0.0316104574180566
-0.167683073708557
-0.10925496239203
0.0523344799099423
-0.0664226668162453
0.0436982588098805
-0.0158476199965659
-0.143832502110629
-0.1194859948765
-0.0879488637756492
-0.160883309355465
-0.0506392948259088
-0.143021363281255
0.138845780258424
-0.043876042735516
-0.170216417595862
-0.157174060350201
-0.203806207124629
-0.0101997073086638
-0.0194719705496437
-0.0157150745531763
0.00661168495051355
-0.0601823559021335
-0.132585982520244
-0.0909725827503767
-0.0617240171990157
-0.0815725437520167
-0.0479313775454412
-0.130928940334031
-0.0950104748288462
0.00726228936137826
-0.108375763747713
-0.014682916864866
-0.0916917630591411
-0.213334737723453
0.0416432164914016
0.0546761030401357
0.0655526728560782
-0.0351152865364611
-0.17167042717508
0.0829833606959504
-0.125221454818124
-0.0502102913971371
0.0221840590549375
-0.116442609371035
0.14704064587759
-0.0183782432819947
-0.00135031240014163
-0.110932597766092
-0.024043202173842
-0.11368237249264
0.00286173655816343
0.0584436179823454
-0.0321517033584449
0.20500481401927
-0.242472965703364
0.063102521302781
0.0134498309709301
0.112160706885476
-0.0338482867475295
0.134468140375835
-0.127125989676142
0.0736592656134251
0.0222545035274994
0.0647905943277161
0.0664644112271805
-0.106371204551371
-0.125796620191774
-0.0414828900426716
0.097013312994064
-0.130161975217205
0.10807137914348
0.0483417936465865
0.0213002997976141
0.0539791860048229
0.0591698616663511
0.0620956927633968
0.152666020036532
-0.1304430425954
-0.0598647597579702
0.145256203658816
0.0493627053908552
0.0720549929568588
-0.112058092083683
0.047571521357895
0.157401926952237
0.0776372847845297
-0.122268263000944
0.0314171984424354
0.10410923520052
0.00646302436188032
0.0558098852969667
0.0836687063797862
0.10939696296081
0.166024067260951
0.139461154351026
0.0930980204725246
0.135863545867091
0.109579897689886
-0.0727245010873872
0.233679804572881
0.0906305091681557
0.0131749741514785
0.0914374674162109
0.217717076616568
0.112843584419443
0.157771391348747
0.171950439612476
0.13025745875687
0.229256103259237
0.0617671897668581
0.158225948870494
0.174607786517931
0.249525722507704
0.135262207208146
0.229433635770311
-0.0345715518314068
0.195873038386178
0.115416863904609
0.122487681122638
0.133179791501204
0.0305451252416146
0.0786975744508238
0.208974663389913
0.195409441540578
0.182940296951551
0.231900682849624
0.242956212691766
0.0781283324724768
0.170640360900281
0.135313976329515
0.0825110870833431
0.115103594068253
0.207748507189059
0.270006441925656
0.104135115339948
0.00555270941858163
0.178760030581956
0.0484451950413701
0.122745810345278
0.12556358624989
0.162844440947524
0.185691192464963
0.189136790565687
0.282803313655679
0.0898454207174376
0.189097462833891
0.314949909459994
0.321420875161607
0.187987509942448
0.0523525713317593
0.0984290182526339
0.469352961348454
0.269353737701461
0.13049177431075
0.0871484356431734
0.20177169392778
0.120869219028694
0.182457415306182
0.288597564810798
0.139081663239211
0.30179023494875
0.242998236659354
0.290015552630869
0.0943921358959028
0.150981498719368
0.122400599996779
0.178237182855956
0.194565127896856
0.0862738527493443
0.381927428033367
0.295152329628997
0.252606510924912
0.333557427759519
0.219982756118105
0.294980177039432
0.34238046946941
0.243809779877517
0.265092464005732
0.195632490391069
0.231699762177742
0.355504489921437
0.188512046181649
0.320028646433022
0.322753532511624
0.108486622253061
0.297791117700681
0.25120510572939
0.317386556028341
0.152450635105785
0.209765709761355
0.154892197170761
0.346203685971213
0.134020761198524
0.367492350918526
0.287121979212038
0.359250251834474
0.276482509332115
0.444674958101357
0.434382592538736
0.317374488306099
0.299513551232831
0.205225432624574
0.311366386754718
0.367142501680996
0.170133497036883
0.257062800373883
0.299597090395104
0.322967640085977
0.316449073105393
0.303441572155421
0.161974227593905
0.387296986972316
0.436822557241025
0.260614804341595
0.3974867564893
0.197635969499517
0.23130383214324
0.183918816788625
0.356268452853328
0.561046465158965
0.270191074647503
0.222976369094005
0.325727813357784
0.420710225081794
0.358751485758099
0.449216399430056
0.384841940812983
0.42336657792939
0.231844305738356
0.264584354903752
0.436514687558647
0.314908534709584
0.276705372486873
0.467261272053625
0.473841184277852
0.348963944199577
0.343417156682333
0.294342070392644
0.28506151643911
0.412702415436835
0.392054584164139
0.345698611707502
0.325304473296029
0.328994458700803
0.273792396999014
0.36245926870179
0.35918589301843
0.256298297115403
0.362628414002441
0.316897045981665
0.234622734437974
0.500363953785208
0.443764831644197
0.438668421976775
0.463492518742332
0.608466987240515
0.339776127157387
0.244833944536913
0.517638022106714
0.463144436455065
0.349308812526582
0.472644263723761
0.396999870429883
0.613579032992209
0.346129030697312
0.380427459434917
0.465816376264749
0.406179281058696
0.408411551527281
0.449949707949563
0.459376627209116
0.42261741305451
0.394281353995567
0.424280711507377
0.656879577354422
0.445075760771084
0.566346326801941
0.507890989078352
0.373233195405683
0.614677069877572
0.611627349647114
0.439479748726283
0.535275292256763
0.358546269433183
0.289691181667088
0.498325004440824
0.481482320906723
0.572029320422461
0.359381184115696
0.385327070876526
0.402406591156177
0.370288560470381
0.382904157497308
0.545025014769925
0.460150958913588
0.551282426317456
0.513675444903571
0.426154112278993
0.515278538386609
0.575155234203312
0.533922416491543
0.656869803665697
0.474677269015263
0.450515598526263
0.622282099226485
0.568830734973023
0.446424293094248
0.512436051609485
0.464864447845305
0.464569622651713
0.434036257393148
0.593535144484015
0.61025100102598
0.647119115098983
0.596824707223213
0.552323150203157
0.55867550757162
0.603403363535132
0.639627329186345
0.566693401759066
0.550536126378092
0.570436515933916
0.517041569998087
0.560761444407008
0.531361116411799
0.557049588923015
0.502878378992565
0.480319490097138
0.604235129649867
0.553710996696897
0.626491615369531
0.589932375374428
0.582522874868109
0.533178738464246
0.580125093468755
0.484267954277096
0.605925820501367
0.538638507585766
0.608818654241505
0.577512033047022
0.524936660940245
0.588197497768535
0.484035041407783
0.529732777896775
0.533933049279932
0.625906621497815
0.62731708738339
0.631510681720508
0.495065048617659
0.486075984179381
0.549176606162184
0.531811962319199
0.786873495149591
0.671522463961187
0.420010906938246
0.502933682635089
0.646643763473535
0.627445899417432
0.443313898055558
0.622241094240566
0.645903276007033
0.558572745085839
0.579264469207857
0.58022914413712
0.747636951658445
0.588319212528671
0.555591247257945
0.620181661812084
0.626274755868222
0.539067658828983
0.582981107282249
0.741961905822081
0.636935492131493
0.569513430763766
0.684350683432852
0.703482995901807
0.701961555239746
0.59071722228426
0.707988816702851
0.686490795510462
0.487503021358858
0.57219431556934
0.546463426738879
0.593134944023453
0.693487883194774
0.561317722032868
0.776957906432538
0.70584505240832
0.66783872698499
0.846341228319264
0.655605450345133
0.800544455434555
0.630372985529264
0.739593723032307
0.657843497126535
0.866757710029124
0.647786278024795
0.501831235629578
0.715046577147009
0.799429729570562
0.639375133094248
0.744363385697409
0.592261598660793
0.539007467445619
0.798774476053
0.687501151286692
0.626732652751006
0.714273735294716
0.941018438978076
0.64563919104523
0.778951442300758
0.776637220403267
0.775228757690284
0.876090117216231
0.655760749024435
0.789853230023606
0.792055970615481
0.64699355179093
0.65175532513082
0.727171557605788
0.60491025877076
0.62336226645569
0.73962818802061
0.571790196914433
0.680033509239112
0.851865544389868
0.757255535089873
0.932575552923513
0.803436215383585
0.753463473760051
0.668476460546433
0.923332644511812
0.885207876074422
0.671932612337154
0.811735369164264
0.70448603020955
0.807719327263931
0.760329491445688
0.716862355335549
0.75606074500602
0.887674900862164
0.686930540369061
0.661376906418468
0.907511885927663
0.839145537246983
0.766890464798091
0.83820541356981
0.797067188969797
0.747658878331375
0.90713350576675
0.84198037321985
0.899178674241839
0.773808848309932
0.695661349527151
0.70620102494418
0.798402533087909
0.843412319874734
0.886182691486598
0.97029073337658
0.909837838060537
0.825819147039215
0.802155584736245
0.857087296590453
0.847825992114643
0.758149701416116
0.689795588337207
0.917182078025433
0.962207838864805
0.986179625177686
0.873001943421606
0.95187252735682
0.882472746342831
0.998724515755477
0.783667820109887
0.975669219533949
0.943676746718987
0.873160415786714
0.834404283092958
0.843128996471555
0.812751821234496
0.854007593387396
0.994560606609847
0.881883864714504
0.90534077575579
0.823625987648322
0.808653581473061
0.997170835924192
0.908500656941045
0.843926860142253
0.933809677810658
1.00959003701773
0.877062284282404
0.971960072803143
0.940619125329989
0.837634498598941
0.892899190429925
0.977807435871087
0.898162233708375
0.836820967735147
0.95190836168883
0.877310717042564
0.898726089404925
0.893270167354534
0.948165785467623
0.811906851654907
0.968809131099771
0.873037335959068
0.828407644529715
1.00227034425201
0.916950019500977
0.867645638958608
1.07936190861828
0.904759895805942
0.990208046321178
0.899685259531009
0.876581154457933
0.858162233608323
1.11575432990145
0.995848207627188
0.726023921468017
1.12800141604286
0.987815169940187
0.984033375561584
0.986817889953233
0.922578841381889
0.901623740206576
0.942564132765888
0.85120717191721
0.881596108191836
0.868535046310217
1.000379496262
1.04795242096772
0.891640448935991
0.772637297330092
0.921453260885973
0.974317172363462
0.885056354658842
0.973221680986466
0.927914907218272
0.970323147149663
0.957740268847866
0.85372385478097
0.956199994432227
1.00817538847642
1.04165763684609
1.05535966453958
1.026032435734
0.988910072428965
1.07776803299423
1.14134941539124
0.956621446680816
1.0270448516675
1.14610240087572
