-1.07724368945623
-0.935452717795667
-0.889978811246226
-0.959425327890524
-0.943355055378521
-1.08374714731894
-0.963198285653529
-1.00254981484002
-1.14610470592257
-0.891514352148802
-0.931406077064597
-1.06927732399972
-1.0875445968128
-0.948890568677458
-0.986830820818738
-1.04174801381749
-1.02036691053994
-0.937271550680689
-0.894861007450015
-0.983115358272081
-0.802647230922047
-0.922873023028734
-0.887659633453094
-0.91129487856034
-0.88503362847473
-0.994071559284884
-0.898722066085335
-1.04484583244032
-0.955205050804102
-0.952503666174442
-0.812329530104469
-0.865892004530515
-1.17950720450669
-0.882220107497377
-1.02040487066432
-0.915255372587304
-0.981501468797128
-0.894700144309683
-1.10595581695696
-0.8969324020479
-0.788663190678475
-0.936597233682379
-0.937302564690564
-1.00756333265128
-0.887047379596519
-0.915890112776425
-0.869035843608857
-0.940060448025495
-0.910620138329038
-0.941096630278877
-0.965221452309022
-0.855376237741321
-0.8425038767777
-0.828225336311635
-0.762755136029598
-0.798929891470602
-1.04894335292487
-0.770415662303449
-0.793387548209682
-0.728010776516593
-0.999193793494569
-0.800939491469571
-0.889126699847548
-0.787706273728021
-0.868171143770923
-1.04491863863
-0.762985627851955
-0.823360058379221
-0.789529941758517
-0.717133341211055
-0.704429469394949
-0.748232967908069
-0.850320224498933
-0.983603468963137
-0.779562038522691
-0.912454380809406
-0.809692668954626
-0.948775388042907
-0.800255219328268
-0.872266486745973
-0.789860332928224
-0.820263737908717
-0.946548093111796
-0.806570132086822
-0.781664055686154
-0.769000718313632
-1.05389266475797
-0.883798976448014
-0.874046932876002
-0.753235700120616
-0.633298602938697
-0.675301330557606
-0.755904305409349
-0.929311257581313
-0.751957525004103
-0.776211535343241
-0.87552549434353
-0.871749266213116
-0.795526522782753
-0.816428530935511
-0.832735692366985
-0.794576683661917
-0.819581391509614
-0.861629769981351
-0.770837929577161
-0.700223604913824
-0.900420787200286
-0.713389021988967
-0.750892636646572
-0.815690063070251
-0.63145902289744
-0.957203272286642
-0.700226357927748
-0.835699144829004
-0.747457820279442
-0.80501189420695
-0.881750620429398
-0.708461023784501
-0.739009974659194
-0.703874224739659
-0.776149484784429
-0.769204404461103
-0.789144945711596
-0.653522007746187
-0.724181562013755
-0.77341110336301
-0.5329536144609
-0.675360628809959
-0.80004849905347
-0.733910013818171
-0.528245191888408
-0.671517353038545
-0.787351292666413
-0.80620239750861
-0.653606338523133
-0.708230237052136
-0.679790391279695
-0.601193224428726
-0.676572308409358
-0.86268740789193
-0.703308961530002
-0.701721629035114
-0.59907135683391
-0.647139764251931
-0.68516935313515
-0.654839350196892
-0.598824047041129
-0.686079987955271
-0.808136759696675
-0.698946449366904
-0.767955998396509
-0.746132313482584
-0.664378601495552
-0.782654592652843
-0.543509638809141
-0.644252687825065
-0.765926714130048
-0.733228115667871
-0.64004779171039
-0.722812463246615
-0.76634087921682
-0.536913702049795
-0.700724659771169
-0.58964653162373
-0.839666937453504
-0.677242875617626
-0.66964279663177
-0.623062204249288
-0.634335995928871
-0.754807627448772
-0.742347965300884
-0.555192504231284
-0.688157716734596
-0.65115443152063
-0.453478590698709
-0.748530070342141
-0.592689196562932
-0.746155971391587
-0.528117324651517
-0.524385309377733
-0.590796237482757
-0.758506996306609
-0.525213094607789
-0.572453442731358
-0.598531458193798
-0.538957359352076
-0.716568355786788
-0.68731231495995
-0.673228037507683
-0.729080988459297
-0.672900413452407
-0.752891990829842
-0.594960562627924
-0.616880221024669
-0.443789121226007
-0.544918859203231
-0.614760863790079
-0.569101268878312
-0.57328866955523
-0.610982174124045
-0.601914262386689
-0.610878772648482
-0.654181732933418
-0.495609137992691
-0.431781979405565
-0.522277890429114
-0.69319032535269
-0.476256968584516
-0.548334333215895
-0.473952951419588
-0.573372610373601
-0.69004307617632
-0.562218694364695
-0.523050852449368
-0.612253479916265
-0.420600342444048
-0.437457262310284
-0.538359353759594
-0.660739112374548
-0.635847696787566
-0.616743706871215
-0.588493283218215
-0.625360082662802
-0.629758238890037
-0.562405466711152
-0.541904843304705
-0.669877752160774
-0.62056975932264
-0.600511733116664
-0.594997905779662
-0.670927525012032
-0.560795615982237
-0.524457858603027
-0.388609908944657
-0.588620359944792
-0.560155260919863
-0.274917887261603
-0.557165257849134
-0.465957699503798
-0.585028501831519
-0.599235929203131
-0.794950236501157
-0.525329812978187
-0.514862058403772
-0.536426627018498
-0.583792142502631
-0.506685518809332
-0.488065834718803
-0.522940410397348
-0.506310964681731
-0.430251283380403
-0.361045948099409
-0.570853654433157
-0.523974211925472
-0.404612035721628
-0.430909127929965
-0.472424306546649
-0.387282263104957
-0.453937308601173
-0.547487155746655
-0.454568690531217
-0.5995040360033
-0.461394410516612
-0.451993130618688
-0.441560147358993
-0.409403911603809
-0.568182371360796
-0.602606270717484
-0.323630356959605
-0.40038225456639
-0.405948416787212
-0.350475671517216
-0.393452093729413
-0.427819450321696
-0.360273283270083
-0.5012520882842
-0.435085994790659
-0.664527074527723
-0.511162658199119
-0.559577782114234
-0.463079981155396
-0.449692763166535
-0.422680690490685
-0.422039365501502
-0.463527355602406
-0.26069690486927
-0.336319116732071
-0.442948012906257
-0.409967382788412
-0.327059192379806
-0.425083548230987
-0.478809172218733
-0.290834409316201
-0.456530655010093
-0.387499174814303
-0.29925615585903
-0.430417911588491
-0.32733968271967
-0.426677144987283
-0.326310771395524
-0.389367921330109
-0.435204727397339
-0.35747817840614
-0.217960875445401
-0.197453825296463
-0.425386686661826
-0.357624556667048
-0.378858523465306
-0.412255431306848
-0.440308333056016
-0.329168147216416
-0.408959261072998
-0.165684852264512
-0.353286432468402
-0.261381602885944
-0.560276938165118
-0.360828667484519
-0.339907853738843
-0.445495646959083
-0.269116496212026
-0.371790215468942
-0.359160574764995
-0.346121491078273
-0.302993266972405
-0.350307194896556
-0.418620053831943
-0.381334163604416
-0.430850959173838
-0.335569414814709
-0.292759007767819
-0.373748191566443
-0.43814632830803
-0.359143430264709
-0.375061926613227
-0.359777501123569
-0.331418567607417
-0.423903720240619
-0.268035982243441
-0.26442602815708
-0.26809373865938
-0.358051413962918
-0.343088976507421
-0.43596331542752
-0.379893501132907
-0.397810792476011
-0.270564298302264
-0.379585938826501
-0.222019122143916
-0.221568939910382
-0.234838166599963
-0.358699398958958
-0.238086782711464
-0.224767390980116
-0.337878463281734
-0.300733402204225
-0.147122907001843
-0.230744701407237
-0.201037598485072
-0.414196113568603
-0.180695604939949
-0.214218951270042
-0.295345722573971
-0.219090588527037
-0.172284798259558
-0.30526298042477
-0.247382362614642
-0.217836972799195
-0.205072605576553
-0.402269850714602
-0.289009780536484
-0.245566915424258
-0.416330187912826
-0.293967389629227
-0.239683616835025
-0.395224431272896
-0.151395782796647
-0.256190689121795
-0.135010679411686
-0.190741366000223
-0.341112335875592
-0.300364803551911
-0.23442506685298
-0.319565201093699
-0.298132632045749
-0.21224610154758
-0.23395847534686
-0.318147464590269
-0.227744822434275
-0.315159111177388
-0.107757279830604
-0.22508476640418
-0.203487766969255
-0.18999533182666
-0.0764989154506521
-0.0933899778016586
-0.106084688008291
-0.0706330255177822
-0.311299044441875
-0.188547690500294
-0.314665810716651
-0.33723871719498
-0.0836884031791491
-0.296230937982375
-0.121384933746924
-0.184503010136638
-0.184315804063742
-0.181144217588355
-0.105036615736794
-0.121955506803079
-0.266153318050198
-0.213139454032547
-0.0906900688332817
-0.0475262651618011
-0.148390010883233
-0.186190265264993
-0.106007435127865
-0.192523017052507
-0.272814404665329
-0.155252502269421
-0.154801313587722
-0.132256923244147
-0.214442865223456
-0.114090419086125
-0.139766574438797
-0.258798557448709
-0.0746838453403059
-0.139492067267351
-0.245603566726881
-0.17165176682834
-0.149821971698011
-0.136348429590399
-0.178991827218082
-0.105888275395002
-0.195297208206063
-0.199224174598568
-0.0593293739855898
0.0264262746805387
-0.116028324207148
-0.0394747907063832
-0.250890129271279
-0.167968760690112
-0.223761939121854
-0.13263961995327
-0.0812445605449529
-0.214994271196428
-0.0247679327484011
-0.0137009874669432
-0.220631366182547
-0.232751550147013
-0.295738068356166
-0.0810714857312051
-0.0955176301905272
-0.184914258813694
0.0288898823637525
-0.0818256650549515
-0.124971154406152
-0.0753796244712827
-0.0083312784993676
-0.121749180934955
-0.153458053618801
-0.0974062720618541
0.00743358683509597
-0.0497152358948248
-0.0737771848411775
-0.0909271068969609
0.006490223539437
-0.0354730768576027
0.0770265892474928
-0.236546395031192
-0.211463766122997
-0.092452761708834
0.0167348244023184
-0.121080191092877
-0.080540493363902
-0.0808904204346933
-0.0847652275635549
-0.0910053515070471
0.00600726897019068
0.0813818770521937
-0.194340801327099
0.0607595106431776
-0.16978329885964
-0.0848508217705957
-0.199766356857661
-0.0222552989122404
0.0887064346737114
-0.0858471015957348
-0.0947164686230024
0.00939535746670358
-0.0361783311719776
-0.0203168505993741
-0.0295883798233743
-0.108645481685265
-0.0244842981731505
0.121292721026331
0.143932339428397
-0.12945185004449
0.0189562953130026
-0.01269418803569
0.1555292287043
0.0496109364791846
-0.0145890427909576
-0.11850979135098
0.07813913390463
-0.0227883337843073
0.0652785124183434
-0.0236460466537581
-0.0159017550649491
-0.064654475141508
-0.0379779448269848
-0.125039471820477
-0.140471603670887
-0.00991603820550189
0.00494632526628809
0.0857637957319178
-0.0380674660535054
0.0256604831627882
0.150734464678594
0.124463609260194
-0.0215384385712325
0.0333014577851325
0.0913347881604982
0.0363915422393525
0.111401270957422
0.167042329900903
-0.00724182239235998
0.0340233500245021
0.0734665492992055
0.100612843404159
0.0612637653659113
0.0485271334249163
0.152518550278259
0.217767052610511
0.139674158504
0.127155478093971
-0.0104463377619908
0.184032015454563
-0.0319334479659356
0.0698263966453102
0.156679508516094
0.0431338062831574
-0.0970352783393367
-0.127975456332661
0.0668204563919063
0.0657382081254866
0.225502817208901
-0.0267645698890895
0.0268124652609276
0.12231066133308
0.143745444327289
0.143432920100591
0.0734725386779431
0.132058991901958
0.223147001650683
0.0108786108434029
0.0217035986757943
0.284604189618441
-0.0493580418837648
0.147838179367604
0.215196627869162
0.0764417810395772
0.119520874865981
0.224226487658696
0.253244418163728
0.153964678159632
0.0978598289928514
0.129234145725359
0.0786933953607447
0.230173088571621
0.189356405711478
0.0785141288744762
0.286099643283424
0.0305118584917602
0.0635050206027197
0.183101880054805
0.0935589717468339
0.174862574635245
0.102776867804255
0.067897888494699
0.122894708348741
0.142433943083514
0.0527985056987454
0.281433355709661
0.202539354072019
0.257271661382403
0.00648943168085754
0.0233642254367701
0.230394877990657
-0.0116926961469024
0.302170360378542
0.160991104557035
0.200860414044113
0.20969849460681
0.253359855873314
0.242282570870004
0.162795115386102
0.205143273649963
0.175194751341108
0.230534395409848
0.298394840771909
0.274321059973184
0.138329705724195
0.149925046392475
0.163658281600883
0.254397151132683
0.301543831232556
0.218598102235
0.16704103513632
0.152482775933118
0.261719446799628
0.274199461037816
0.234033105190154
0.235036796986492
0.160011311247081
0.260070353249999
0.24004324522646
0.160136014060415
0.113346503538882
0.255392696534079
0.229257585889436
0.201723330097367
0.248677335566495
0.199919908856943
0.220114700527377
0.22494735499764
0.159415349113252
0.181839626619426
0.298271478617025
0.360709999616025
0.316981782684255
0.338688304974339
0.23141581758423
0.332213990270698
0.250845876036471
0.0264840393819262
0.163861624689841
0.386517850634632
0.0532667564828589
0.244151158930005
0.235926908185601
0.285087270974349
0.424540724495296
0.359207126280387
0.397756153416929
0.294648737131086
0.247974922252823
0.263226164188562
0.287906183192507
0.301081221502528
0.347783893611809
0.517852766581664
0.441987346030694
0.305651073788035
0.169650533977296
0.212721954761379
0.206568652222169
0.409923055559793
0.284660157618406
0.261666722742799
0.273913740501208
0.352755020606385
0.298262871152999
0.363222825041958
0.3707455829724
0.253543586306795
0.278093987673738
0.3292521148899
0.320491306859142
0.29227421354382
0.21284708426687
0.240074318894885
0.371512073107931
0.33549640501775
0.220257176527196
0.510036229396915
0.303039258518821
0.253247997833273
0.392443148669773
0.322618813031266
0.346432829562109
0.43816733790572
0.358050175513807
0.427775052118484
0.112263844642124
0.322491425964227
0.492870582756728
0.283023108995227
0.410506666458962
0.478325829994177
0.362273498026286
0.424069971511962
0.264891361197895
0.355197713757101
0.26380384366119
0.418784799960966
0.525050374695634
0.243603927014792
0.266950635170555
0.365035408616359
0.366248599592177
0.415618365279882
0.361862550701801
0.376117979848746
0.423494235773762
0.277498799399975
0.46079924477399
0.400378828866743
0.407091506068755
0.315511094409701
0.428390732298823
0.347650088465192
0.396192613425817
0.430837331065975
0.425518873358586
0.474050260433615
0.440123066796379
0.374818888872931
0.510128072422044
0.656714432823187
0.531419890735969
0.412253026033261
0.418865464264181
0.456596927152224
0.510495967913811
0.485770209405858
0.434177821870188
0.382680334558744
0.339011229290621
0.578310854497256
0.486595793331697
0.590289263180815
0.307631602876967
0.545598786596725
0.428232519898068
0.384273136712279
0.549408244367394
0.439578387988091
0.420847608327109
0.421345701532038
0.449419053214365
0.585908616459128
0.513099141554646
0.478978148237245
0.565468932790198
0.362744988561815
0.461432365285749
0.431979463441299
0.561747023514215
0.389701443565257
0.432364304669013
0.444716538415649
0.409500891581866
0.43494818575154
0.501148003326512
0.346515436376773
0.529445441765086
0.606129071400718
0.548769636063555
0.590811703128476
0.469789405415249
0.564178804700381
0.487845910727537
0.514827099207067
0.533593880711265
0.722083782618202
0.516672527123915
0.522914369814597
0.45462949083261
0.560004126848074
0.553831147206022
0.508219103338108
0.517114020404768
0.601088489777779
0.59819682693142
0.737063994813481
0.657575011467421
0.455096518781404
0.395954547448891
0.70223280227778
0.485895561359764
0.459978118325277
0.615521293810635
0.500866147475978
0.63199142236651
0.561215199768837
0.636211527565419
0.613304952952865
0.6058931178358
0.676030170676388
0.610820200090803
0.560047294628912
0.604785584472723
0.570177061698529
0.485223396491917
0.658081359135532
0.601899930856188
0.629755988265384
0.676576491328297
0.61615198275753
0.489138137192401
0.517944543893764
0.633219871175709
0.535629429659496
0.527219854735272
0.533004398993848
0.624625402257259
0.620846772630764
0.672766873532305
0.57888954350841
0.547423746924361
0.810852814804391
0.618012852492248
0.706135507909295
0.679431978248103
0.708254490457957
0.644564733081851
0.670178531214007
0.49954752387685
0.712381930677759
0.593044967155502
0.473769744325196
0.649826925588115
0.433284171082592
0.501208311894156
0.843640917974222
0.553117057399146
0.778975132886261
0.750408994810688
0.586994235522277
0.53334559453867
0.596067163226556
0.701051380882496
0.766648303505277
0.54484222503904
0.714525081456881
0.438661429378841
0.729949471576281
0.717273577427707
0.706173821010412
0.705346857218409
0.796032065736078
0.659868514911313
0.776207623815037
0.714686488832793
0.57704727122965
0.639423886073933
0.708678925186757
0.744835101872381
0.67914189576877
0.762002779738719
0.586087073349762
0.594956767452803
0.656988896315831
0.654515355309758
0.55393547203351
0.693618341057457
0.659386588443254
0.76466291123186
0.640649658809306
0.678798329815695
0.731354758357599
0.807461456121967
0.695130714274591
0.561329474521099
0.674258896882114
0.744854463777572
0.597221939080391
0.573942709480298
0.682538573971485
0.776446469386383
0.866814127752509
0.703427873306719
0.676399750538021
0.745919596784982
0.664180927877366
0.628339427445345
0.759693470426552
0.777324172575389
0.743726321801017
0.754685188244461
0.954624426126125
0.718628840312587
0.888150452286652
0.842319004549413
0.487967257922404
0.706431877532994
0.86518597333929
0.780262714116347
0.776570447295575
0.8384608723434
0.604334115316122
0.71040497334878
0.794942599597491
0.672974609759116
0.81357340636135
0.91321030733464
0.83573386823459
0.776905402843866
0.718041541570494
0.932790193901788
0.959738567436374
0.642273979865185
0.99373475975574
0.920654914730352
0.727565210139355
0.771257939424946
0.83959740164664
0.964547214840898
0.812580703357759
0.870976482140527
0.869306250280209
0.944648961620038
0.903972013790103
0.909647998021529
0.769877129451257
0.794404405442427
0.92496401208893
0.908278678152232
0.846228653292289
0.90301952453276
0.826739090400628
0.688370418423478
0.829006000246084
0.788973081875238
0.917518127057377
0.784105682057203
0.742082900884808
0.790661834305916
0.889966150554188
0.935890373891816
0.852888968448553
0.735952219021881
0.92843577790819
0.866126711607297
0.940926669565906
0.946602219873158
0.882213592462262
0.793434332672991
0.906352914007532
0.77839511548178
0.681583994791608
1.00360963515791
0.964769706194327
0.840973244312889
0.777102285231448
1.02712388731839
0.890146066474472
0.908095810255912
0.94987230741654
0.84785779097738
0.893474279639588
0.961556614316679
0.917853145009561
0.953711213732822
0.768406981183343
0.902449661755903
0.862524884651217
0.867269819916497
1.07403146868187
0.87802873869624
0.910700711324111
0.86214751603858
1.04246311172887
0.893945588968951
0.900653041233683
1.01316368253457
0.998064600276774
0.983470339087857
0.849639219059686
0.933778171927262
0.757451886194727
0.956261567926386
0.826814359709075
0.964687291626864
0.9158153243739
0.827725588002162
1.07077914600588
1.0791814530378
0.9323939761264
0.862726923228652
0.777841208434245
1.09925048674007
1.0566226348673
0.993596652968785
1.06999907010625
1.02817462829942
0.841857722354232
0.980972922049417
0.872427574305383
1.0195398215463
0.858908392106979
0.977171091354456
0.927237439044859
0.952376158600679
0.914186838399626
1.06746813326833
0.984148493960834
0.981765664936058
1.03768852002363
0.966279841545084
