-0.833381863158356
-0.939478018863054
-1.1164326410497
-0.953667512426482
-1.08014423956738
-0.955468578428354
-1.02418347236982
-0.994810439241778
-1.06173135258404
-0.897891782526282
-0.910599599382173
-1.17151838234615
-0.95584007906798
-0.907345389625155
-1.02797320175931
-0.969033170204394
-0.9880032425608
-0.928941636950811
-1.00725118688752
-0.96856677489432
-0.957552786688445
-0.928638315308586
-0.81533807019671
-0.866567209327582
-0.942093315596822
-0.910373045867625
-0.870372467229792
-1.03960111881922
-0.918426544452457
-0.888988694651629
-0.891273508320818
-1.04331866555709
-0.756027201041435
-1.10678028755039
-0.94477777123128
-0.878845726958482
-0.910150066829432
-1.04129584009881
-1.0631484036657
-0.836647181656745
-0.948011039076055
-0.827771079706571
-0.931427617230706
-1.01023241663459
-0.853157050202193
-0.856164128721383
-0.933788687111374
-0.925996852918844
-1.01745022790324
-0.834427167743938
-0.906927681804847
-0.898278862731452
-0.886346828151918
-0.838811861842946
-0.728963080531318
-0.922388450221978
-0.910722974143745
-0.904480822154687
-0.87187000379836
-0.886146593706966
-0.783425185412166
-0.960953308034333
-0.934785011911521
-0.952195412849583
-1.00064905368472
-0.861662041518529
-0.933060063240912
-0.841214772434035
-0.856343201555582
-0.914817596318413
-0.940664008480119
-0.879326262206525
-0.990284097729647
-0.914631031785585
-0.868184230952676
-0.889588942161177
-0.829079297514765
-0.942458288522739
-0.85960804067528
-0.874283636474013
-1.0139264603573
-0.749522537159752
-0.870887476943813
-0.784414925717601
-0.837175808474942
-0.731026486818431
-0.816480416948598
-0.870732801259085
-0.827336814092914
-0.877100785120619
-0.765200886012563
-0.815343503466411
-0.687918272020464
-0.912555775400198
-0.778626258722398
-0.735922698154277
-0.782103219100704
-0.876987590845732
-0.885707953443309
-0.760429023033397
-0.710509961564165
-0.713301643310634
-0.695200233353788
-0.74796775163667
-0.804090269270633
-0.687867973292374
-0.768710923661074
-0.720793539548478
-0.724926857620959
-0.77931166307394
-0.647218203141763
-0.690433005705451
-0.852263631509245
-0.646545640925112
-0.840873788919827
-0.580447190163898
-0.783045204559559
-0.755446479042976
-0.628135839799604
-0.803445766348289
-0.723492995509661
-0.730023423431863
-0.7556908975707
-0.740468733177797
-0.571616621460322
-0.527083439332951
-0.862542997470868
-0.656115982106089
-0.738317661894782
-0.583378185406022
-0.764124537383401
-0.618912881486873
-0.660761347910426
-0.714554753194912
-0.86028680597441
-0.755357019187816
-0.854888007513851
-0.490114182436621
-0.683838531042167
-0.848665397112659
-0.730878860143404
-0.616951761069409
-0.684993378227969
-0.709043608381385
-0.819121226709497
-0.770650352171488
-0.715169696863561
-0.76205842042168
-0.654926214973074
-0.77320544435237
-0.614065192428758
-0.916058017770424
-0.740178977982015
-0.694733584227881
-0.622708089737439
-0.746463315951378
-0.541742302356144
-0.513290068816248
-0.704185654799053
-0.676754659910177
-0.734767769873748
-0.652563715071408
-0.666180926213873
-0.570434167221448
-0.710085411327414
-0.545732100253726
-0.6162402806885
-0.548886063399142
-0.708481871261416
-0.57504165856037
-0.813970438348364
-0.62112129995083
-0.754812114190258
-0.628266961131681
-0.617586947120034
-0.357570730996875
-0.715281613666004
-0.543056317319588
-0.568032227103316
-0.632094615387319
-0.796825516185729
-0.588092597216916
-0.674524853368755
-0.56930705494593
-0.721071846461401
-0.655788609212516
-0.507236925960573
-0.644982281185289
-0.643362726933081
-0.642405507112401
-0.520758275899322
-0.590130498517078
-0.579673747926947
-0.765378382602233
-0.7200019457878
-0.594354611955856
-0.736137336996974
-0.623197244543442
-0.439301970815405
-0.633446812491293
-0.593781668519976
-0.631544210969451
-0.576935677573323
-0.452595008206828
-0.666408829509574
-0.557627361731465
-0.643618391716047
-0.645435126719141
-0.595786029828369
-0.575303111618599
-0.415012245494112
-0.653115567220826
-0.627389682833603
-0.358515020518582
-0.568942005676952
-0.651860797284178
-0.623288461200936
-0.582382420858697
-0.628453741825052
-0.645118628868934
-0.569785371532274
-0.468667496187086
-0.450645121519404
-0.493334594376732
-0.565885425215359
-0.601682000353649
-0.552482217276574
-0.488364756454053
-0.561566287967501
-0.65777558329889
-0.517306460958637
-0.411353080336219
-0.527570087897498
-0.232846372081204
-0.433038927059176
-0.577765694746635
-0.446229346156011
-0.51797753505889
-0.629828914431316
-0.436835306749791
-0.468672664681318
-0.632818671717699
-0.696820690696265
-0.514766384593193
-0.522280452862673
-0.536628106699074
-0.539097833838522
-0.527085109022455
-0.529849397471904
-0.346193007895103
-0.461706309798407
-0.514447972460243
-0.561850560713505
-0.512009222809386
-0.52997340748954
-0.356652789568508
-0.502553374234137
-0.478181755803154
-0.603289972919374
-0.50001029447161
-0.43777712300336
-0.453069629073318
-0.450481036219045
-0.472991818177031
-0.479213243901069
-0.507451096803752
-0.550227901415558
-0.415736184078634
-0.436424012725023
-0.363726810141435
-0.559590025182135
-0.507066150489911
-0.395218581257583
-0.446601033410366
-0.421343679553969
-0.29487901565011
-0.355851221769709
-0.657493986801231
-0.395774540254019
-0.427200130821827
-0.290832938052371
-0.538663854093176
-0.432199098680241
-0.491948235410552
-0.37341701409081
-0.519164443317813
-0.28245268365728
-0.5128263122521
-0.495452980422794
-0.548103511581862
-0.352396710745854
-0.384301368790665
-0.47464742003767
-0.295591225434883
-0.45437486629763
-0.395286737432632
-0.412623351600029
-0.350066372124357
-0.300871623420041
-0.29820578897045
-0.412424240445673
-0.388972983191233
-0.370541908724619
-0.228463371756913
-0.394096370726959
-0.413994582238704
-0.364717756785781
-0.404710453986988
-0.424638269992196
-0.453180072465771
-0.319624663864295
-0.327471390997228
-0.36051859303725
-0.322961617653221
-0.460007658814505
-0.419421536054768
-0.370981876398912
-0.309478430873484
-0.361595594280381
-0.307818122992592
-0.208119714373035
-0.42893508585923
-0.504287475528665
-0.440891455247535
-0.271050645134797
-0.423200693823652
-0.343246960911909
-0.377175286974967
-0.301051026029923
-0.395877287656907
-0.362646938635416
-0.260104942731484
-0.239250592642643
-0.298085443783602
-0.373360565426319
-0.311907645179168
-0.234606360960253
-0.418857752260011
-0.272940720462974
-0.344726533319851
-0.320573594721015
-0.291953595471909
-0.246026777745786
-0.288480615485683
-0.177275628370118
-0.182176220774318
-0.179925948158089
-0.340400829791497
-0.32521457229958
-0.250617659402465
-0.366175434049978
-0.255661941768908
-0.260681462194207
-0.369894617711749
-0.226003168211529
-0.182306594952058
-0.154315944052006
-0.323941841769032
-0.177603889167776
-0.185024636328472
-0.133481033493538
-0.297334382400029
-0.339117903294794
-0.346811591452986
-0.257953712771868
-0.321530391568583
-0.289592443581665
-0.116808059094667
-0.114217515106154
-0.330475394917031
-0.262967261296049
-0.0255329545920917
-0.276184561353953
-0.259350437781206
-0.137993511207683
-0.318611391384927
-0.25264138077636
-0.336512772424822
-0.282347773735358
-0.137753119918979
-0.274533204963331
-0.281944734596825
-0.1648189132973
-0.131194492669255
-0.0415535320818378
0.0401729883490619
-0.310625548495387
-0.204331871728462
-0.172953073222054
-0.131670878250629
-0.252712774213522
-0.131596158581551
-0.259608299347866
-0.315778149764812
-0.108754671312049
-0.210734271478006
-0.133910766789418
-0.151995605440683
-0.4215957747617
0.00401603058338718
-0.218210204591956
-0.116843085627335
-0.233813730508544
-0.244442538690096
-0.16073294401935
-0.321004063786661
-0.142285338146351
-0.144264532375444
-0.206369742981245
-0.246644091410454
-0.398377510404405
-0.205131828070258
-0.1630023721138
-0.192866258196102
-0.131886771842805
-0.151522961174146
-0.139364368162854
-0.12219066570003
-0.067373228636281
-0.248657530000068
-0.217104735561169
-0.0609554359058112
-0.167192439235146
-0.0294448670613909
-0.126008513276698
-0.110894114305877
-0.105282303568995
-0.123094944474907
0.0800927507541269
-0.136436323470435
-0.296520306322652
-0.185706518407839
-0.114484505447301
-0.107911783659998
0.0110162645537099
-0.0813118539318903
-0.243109936810521
-0.114464355488261
-0.149916415972341
-0.101713433892404
-0.167448324986297
-0.111179994463477
0.0197594424666736
-0.108728312451748
-0.101854722575968
-0.0968839536463068
0.032380570181673
-0.162319990073271
-0.0947888410251496
0.0431741747234004
-0.0788119977492156
0.0639570511369719
-0.00972815156272584
-0.123772524204462
-0.103333067901775
-0.103139442665264
-0.15288690752068
-0.0249557656722851
-0.139151419445752
0.110571623766368
-0.0548148674372649
-0.169048603188893
-0.148839779049242
-0.187276559811269
-0.0247831509900378
-0.0192531086441094
0.00379812879135758
-0.00602266971989531
-0.060011315561167
-0.148314202996953
-0.0921936251271478
-0.0583053921787283
-0.0727348750758606
-0.0432324219276965
-0.108602774808973
-0.0846894005924862
0.00939905970787537
-0.0964531168092526
-0.0380213523337208
-0.0958718058526948
-0.222671642834137
0.0754796620107192
0.0699028441862495
0.0445397813788785
-0.037156645359099
-0.171012161967667
0.0732376029809753
-0.12178748118563
-0.0713895289972009
-0.00139008542595792
-0.101410155087265
0.119964536680788
-0.0101404605610133
-0.00673601723615508
-0.107694670450102
-0.0182536416997275
-0.11097913097594
0.00098992871590648
0.0644006854058941
-0.0127412643902166
0.18423292256913
-0.24036275658658
0.068007113578172
0.0444812648617168
0.0959080710037724
-0.0336676231885125
0.154562091783166
-0.141595604275528
0.0997269118794787
0.0404899449021259
0.0637403317800982
0.0779804116870293
-0.0965900317926899
-0.130574593577438
-0.0622083974315753
0.101071894128397
-0.137662906015352
0.125925277066953
0.0635262535398154
0.0405807491047292
0.0473476981040714
0.0380966147463432
0.0792369452402345
0.143704616949892
-0.121277272604213
-0.0478279190087096
0.150542345976303
0.0411323988901895
0.0896739099058317
-0.124221248135337
0.0374353369973909
0.180394468634744
0.0715310512710336
-0.126301166654473
0.0420705404114682
0.107895898549805
0.00621992001600997
0.0432402197330338
0.106042163837214
0.125244806527477
0.175845238252227
0.139317318883401
0.0981122947923762
0.136290669022792
0.10844083459116
-0.0668515374839631
0.23697145940919
0.0904517739589308
0.0185964169130482
0.0840590073379805
0.199031749321164
0.104978937890649
0.143365068016241
0.183092529942796
0.127728440262654
0.198490831179907
0.0463081996872453
0.157152328399569
0.184709342702276
0.247204442109648
0.128502423012125
0.239071993476572
-0.042373222717759
0.197015095508347
0.0963306589881265
0.115324197666291
0.149764843581316
0.0186613984700218
0.0546332480389713
0.219800484685546
0.175459669574574
0.180848399122645
0.240368184716921
0.245695758505758
0.0679525262433393
0.164315475540796
0.142376221191101
0.0879897603817088
0.138452690933781
0.226380721470756
0.274373503203031
0.0968940747017143
-0.00644163176688321
0.181098196715725
0.0772625947495572
0.114678142522569
0.120034119400593
0.146658845985291
0.185864541937527
0.188987684120352
0.282853893695208
0.104841121078231
0.179630177874777
0.284970250969173
0.296206489228106
0.203337352693968
0.0579491182833088
0.123445413751232
0.458256615942165
0.273745541367732
0.152948202197904
0.117141398207673
0.204390441054182
0.110774181823737
0.217407859299497
0.297018808570764
0.157321169261552
0.297501304193908
0.229329853577741
0.302330087407435
0.0868471318508151
0.171641699112058
0.108287220207416
0.175843743123409
0.170381981919697
0.0890788829901526
0.379714792699486
0.287164698367574
0.241133259404087
0.335633448441226
0.217840122660406
0.313586886625058
0.360495626324299
0.247217041984233
0.273556769815879
0.191139606920532
0.248567797930399
0.366807523102536
0.223331978930494
0.311006671348219
0.316196417894071
0.0995368217452056
0.285943366376833
0.241717834564182
0.335124188468632
0.159295734180415
0.219552664815377
0.148578664544527
0.356091400029352
0.144059117605592
0.345906007638715
0.277651610221861
0.365174387348719
0.265676523953252
0.439741398504503
0.425964797765557
0.329395327493271
0.288710534462392
0.232303540552744
0.306338865346846
0.392802722342156
0.186482262770845
0.253478908194089
0.306937591094727
0.30266575139935
0.316715012284408
0.311527985326271
0.161295054700947
0.405364557002666
0.443927730379948
0.264430964825752
0.401388133610752
0.205203238792351
0.229627203703756
0.190100224231665
0.386291933704841
0.566820516709097
0.268175155223204
0.235652229768122
0.349492349330675
0.395125956598898
0.366151673680423
0.44536063683254
0.398299353661342
0.421688292186031
0.234455553212859
0.268023516968847
0.440186218267884
0.334141151297935
0.280332903380898
0.476439761571481
0.440623470523572
0.342472033486501
0.310073695124151
0.299926196576705
0.30217564822299
0.401909673261275
0.404819618897869
0.357362835054434
0.296224907447342
0.325373376195519
0.258239726976411
0.374921949426044
0.359624098526486
0.241581563395751
0.36445958054839
0.324680274727675
0.234168860404719
0.510333026051901
0.436134089070264
0.432989132903886
0.453268863493136
0.569554137677497
0.351596809257076
0.234833231528863
0.523904018305965
0.444501197297227
0.36829290500541
0.509977825847372
0.407587490899636
0.590078072104097
0.343580267202854
0.363913490555321
0.464934573091645
0.386367829118547
0.406476928328261
0.475590975309728
0.45513931994853
0.409324769089949
0.405530117312147
0.428960853931679
0.651281420647223
0.451022094088954
0.563254516290537
0.499217512154901
0.389071976225935
0.589440609616688
0.596702578176924
0.430194471956847
0.539355725194813
0.362335285523352
0.312849572637019
0.495423187992825
0.481524442581514
0.57840589504834
0.356935039447129
0.403888048647294
0.40968076278785
0.383145695539533
0.372562150440511
0.549682233177895
0.4538919699432
0.564986157684057
0.495741439887176
0.444141175144741
0.48843406168565
0.559636436309885
0.525684709049501
0.642742765172768
0.473698382393221
0.443294837967783
0.622863626392886
0.57158768561633
0.466415046301668
0.513980123796956
0.46913813419499
0.462086878626445
0.420382484772293
0.585771763032146
0.593409404286178
0.655041491650225
0.609101249058848
0.569821675279363
0.538317282473489
0.60965431697161
0.637610160317801
0.581269959862372
0.569820189044324
0.592290056200734
0.499804697045035
0.567514189276884
0.532795071496809
0.523658610078283
0.511141716341667
0.450097637749748
0.612420943937638
0.563250593582823
0.624827645412161
0.592785901761945
0.585622257583475
0.538552593245048
0.576871019418102
0.493692048559866
0.605796886275943
0.532060018959598
0.595944126300146
0.578171846469813
0.486165982613183
0.592328985791612
0.491309008027224
0.560479178895899
0.527921095449171
0.630103292458016
0.645284969070786
0.622967989326423
0.468317198269534
0.504494905628573
0.548089366459272
0.530325966172445
0.782893159121876
0.665698726295156
0.421931720810689
0.522155089980628
0.660785683319166
0.608067311676271
0.439125709087488
0.632680465968575
0.626284573229651
0.561825936883451
0.572331132539284
0.581409315201085
0.744470992061034
0.566911583733115
0.573849040051902
0.62409723284907
0.627541868561032
0.52440372598803
0.588083920499082
0.751417635805948
0.638336942535763
0.572976952309428
0.685849590406334
0.69091317940011
0.715767273772859
0.574744500307732
0.712898233196093
0.693449707559718
0.492310902944138
0.542882625820448
0.53940210552266
0.593653200027721
0.713936852942425
0.572003584593365
0.75037982283056
0.713502402584575
0.651165837183284
0.846500817053693
0.644364106278825
0.783954459057283
0.649459960194354
0.735589086111838
0.636904021973779
0.861947201066453
0.65666974385907
0.481841906327501
0.720714195564957
0.819114497294621
0.643443192109546
0.752273864362571
0.61335257724575
0.554637275328385
0.810887462386086
0.678430247409491
0.609763864716183
0.721694644601989
0.929723577720595
0.671933990224348
0.782286294121505
0.776160035075548
0.768076747632233
0.886571130653329
0.646511016994661
0.815751730842292
0.78163724859459
0.654405714817968
0.675862355763494
0.729516262316072
0.589143106784217
0.647257691851897
0.718102432067879
0.573381230064357
0.671172026383934
0.839349752275569
0.764986252349266
0.925295827173871
0.780972155705589
0.756714234016475
0.691059565610359
0.918594709924879
0.896520826594513
0.693477342758679
0.816821040439126
0.730003465871776
0.783675784791015
0.765535450370438
0.71225674473355
0.746036512087879
0.845819328805116
0.661312657663484
0.641563487320675
0.926053003023805
0.846887249199237
0.75748845350589
0.826683875281465
0.788194934646917
0.716954342432692
0.895295335058432
0.835239059283145
0.87785591111687
0.800359159352753
0.714287949833531
0.708924665979213
0.803680298051575
0.826085948709638
0.875922898699732
0.959702393586327
0.900447201934582
0.806708029491305
0.782654696261814
0.868677249247519
0.866171686050043
0.774195118118407
0.705024914812594
0.911525530679425
0.95327311149936
0.989968331106888
0.867978482861686
0.940908536240629
0.85793614614922
0.989602561165965
0.771739910675351
0.977030510962607
0.955294359448909
0.874785653774786
0.837554746920351
0.867058936443831
0.803914549619579
0.838704950060351
1.00443900197975
0.86383683178525
0.920292958747717
0.809210338602456
0.813463262320879
0.985060915663108
0.924033455078124
0.863450755438731
0.933938858510658
1.02348939220282
0.866263111857994
0.98299191468177
0.940619201652935
0.851137378169017
0.877219621463582
0.981144425250341
0.912820356876149
0.838600003488413
0.947289341995212
0.892588203937391
0.854176416881166
0.882161838314062
0.964403056600017
0.818330643398496
0.982052397701062
0.891869760085736
0.837244930115668
1.02805372115978
0.907527880901416
0.874308540375963
1.08294338687156
0.89491082200752
0.978931753298947
0.881306711884809
0.892360468151743
0.865783861641423
1.10412531927184
1.00630772330471
0.735338684396422
1.12678781606855
1.00565595216614
0.992240193730212
0.981378263298393
0.922754271969123
0.917902762619241
0.932353395809668
0.85275442619361
0.87408612039562
0.878001071625582
0.994781563195118
1.01984479308192
0.871894101207007
0.799877548344755
0.921930568963937
0.978648555474869
0.896910597665306
0.955326068482588
0.904129017955836
0.970036911279355
0.948728310180961
0.850899730460296
0.96305703943147
1.00382658736472
1.06602896506422
1.0526469103864
1.03052077403056
0.973613093981241
1.0697046872907
1.11798103606104
0.949192079242088
1.03628286574799
1.1511984332286
