-1.092855141072
-0.936398356775309
-0.866942559017406
-0.97062926745641
-0.937920426055842
-1.07588172179661
-0.988923566936622
-0.98560848865201
-1.14339346925421
-0.868253032610704
-0.917100665174055
-1.07065548632932
-1.07483574103715
-0.948719637549291
-0.983239468827278
-1.04635916577933
-1.01677997124889
-0.94525336868778
-0.890800981723086
-1.00184012516976
-0.841348426635548
-0.910914126421128
-0.864798879728731
-0.901094899507319
-0.907124527053793
-1.00431780498821
-0.91837903763217
-1.05000966674964
-0.955675062264475
-0.946047060008188
-0.810814500286315
-0.856805513328471
-1.20233328618688
-0.877235499683259
-1.02391680885142
-0.921449673777234
-0.99563535149869
-0.895311872934514
-1.11563990052609
-0.906169269446486
-0.789336850083022
-0.949158959473941
-0.941147643540259
-1.00762396028307
-0.869367694574275
-0.903699953715793
-0.887023970781801
-0.949558483255221
-0.906949642821237
-0.946365373459435
-0.964896374022382
-0.874685741982886
-0.855381352734977
-0.834042412360097
-0.763152954474936
-0.79132819942019
-1.02389062626399
-0.7666788814577
-0.790157307282581
-0.743865775421583
-0.982339471927113
-0.791883238020912
-0.907366591343047
-0.78643935492815
-0.890788031944089
-1.0559471277876
-0.777480764233378
-0.815051622580821
-0.775016244033764
-0.700216558161162
-0.709113076204309
-0.735836816926047
-0.880024886183844
-0.98477207356161
-0.795537528641178
-0.925568688205106
-0.820933014260449
-0.961654975039686
-0.776243634441531
-0.871024241655695
-0.798872528845647
-0.816104208907942
-0.94596836962983
-0.813584559194302
-0.793945074919922
-0.762969744756007
-1.03886423867444
-0.872715264406822
-0.881726829966915
-0.743252922147164
-0.627040006474589
-0.660223059037774
-0.750767120924355
-0.917087675155265
-0.760248693755539
-0.789433312461453
-0.874377307179088
-0.864168204854105
-0.807381578739717
-0.831959147620973
-0.844374308575159
-0.821972723181775
-0.826923613312021
-0.851341034678428
-0.768866554382779
-0.720723592498069
-0.888780058635144
-0.740383610842259
-0.718424147441777
-0.804648963383281
-0.640247280310644
-0.965989776599384
-0.68787351889044
-0.857220528455479
-0.764323552786745
-0.785713980146142
-0.845275693364862
-0.680099728139325
-0.744285216442255
-0.704998265014936
-0.757716272244115
-0.783664726377092
-0.797754471234598
-0.646400820515755
-0.720580922670589
-0.781093337680064
-0.584227817518703
-0.690306500372257
-0.802229147987781
-0.749954396036644
-0.517991465222171
-0.671790650996304
-0.784590641630038
-0.796624245526429
-0.646803812233726
-0.719949122692596
-0.687273286040106
-0.614102553090466
-0.710151448282399
-0.871577238380323
-0.693470276803624
-0.694942999793388
-0.588704738414288
-0.668384170619809
-0.672366344963538
-0.671025405770025
-0.6159272232206
-0.700576295132024
-0.808881337962165
-0.697392327320665
-0.770141208624867
-0.7313090538781
-0.655858239781071
-0.779338263320643
-0.543483407503751
-0.639364557251518
-0.775911547629549
-0.745528216629114
-0.656615753857425
-0.718644274976642
-0.760625595907863
-0.541221480529624
-0.697574063640455
-0.611684960221504
-0.849632847836013
-0.684069527955331
-0.668310972271505
-0.60639544914103
-0.64551362144061
-0.758024014467356
-0.745104102789728
-0.546639549520721
-0.674669600125007
-0.638271525560248
-0.46654134647559
-0.735915663572035
-0.578742731801031
-0.721289490641647
-0.550893354445045
-0.526114087068394
-0.571545660793325
-0.754672823141222
-0.518648440070235
-0.594678624745182
-0.591820038831507
-0.519763988716432
-0.706912546103266
-0.711205734345223
-0.655731117330852
-0.74879128195019
-0.665907140079275
-0.770478234773376
-0.571179627108524
-0.651747227439902
-0.41887010618441
-0.533164379108572
-0.618879920028658
-0.579029314077426
-0.566757042648565
-0.614842698333753
-0.585679634517838
-0.645160684545488
-0.649044863900811
-0.515069932490613
-0.416215799259491
-0.548458302232794
-0.701784695546239
-0.460764281039807
-0.542772637117179
-0.487868264368739
-0.570642458305824
-0.68888034554271
-0.598688453690431
-0.530019816695123
-0.596945806479363
-0.433683298706797
-0.448054763318392
-0.54923284726765
-0.670670772163686
-0.659762157705979
-0.614225658918559
-0.577009243384632
-0.635081886892867
-0.648154658163276
-0.584924725163139
-0.534606412567005
-0.655480832582423
-0.619707206267963
-0.564440644212736
-0.594226558617288
-0.661427522614335
-0.568882746264026
-0.523408927019329
-0.382875319658453
-0.6037854271968
-0.565838486911618
-0.255123768507691
-0.564500564437392
-0.465010213109162
-0.580260747287331
-0.595412520142139
-0.827737299832144
-0.510838154712788
-0.49331588141634
-0.544417768289658
-0.555238743526219
-0.498119183489019
-0.496617369905675
-0.510950578738243
-0.51714078342276
-0.419827664352612
-0.354157076533254
-0.582836265351547
-0.509393837944848
-0.389240784283614
-0.427376543649032
-0.500157893952198
-0.375985903695486
-0.437391252196867
-0.557194402669145
-0.460117665726295
-0.60963976795126
-0.496276607389396
-0.428659498563107
-0.463139395482881
-0.42144483757555
-0.582480518984384
-0.60287388557136
-0.320094883371419
-0.404293939963843
-0.400846840589733
-0.349700388995868
-0.415765570448184
-0.428564126150493
-0.385154292443263
-0.509561367193252
-0.436473671673838
-0.671601231862785
-0.512708288517689
-0.531287065991136
-0.464735360657193
-0.476112552175983
-0.405612157021039
-0.44366056093897
-0.488372172897021
-0.254542428152584
-0.346822715961378
-0.454817818509089
-0.423849051256204
-0.314312416090898
-0.420695645529831
-0.469257922219486
-0.295538072796081
-0.46981114386019
-0.390556868742686
-0.30017839555926
-0.431022170099216
-0.329927457118264
-0.427337999466129
-0.304357519545556
-0.377033599922498
-0.437482162524952
-0.356004647813841
-0.23167647190914
-0.19994618242246
-0.410434652187311
-0.364081394807218
-0.392435374045151
-0.401960145913012
-0.416207213649503
-0.315572321411269
-0.42766100925684
-0.157082776609038
-0.33783722486458
-0.273558336082404
-0.551414369961733
-0.373548774396227
-0.34924803733162
-0.450174778540866
-0.269010299243425
-0.360748099204969
-0.3610455964871
-0.341001706242044
-0.32922360802799
-0.324157010136338
-0.41048646186157
-0.364705457537495
-0.42436081844117
-0.318168746002491
-0.301066236866446
-0.373043576581924
-0.425637857713821
-0.353880476103368
-0.377112372449965
-0.370378832642394
-0.316376793070081
-0.423777196183181
-0.287251786116673
-0.267323458743616
-0.246437557833457
-0.34000099430859
-0.331747958856579
-0.426391714942634
-0.373308482524056
-0.393830906640139
-0.293749257335117
-0.358972195578841
-0.197337415580191
-0.213894345752075
-0.240087518656612
-0.368311869232098
-0.217169939804713
-0.21164939572791
-0.351309061020117
-0.311499077654852
-0.153034805090443
-0.200280834497767
-0.21221453691931
-0.423320124042982
-0.168927318925959
-0.208731847533094
-0.297696076244828
-0.217525805474837
-0.137092036083408
-0.304835497579408
-0.276036528141474
-0.209144686952785
-0.192858410101543
-0.384525777587353
-0.319180441138814
-0.243311003761467
-0.414832456724707
-0.310362878797331
-0.247587122101156
-0.415058250468937
-0.149489766130124
-0.278966112506315
-0.130948611844981
-0.176575935426965
-0.334270604622632
-0.293732625927996
-0.242692333614944
-0.326975283915655
-0.299247934074998
-0.214999300514287
-0.219243635701564
-0.329748502941529
-0.215873348195971
-0.283692261136889
-0.120351415783007
-0.235008501627577
-0.215863080002136
-0.17467749147123
-0.0692479947766102
-0.116464795282353
-0.0997566154365211
-0.0882785851463976
-0.318331493585108
-0.18541060065927
-0.306505645519202
-0.320144424184263
-0.128195737067407
-0.285885265717934
-0.09867590913846
-0.177764943291145
-0.200191011074483
-0.183493451603012
-0.131786365478422
-0.124212792750032
-0.285044805570029
-0.215662578631788
-0.107237364301475
-0.0676699926902632
-0.138255280091725
-0.222486375351057
-0.0982695517634858
-0.208126455433606
-0.281291211178041
-0.177231153012645
-0.162244033118858
-0.140779456418769
-0.226807086832206
-0.124023763572575
-0.14486011484895
-0.245743891917798
-0.0700475319534658
-0.137698797212856
-0.223360548869973
-0.177636320798487
-0.143281126253295
-0.130440283060491
-0.166569522792523
-0.0992741403863565
-0.19366687796116
-0.186203610197392
-0.0818777662964353
0.0196669845703915
-0.118593622638888
-0.0437793092822198
-0.267831701834188
-0.160400210246746
-0.217864035341456
-0.116152496945198
-0.0885893442244007
-0.229481652272507
-0.0140661607630178
-0.0152297666807183
-0.210928768806366
-0.243153903073536
-0.295181110944397
-0.12614012005456
-0.0901965340208399
-0.19690150953097
0.0256744013999786
-0.0654731670968303
-0.10874447805556
-0.105483094196105
-0.00456112280901531
-0.130292466339456
-0.153357351454224
-0.104933634752941
0.0110530266650379
-0.0400255489520311
-0.0632094010263745
-0.0907968230869615
-0.0145836568231648
-0.0309734446021573
0.0695281822348653
-0.228519422248506
-0.219000288162024
-0.101302209377572
0.0148380662170501
-0.130018739840115
-0.0760234489116868
-0.0873393672011318
-0.0623714221028916
-0.0954415298844831
-0.00309102201935053
0.0855029316557695
-0.17759108246025
0.0661851824497111
-0.193671975213496
-0.0809200701634273
-0.215464362070169
-0.0402073058407042
0.0841855533718888
-0.0773209963192148
-0.072805902641044
0.00892152213901687
-0.0580200628816062
-0.0199234389193799
-0.0145197748471022
-0.122559289556173
-0.0298175677407962
0.112626117345317
0.179839210933085
-0.118203126995427
0.0413106527018559
-0.024877623734495
0.15067973390334
0.0617181098800519
-0.00832573522613564
-0.134886826152958
0.064552792974643
-0.0212613457602547
0.0697436261945199
-0.0343627633284891
-0.0327272965991287
-0.0614582066947206
-0.056713011781355
-0.152180279524207
-0.132488631691036
-0.022704951911103
0.0073831689222203
0.0968575225648539
-0.0396067067755657
0.00604857002442408
0.154850486917434
0.132764685062801
-0.0303043772597642
0.0386094735920282
0.0668476371814709
0.0427500485845994
0.0850632384777912
0.124149616470884
-0.0362453645483021
0.0494392392694121
0.0727069658710547
0.0785150722910941
0.057171628814115
0.0479378468767624
0.160074570546609
0.216574638543345
0.104193268833012
0.136626606183742
-0.00862913887722505
0.174534814997428
-0.0257648138806387
0.0799769704079004
0.16539541585382
0.0170437744271608
-0.106727846203961
-0.11801800630018
0.0521007664018805
0.0745898976878932
0.230109273715736
-0.0226629920293662
0.0385702401067479
0.123437809344791
0.158130155883076
0.143699648394817
0.0755241097519194
0.116769339026141
0.233093325474739
0.0031416826285306
0.0166680803527499
0.276335314687931
-0.0559447573745512
0.122607843260755
0.218415256858494
0.0752113273541127
0.110868129972984
0.23264271278694
0.244172061340601
0.171297211123838
0.0934953121672386
0.138351616737356
0.0970509767470687
0.221294638753825
0.153423653803849
0.0524763363280367
0.291496080660888
0.0476718668082357
0.0942398809682025
0.187247264484207
0.139874683305731
0.171490264519649
0.113464533618947
0.0615458815371271
0.152178524552712
0.120461145438545
0.0493786827204353
0.281039532480923
0.182223952547427
0.237691769390081
0.0116746635166363
0.0279998790150174
0.213967009201365
0.0131343140725975
0.320349102070698
0.177416431034618
0.191631205500764
0.189443572850168
0.24917172578395
0.228257510488879
0.144810423027067
0.179396391425981
0.16494972637344
0.216798256836159
0.294258771547636
0.27390762040588
0.139302310049872
0.159656737594824
0.152704825858396
0.240447160433696
0.332105334116626
0.216666308622135
0.177412461062231
0.139587069594542
0.271441655352534
0.287484537905058
0.226146754128281
0.232597975624926
0.140197084770944
0.268787388027078
0.247282112362255
0.17342650331319
0.127365105310232
0.248227242922099
0.234853942921643
0.205746266024355
0.264942911520405
0.206635387819619
0.209229410884608
0.250507039114727
0.171830206020191
0.171189679337105
0.309889105126109
0.348380615815657
0.317008482726575
0.342975788507757
0.253501698441007
0.330673344519918
0.242952234502368
0.0378614544522125
0.178560122928126
0.379503855700249
0.0557496872835385
0.269935090211262
0.230564688073969
0.266674798082591
0.416863495252817
0.371532556209402
0.410018896902777
0.311955884830237
0.273320579878206
0.275759079730977
0.25418582190521
0.297677032153612
0.337630500368523
0.5192255038857
0.423517877261651
0.282454112691867
0.179582056525742
0.234943943694042
0.195398676567263
0.422306117099958
0.286892053431286
0.276631641506602
0.281077372075
0.375048201386827
0.289732799594784
0.372051429379986
0.37747273326432
0.2627036955244
0.288577250649537
0.318763365780664
0.33405378856066
0.29122989783041
0.190006647477193
0.234932760761382
0.361789183802601
0.352450124595172
0.228123712809764
0.522079843717136
0.297662272354293
0.24749660963658
0.387101088591883
0.317804093744571
0.356297484475453
0.491097267008618
0.391592308451191
0.445779916980464
0.101301831974992
0.319986202879162
0.49546243408138
0.250911099196595
0.408320039181599
0.469651209321479
0.398803136967919
0.416158723283376
0.265815075600973
0.35785906977755
0.286833067920877
0.411952436097224
0.530096966289951
0.23961671676539
0.264022348590654
0.376568130836781
0.372237337104165
0.407335597258169
0.360227365762106
0.362030003350504
0.408572228316341
0.282936121854814
0.454742031131898
0.420832049091948
0.40130003960402
0.298240431060922
0.409094937945444
0.33760224671455
0.381318592470325
0.443321773946717
0.436630981373333
0.475400710400003
0.441744857449068
0.397778728508084
0.485150427954892
0.660031851404018
0.543195813656986
0.407622095006278
0.411322970408329
0.46331544946686
0.484465554777666
0.475453022801646
0.431233873811983
0.380602975039674
0.342022048765141
0.600588837563975
0.488555551364226
0.579693224425616
0.308937271038585
0.555733834696736
0.454614897597427
0.362472334290167
0.529386079457226
0.444488311203628
0.421780357491859
0.412427334812315
0.458042590022135
0.571124171401643
0.489905424918838
0.478200568839473
0.545758194546543
0.379436475903431
0.444788982434418
0.428686166340563
0.567643455793593
0.402079915934083
0.404544762213326
0.438597193510587
0.424505018490897
0.45204641137672
0.501158827522297
0.350474884880541
0.546701568941235
0.600514705329404
0.575108074698364
0.593422755551522
0.502623251375579
0.56247901816257
0.483203312406352
0.500652022208182
0.527180212534603
0.710840147108699
0.52107771486033
0.511866848121796
0.464237985896104
0.570237609336015
0.565867231289756
0.506641284998589
0.525589928820118
0.603920940623896
0.596569893772121
0.718962146876686
0.656990348129475
0.452385376960117
0.396433161632024
0.717659148822586
0.473536901774015
0.450932021239995
0.597841680148529
0.494048468187715
0.62916962099742
0.543686825591813
0.633850617952888
0.61858420544721
0.621566191799366
0.675217030580651
0.589422155746502
0.545620175568094
0.599124009867963
0.573039568447064
0.47018397080944
0.649644705579732
0.617648797770596
0.631760842444084
0.726196757785475
0.616420682314154
0.474291516640201
0.53393942925149
0.60797147219541
0.552811659368315
0.527786972502124
0.541376532555563
0.622601720649776
0.623845818739293
0.692650481039731
0.604619599735336
0.556962175706258
0.800873818970595
0.641051586082215
0.707963923995102
0.68130494054215
0.710396712712787
0.624418251073776
0.708721181947479
0.49999856420735
0.695207190097553
0.586002478730933
0.459483365428829
0.649001734998479
0.425369449040956
0.478748194546653
0.818104613876609
0.560358665369797
0.772256392675236
0.745638145883692
0.578858872933152
0.55238470538976
0.62068615103524
0.696248607802043
0.770429351898533
0.548829965201544
0.737620139900725
0.420185960159287
0.722633605720157
0.719103501605568
0.669902127073082
0.678401437441389
0.788799169748651
0.653417216994988
0.777885797695728
0.696939485124937
0.574051130113908
0.639905010827508
0.731776934936946
0.728104862836763
0.667441468729133
0.752737921932911
0.59056350631552
0.59626650946226
0.687723610704804
0.674939248657211
0.543674250037272
0.68987647359179
0.666809368973013
0.752888590367777
0.663685935354014
0.687534021683698
0.719322610007952
0.790377838218762
0.702150811296663
0.553887188200981
0.667501228308682
0.741227253674661
0.614010035182153
0.595016156525301
0.680865523120621
0.788498196562069
0.872678203585129
0.690693321785511
0.682218132263189
0.748523973367185
0.685074322297625
0.628287115405517
0.722001433228821
0.757688992366907
0.76534689251437
0.747726332296624
0.951491863399535
0.724938983324446
0.905633545140206
0.838072647106149
0.488461623337752
0.696657391381545
0.858108452970102
0.778677225638687
0.787759033225159
0.825871684789297
0.617351371350445
0.726827363280615
0.792703952775557
0.69659785178298
0.8023340038096
0.874428410448585
0.845225937921172
0.786882266681971
0.718881544000817
0.920080020302401
0.976450768667245
0.648616255121291
0.989378923365862
0.910523768115209
0.745911610952461
0.7618557519754
0.84335230417096
0.972180534968725
0.805677184214973
0.872515324985771
0.892711773989257
0.896843210874003
0.893616889586087
0.899838735681245
0.776601451228178
0.800193397413534
0.932701380628707
0.919781753549876
0.861105325441943
0.904223735290717
0.823093226630355
0.683743704707441
0.848022103394145
0.796140038194398
0.951178051773466
0.776198495725645
0.734126230369422
0.786637889053376
0.887625033035035
0.921267166594461
0.843028897576917
0.753080307944411
0.922034804594235
0.850402022868735
0.965853441902142
0.931662486654743
0.884350618818974
0.805160576765771
0.924603447046648
0.773266187906939
0.682486367463994
1.00688319070767
0.954371883927502
0.839334609641334
0.787422293625189
1.04423890436502
0.901396479664549
0.89839200927404
0.939619879511127
0.846788591141838
0.883645039131603
0.959108105824328
0.930578154737971
0.935871072391445
0.771598442645185
0.888505895889891
0.85263491213584
0.86610291516392
1.09374821501951
0.886327457188901
0.884958917707121
0.887342692506821
1.03949993051772
0.911795599268835
0.884659665730506
1.0386131171234
0.965962158022631
0.996255928529568
0.840635162734577
0.934826389448867
0.772414442840235
0.945873707120328
0.860476800176043
0.96312630725421
0.936707143549978
0.841868589002132
1.08670855331044
1.06942474441572
0.930228234284034
0.864654040686818
0.783243055792733
1.10331043392649
1.04398940449684
0.994369746146449
1.06251145089606
1.03568867860677
0.847989539054007
0.961991000217507
0.8770973600507
1.01126038160298
0.878844535854815
0.959264962716745
0.942335935351525
0.930952852810312
0.927909027560092
1.0883270985092
0.97512427169972
0.999330122359066
1.02492264333917
0.970061909245947
