-1.14362542736662
-0.781992033848687
-0.997981836287004
-1.05465203272742
-1.05508463866866
-1.04073197463181
-1.05179558941659
-1.12386316519866
-1.09137810797683
-0.788837344943617
-1.06569028771619
-1.06999045467077
-0.870063870522654
-0.962426616961887
-0.988799457854146
-0.976449665047414
-0.936163401736845
-1.07099650604631
-0.992024098850913
-1.03603432312598
-0.880267293861521
-0.991230968501337
-0.743505163501716
-0.929637423308699
-0.885181245116884
-1.00474285731518
-0.931871093741437
-0.96674237308771
-0.9976900585418
-0.946721998521175
-0.763259985310366
-0.958346852899169
-1.03072484456531
-0.884732961648093
-0.838154428419727
-0.845438019112561
-0.840286872276236
-1.02618102647975
-0.91837212959957
-1.10089897348761
-0.754152110232581
-0.945258948204208
-1.00950773340996
-0.901037711189971
-0.961690287570342
-0.977850372596591
-0.880166168323161
-0.805618033546161
-0.87474404002559
-0.888922772900611
-0.86186870875551
-0.940991258771684
-0.72366315589817
-0.841678659483952
-0.898292700301357
-0.911980802991768
-0.94827325266784
-0.82785560543905
-0.810935226449371
-0.868075519615734
-0.919652719939923
-0.91867587299862
-0.736084748599414
-0.993152369702667
-0.764839652817914
-0.915660989280943
-0.85774239296915
-0.960042916646623
-0.756869476897982
-0.79814171879416
-0.853416365882467
-0.732143514670209
-0.896581919768572
-0.757613341991693
-0.806524881989607
-0.868857750826313
-0.881252483370571
-0.942857973639328
-0.809703185256977
-0.729449745477239
-0.897448942875097
-0.760649542206968
-0.797584071811597
-0.864506907501969
-0.911808643221393
-0.77826368167713
-0.836221798693783
-0.853829883346474
-0.848554128714207
-0.871927306172509
-0.863623186012684
-0.849418055309282
-0.900704864282257
-0.774968851097336
-0.802848646180797
-0.800360690838196
-0.763528324141928
-0.888002412865761
-0.819046442426734
-0.707587209389323
-0.83519943672088
-0.874278393317859
-0.853717102790652
-0.638672997471696
-0.680207027395207
-0.948454175116206
-0.915160640266716
-0.557313235544746
-0.847194997982169
-0.698727767538291
-0.735273919207605
-0.867992849228964
-0.787055789034145
-0.60599478944464
-0.738721797575972
-0.858056547377766
-0.766269671179508
-0.724987732204818
-0.922216068441043
-0.741424312867088
-0.656703022219927
-0.84697547763998
-0.863580594900409
-0.724187063584253
-0.606066051101282
-0.848073922631925
-0.81157106384142
-0.581804720818654
-0.723795235473435
-0.619159989862048
-0.831500262638767
-0.741756126199401
-0.774958650157193
-0.693343134103863
-0.72144395146124
-0.702145969940538
-0.639954492245187
-0.552445441395453
-0.533575424823065
-0.797738567850397
-0.775343755027504
-0.688349279571458
-0.780270642995747
-0.769411900011359
-0.681564112888418
-0.756371899305374
-0.739275359133621
-0.804486219233643
-0.761464736282601
-0.588449961726351
-0.684532672655514
-0.782584997246772
-0.739158700711176
-0.760181713887565
-0.567055207235678
-0.63552826234562
-0.760204154249158
-0.754869683190008
-0.85618335691646
-0.666649304383495
-0.747546492929436
-0.650686572197734
-0.785375926153773
-0.586678744204732
-0.660718150554918
-0.670928134956005
-0.713544321201992
-0.548012300221723
-0.748906276862851
-0.815341311482474
-0.736525044567204
-0.592489709296355
-0.639328839732993
-0.562485417588901
-0.584703526993355
-0.620807260735312
-0.85176620832687
-0.561005117200839
-0.559408387447757
-0.743353722867129
-0.579823633100761
-0.484601094942561
-0.509259766662896
-0.727539158743059
-0.474822417870326
-0.554830415976948
-0.536968372661943
-0.63048626529405
-0.710382403491095
-0.576594046238686
-0.601166027105216
-0.588566536553028
-0.556236165059836
-0.617475326487917
-0.537351465060228
-0.611795267449473
-0.716045637517753
-0.609694163734198
-0.684157392257255
-0.548046104978185
-0.663247834845871
-0.457209508445811
-0.748323025483764
-0.521718735597275
-0.550472751182526
-0.556083686925445
-0.61214234778227
-0.470728452276448
-0.504507118317158
-0.600711154399628
-0.600073937602491
-0.664078016621086
-0.470113625555978
-0.50965861510223
-0.658269456288552
-0.505640914372101
-0.488603694215622
-0.681102034726962
-0.54542799478708
-0.554998698037442
-0.495058106235074
-0.585981576339177
-0.518777934687959
-0.634262250001085
-0.609008074715883
-0.554395340141317
-0.615945953269727
-0.699699419146185
-0.582074752378568
-0.568120425371761
-0.59284557440282
-0.745355679116546
-0.475854565847952
-0.468218751055438
-0.443897759951916
-0.428427687159476
-0.437796490519314
-0.569147519260477
-0.54760203939652
-0.579074096037474
-0.713022058783516
-0.286589568845734
-0.448517517726878
-0.592803136243656
-0.439122125937637
-0.449277703810016
-0.548869540951362
-0.459164290156853
-0.447510800198451
-0.435695375661381
-0.523452555252688
-0.507252152762314
-0.470527365455337
-0.628750036725797
-0.504988989379435
-0.493866728958785
-0.385016145421739
-0.457312783976769
-0.499188090408062
-0.439824639675625
-0.663491471050044
-0.346617241308484
-0.553188059600119
-0.442730119723451
-0.429194439545915
-0.616066213541366
-0.52927552588137
-0.509865768016824
-0.39132240478582
-0.442222420049952
-0.496434226982562
-0.472354364059457
-0.409056815130877
-0.308659893581229
-0.543278997809482
-0.429329881060925
-0.568032340834737
-0.488755559176986
-0.520274500303856
-0.374440261055375
-0.276702250859375
-0.427375619579609
-0.422506418096312
-0.412487570698344
-0.390024323959991
-0.341974460917791
-0.413635069633039
-0.292197404015495
-0.589266126753213
-0.356769090474935
-0.51541953119699
-0.586266473908637
-0.437075837898506
-0.352263589645047
-0.571155466656308
-0.397503096529238
-0.482884841101665
-0.349966166293304
-0.282703558296024
-0.315409876872738
-0.421361151374252
-0.38706885642786
-0.300816046369626
-0.401151584087532
-0.379529346275762
-0.483807376815959
-0.438098705508371
-0.39532666591551
-0.399352389345032
-0.425905932663203
-0.236659132786509
-0.259991652617282
-0.378645638179468
-0.41940179556555
-0.435920730175767
-0.517481156953802
-0.2375215051661
-0.442184726211027
-0.325808869892233
-0.37440902491633
-0.327891666763395
-0.38834556215733
-0.359096275526883
-0.37397627311307
-0.309218804424027
-0.346128048401932
-0.440565138813926
-0.367709230365298
-0.402543721846528
-0.423032664142017
-0.303990161495768
-0.369325116985617
-0.232395282776921
-0.2082413631904
-0.357307421507505
-0.305814505932187
-0.229610022291859
-0.288153207531343
-0.233146675983909
-0.262677874348417
-0.364460881205551
-0.282118317184093
-0.263142568862238
-0.334013024740619
-0.29946564256986
-0.282384248702104
-0.439902899019887
-0.449216689506487
-0.287740947206606
-0.257448926593221
-0.371475655773271
-0.320731981564883
-0.3778102863158
-0.347735939165853
-0.392799171792718
-0.339455612378711
-0.207407206942389
-0.298024480303814
-0.362709382054223
-0.253533642675479
-0.253932568145421
-0.222253295849641
-0.315178493983238
-0.191432057846997
-0.155092102219524
-0.148642731666991
-0.165920577627729
-0.313952208421953
-0.213211312362901
-0.281301379938588
-0.385742344217867
-0.232989846444252
-0.139460126563561
-0.163195247775151
-0.318888026672634
-0.373322589597158
-0.309900430168793
-0.365902026152016
-0.308256555086926
-0.301079885013084
-0.283403913068069
-0.321638303491461
-0.203872391127602
-0.232487694689016
-0.228084151699847
-0.228077221237565
-0.263841555531053
-0.229796046222134
-0.238472120425925
-0.186897746420271
-0.176174736884859
-0.257331647111707
-0.268959751701148
-0.175559213067655
-0.199084422997894
-0.161432144203136
-0.305622620670823
-0.219217527577903
-0.181948116086543
-0.149240269845806
-0.247474434561611
-0.113625436032345
-0.15114039953806
-0.206082545021664
-0.268492701010029
-0.147451138513697
-0.201305699315216
-0.271451695019287
-0.144858862916787
-0.0556365599405247
-0.166494961596931
-0.32083360750534
-0.149063674351035
-0.189652001295531
-0.23787125969152
-0.146964201652243
-0.143797506515517
-0.130665988113747
-0.185968281285279
-0.400479155601289
-0.293165779374964
-0.196073171766198
-0.049153016112389
0.00399907468574069
-0.0650057017120019
-0.309015094200278
-0.0486129426555763
-0.238038408907162
0.00399589178733727
-0.104079215163347
-0.241515968130215
-0.0907321376377525
-0.289742320710662
-0.095725693428594
-0.145782464183903
-0.0776045400574644
-0.288043086982791
-0.0882520842338786
-0.186388752272552
-0.217865516151875
-0.0134942356255605
-0.271500437205329
-0.0672268821407161
-0.127596476922416
-0.112077355024817
-0.0855942744534916
-0.207845235144413
-0.251211303213267
-0.0673370996351512
-0.280256942802436
-0.128544914113132
0.0702654683624667
0.0065901217021333
-0.130959912506561
-0.0783047078411107
-0.0703795432229165
0.0468983729573977
-0.0165999495940603
-0.116587920325608
-0.172709585505173
-0.199311568604794
0.0587881879648287
0.013105244425751
0.132536865007815
-0.0696221800021948
-0.0964947666863926
-0.0916564994097799
-0.208200792561854
-0.178370179465458
-0.182928884580799
-0.053729476957577
-0.0702135459458414
0.0320903298263834
0.120134856943488
0.0911508338055622
0.0921162516786367
-0.0676570808252756
-0.113299153234118
0.108727812540983
0.0613597461946468
-0.166746481580055
-0.124297491921081
0.00776928757454972
0.0450048785261284
0.125751498855719
-0.0269315345200937
0.202965335274844
-0.0260915399401415
0.045173753339538
0.0338324036631136
0.0483782489007783
-0.0670586528085012
0.0482224709692654
0.00926677089372304
-0.0327360175683742
-0.144054256079179
0.0851460582377175
-0.0303285409115085
-0.0555748317941228
0.0546322318845628
-0.119444201936202
-0.0349886715158127
0.00720617889654409
-0.0715428052595421
-0.0837166769906831
-0.111360842163017
0.0509562127119728
0.0156800705144127
0.0342183141118639
-0.00556099280194833
-0.0506064502294276
0.0993792227703943
0.0617405429440079
-0.0111870558201869
-0.0847547967362662
-0.0521586401773916
0.0517227299496287
-0.133386505506766
0.0347861348763889
-0.0910359659905944
0.0637649344805002
0.118072605229128
0.0264439907149075
0.00760652413915363
0.0328554134875848
-0.0805016358272234
0.0681898557983169
0.0816892134575824
0.063679439050136
0.176532454955451
0.156560518852106
0.0521462808166924
0.135632287664534
0.235222038484417
0.112283294340974
0.0783628512081302
0.102755669191422
-0.0847289415959005
0.0931247664215065
0.0932390425110145
0.100119723880594
0.0761051755863345
-0.0282421588186467
0.0905942861141607
0.218883188428874
-0.0589441702961171
-0.00498565971394139
0.082658882638799
-0.0127607066474301
-0.0402870831275404
0.151482375158161
0.0152260790635706
0.0730204990339652
0.0528314002616428
0.0721992623010383
0.0167249911722086
0.131551777369526
0.214598525689579
0.262283298018471
0.0743503019139758
0.188388877460371
0.0166988571776082
0.16659817123804
0.218161360361702
0.169159301425547
-0.0300101035448683
0.29786234761835
0.0953733204245834
0.0758310236155764
0.178231902450211
0.0526794094246873
0.21514178552264
0.149793359179255
0.0585218925613185
0.079518626776428
0.174333972682741
0.141226137213011
0.172366327105707
0.0715876190955865
0.180225996708453
0.0421847341962794
0.115663015297174
0.0588417785979155
0.137764158329976
0.151439566134436
0.146148010191419
0.145641400019455
0.0355235486821868
0.141499338211882
0.107887509440931
0.200252919942745
0.107868256861381
0.158012551584234
0.218628484935129
0.250049324707227
0.227819184710822
0.25550763732228
0.225492207179186
0.156299952418623
0.347132501212726
0.0898217658063973
0.0510971285518261
0.216814707027421
0.183489940524347
0.194869091331155
0.171397239027422
0.26282751191695
0.146942135939398
0.21285848230835
0.182454818075744
0.0975278246922585
0.37997820676006
0.256285673600214
0.243096128008866
0.138937439082309
0.171052274607527
0.238776804960326
0.356904217696905
0.343646846590959
0.360358587822693
0.192148729892078
0.272894346356025
0.284184913006123
0.146189698352913
0.217685071738902
0.294753753804667
0.293821607766905
0.273116017997939
0.288093666841889
0.248145097315996
0.184354927297325
0.215646389434886
0.349959019378671
0.17922734214699
0.174660585451299
0.187632614699676
0.0679184752763252
0.207190766004541
0.227607237084211
0.25951578269989
0.294249225466076
0.356998166818369
0.234563624345262
0.36098325853776
0.279811383247294
0.301173122227648
0.3382987159529
0.0887438163276119
0.22343561544808
0.192486344657323
0.129369972266897
0.361440337339009
0.303105288132045
0.338619022189614
0.326443193568096
0.320399157022352
0.254387723581704
0.34648373029714
0.388300488805258
0.332040153592746
0.282928486289607
0.315412391839004
0.328609493145394
0.341175221945689
0.305477303793736
0.319377870358707
0.2940237287318
0.323804036607605
0.292046869913975
0.315748527952727
0.137748841446614
0.286700411827398
0.424185091666734
0.321456501827425
0.389746619474349
0.301702006921058
0.260033564748348
0.325152833219054
0.319026615680377
0.251008726810474
0.404939633651709
0.254908386243179
0.168980079058127
0.277078242817604
0.350023495171908
0.341382394802876
0.242814024074168
0.382325614279636
0.486398730442292
0.365034130838531
0.183999023171621
0.356420521712202
0.293149125935006
0.483492976943673
0.340297699407488
0.349128535030042
0.345447061543262
0.521134762176525
0.29453924190725
0.392071642412501
0.428555154835852
0.401680979289332
0.400345631571042
0.475768133691952
0.482520260486541
0.40905174288045
0.341448624655182
0.332828206478421
0.463503085206186
0.412563610131117
0.475709369312182
0.477509941115372
0.373806520000537
0.491859268691575
0.417761139046826
0.334833482371678
0.421221716259834
0.372694327074458
0.472917306036801
0.423777757908756
0.34356949788818
0.540143252892756
0.484970206638922
0.364846276524283
0.44314355103662
0.275380752972025
0.543324241719046
0.319301358553841
0.528131320718204
0.410478762271439
0.324242426220474
0.459839560040269
0.518608120070338
0.480293644285514
0.347445063917466
0.483425925497658
0.282159343822974
0.345963031150079
0.485671106722367
0.706561228901399
0.30223233450833
0.519746130737478
0.519062119154803
0.504647005583729
0.705702930003844
0.438905158300777
0.551440654184739
0.596080118590677
0.485364598967708
0.503107086842119
0.457695152917845
0.62761863336308
0.555039728087439
0.515330130893101
0.608551772006571
0.397796383188091
0.602761399558783
0.498339109378069
0.605416169247755
0.536085737191376
0.456900062136571
0.52969381105104
0.471675945628407
0.443631481002927
0.649807660214739
0.484124251470224
0.549792741882708
0.599447534770638
0.546379149598679
0.545625347580475
0.478229036167604
0.683537988141488
0.560597844796489
0.461235599548451
0.673271725466723
0.482309661539093
0.572034326829873
0.61002381921749
0.629020403441573
0.471696034262764
0.586965455671887
0.564508884102617
0.586285242160639
0.540791202847142
0.409181232501797
0.626810909999871
0.613063688873843
0.599999564809715
0.474797458767892
0.701629456044404
0.540018794360982
0.559456726950526
0.618992401097099
0.677698137490655
0.560071836960686
0.51799947949304
0.61642875416907
0.606532617065072
0.669887644839583
0.514042257098988
0.51351260976508
0.773733418968415
0.662825978944589
0.59072653740889
0.65051008104904
0.533100218331995
0.560051626720117
0.543454775813729
0.706509825110146
0.630781336054851
0.509614684033247
0.626017000795039
0.467988623175321
0.39030729879143
0.635375393043596
0.752347288191104
0.626490003160564
0.660240055366781
0.594583117681988
0.788107891013934
0.483006532351071
0.770437575936308
0.597124645185846
0.754974793381724
0.53269243772179
0.535062799246799
0.527372830863413
0.54494062666882
0.733428444116595
0.715225192572765
0.704972432613137
0.519108568598955
0.689254870687701
0.752922103182985
0.63828779807898
0.55483803829544
0.678184702571826
0.790755428470069
0.578709205665235
0.621885599812061
0.676600571016453
0.609479400516671
0.704676803456932
0.779936086484722
0.517000160532561
0.676302679235478
0.699823939409844
0.664709196408027
0.743329342122864
0.800306061617351
0.612784550131492
0.736306729184415
0.625748976446251
0.583939642713056
0.701938886171098
0.842103572800951
0.667098985067049
0.822628869471313
0.727058537218887
0.827838614354436
0.673847806924589
0.627166225373155
0.640416295128043
0.765036819045622
0.64385058169335
0.863543819705007
0.703361120364887
0.699007874281815
0.784824345013431
0.82566678151943
0.86592349399922
0.865111780879407
0.795008789670401
0.762584094877609
0.736093273369415
0.875205182258567
0.863831855133629
0.746727252042962
0.788771455848063
0.774662792205376
0.843300853678761
0.799581892206553
0.853138819023351
0.664486441479534
0.84028229768576
0.863293344258282
0.631406047100643
0.591339547184329
0.808339833685082
0.753079866469477
0.836811497293709
0.741152352368593
0.737405553667758
0.923797090842903
0.706089228556414
0.821161614316268
0.736089908517599
0.863676096225394
0.758000438033319
0.885767781963118
0.984690533749044
0.702127193691711
0.824566624120566
0.787932993319831
0.934828922670888
0.738828240010518
0.839372800901662
0.957369056056024
0.777292080084532
0.949062725865452
0.795921269579632
0.8098200823301
0.855743410082733
0.894181381831461
0.750113686808551
0.729608092560721
0.817257253585875
0.844780914196382
0.885198247731613
0.639082058970225
0.720267125732893
0.798983552743759
0.854529110853266
0.836903356413192
0.926751401701871
0.827192864609621
0.713443081438985
0.741767171923263
0.960330703043554
0.882978414720991
0.807721269847643
0.915872280903351
0.818125327255498
0.934589845013329
0.813163286867282
0.943292209450177
0.904613633888613
0.94337494126131
0.81726563403874
0.878571325073236
0.90413653906659
0.831321132346797
0.917967131718313
0.951519747400184
0.903809300603674
0.676896152040629
0.854781821299698
0.775101285795478
0.963168477898517
0.849889132358931
0.797894749009044
0.880639012781498
0.8180025679013
0.909289764085338
0.887507031630938
0.901043757422486
0.915149485700802
0.883676691171696
1.00318817442466
0.866124508749594
1.02768200666481
0.952913027663803
0.841424585700339
0.850130277801569
0.883804555654718
0.99290225471844
1.03227354850719
0.915723962647587
0.768757174326502
0.856123254437649
0.926040457559279
1.02005816115379
0.847715331970189
0.922625405073346
0.969443415311911
0.884121580035458
0.928129360783167
1.00271504090712
1.00792096277166
0.974329626142705
0.863683472780951
1.02652026432735
1.0685578454679
0.893347850214616
0.97053440300603
0.971112935385257
1.02898517731618
0.941522969894079
0.982850204031553
1.03869545863013
1.05030299435541
0.900572598654469
0.995386031364002
0.970933980769977
1.0035425363577
0.843792336977898
1.05099900761065
1.0597415522578
0.981630179796491
1.08170503717071
