-0.812080799747134
-0.922577927877517
-1.11718948172375
-0.954666882994529
-1.09279229687977
-0.963220214440189
-1.01508613325158
-0.996669510506168
-1.0637602666363
-0.882744426896468
-0.904703277124911
-1.1703538810576
-0.980896344422108
-0.900747284772964
-1.01540539395651
-0.974319793753279
-0.965477639629727
-0.930277187362839
-1.00492053864522
-0.97677050768074
-0.951836060707345
-0.917980633987893
-0.805533186659478
-0.884971531494311
-0.96240743721537
-0.928634442822262
-0.898396984404577
-1.03059851765796
-0.921556292446119
-0.889050997815787
-0.890624603267195
-1.0506062883219
-0.762213555607918
-1.08696644684327
-0.936714198019483
-0.863476009899043
-0.919405260949017
-1.04400286618444
-1.05508988323029
-0.865973156751644
-0.933285782476857
-0.822152449971006
-0.92617578618695
-1.00917831869568
-0.83503124548101
-0.873519777942319
-0.929894582726584
-0.917840234615238
-1.01349900068035
-0.831324296951526
-0.909647041391547
-0.906993407532289
-0.879350202315845
-0.854695908822243
-0.740353225585575
-0.912486314020041
-0.908882452170831
-0.872282186026366
-0.864362662424503
-0.872879385314708
-0.79000001272871
-0.965238381447868
-0.95627866632504
-0.928972723795817
-1.00391498270434
-0.8473053106328
-0.92468081242212
-0.83416902839448
-0.862864785591777
-0.918254347642595
-0.954028798700072
-0.879617374783339
-0.984537947532032
-0.927060929387533
-0.837683201934601
-0.897133856450532
-0.821288485858481
-0.968250035926574
-0.857363212194666
-0.850521102445041
-1.02399419028516
-0.75016437698758
-0.850687828805216
-0.770372797459669
-0.848757942586382
-0.719654768970627
-0.794533855571631
-0.857209841594344
-0.811598095052293
-0.891022528825553
-0.752052313565576
-0.828062039800775
-0.677845528871385
-0.90911510670892
-0.771601306455401
-0.701894779547032
-0.801258311946539
-0.859073313552047
-0.879682053026082
-0.774991215365878
-0.70872762628348
-0.728731457673075
-0.678780386843881
-0.746331972247725
-0.824690978298437
-0.70806864676477
-0.768833284045736
-0.748743725585219
-0.701112028333938
-0.78346971523437
-0.650710771407489
-0.696108968319565
-0.852269208019147
-0.636500741800773
-0.832035815537653
-0.602310394060787
-0.776027969287929
-0.770733977397247
-0.620914572129626
-0.814007453968166
-0.725965160773255
-0.727029880984164
-0.786065336911539
-0.739596619707739
-0.583910025415725
-0.534190664815758
-0.832961457731016
-0.674090136303422
-0.730189656489191
-0.580585278541458
-0.772612708135938
-0.623713149129783
-0.631273923825796
-0.721373124387872
-0.884661955659911
-0.802303975286248
-0.859309408381437
-0.517245356431714
-0.691687152640958
-0.855861995185365
-0.709513979560853
-0.619635018222059
-0.674265148118186
-0.694752519983148
-0.815536228487497
-0.780851203369513
-0.72021255355576
-0.74549362331853
-0.667260775406403
-0.752975466426089
-0.604813239770763
-0.92159032246627
-0.732164262716538
-0.686426986199754
-0.644946587487676
-0.739205534446219
-0.514326549477144
-0.533241603454078
-0.698801080181003
-0.670181448496247
-0.748967482670091
-0.640833010294757
-0.673991724231556
-0.561205536303723
-0.704462366087292
-0.555661705290622
-0.613031953907999
-0.543953865421543
-0.693453804757245
-0.558100568887496
-0.798038550124208
-0.632810121935476
-0.758352476717847
-0.614336923415593
-0.621097242082004
-0.359954824936943
-0.708592654860884
-0.538561925543118
-0.566622523203344
-0.63139253132384
-0.810130195306982
-0.591198400794951
-0.692608107109341
-0.55920297626543
-0.698898488042474
-0.657661221730741
-0.493766303817033
-0.637737557558157
-0.620434950132804
-0.646594897248068
-0.50172687248096
-0.579301185997459
-0.5626256286258
-0.752181642289691
-0.697319130065252
-0.585934733785201
-0.72773378695748
-0.608916235297127
-0.456809776991784
-0.635635324683157
-0.574469674751835
-0.629588302078263
-0.58929779749842
-0.482070225374639
-0.649412486735957
-0.561141267229858
-0.618679229592061
-0.630402120148881
-0.582242998398328
-0.562894963703302
-0.430650546693774
-0.660496930724748
-0.640377783070037
-0.361874614297245
-0.566649612958208
-0.635499329324014
-0.62571262722329
-0.574397681610277
-0.638853750680273
-0.621590036618594
-0.557458969823372
-0.466493226923429
-0.470472109168013
-0.488408897052197
-0.535946731205369
-0.615630460160935
-0.536910367730732
-0.49570219901987
-0.558324815187664
-0.648549292304031
-0.504346655515209
-0.398658852833255
-0.518802669039032
-0.228861115860728
-0.442374404702556
-0.595790019424661
-0.430640163960186
-0.517182754094444
-0.638144961292714
-0.447855328452077
-0.462061585878679
-0.620696209682801
-0.695939358820946
-0.531456273786911
-0.507490624983484
-0.545280599212876
-0.545269054960589
-0.533905493956698
-0.529001784555208
-0.349755300237979
-0.443689872217663
-0.534063820115709
-0.567909538744932
-0.515926274386433
-0.553058145182818
-0.335912268921401
-0.512094465991064
-0.477271002269407
-0.621777434512835
-0.472160093068132
-0.448525138420996
-0.457404769527554
-0.4435124733842
-0.483137819976462
-0.463811573591303
-0.497821229024874
-0.541791463403837
-0.400499417320391
-0.432317080518476
-0.359210654561888
-0.54535543223835
-0.519314392175286
-0.391619062183866
-0.453228776599952
-0.417006306779448
-0.292219355275375
-0.318125802411183
-0.649356373108042
-0.388546315967125
-0.450450671570941
-0.290818574667703
-0.556665439327285
-0.452155562117547
-0.513248463003402
-0.35694959257462
-0.527417687408181
-0.286091559693283
-0.523691364491969
-0.501114408040823
-0.54688084009069
-0.331588907093253
-0.401085390478827
-0.501360961690584
-0.298112794507222
-0.456645670144191
-0.40685421039021
-0.412002748986212
-0.344382096576088
-0.312165557031136
-0.313343213802525
-0.428032724536508
-0.389086981321096
-0.349680462790558
-0.229294411115411
-0.408609671978879
-0.397972578319678
-0.371948543189198
-0.382943060815459
-0.407058012709901
-0.451192520859476
-0.322106674759686
-0.338217901771582
-0.365670895170466
-0.316302439028039
-0.465728455139558
-0.445569864578586
-0.371242007432734
-0.322072381000876
-0.349138332248421
-0.305314874899121
-0.18601516442003
-0.429107845642586
-0.519518956680738
-0.445615234899966
-0.279854559923589
-0.413347240941966
-0.37473851251251
-0.387653502755465
-0.31319649858303
-0.369642246699101
-0.367050623567169
-0.247221453551319
-0.247649548930406
-0.315603213215974
-0.390686764027801
-0.318731505084535
-0.208386522292575
-0.425831902557971
-0.295963358397628
-0.353097572939525
-0.306676230144555
-0.265954128739322
-0.250696333353917
-0.276290517413053
-0.208565869749424
-0.201573870727659
-0.174144388314691
-0.346017785995723
-0.335344236903076
-0.256228077711901
-0.365425472357823
-0.247887450159079
-0.272255599835349
-0.345511666980634
-0.23158350240216
-0.164335563058213
-0.157634447834736
-0.335154219785307
-0.174737687032429
-0.178031676609935
-0.139314733175832
-0.294908439439394
-0.351288508159732
-0.341087634285932
-0.269126625466646
-0.318701051789138
-0.297056329132762
-0.108856665526618
-0.0991910560245066
-0.318287098042013
-0.24723452803785
-0.0533071139351052
-0.28655124454481
-0.2592818546218
-0.108775290883673
-0.307731209558397
-0.241988460053665
-0.338685206735955
-0.283679350929583
-0.144883694164106
-0.287828348552068
-0.304542705381998
-0.162962652771971
-0.170039509745889
-0.0509313778342345
0.0483379691052715
-0.303568253520822
-0.201027497209443
-0.20301962699369
-0.141122330512526
-0.24171100797786
-0.114573849853343
-0.255994275788659
-0.320816913678606
-0.105262181505783
-0.217281625621063
-0.115798792767698
-0.165113844694758
-0.413042725191764
0.0169239577647098
-0.215766812553656
-0.0976676632417277
-0.240223372820177
-0.266367822825155
-0.156524049613932
-0.332910754157237
-0.158845278124526
-0.154854132829546
-0.193993366536166
-0.250525075875754
-0.406661993943715
-0.209638588900581
-0.171132041625794
-0.190805970632071
-0.125460571129025
-0.183273664760107
-0.132021495966818
-0.140566598157003
-0.0557430192047038
-0.24366237448701
-0.217484784101816
-0.0525614475943845
-0.187404472111386
-0.0403131099329567
-0.131844145316471
-0.106945282459348
-0.0909278664301709
-0.113278316147842
0.0813685469209042
-0.12979285691963
-0.309947931506797
-0.199001281074588
-0.119687318187568
-0.12385388133284
0.0177096083362253
-0.0854669577601626
-0.233126769560759
-0.120841653194017
-0.156256608722196
-0.105153060567311
-0.160883699737611
-0.125097823408842
0.013703541775425
-0.105769291105757
-0.100083829597937
-0.106818722839058
0.0356669804983427
-0.163583357958792
-0.0945952441133188
0.0445131978865713
-0.0561443232242496
0.0700525966459062
-0.0129453618746596
-0.140027514082256
-0.0965008268088158
-0.0986115316347198
-0.142766387698601
-0.0187619381320718
-0.146608844022529
0.13173115762215
-0.033517397169575
-0.156800786574294
-0.134152876919887
-0.184418470609491
-0.0331320883300875
-0.02303322511851
-0.00267843600374426
-0.00902089694151096
-0.0755532770769864
-0.133962486576853
-0.101812279374129
-0.0576575414750373
-0.0779660807137565
-0.0569365401520289
-0.132835339309836
-0.09866343442993
-0.00848260726331564
-0.110066898635206
0.00464294154239087
-0.0777668856255235
-0.220792443993728
0.0602621028720352
0.0601894022462304
0.0554290065020732
-0.0407426533385886
-0.174496949280944
0.0653927642999803
-0.139414541283913
-0.0622327098569359
0.00337822761981856
-0.118032692724292
0.131019070786842
-0.0183354938677779
-0.0102230983727007
-0.104359199393174
-0.0238223040538332
-0.124078338442754
0.0120037622612926
0.0537611638286916
-0.0232062721361713
0.214990738587306
-0.244864132304366
0.0645266864279607
0.0174983962614595
0.115517374459863
-0.0427963259766233
0.159786220691411
-0.147149285227401
0.11094199662999
0.0238679395656091
0.0607256822610111
0.0814873048691385
-0.110150016431126
-0.109361497873203
-0.0550645545780159
0.119263092738461
-0.154674657529146
0.130628082124092
0.0577781590357591
0.00667765137145141
0.022921856006062
0.0714194213145939
0.0692742678125012
0.164185218355806
-0.129815409881925
-0.0634278783104585
0.154761370985768
0.0561047130394138
0.0502792821912799
-0.112692004826317
0.0507853037493534
0.16834114072214
0.051229284930736
-0.13750947800584
0.0326989011733028
0.0921498509409708
0.0258424188890042
0.0509965938460183
0.0953113666842318
0.123041082693171
0.160584471854847
0.134572302913964
0.0954091930109718
0.117390580181916
0.116693411713477
-0.0790953453782848
0.228706245284876
0.0857814352740722
0.0203297083815034
0.07636474814649
0.188826565958449
0.120894252365815
0.149094784411044
0.166080759874247
0.136074670243612
0.201241043361291
0.0578022181450798
0.157680886261
0.167724951052663
0.236646855975331
0.142500553449431
0.235869793011479
-0.0559779701771741
0.193711379820428
0.0939604448207554
0.104229714145381
0.148141960457839
0.0334790604454275
0.0533018768994831
0.22206787447847
0.183453603354985
0.156146390835499
0.227789688694776
0.26615846433934
0.0604886726189559
0.167116263400593
0.137741656745487
0.0861207525603022
0.150440952458273
0.24188509364939
0.264918267489304
0.107670145665424
0.0113124037277431
0.175174135056749
0.0659099388310374
0.104168506692032
0.115723979057561
0.151241076107643
0.167686881404504
0.188781885907518
0.302220910128395
0.088212072670526
0.200080572227563
0.309929213223033
0.293336936629081
0.212924926308444
0.0575479220575211
0.108015246121767
0.462978742127303
0.262970655529279
0.120791654846004
0.0950877634133404
0.212020077206817
0.144072852851205
0.21677884341432
0.292295934474956
0.149040317816083
0.28747430347337
0.231202822755711
0.294826622108817
0.0868321664779991
0.166462757411276
0.111823871314954
0.166022605219759
0.156808706219567
0.0932711297429975
0.372740574073571
0.306620933899998
0.244597978723082
0.333048521156052
0.241344252139179
0.286357721211042
0.339954260079137
0.26172118548575
0.270045501222597
0.201464261009917
0.215282186868958
0.372456569543571
0.210339757427918
0.294205022243503
0.303926945865771
0.116420193728074
0.291273588811154
0.25873702134932
0.323807063897671
0.154095825073539
0.221123783387748
0.150129020791096
0.358378754964257
0.12541460370592
0.357214386187588
0.28839247928383
0.370730505203365
0.281066522355685
0.447124749216207
0.418237116162322
0.318674978852424
0.274890628021628
0.214046702354468
0.30858971661976
0.36556539530728
0.177067587854496
0.237770080828231
0.291777690122206
0.315296200981826
0.305215818907802
0.311058468309323
0.13267749854545
0.376536211737151
0.433460711014417
0.250731388219309
0.396125239492868
0.195070752288127
0.223547216805929
0.168638037433665
0.3803892025119
0.56321517592631
0.271677674878565
0.270476901521766
0.333917645040945
0.412348528038848
0.363515466572705
0.459064810864198
0.388736139720978
0.433840091336083
0.233762522762995
0.279675500771266
0.449566525091205
0.339907723053259
0.26321928079956
0.495823830118255
0.448570518499318
0.348936064248813
0.308613484860721
0.296940885859753
0.302656233770054
0.434246900614209
0.389048413523595
0.340030286501736
0.330371892349881
0.329825603100796
0.267429389310103
0.369656875265218
0.369792133908558
0.264125877282329
0.346664859914084
0.332713156574476
0.230121346036803
0.519772756369988
0.431045601427054
0.443937206881807
0.443187626801742
0.573455179566047
0.3503171785498
0.2376431320515
0.518047864476992
0.442200699261297
0.34394806228567
0.498042178722446
0.402576338925302
0.590267528687129
0.337985500436072
0.401935759411772
0.475921404582382
0.396974596787071
0.40362705593977
0.447945147450257
0.439262952801559
0.407554773200752
0.393526021433957
0.413308905859173
0.661061841581374
0.450634234383259
0.556990572551748
0.508178376579371
0.416216496830712
0.614406986769218
0.599880461460256
0.437070434355411
0.535307081793567
0.368977085178121
0.311867475469957
0.503629360842419
0.484898209351005
0.588995906420509
0.360519590385059
0.386347605206382
0.391743157647137
0.355345273442025
0.377021044298985
0.567590735799265
0.478778259788892
0.560320802517737
0.490230187635044
0.430484870775722
0.511190237127092
0.574921344075106
0.544324559026698
0.649477368535283
0.488227599923263
0.455987970596224
0.645185014069072
0.558459254793626
0.457243003867854
0.526034704158584
0.492920042919287
0.478874566561054
0.43341447815128
0.586995011734726
0.604476957295224
0.650199727806018
0.614386497616329
0.566050776653556
0.555090284416071
0.610266735699622
0.627725330376166
0.577318206404072
0.572354588488186
0.553918653736543
0.499490923078211
0.569367458942955
0.536076211538697
0.534538036595314
0.517863196504599
0.441071553304805
0.608151046919901
0.552602990774819
0.62777717942722
0.587568712035898
0.580533628058296
0.546612236416885
0.582152922965724
0.474826664639976
0.60003795216942
0.521291276498283
0.594592138877465
0.567324974967704
0.51690868218781
0.594368950838563
0.49310424303629
0.558996582822657
0.515551453003096
0.617802821783289
0.630962081111089
0.628953196933656
0.4956661792318
0.492025129485333
0.563213175090425
0.519952469775255
0.769058398277867
0.663017393120667
0.422227130932237
0.520615780042417
0.673972722738597
0.598013559032552
0.435279911997283
0.660121052680392
0.63697669674338
0.562197271543013
0.569259356779775
0.578187995970684
0.749370664358283
0.584333225657338
0.552876123029619
0.60914004979426
0.627075880772852
0.530597133293547
0.587020852702297
0.749393100937434
0.6277105140363
0.546293123655137
0.672980662662167
0.700116507990074
0.722360445619523
0.569475789293259
0.701058883039683
0.691641731247926
0.469513364425112
0.579480897653168
0.54136674499591
0.58977627523952
0.720774990685254
0.567028688182977
0.771573422418413
0.708258873565775
0.659388748459548
0.867357881161239
0.632422600992523
0.811813085025837
0.620138260322788
0.747511767040123
0.654196004349913
0.860732148851468
0.635929936244941
0.491525354540064
0.729047860532262
0.805480588400035
0.656059688587855
0.746112416842638
0.603045608028123
0.547028699577427
0.804286678587804
0.681849839359845
0.61479307590984
0.717720239504116
0.937640991743033
0.635947563188436
0.789554997100063
0.763770704533365
0.764588139240541
0.878407250687835
0.641511920858361
0.788867342397918
0.791600185568597
0.661111618027257
0.662774332666272
0.745573848053334
0.603073082820354
0.639078543238453
0.721940865341358
0.591875330146474
0.690759784350009
0.828449702164931
0.760236604804816
0.922830052609699
0.7809269794343
0.764398900605726
0.689539911469442
0.920364743376239
0.897260269937928
0.689968632036586
0.824211171976232
0.709670381547617
0.802152732249153
0.785000657889819
0.707113797811626
0.741871978104264
0.862072844368233
0.674306444326824
0.658324909101742
0.908617405327254
0.849069837353144
0.758267629406948
0.839905240554604
0.775475007604135
0.73255078747072
0.876076941190454
0.843030278954883
0.912477408228158
0.794010888395037
0.716122485639502
0.692964937408197
0.794132536379462
0.828040507677605
0.898137764251236
0.994939409626479
0.902428822051271
0.794890474756677
0.802321930634659
0.859332191752632
0.860505403651647
0.776683957477882
0.682371642580165
0.915367215740452
0.946523714023456
0.972165360612493
0.869750314866403
0.941492911622237
0.864656119515373
0.990188288419174
0.762640589941707
0.964821055285186
0.953404054126231
0.870065036442132
0.823047968585777
0.856142789838882
0.814605581001363
0.835536856267155
0.994384132021306
0.881366809849565
0.937349837316227
0.817585903089505
0.82964800023217
0.986961891728444
0.920980474511012
0.850491636948568
0.927503596053291
1.02275596516885
0.879617944239156
0.975175738681945
0.955177819252593
0.840091197362939
0.862520769943117
0.973538223359083
0.901526253153921
0.851139954508629
0.961851669990213
0.870772005149285
0.869819772262518
0.896988469214822
0.978302555717489
0.811717848340937
0.966904579257546
0.880858516789688
0.814965937327054
1.02105702512828
0.903076243825751
0.875062400182204
1.09609997855092
0.890250918312762
1.00088524105563
0.892537556823629
0.886750114727212
0.871567849725401
1.11969478268949
0.991307428295554
0.710039333260134
1.12644557261461
0.99161466417118
1.00277320793422
0.979002096224435
0.925915753194517
0.90503658539901
0.934292266478503
0.850484499153692
0.890399298310568
0.850439990600859
0.999849763041056
1.03998527400509
0.896072277139858
0.7897567472293
0.937258391286961
0.994147154977794
0.894117207562707
0.971391146881941
0.926830729681354
0.971828813199906
0.97384752546723
0.837001996962275
0.965196349238481
0.999606275184704
1.04479033699392
1.04835373783325
1.02725122463419
0.986982924477534
1.05269957161556
1.1226172557425
0.964791331404585
1.02247984364396
1.14351099649984
