-0.84310386464108
-0.926989102367568
-1.09661319563616
-0.945488043747001
-1.10774917775113
-0.956831397973864
-1.00268848193926
-0.988884135103479
-1.07540527205357
-0.913360845315877
-0.900577507756052
-1.18037883152899
-0.964286982523017
-0.898945309937078
-1.01223536340002
-0.981940377220233
-0.988663169158422
-0.92591330619743
-1.00176377802604
-0.978045285134203
-0.960023770780243
-0.922353135365617
-0.80004869200711
-0.855720994765015
-0.956808882569445
-0.932791459778329
-0.860801051244707
-1.04454633105365
-0.934261977646303
-0.903120333412886
-0.913349079757186
-1.04947452562634
-0.77813212328009
-1.0845259618246
-0.941118457467899
-0.866621205562885
-0.910147501011314
-1.06182452677193
-1.05906270139451
-0.836273107679699
-0.935556878033173
-0.824232285103043
-0.929550967165081
-1.00851984365123
-0.836638547798607
-0.858097544787526
-0.936137561818674
-0.934813566637814
-0.997347739479983
-0.844683331176633
-0.910868489375976
-0.914802167828541
-0.88042761300862
-0.850835871326756
-0.723758365017228
-0.911970195519739
-0.907066809560579
-0.88606226199844
-0.891020475407695
-0.900269375054068
-0.792232622731119
-0.957967108503008
-0.943548442853468
-0.950130087452775
-1.00518108370498
-0.852646315434278
-0.933889187217716
-0.840132327588571
-0.848117053719189
-0.92507421406286
-0.96044202463599
-0.892247377137369
-0.979024579071498
-0.909407598811039
-0.845648685252225
-0.900159891972783
-0.851288701473129
-0.95282221039372
-0.85430673013812
-0.861564107618138
-1.01536167784958
-0.734059461515188
-0.861980136027155
-0.784298131024548
-0.849303725441206
-0.725406061704313
-0.809117725473427
-0.844316336960308
-0.834988128756786
-0.876614497585178
-0.778871892165122
-0.8196780998385
-0.701050691544327
-0.909484611798858
-0.787800141574534
-0.704854041004391
-0.774613669566043
-0.867658502009413
-0.885109519724327
-0.746702060869354
-0.704239463982962
-0.72882256918456
-0.692321257683812
-0.752827707741459
-0.785897258749308
-0.692279334178331
-0.77751829864619
-0.725200909708967
-0.703444253357171
-0.768787023625103
-0.645602904708394
-0.68458908907286
-0.849105775064404
-0.632330314992218
-0.850712209382794
-0.582292355777635
-0.795324815340838
-0.769925336599251
-0.605152736268413
-0.816436371454648
-0.736772716629407
-0.73477347535712
-0.791547089260461
-0.725436981737655
-0.601746214441942
-0.555258667305277
-0.838042687694321
-0.673897495141089
-0.742859316779064
-0.59595294490885
-0.746784065169849
-0.637348995601542
-0.635629098635321
-0.720247274327608
-0.883384253266617
-0.756948820453194
-0.830522534861213
-0.530076116616078
-0.698599138290924
-0.850405890382147
-0.708235259320937
-0.623088911849693
-0.689727214997166
-0.712046418778299
-0.808523684844999
-0.778166236446132
-0.707775372042125
-0.741161640538338
-0.649402386212332
-0.778528432885022
-0.599960678765254
-0.922589708996342
-0.747535655178777
-0.700615017181459
-0.629879160461893
-0.730295507530832
-0.521713009168439
-0.524667342000612
-0.706826055205028
-0.664660152029717
-0.754956380465725
-0.642644998070129
-0.650142824802266
-0.585452085097682
-0.709903828451845
-0.539432773289609
-0.590211565969878
-0.530435289976608
-0.69591215129812
-0.571529732943674
-0.822356552667953
-0.639704565144564
-0.74072609281966
-0.617814907352523
-0.624279273076812
-0.344946183782059
-0.715247512042369
-0.540341004071974
-0.551189145246166
-0.634501223142524
-0.804758823867198
-0.605316771159921
-0.675913013995933
-0.556182657446845
-0.71376787883103
-0.65275299626478
-0.516576868036374
-0.63884821243626
-0.627050937244048
-0.654853098896067
-0.503980266104834
-0.596142574538186
-0.589847504940069
-0.742905151606924
-0.68573522040734
-0.591789025674188
-0.713161325149527
-0.593740464974917
-0.463287567258536
-0.632299525194097
-0.586200795006124
-0.617500867908473
-0.584758693607606
-0.473210529094135
-0.646617613825394
-0.569550953870802
-0.613624551079756
-0.638596657624847
-0.588119145800691
-0.561584401337739
-0.415119940048891
-0.669039815982889
-0.621942412421178
-0.346342498513138
-0.562101218694789
-0.632472871498573
-0.612194716836318
-0.57516426559689
-0.629006745281335
-0.6298747955829
-0.572278527176903
-0.442162715488865
-0.464690073949584
-0.484801141058162
-0.547030489702483
-0.611765780587272
-0.539940811934578
-0.525378628460544
-0.565859650954892
-0.649942185393696
-0.507769981923776
-0.407290086634349
-0.508140701199334
-0.223499204588331
-0.460033019390297
-0.592380469424063
-0.45016166341405
-0.523011560690563
-0.618663830711092
-0.44456116912321
-0.467743804725525
-0.62207447057633
-0.715646691162611
-0.5269690802169
-0.525712835211852
-0.525836145847942
-0.563954137756802
-0.541736667795203
-0.531540192920017
-0.348270741868987
-0.42632425376032
-0.513743252701904
-0.569465824507096
-0.521970072079899
-0.530823297680926
-0.376541796797587
-0.526317234969444
-0.474206080190746
-0.635959111254976
-0.4729867148154
-0.43505382862182
-0.444871849823398
-0.447211315450685
-0.512003999875903
-0.488238014683241
-0.482773234546064
-0.562001622784729
-0.423707941845046
-0.425365496659838
-0.372256503664528
-0.562722524015358
-0.499265216568372
-0.389312001682758
-0.431977282953881
-0.411071415936733
-0.286028009084443
-0.336316257674485
-0.663103253179339
-0.362043743788584
-0.441893517468569
-0.307344814993151
-0.540298395392854
-0.439019341463427
-0.488276988902309
-0.345546399409186
-0.500700344651873
-0.267203276068211
-0.524375914336295
-0.500372938716394
-0.552787077521614
-0.346810158260748
-0.378759277233245
-0.496369696066604
-0.292487449955522
-0.452995181417032
-0.392206779118769
-0.420638234946213
-0.335719400053744
-0.302296125762994
-0.291242522731007
-0.401265323049302
-0.396433814959027
-0.36771050571908
-0.213899981889774
-0.399471619473223
-0.41921871559474
-0.360028684943397
-0.387098823985749
-0.404443103480573
-0.473966529086434
-0.330708033500335
-0.297784301093174
-0.337410591196068
-0.323226639491669
-0.470114129790336
-0.435950125126073
-0.390672032610893
-0.320109562646402
-0.346684645951803
-0.311854833645618
-0.196854873539736
-0.438701515898612
-0.498455648770964
-0.44290619026969
-0.272358836613959
-0.404536915157208
-0.357629927350429
-0.388829159010417
-0.297237481217493
-0.377642578899902
-0.366043546544739
-0.240896853686068
-0.245963184407219
-0.308548069749689
-0.372098501944249
-0.333665888375035
-0.236364500010925
-0.438498390303867
-0.267235542134091
-0.339620765827334
-0.309350163585252
-0.291691725605325
-0.257964285478876
-0.281956085947051
-0.205399742904055
-0.18688270790085
-0.178792985310131
-0.348876097318731
-0.314164469665913
-0.264200967358624
-0.387659456117576
-0.244058842623897
-0.263962310295623
-0.340365596281566
-0.21439425525922
-0.166538602430297
-0.160891644152644
-0.333902947341149
-0.169876227802521
-0.202311964529044
-0.134941127553339
-0.299077112359791
-0.341556490162712
-0.337170627251511
-0.265369721229076
-0.327471555653283
-0.300277271078955
-0.135455916454397
-0.104342122657643
-0.324285201105881
-0.252469042883693
-0.0362689409997312
-0.280674320598741
-0.258728393235192
-0.112564316462139
-0.32442870518844
-0.239502185387363
-0.334104861417001
-0.282980455187331
-0.12589124388082
-0.27714555181976
-0.263506351296438
-0.153723516284589
-0.17890777924167
-0.0528821323048788
0.0419632941994228
-0.317248493891261
-0.224501233979938
-0.191755019171949
-0.126450778253513
-0.246628060759561
-0.122374776553445
-0.271409510784713
-0.321895528547526
-0.0823784174109563
-0.210506982011614
-0.148460169614096
-0.153645481541211
-0.420999743671435
0.0175599940356742
-0.215911624138679
-0.104803076472594
-0.244899929143447
-0.241358484593758
-0.17302959022314
-0.314964567615593
-0.136764918826659
-0.13691988270564
-0.20735717737398
-0.247912110145045
-0.394394979321073
-0.196951749520662
-0.160426133631743
-0.177259686100087
-0.132658409511016
-0.182802861735464
-0.151211978504172
-0.132028353577818
-0.0586957493709838
-0.233544899388692
-0.231023928341293
-0.0488421714212018
-0.201112000878833
-0.0331922878765537
-0.134638710171077
-0.112780708544439
-0.117121607418341
-0.131294499841962
0.0602091857028885
-0.155627901660744
-0.303065001095729
-0.184033398117344
-0.109789306843097
-0.127824655213517
0.0109878934261257
-0.0749387376468947
-0.227370552573951
-0.113779724476224
-0.143598075241252
-0.0848267780004061
-0.165434399173476
-0.128161651536851
0.0054070887752415
-0.101369632940019
-0.0988226408970804
-0.100146650698371
0.0274333012475689
-0.150670820254682
-0.102827228929593
0.0397775468544158
-0.0596067297525061
0.0551136236395106
-0.0213879806842626
-0.156107476020038
-0.119269895273432
-0.11845676440043
-0.156702488089248
-0.0375747171447876
-0.123320014282079
0.14622594462455
-0.0265218195539583
-0.15101428313433
-0.128031286205986
-0.163333802007965
-0.0300374985880803
-0.0214393771312116
5.39712033483455e-05
-0.0150204080109051
-0.0712696363773429
-0.134120006282477
-0.101385996414965
-0.0465747800318833
-0.0735431336866603
-0.0645125330963685
-0.112092306784365
-0.0915371963902308
-0.00716719830246275
-0.117149005937659
-0.0211117831730406
-0.0935508475569263
-0.217158747902269
0.0540576471451434
0.0405147593020357
0.0543072153686239
-0.0323407434871369
-0.167497235029786
0.0846339845451789
-0.104186478737668
-0.0677595125480895
0.0026807774513866
-0.129598322096463
0.148558779274145
-0.0207518078936861
-0.0174935643831337
-0.102040630022453
-0.0374935569625413
-0.110569043023427
0.0138984441659531
0.0609299842062488
-0.0366393531060933
0.193195137690355
-0.244519966137593
0.0813567327883608
0.0195482691570589
0.117019498244865
-0.032198056315132
0.119122455204763
-0.12709311883279
0.0962554102595284
0.0298480875897098
0.0667171241905206
0.0700253133534311
-0.0768467894224737
-0.110887255750822
-0.0488632623491293
0.108836694857341
-0.138086783764543
0.122662355384132
0.057928341076978
0.0136976324929221
0.0408482543008229
0.0611970827637284
0.0741400266575665
0.172059564246206
-0.146654280628015
-0.0447474951782401
0.137705538708293
0.0626132034444655
0.06899109470553
-0.111077435292688
0.034883763330381
0.167973532251349
0.0774231995831915
-0.109402973551598
0.036864803518149
0.120532773724425
0.0136159677738383
0.0416678340502331
0.0981125159557985
0.127700216915564
0.162168757249598
0.136926152436982
0.0983350360114949
0.112898634246309
0.0882155434295242
-0.0819829275172588
0.224592134315275
0.0993850227791403
0.0251481080254786
0.080408643954389
0.21307839289093
0.111176684330908
0.155228507729316
0.170682409942104
0.131408672872632
0.210933719087733
0.0591193336572788
0.159419313817942
0.175348526165369
0.22983234240726
0.11555705340757
0.203386460480546
-0.0459312164754206
0.195650003679912
0.116114452475181
0.110335456486104
0.142853433892035
0.0280193095424928
0.0603567197358304
0.229186985327159
0.199127045897784
0.168675479009576
0.230625207303422
0.219772226405343
0.0601427087696676
0.179702154401842
0.140153596690266
0.0812918307773082
0.142257457734817
0.238360974896122
0.273154001729727
0.115282096860449
-0.010773723519762
0.175707542359906
0.0820813881708195
0.121993418532913
0.10456263422174
0.156130113338478
0.169075958664754
0.175260811108604
0.30318177888976
0.0928218642451307
0.19117933166192
0.305148768644689
0.288490243044343
0.186685013897949
0.0623374916984916
0.129746243167648
0.443994777518167
0.272945932563037
0.138957608139698
0.0962898430043379
0.189220472237552
0.138148559572815
0.211024225285111
0.280260920036251
0.165908973601758
0.285881569810813
0.236656724949791
0.294720639298274
0.0653389505762203
0.15951014494256
0.0889660830981548
0.178885799405214
0.147683174573512
0.108600735378835
0.396775362533339
0.291868330694624
0.248372981502415
0.326069267943482
0.21681462807235
0.288010252655041
0.355015017125867
0.250855435523418
0.254271948532915
0.210867769473936
0.221345292756199
0.373952080899364
0.209367273606978
0.310991191133827
0.338856972084962
0.0930008075488134
0.287970715286655
0.246267811330694
0.326180304856489
0.146091614665432
0.205510513576961
0.129606491927293
0.35715377791
0.140737128470694
0.347481735320988
0.298095627232684
0.36795294078472
0.260851478165963
0.431638382377161
0.404496955015755
0.335572362485062
0.303223601048521
0.175885607981196
0.304876339069899
0.382495237539665
0.175150222564912
0.245692415255835
0.321063848114822
0.301192369970162
0.332985255449138
0.318668228647527
0.167774088190304
0.355162781545899
0.441673033606182
0.248559304404629
0.400819049928144
0.181405214635517
0.248310075876175
0.198369531793742
0.38095830327514
0.55346303267053
0.281983038401521
0.249267054660828
0.340024319314882
0.41245464659357
0.366717735179718
0.482145760449852
0.369134622804571
0.429257557335807
0.224940683027923
0.260533487168397
0.429508745857209
0.339533393892621
0.265516938069076
0.482834011992213
0.457711227957892
0.355885659215631
0.311326457230187
0.303332026369017
0.293149288213642
0.411494260306116
0.38095490292915
0.36159880110243
0.336326875731486
0.333169768111196
0.268862287927451
0.362289936068848
0.352483231411921
0.26772057160477
0.351606375033271
0.346013328563853
0.236467838960173
0.511504082304575
0.437192872710815
0.441371310663525
0.464613106964058
0.577663654536013
0.359713310176637
0.222007022063709
0.536971586601184
0.445561420759907
0.362552342249124
0.502357163525908
0.405775331034442
0.606077110850477
0.336520632868206
0.388529323572478
0.450063232000576
0.423036227110938
0.407032244458317
0.451608556646031
0.46029338658042
0.394351383122838
0.383956831858403
0.440427861255778
0.661259207239676
0.445127029964963
0.560123360612598
0.499627252392687
0.392900489970482
0.626736287569343
0.590683601113146
0.465508755956806
0.549774265974593
0.366775034713909
0.290691673837589
0.505978685432006
0.487192987148954
0.598315330194112
0.350317808968389
0.390418731886647
0.410227789600553
0.371063476757605
0.3589237796554
0.557964198867849
0.470878351571393
0.565020697603695
0.48898809227307
0.43861372774687
0.503888262273804
0.554426897522233
0.553232742261771
0.653790874096844
0.470687888306798
0.447277335419973
0.615853730119031
0.574779544107413
0.441389718033212
0.518027997730803
0.45813761842367
0.455899947006225
0.423738204421655
0.576173202020509
0.605833593832761
0.651448414568303
0.591563579966537
0.561136709279924
0.55539254360511
0.597119333619935
0.643018620084766
0.586213940071849
0.559046553347726
0.568348300412954
0.502737787603354
0.576616761439419
0.535433033126798
0.529895944129806
0.503682146034196
0.45304343818764
0.591299771050884
0.555992955700055
0.631198671125429
0.560560441020717
0.602407057005775
0.549824974974959
0.581888059267439
0.493794484548867
0.605693881551632
0.524818430518296
0.60630625818669
0.566478708008867
0.507362543737219
0.600923738906573
0.484742719030446
0.552309693107554
0.52372871813639
0.637617604414998
0.628630746620981
0.604964153845372
0.483681414620981
0.503176062885837
0.559268375065558
0.518295401749997
0.786915904969528
0.676511417482669
0.40644517060284
0.517381959473632
0.662976392239923
0.59966514257529
0.43491717278452
0.631359028529359
0.635148489449442
0.56533862470431
0.565983527970471
0.595103195041322
0.752541666361587
0.572399272703166
0.55688958488964
0.636459368859258
0.638900955921036
0.529757306924633
0.582803995100465
0.774463908416821
0.604303983551404
0.574697148259397
0.683368384713695
0.684670833647872
0.724748447992627
0.575264114821249
0.730186221821396
0.684364474782607
0.463992790624674
0.549318581292517
0.519515177414377
0.580219783168931
0.722701102387071
0.551034148281467
0.778682615615345
0.716336155308128
0.656478407200402
0.858527669873376
0.643918049494301
0.784233699999731
0.63780313467352
0.730270962930903
0.670275652807484
0.87431191237112
0.622288532409245
0.504110948550621
0.725724293278167
0.813999002422713
0.633678654699604
0.740643547255545
0.600458064666628
0.540155044998807
0.816291024046848
0.698679633914587
0.619895016998624
0.708860701838936
0.952032022190626
0.659737552880739
0.766774129345344
0.762594102419823
0.775050084222186
0.879185886232269
0.624540823351731
0.791084465310845
0.768448631677266
0.640716575568478
0.671948970973522
0.726497788715485
0.597377115691415
0.632854319940154
0.741692617936275
0.5813773861249
0.681118710855247
0.814868677413542
0.741481504179893
0.917778457712142
0.771264539386643
0.764909820294217
0.678574356240177
0.940414931074463
0.885303711928019
0.668646816952273
0.815515198129232
0.722066226250227
0.798817324059003
0.774458114088691
0.700529992784292
0.7467065269771
0.862641438471513
0.675164675615817
0.645703325527283
0.900497095677563
0.831895529697029
0.762828693209233
0.808330110077527
0.769367429432331
0.745634824679236
0.892780991234937
0.847142771707442
0.893068661198689
0.804029385299185
0.684283280165005
0.684622643191811
0.788080989871747
0.826151424443339
0.895028157796939
0.979190293723735
0.886181036644681
0.776958807736049
0.809153756214896
0.830402801844851
0.844475457941488
0.774942810919437
0.693629414905933
0.902309283456363
0.942308644399723
1.00494255237834
0.8815132299212
0.95159690966617
0.871920644692922
1.00388482900089
0.780284328590397
0.963895516197168
0.946438278149433
0.879695428096591
0.852141737618877
0.857726813752931
0.807029628462677
0.83326548506308
0.983996546306769
0.873160368827574
0.930551675179875
0.805768983075041
0.817353176256251
0.98858251647726
0.909762024302628
0.849821453703643
0.942828105690096
1.01931801898385
0.904862331063218
0.962368869963725
0.94655809670474
0.856722756128581
0.871684550814748
0.952217728752466
0.915040202939278
0.835944531019752
0.955057587623524
0.882412526690929
0.894126777961352
0.891517470586989
0.96057570803814
0.821869919890426
0.953123192224281
0.87576479630338
0.837674396229444
1.01710861564785
0.898287006918492
0.876043887256419
1.06915448817252
0.905794928374813
0.987037948925262
0.906482633345986
0.894138094483763
0.858345644511073
1.10100542883057
0.998551617974331
0.716824179782954
1.10732846441649
0.988526759956415
0.999243698909159
0.989861731066674
0.931791489765458
0.905729028697422
0.956091591554968
0.873386529692366
0.858348765424699
0.875681958629983
1.00629399169675
1.0349880087343
0.899914028733898
0.781015415466066
0.938365939402813
0.986242026984407
0.889998164708065
0.955923731216065
0.924059656072102
0.981363770966005
0.956265392022388
0.832190377748109
0.948200539179204
1.00171067356536
1.0512372394152
1.06201853400101
1.03148643560639
0.992087432550932
1.05167370679794
1.12461695271809
0.968699745771036
1.01936933545037
1.1578204072609
