-1.15014399687341
-0.796516528074411
-0.996064663940359
-1.03119769070188
-1.03886169177059
-1.04308485846732
-1.05426614160529
-1.12574587651527
-1.09800512840915
-0.81408300996329
-1.08554602373596
-1.10040101658731
-0.87149517399131
-0.964662082034226
-1.01907359264191
-0.967748363871306
-0.966982159467785
-1.07377832869556
-0.989529349470111
-1.06914315518522
-0.886459366486517
-0.961486549609538
-0.751523173725614
-0.942103034454504
-0.892332219432968
-1.02358701267779
-0.93042854520576
-0.978431197177742
-1.00008290480166
-0.964596828445464
-0.735857768465518
-0.979780377708894
-1.03424671325881
-0.89162399187249
-0.830349650410983
-0.854652230594935
-0.867683625745845
-1.02102457336241
-0.928696883895853
-1.11393715392576
-0.738216537923538
-0.944159151094777
-1.02457864192181
-0.91191938454244
-0.971409195042734
-0.972439938446858
-0.873317151491982
-0.808599012635961
-0.857876475047409
-0.908197513204605
-0.852522893275088
-0.971040093207459
-0.726733406419535
-0.845352464087727
-0.871918508299149
-0.928331914970381
-0.942563035878156
-0.8431150637894
-0.784440816702072
-0.86343355961612
-0.91127227417211
-0.893661900585992
-0.745351678063817
-0.995634569234908
-0.761499320193288
-0.938503838069411
-0.88042299402462
-0.959235229182259
-0.736280402552115
-0.820756861128813
-0.833786452939936
-0.755946019519914
-0.905729567475649
-0.759077655898123
-0.841196472000009
-0.878740045034853
-0.880076397951559
-0.935696674144605
-0.77952711235784
-0.721438233837156
-0.883630863917659
-0.752275436465372
-0.811724567986428
-0.861765166605004
-0.909784362886805
-0.781636898925942
-0.840737898115866
-0.844637113130906
-0.823240439023477
-0.879975962660715
-0.846263556327425
-0.855946041582393
-0.891525798685621
-0.805749294533535
-0.810070546418195
-0.806873321790673
-0.748124694325547
-0.860723768692686
-0.83959227291784
-0.728933619927649
-0.832485841363374
-0.87261840932931
-0.850906329010989
-0.658182975814378
-0.670351454696218
-0.968570069839399
-0.922649465906697
-0.587543972332122
-0.848860165657717
-0.712243783545493
-0.727989605958751
-0.869541865889606
-0.796377825286089
-0.621413894696363
-0.728498428921862
-0.851609682139243
-0.755940266488387
-0.737613945353584
-0.911216721441985
-0.764075784844212
-0.643036735773781
-0.872332710896941
-0.872454463920183
-0.728473318345744
-0.628606714616476
-0.851438865411869
-0.815328001810526
-0.596906727562772
-0.72455473729654
-0.622593103189692
-0.822970538754965
-0.76600211354476
-0.774059411949862
-0.709332944594609
-0.734794873989982
-0.683210642847463
-0.637697032846907
-0.558957602619556
-0.526922709172594
-0.788207771403639
-0.755998952134385
-0.697904797430792
-0.77926395704705
-0.756772883182207
-0.684213309829054
-0.749898648659591
-0.750067958463781
-0.811312203854041
-0.754832518078856
-0.56541538142621
-0.697083539456338
-0.796769705960518
-0.755736262446225
-0.746357655818456
-0.569488362118308
-0.667042190442351
-0.77012622779233
-0.74276507776783
-0.847889306627239
-0.676593656582512
-0.716710650525199
-0.663149415427107
-0.804114192071079
-0.578122089947679
-0.666887060215357
-0.670435919411669
-0.716848258531607
-0.538455824679586
-0.755896653224257
-0.815033688641268
-0.745722448895499
-0.582270411678618
-0.63239665654143
-0.569237341435029
-0.563509459314821
-0.630726134415875
-0.879209358093768
-0.569806966234613
-0.566255341434801
-0.733380270787402
-0.572147358005905
-0.443322898557728
-0.522592838049245
-0.737106939818042
-0.479987059125122
-0.539821382619275
-0.544453572688268
-0.616425602351192
-0.689447927913176
-0.568280309971217
-0.601037259836186
-0.602138793044711
-0.561027453161857
-0.584637735074617
-0.543095297946716
-0.618593502165862
-0.730427734648444
-0.611361091721617
-0.70351367955869
-0.546952021375878
-0.652109801118298
-0.474305866691821
-0.736521525772031
-0.501709257704035
-0.551714841843263
-0.566082947887052
-0.60686928161812
-0.475957294136057
-0.4901522326988
-0.583657023678085
-0.600325247256327
-0.657509107128503
-0.470763921156657
-0.510402437540907
-0.653749582487746
-0.51896542850801
-0.50781529436521
-0.680654109360912
-0.540895907547257
-0.552246256232494
-0.494091890049298
-0.591249882848378
-0.50817145050237
-0.641445528031063
-0.609410119470076
-0.55518667154424
-0.608090252850812
-0.69466870572528
-0.576847068887601
-0.558913581011137
-0.592980692212188
-0.746381067046975
-0.472950964440225
-0.470919150099925
-0.447233154712645
-0.454626647663268
-0.429781277688218
-0.596235766547992
-0.523662305765734
-0.561112655271142
-0.70517672857841
-0.284269838468176
-0.447537022628502
-0.586600482509378
-0.454104470658381
-0.446463449120071
-0.542233851766887
-0.483317906992619
-0.452636773949892
-0.428020686042626
-0.534457725919994
-0.499560279899132
-0.441365200938957
-0.640400595118887
-0.505713179882097
-0.49819379068948
-0.400763188374511
-0.466207696472026
-0.515536242194613
-0.453099257460177
-0.6468203674544
-0.345194877381629
-0.550527159676328
-0.438358028520008
-0.436727552917824
-0.595922379964703
-0.525015236866757
-0.487166862448335
-0.388837856788164
-0.423109611441232
-0.510445986528447
-0.489937014107569
-0.425250669852966
-0.314883753766938
-0.555321947196365
-0.42284497070109
-0.591598840524439
-0.502959705857256
-0.51224141937418
-0.369450022173842
-0.291461956026166
-0.427678924873937
-0.449215264269691
-0.419686292139673
-0.384098757142665
-0.344909237869022
-0.438583168239069
-0.291995451990671
-0.574060333541846
-0.366862082373182
-0.517484288600564
-0.578361875041327
-0.413993582035171
-0.348589853153197
-0.579661163287813
-0.397312749611785
-0.477008128480882
-0.333470876402485
-0.287044764645165
-0.341588358437784
-0.392011876833707
-0.410081892472316
-0.312524386133074
-0.380734949550009
-0.407445594487876
-0.464691025391043
-0.442362821920914
-0.368380376250338
-0.40098333960296
-0.432202802229218
-0.220460106391257
-0.278798388901801
-0.375630226315042
-0.428249253904464
-0.411973296138748
-0.499921389888334
-0.261095459862915
-0.469794657060441
-0.325578782066816
-0.367608756064855
-0.309549080018358
-0.386360421983044
-0.341074195279981
-0.381394271945774
-0.303847737038473
-0.350453721865843
-0.430871868106769
-0.344453341019521
-0.416186266163038
-0.435385066060405
-0.323464036394306
-0.383127428370435
-0.21430895811839
-0.19194963689314
-0.349399745464713
-0.343753519489214
-0.242411849511378
-0.293361530668727
-0.236203765647832
-0.263532261659791
-0.378552425824885
-0.271068135483738
-0.273223573875622
-0.342504538572551
-0.308729850503299
-0.278052775887532
-0.438586618503205
-0.470623128952017
-0.317842962044816
-0.245527428807543
-0.386362231926304
-0.318444353426498
-0.367413595926188
-0.33154064818054
-0.386648456372735
-0.347424861260275
-0.207808351312762
-0.313750518909147
-0.365574571265467
-0.249329713410602
-0.226005433925638
-0.214814989111808
-0.324436185047745
-0.193107299546462
-0.148212980434773
-0.155026540361495
-0.178987837153188
-0.293661220358434
-0.210896742119727
-0.278742456908877
-0.38975715008394
-0.237006044311294
-0.136024597755254
-0.155857223221049
-0.340773799269618
-0.372646220468577
-0.295217416653439
-0.376023257450191
-0.300084643594899
-0.300444868136896
-0.269466506086913
-0.32467338068485
-0.183289608520553
-0.240942066081065
-0.212279970719787
-0.231335599552241
-0.235389275263976
-0.212050543403107
-0.24311368052579
-0.193064353750181
-0.156897000773694
-0.25114275342213
-0.271646294931606
-0.206695893950856
-0.194929439934619
-0.185214923668397
-0.312001500633978
-0.242039864822098
-0.197550152821884
-0.142131681665788
-0.254500063997176
-0.110941559458109
-0.162733395544328
-0.208928694829691
-0.260417498142683
-0.156597930367467
-0.215097379667148
-0.25267364881368
-0.125957525464639
-0.0629337261993443
-0.16939976646443
-0.324781841004357
-0.168194241709388
-0.19997338421165
-0.231674333322322
-0.158788832130603
-0.151680910079358
-0.168780041746329
-0.1853701598591
-0.400178362069897
-0.292038715060573
-0.210665725626172
-0.0731783689833208
0.00450727866119742
-0.0751036390423876
-0.306348698322947
-0.054923952650618
-0.239482887788702
0.00770376633735017
-0.11643183590904
-0.247940783017553
-0.102571431082914
-0.283835806213439
-0.0990002651593994
-0.129787304251354
-0.0595999786091091
-0.286380233209025
-0.0829929755184426
-0.172398182929653
-0.248423096742298
0.0051088891795981
-0.243078855221818
-0.0762639492268724
-0.125057215002716
-0.132298087200594
-0.0937365592035179
-0.210760481493543
-0.243062229320437
-0.0701275465685372
-0.27807634273931
-0.126167056066896
0.0911124509253542
0.0172893874916027
-0.110220350153438
-0.0765044353948343
-0.0704110210211328
0.0396374152457027
-0.0073395027665624
-0.115355683204628
-0.18561945597522
-0.206533021120154
0.0427521808714317
0.0238287609056118
0.125477818760608
-0.0728574695346157
-0.0980609625474567
-0.0692760474751611
-0.207779889459709
-0.181228079013108
-0.18317392505568
-0.072712156262198
-0.07560536222937
0.0251373550548087
0.11173366541648
0.108996561244591
0.103266009789934
-0.0581044637057875
-0.114437554370957
0.119325718383492
0.0477924092922436
-0.157810028966293
-0.1187866347493
0.00756753366158281
0.0573904827570353
0.136803852854591
-0.0140973260918412
0.198033864916209
-0.0340434990469866
0.0663524274896716
0.0628340342494984
0.0374591272137316
-0.0469510341089499
0.0713934614130968
0.00748982350425592
-0.0627846436279968
-0.144531955425426
0.0805817916887411
-0.0607916012478792
-0.0796712581725024
0.058088378318442
-0.121561390605033
-0.00237582218011894
0.0053931760460165
-0.0875929239883215
-0.0710327677961456
-0.12443400931967
0.05362729843822
0.0134046104696872
0.0449947892098297
-0.00941589456123045
-0.0692919379687264
0.0906652447599431
0.0769836997959657
0.0183195841036666
-0.0939083777579314
-0.0490412116822175
0.0506228150470514
-0.126362398322766
0.0480403539924366
-0.107062752168169
0.0622473325873184
0.102074832851515
0.0183813243737449
0.0306095328369037
0.0187408365917994
-0.0900424804690542
0.0770036158030113
0.0572706729332477
0.0507946153786334
0.174855346294611
0.150512466164765
0.0608428251025224
0.12816393883065
0.233230904603279
0.122683672856498
0.0709105408621736
0.0698390813995864
-0.0744257914851375
0.0984469297858381
0.113913651275559
0.101533021762919
0.084813447077499
-0.0258383204425445
0.0879457098352187
0.231721575650745
-0.0359771503951969
-0.00720513915498943
0.0809328329988053
-0.015214387331972
-0.00985548472375103
0.147724324349801
0.00732775936694786
0.0898533399950822
0.042271802075142
0.0522524074936483
0.0143599840023945
0.127890581643319
0.219320118851477
0.266941481655143
0.05990614200707
0.185723836685712
0.0108928157851398
0.146750269668312
0.212206959023699
0.181229592494302
-0.0335962630151296
0.285492105215111
0.112409754562524
0.061159141399358
0.191851174276368
0.0604435529663807
0.207660070507226
0.146518222438865
0.0523221704168806
0.0834721622982359
0.17050535605551
0.127030376309006
0.186611917541955
0.0795466282723263
0.208443241051871
0.0394101325579227
0.142625741635824
0.0907574583931215
0.139928154172057
0.163780844664809
0.126343828942361
0.145984772575697
0.0352328212920441
0.146094146553755
0.107566228851951
0.205203834659296
0.0918900621840039
0.172927443318615
0.209214795557897
0.263288303430199
0.232555238657845
0.240200642797413
0.228976457046284
0.132789638817104
0.347861355188036
0.066999420452939
0.0548671528005404
0.204178268795258
0.198704740015553
0.199198270546099
0.164236922124973
0.244991989857718
0.149703693747433
0.212403623133144
0.198400515451983
0.100338922861957
0.377201487011809
0.251046386500077
0.239904370123756
0.118789257714995
0.174574383771712
0.228969059670198
0.340209928050686
0.350837724259217
0.349556704130992
0.170208862727147
0.256973973271356
0.282498700447539
0.141087104088626
0.224155431694158
0.30196907711265
0.307140506848806
0.281520306857399
0.292944706266263
0.261560479371829
0.190489054746563
0.229766929500844
0.333411801444166
0.175892465147852
0.168357066969283
0.180323946827742
0.0818352743352347
0.230967245316912
0.223347399858565
0.268704767171237
0.303094764336368
0.368182336814585
0.244267547259856
0.384321631898649
0.28361177574435
0.295276479344694
0.341015488317332
0.0841673604037861
0.21144274586147
0.197155739572879
0.127338449613418
0.362698729501506
0.289938480910129
0.336816852311465
0.316395229809674
0.290834671544219
0.272400797927432
0.330659226587303
0.383677676697554
0.313163354806794
0.270408924402046
0.291727657793142
0.320763718660841
0.330551416719142
0.289130702368555
0.313643780695959
0.286168414821439
0.328975015274855
0.283667680127943
0.308963269496055
0.130575289107651
0.290713424613459
0.416570561011402
0.303396676304074
0.402049364431165
0.284492849692366
0.271796182529935
0.305663881104024
0.304372965031486
0.261350256659103
0.413496911576646
0.252825004865436
0.184303385190271
0.296737712106561
0.370658582868209
0.331835015278565
0.233385439616937
0.39792885277608
0.480335748461119
0.374672487393443
0.164771266071831
0.377219070973519
0.313636677437
0.493553683504411
0.341325591628403
0.338806158305102
0.333112344204425
0.510436518721022
0.318501098751392
0.404279709084505
0.439399891699919
0.421910008899606
0.400757212555181
0.472486487362851
0.47915103356334
0.410821782857359
0.337243883707269
0.349569182370468
0.448510543964285
0.416587108350234
0.468843651801887
0.461457433049021
0.36809994791582
0.488359478082957
0.398014546438755
0.345491697781041
0.417391702307055
0.374361891759379
0.453148689605358
0.415250662485801
0.346862219163022
0.537352349407106
0.494463726640555
0.364285599536361
0.45822061700608
0.281699593848089
0.530548514400643
0.343050732861265
0.531490869294233
0.399687143059039
0.324751110531152
0.460979893879325
0.523845054107964
0.498749779376697
0.376223812971744
0.474243580115664
0.28775915907704
0.350952999341576
0.498298659653659
0.687111722207542
0.32250867692442
0.501634239383175
0.486645845034122
0.501249437034806
0.68389649420043
0.425846045448061
0.542183754230019
0.587078550258435
0.474345667138741
0.491076893753546
0.464302013597214
0.652338730006855
0.577421321421857
0.493992399433896
0.621312458227275
0.405631260379634
0.608662102744612
0.510703792065891
0.586937905546642
0.524189120972779
0.443141756127546
0.532159797331776
0.443507843248888
0.439273187885045
0.651663946970652
0.480656350712069
0.538078623110104
0.571590969726014
0.521814214487839
0.556331125197029
0.468705925866256
0.679175747191445
0.541553652162489
0.450608573388236
0.688150357819144
0.482653825435104
0.56139048701714
0.609475457857333
0.621272717953459
0.446784600853801
0.565767640822597
0.578691573702677
0.580455763022495
0.526513084722643
0.415728803488179
0.598458689800719
0.60352810149965
0.617807422895213
0.493489867140286
0.710826873518133
0.560360277704874
0.562544431076763
0.622812426980523
0.660262385036052
0.55295175602311
0.532612447251585
0.621656996420559
0.610821205540168
0.669516677166843
0.526449078766113
0.543152735148424
0.777319198800444
0.649887210721507
0.586820287443162
0.666320506947066
0.532433234174244
0.57926634015454
0.549482915993581
0.676625585108062
0.635927677794266
0.52462237246419
0.637523214510954
0.482341105836422
0.421758784096144
0.640147011164888
0.761959602280432
0.639648940393003
0.681471669178433
0.594572112056628
0.764472634833573
0.489280303134694
0.762580304280558
0.606672330193607
0.747667986222118
0.504036181057406
0.531146996131872
0.514616565584233
0.535740038180193
0.762853589648419
0.702595666330084
0.725231505141347
0.519045786220487
0.689938664508197
0.764891942742444
0.656566918878774
0.529832669598965
0.685617107891071
0.776520557163651
0.561687893072187
0.630831044519845
0.656422826985337
0.59835035473801
0.692873970036756
0.765368384686112
0.545880308607205
0.657316026077319
0.675165762039532
0.643461879286051
0.738304596680151
0.800000959408454
0.629750949499643
0.731793422913133
0.632870472705719
0.583835784425112
0.698362274673654
0.858909194166048
0.669116899707866
0.815996423495207
0.740309184355155
0.813815538842462
0.678158630149078
0.652941278119669
0.63693479418327
0.775825219174926
0.640597282622186
0.846420272311045
0.72323878841123
0.70510343980903
0.807776547174682
0.816517623576472
0.871058267326148
0.864874587289302
0.796052781257806
0.721838124146196
0.743227775258283
0.874453300889548
0.874893318351181
0.731747064536211
0.772160233641596
0.757915691035235
0.839440929628733
0.811431331647633
0.813583927915611
0.635127469387419
0.857166686584004
0.863286982700249
0.617001172594708
0.602440317830323
0.824274480298839
0.743172408133401
0.844897852929959
0.740290645458354
0.742196392645055
0.927827795405652
0.695126694547009
0.824785125837211
0.733401109619767
0.859153793680259
0.760899261519159
0.875730160336398
0.996045906768818
0.7006886618057
0.812916620231684
0.759222320168865
0.921316169753276
0.744302286573126
0.872623557024535
0.952805927357664
0.753697052753716
0.95209631643958
0.802264674148096
0.808407218978833
0.853995509060812
0.898338857981366
0.756038563778298
0.717678913621625
0.816823953920112
0.866607601393171
0.914677692034413
0.620828687479121
0.745732917744246
0.795450952747477
0.846537074602391
0.849925636924432
0.92927732034573
0.822477586525539
0.733088806729806
0.761778954643469
0.963004998186113
0.891008412692553
0.773931008124213
0.895074296704456
0.834487581976622
0.943363291809196
0.828760385438525
0.936648372912222
0.909609094920784
0.933118916291033
0.812031614622558
0.887902197160303
0.90026773550015
0.840041947588453
0.904673569368614
0.940560697315304
0.902976286068293
0.651985540882599
0.867907307812456
0.779275531253629
0.954613160648428
0.864804899451815
0.810868924715106
0.880085118654578
0.817059442614491
0.917953230100857
0.901223693665019
0.89508660271686
0.902018119760746
0.871495815073295
1.02845425325257
0.840548918822733
1.01901321454194
0.951630645420784
0.833483324602061
0.828399128949998
0.916555980737656
0.990684880972714
1.02202715607229
0.930521143934688
0.779401715292248
0.879551182647639
0.920407193171017
1.01152815295382
0.841865968066998
0.923119853405626
0.960249632499113
0.883606782746246
0.910283574093318
1.00117225553245
0.99169315921982
0.994502394318796
0.869265501503979
1.02471838337516
1.09860254151504
0.900223560372725
0.954913955839258
0.988592319776071
1.04265360260304
0.943331582255333
0.975317283026741
1.0595065824409
1.05200261382257
0.904467164099315
0.966468592391697
0.968819712737542
1.03166026378851
0.829176453339241
1.04791556162074
1.0751886544492
0.983468269140752
1.09868842631057
