-1.00091515308188
-0.953204898414393
-0.927814504361291
-1.22623989150633
-1.05460393378772
-0.908706547412828
-0.757311384371389
-0.889404156749339
-0.985693998510816
-1.02297117730679
-0.922590131264549
-1.05934347928718
-1.02295660270143
-1.00569238710832
-0.894278541599603
-1.17329142271962
-0.948707072308151
-0.96000523990043
-0.989448442443698
-0.856448319436481
-0.895932765258706
-0.873804089667034
-1.09220736586539
-0.890480727274078
-0.997715354684833
-0.936350093924031
-0.892312593486653
-0.944921740369323
-0.980341692150086
-0.908715969493516
-0.91716295424772
-0.9052891812261
-1.07531048788606
-0.769380010229284
-0.956929804639323
-1.07887473121328
-0.912340277689397
-1.0310560950868
-0.886418734249529
-1.00253709373933
-0.805595034649036
-0.959765126960831
-0.935916355154968
-0.874643326844315
-0.737996627576736
-0.84848139224577
-0.995226564661431
-0.923885790335886
-0.754554099862436
-0.950897135224465
-0.848757562230679
-0.900683392892531
-0.811148002584187
-0.971275930916642
-0.781415006473413
-0.959170442346575
-0.986994620216364
-0.920978680235793
-0.838005943017881
-0.998831406712052
-0.891180209830369
-0.940727456116261
-0.948226486857417
-0.935198832103721
-0.89274601999096
-0.666311545745968
-0.83842440865913
-0.909953371005964
-0.929663306212108
-0.896873765153565
-0.938742258236764
-0.806643953258772
-1.00782736333637
-0.871222956428007
-0.90488750332426
-0.854448964890202
-0.80747484534327
-0.846565717012861
-0.86853507949144
-0.815534600761192
-0.842389702684208
-0.753236810632367
-1.02348911214259
-0.784908744613474
-0.736960419827778
-0.91986817193274
-0.770319237589341
-0.740612377294165
-0.835473218502981
-0.913271107910251
-0.857729725400687
-0.70242479200138
-0.908066577949064
-0.703756107177407
-0.7973770454063
-0.759438071208869
-0.778754765055558
-0.758249167718216
-0.787562624158891
-0.771894462950349
-0.795846272816321
-0.731065479835703
-0.967474085932322
-0.842990793246824
-0.728313885030601
-0.852638819482183
-0.813512369558244
-0.795655030878434
-0.844710889134044
-0.654540333493613
-0.784340949032928
-0.691579801172444
-0.723775845831429
-0.695063567362799
-0.917055761346924
-0.773927752104609
-0.86172521795443
-0.685690544387619
-0.720246785780598
-0.625064156344417
-0.777320714255419
-0.767201845249526
-0.66146742872286
-0.684552079619848
-0.638486048900695
-0.646102959852623
-0.796184211877012
-0.675648001580046
-0.807098680415553
-0.717679835679659
-0.697823482115029
-0.856459458581747
-0.712418320871458
-0.649404918744082
-0.512952019467684
-0.650538965411462
-0.629790255676731
-0.63860641153107
-0.658796091618926
-0.641816203501531
-0.684374115597447
-0.742283710658858
-0.813112139394519
-0.708650570617416
-0.798527546732539
-0.700439993222805
-0.637058966228373
-0.769389525584287
-0.534909647401457
-0.766562198622331
-0.676790490367124
-0.869584628748604
-0.680376674593748
-0.655865290936613
-0.773684996629873
-0.688940987766357
-0.721603844670901
-0.791862138219185
-0.609699027558328
-0.699008575791527
-0.682938379267357
-0.732918801076627
-0.718015150637726
-0.596798076479133
-0.582167818406122
-0.739108567092865
-0.487406063582646
-0.858081427307943
-0.7211617522137
-0.621411168463211
-0.695589799278507
-0.733587727652906
-0.681231982194457
-0.852950738338697
-0.67313761472096
-0.520506713372267
-0.729872056563437
-0.699720128809089
-0.715334619597629
-0.610267827620632
-0.544644562212528
-0.55292400954999
-0.687052209421444
-0.65896640364414
-0.620854023762241
-0.676250484308153
-0.540153437689679
-0.766197920940731
-0.60578826145698
-0.70701012172179
-0.607818525470653
-0.682911835452712
-0.628399621705147
-0.616019060588829
-0.614878327952236
-0.624330838434881
-0.636259599050461
-0.71366811494212
-0.792386399923352
-0.688200813087216
-0.582928786777742
-0.677105169045151
-0.559663196526377
-0.475286006520338
-0.518287792921258
-0.572654674988932
-0.66072384761288
-0.735912782141308
-0.552419850708739
-0.648680180770033
-0.542311961083741
-0.504804045235881
-0.459997709388587
-0.758026050771427
-0.655373157411408
-0.605034559834701
-0.343242601246658
-0.569004646841564
-0.540434799108302
-0.638708910053746
-0.627272221449081
-0.519565451305944
-0.52605517570994
-0.520180317921631
-0.552537614733702
-0.415887734253904
-0.669114132575739
-0.599720552222214
-0.567053608036371
-0.584131037443422
-0.61645566316894
-0.641725335868556
-0.425895118173013
-0.582844256829583
-0.518977144421183
-0.532897238280504
-0.447521906945852
-0.766558528083807
-0.471512994470266
-0.580217238066428
-0.545724536668451
-0.552275632085436
-0.449231409214573
-0.381943850688565
-0.581400852418768
-0.41107176837458
-0.548326271426883
-0.44913964271917
-0.613213222104846
-0.45151214036005
-0.42535634551837
-0.453914175693452
-0.445752239087989
-0.372027317068317
-0.550658052632689
-0.600958478490054
-0.415709661369235
-0.34578863592671
-0.498274295684252
-0.523729514893191
-0.485873581835604
-0.385628940674731
-0.613019911531452
-0.489985562234767
-0.517048548713865
-0.488722630018983
-0.263597054865027
-0.561362506125543
-0.392955996888861
-0.526512848058718
-0.40163629426754
-0.36893022484071
-0.326234614526744
-0.284869662084631
-0.654872329061127
-0.316778416285277
-0.469532453826698
-0.520523094928505
-0.313796341860866
-0.479924402140846
-0.513554053268366
-0.426775773412966
-0.512054756451693
-0.38532379556493
-0.477358549398901
-0.456552502527773
-0.148943604151327
-0.5242401440702
-0.412194458835768
-0.340868495035067
-0.429777425874466
-0.440505466757704
-0.470277456767364
-0.296380233768324
-0.38722566760239
-0.350929578219827
-0.455962376285745
-0.316210553365936
-0.313675633043087
-0.34005035767709
-0.440244099638971
-0.398439333798472
-0.356458862087318
-0.38592015834335
-0.337073602675878
-0.283145657655968
-0.464063267314976
-0.419343244028955
-0.373956610182987
-0.342587672197234
-0.398318922145503
-0.483885223447783
-0.419697454235299
-0.387805636815971
-0.429093141140963
-0.562144619011462
-0.457683775991657
-0.325703153335287
-0.352233714584519
-0.389275057041418
-0.345494043534856
-0.354630315201265
-0.477119081516362
-0.321913224370814
-0.197698884605294
-0.41159926010468
-0.397594161748375
-0.223393836590074
-0.259671914205485
-0.346715350830272
-0.50137170448087
-0.410917638778992
-0.238128885912355
-0.371825659564814
-0.340470287633226
-0.28824968991884
-0.359877898624957
-0.337835047782082
-0.380505178230509
-0.339355488890214
-0.274391328560766
-0.498663435269473
-0.167195245882966
-0.294586670852199
-0.147653132849384
-0.283836317931761
-0.239777183930646
-0.286719925534598
-0.278427595827024
-0.265229932075999
-0.337260137165771
-0.288118070363988
-0.285428477505492
-0.280532929965488
-0.442664763375714
-0.272490640458453
-0.346793213538082
-0.252677018821278
-0.432009517702952
-0.390881649510514
-0.277316633620402
-0.348400669854396
-0.341352072934477
-0.106394594955913
-0.30758220992875
-0.256347105959127
-0.179041436952384
-0.346268436310348
-0.400910188055416
-0.308590940808717
-0.115106269067233
-0.369171808524458
-0.210375865133142
-0.27606945006916
-0.275713066847606
-0.265411141816727
-0.120372983556436
-0.331293577516584
-0.277095977820929
-0.217897982099056
-0.212825868581814
-0.154223937525831
-0.343668811310265
-0.303040670766764
-0.253841110726408
-0.246587739680611
-0.328808079929132
-0.197138277890129
-0.280434153363119
-0.302162029457754
-0.368072800866515
-0.289022104991841
-0.199610489372919
-0.1577780967197
-0.249993356468697
-0.21506057360081
-0.312287220491626
-0.201381062389943
-0.0636400200781583
-0.107089462512793
-0.237829310657557
-0.25255386802268
-0.183952790447492
-0.245991198192116
-0.310614481242977
-0.14218001591523
-0.242014986282466
-0.181545811883038
-0.198116386088523
-0.20501168024465
-0.20804890556007
-0.153262282920219
-0.241147234793078
-0.233731879586525
0.0132062811801897
-0.213339992394539
-0.240061312736246
0.0116854238379355
-0.276087238303926
-0.176097408000049
-0.100823449056562
-0.186469497374569
-0.216362015724067
-0.0371209977260686
0.0804126237786821
-0.0950507875941271
-0.110799652013685
-0.0191719206236376
-0.302881983074209
-0.0650252658659302
-0.295307273380263
-0.132680676105413
-0.166221474581308
-0.0378566589778283
-0.079194547075598
-0.153258530198731
-0.184606778056642
-0.0924678655903604
-0.103407254194111
-0.108730009739465
-0.219824583649672
-0.0662976078724607
-0.0445117468704508
-0.220593367983759
-0.291350311408425
0.019888424798627
-0.150868661707488
0.00396406756679505
-0.0948256270312503
-0.105054070192949
-0.134047686041285
-0.102341946469024
-0.142515610747195
-0.135481132007379
-0.0881894925104577
-0.077865689966611
-0.00409287051981699
-0.0158690506745013
-0.0686219909346866
-0.115448886437924
0.00249020159206672
0.0281610327719107
-0.103699028978073
-0.0679653126937869
-0.038841108816772
-0.074446110044058
-0.0016579182816281
-0.0256489197721552
-0.0186275053900829
-0.0232712835207449
0.0189727112407972
-0.0953527597680369
-0.0987667447728623
0.037272152274767
-0.0605144119766414
-0.149712620192871
-0.0516206228629351
-0.16215773028222
-0.0358326276153754
0.108091956751213
-0.0755579902129854
-0.050859254459708
-0.0169854240749258
-0.0193427542576049
-0.125799101505617
-0.0676178405705953
0.225783124585846
0.12977975624412
-0.00870123244862481
-0.14102705694135
0.0307182001590096
0.0217800315685489
-0.0526265760973292
0.134981657338639
-0.0283237492853633
-0.0103047998720744
-0.0376172594910341
-0.036932410463217
-0.173711250732475
-0.00343313132748161
-0.0708265025176614
-0.0737784724427653
0.0813272870126811
0.0526890888499156
0.140611762516212
0.0893910218449789
-0.044048883829184
-0.0676999783573299
-0.0124949673420085
0.0370133581969258
0.0166522796344774
0.112806907973791
0.0484595266499068
-0.045551776520903
0.0347289321064435
0.0543124466054415
0.0568280269321681
-0.025528501181578
-0.0541475086810492
-0.0658232481813649
0.0160150858364225
0.0431419211583989
0.0247316759471014
0.0610136028959868
0.0694292564295461
-0.0833443848005035
0.257934865346188
-0.131389244647787
-0.045054108869979
-0.0115580600462716
0.107687482606371
0.0577019829160754
-0.0816862220957688
0.0666518496017594
0.138767105477368
0.0744143772677847
0.0834142659307137
0.037280998659581
0.0418072627223666
0.148073522490049
0.00571475061783131
0.190333634166619
0.249648979021921
0.0301681931917091
0.0469239320007965
0.0162754019727222
0.135398763411124
0.0384112539034798
0.0971355477030042
0.0526340321443766
0.00502401602278591
0.0826992938291297
0.0162276085647349
0.0751818288967114
0.0604615551000953
0.17141634611792
0.145461796208079
0.157693839547601
0.129126405166331
0.115598770048861
0.176760753256716
-0.0122771151806329
0.0766463214768
0.11300407962136
0.171108649983594
0.211033466516106
0.236001417007999
0.183004818356997
0.0955801934986242
0.1490659266198
0.124412404672889
0.0629813601448054
0.123102976157522
0.168186755714161
0.180592407210296
-0.0508473178055109
0.219130195500092
0.137845639952951
0.138833395985992
0.22171824741178
0.321097013579934
0.13997268983553
0.156186486005148
0.0901271343143765
0.123098258691721
-0.000596096187062984
0.30127879213883
0.393593996688881
0.108420184294493
0.233653925769353
0.0705126533240535
0.097531582886371
0.144050720703528
0.321958154349889
0.302716181111141
0.411189583308458
0.0640895970335976
0.253354717606304
0.248661411059087
0.107651252766473
0.125870527878884
0.220283612733134
0.243380913762473
0.177251055564201
0.123703661498417
0.227765407381725
0.337076266704199
0.293466658084519
0.220588931442195
0.232019354945239
0.202864042088511
0.204625169847129
0.122718535576285
0.342462533475318
0.282178722912479
0.300616932215162
0.383743121840277
0.255730294536386
0.123090567318688
0.251087361750805
0.210688002499803
0.276676891658091
0.300587790277004
0.421279306429656
0.1701345379089
0.32055628771158
0.180736915842005
0.158571726773272
0.217448715661647
0.205960827282343
0.294111698427821
0.251953750951663
0.30548183984109
0.468586493765639
0.35207520740642
0.313650081161163
0.234082971796081
0.359275786385358
0.30673775035785
0.278633150372501
0.185590965642995
0.357257846765491
0.27713954719797
0.324662425525632
0.312975796005415
0.146901194272854
0.24512391520223
0.353535655960607
0.459050518792008
0.292305118092782
0.37573303374738
0.241121670181388
0.320577940545022
0.196365783317105
0.269013211366394
0.321425184752917
0.30289209716499
0.264310314990475
0.376999129375582
0.43516611550323
0.332607288192024
0.300305218146835
0.438511541300986
0.381964858948566
0.353607973227088
0.391192398121866
0.334002473887624
0.249973964767921
0.17805733306978
0.407954433272187
0.486323804182836
0.33788916657282
0.394774053849432
0.486324847441045
0.347347628861565
0.347295703909592
0.350187361668493
0.312958661332328
0.283899634547814
0.490224658235573
0.350309868510356
0.564956984966068
0.405968315946822
0.293289352338721
0.265336346690013
0.34618854829682
0.45619362489196
0.324585487461053
0.401755014753112
0.342046145319381
0.29274050923063
0.525471450903243
0.482855927541181
0.496419050486953
0.357325566599822
0.441473633334446
0.385655797269156
0.604708326032159
0.384759607475485
0.40081026330025
0.398416514782864
0.450079974578585
0.49559531688
0.400706767770993
0.360059928176027
0.465067292497671
0.283096899961588
0.35453044396055
0.452216379920779
0.436207692160462
0.362889991514777
0.498703092665582
0.44071844967209
0.407361585511287
0.289184262084247
0.366068843501877
0.365796625886166
0.339976970926669
0.473390764842772
0.45155893448568
0.471077104611828
0.327023396884448
0.305205079112521
0.374611511684374
0.486408669156388
0.586562080022593
0.4697920715655
0.550000582126992
0.480357842133167
0.492321882330735
0.467029554320006
0.388616827858086
0.544254155110896
0.420417951261163
0.545487196422495
0.491976165171611
0.514791827209949
0.588201098822919
0.580992796162843
0.492700658005135
0.491967386884016
0.39889461049266
0.386599128078593
0.52595681781816
0.535498725682149
0.540796094880969
0.519992686572718
0.547502202695707
0.540469625197124
0.476140953290302
0.549040930952439
0.463278812392615
0.390051983069047
0.455155751575862
0.520552511186995
0.653014267340446
0.507730478901833
0.450394841557795
0.544198211557954
0.649115345077543
0.517012268422447
0.424560321104995
0.394239015571205
0.51285763096419
0.58812370846713
0.562169693631263
0.496225021762421
0.470494163491515
0.443118469433105
0.422147245285131
0.358706645489834
0.528462994029844
0.47000224911123
0.720033270711167
0.598022230868182
0.601332033011783
0.633204382150994
0.539068839072889
0.578790639604146
0.48072687944533
0.504465631111494
0.558726884800283
0.405466940210094
0.763969534816922
0.624997337526363
0.566195562493887
0.616678889279775
0.803404502064935
0.571825761727015
0.588298808329551
0.754651831167184
0.740489087361796
0.69822100579019
0.504378339198737
0.607513898136045
0.583828592714959
0.54437871677598
0.687922782378754
0.618788815279026
0.565025621546635
0.682408901191031
0.552746145027092
0.803372724579812
0.565104082271543
0.588387664120506
0.694368963898233
0.625244978441513
0.704982817670147
0.465879035932068
0.680953181980666
0.610956776419516
0.756201352653433
0.605758463284293
0.540592955855938
0.550644951424275
0.606039656676557
0.748783564681614
0.675169534383003
0.632926198796975
0.762033817190073
0.714497436513638
0.460537668216893
0.620214634644371
0.727516594916094
0.72170841539951
0.532079821980372
0.575465895575224
0.601025529963776
0.544201533826055
0.643929979655246
0.721881092468828
0.667021011814323
0.561415269107398
0.536404498023044
0.598665705769145
0.745759494233869
0.694644251635073
0.702169840873113
0.670929473432042
0.693906233579181
0.592060791458037
0.646926808457163
0.784043622364402
0.821150213208344
0.556862732723517
0.72033793236194
0.697286034549246
0.751741159392379
0.670445513859596
0.651553811602877
0.704914109883944
0.652842935774226
0.783944428657906
0.564944711340856
0.776736143088477
0.605674485438922
0.711231415156013
0.632064012317967
0.692288127644517
0.659580210722709
0.549532927156774
0.518945440583317
0.827356979439582
0.615349117039735
0.708375949799312
0.890098282074672
0.810017135982851
0.818836174551681
0.705426519470426
0.760067258620259
0.72222599881244
0.721695004984149
0.736212382015581
0.803341785445122
0.755984782022885
0.76009983201479
0.805614831470191
0.727371892755496
0.753882409302341
0.783037434288402
0.869006804271906
0.907922516390254
0.869462487970742
0.78594401940071
0.815180891266827
0.776543554304601
0.651396202079446
0.731144419293035
0.905499809685956
1.00739223272865
0.595312808186746
0.74699813152666
0.77012945874232
0.792115330064904
0.738054519251664
0.84933638385811
0.911385860951203
0.588373496545328
0.837884756400807
0.869204346420305
0.819372120416875
0.752889741410024
0.837634766131666
0.65913935421551
0.718152557030213
0.849881723712924
0.812030566590479
0.926415169555962
0.9479381795428
0.836988578904804
0.734000297868677
0.935594335134985
0.754041914710987
0.74317241412839
0.978618743859444
0.691556744644626
0.760989414033565
0.795798747342239
0.649091026763486
0.822877069799038
0.843618840391333
0.951361652533844
0.79116565620243
0.751893644175754
0.882745802729107
0.947894181140416
0.874622385718591
0.67056538946532
0.949763234643096
0.868858928882525
0.814249652709652
0.832900884783988
0.760673963913152
0.750664736555643
0.869038764656745
0.948017197799064
0.669160057567818
0.759879827750937
0.923720509064758
0.83418041174235
0.911378433885932
0.988916996160634
0.746138113140877
0.993487822572236
0.906128713755891
0.90983193637387
0.976725050691848
0.866915124454604
0.79220240803096
0.989126203475356
0.853316276849698
1.10004266541449
0.769560486340019
0.997406045741425
0.702910198881658
0.861833720690692
1.02927766276422
0.863170358633967
0.835436556404248
0.858012741822492
0.820640120035695
0.93728186333522
0.781812019027727
1.00345372244568
0.979365062722113
0.944509077581104
0.915024940469804
0.872499670998065
1.0486625080375
1.04724309183101
1.06482598313474
0.849703330728279
1.05050901436724
0.843911434138124
0.973047279437227
0.733931689857234
1.12808933665012
0.997100958398895
1.00889900646951
0.972452020439342
1.01464268248443
0.928290812478679
0.908368643538082
0.960549561784949
1.00811413468522
0.921184970770177
1.0275782023666
0.973233881308253
1.17892295494608
0.871028933871644
1.02434436375544
0.931497232140481
0.956224211257728
0.892325514458208
1.1137775182207
0.922338831888126
1.09218981868384
1.15088782267808
0.921176859664658
1.00857893726049
