-1.057583231556
-0.977127880190162
-0.996928685630528
-0.92933081150953
-0.891333816058727
-1.10515617825104
-1.07172358806317
-1.13601498034813
-1.11181449345376
-1.0839801366842
-0.957668145018793
-1.03350783593476
-0.956413435531539
-0.968911473784466
-1.044154121204
-1.00892319909715
-1.06368711424533
-0.957742813582073
-0.830824640572501
-1.06120169212296
-0.859183029261835
-0.944439724179964
-0.98085901737437
-0.892639266282813
-0.894191630771075
-0.88683514421568
-0.924837480873042
-0.855872388387952
-0.977210702700035
-0.837623522636756
-0.959239396277013
-0.775851647654721
-0.987713341655072
-0.705795226362451
-1.00295690930891
-1.01335645767526
-0.907180816776751
-0.891439566289565
-0.742107755132273
-0.824899085065438
-0.852582879208928
-1.0433021383584
-1.0032565271927
-0.707230525751719
-0.80622010197982
-1.08614508120841
-0.907384212478947
-0.780521390957107
-0.757412509808869
-0.938805473087606
-0.942586398655606
-0.970502713921394
-0.963137872381348
-0.903974764118765
-0.996251771153092
-0.976806115743834
-0.855282466673846
-1.01731497166802
-0.84473447048523
-0.907622917512762
-0.917883393132573
-0.793307784366802
-0.946037987352535
-0.88755412584126
-0.88735510968517
-0.780399072326992
-0.92747214419938
-0.878066823439372
-0.85014878461221
-0.877545861582477
-0.967976421197517
-0.850182696197608
-0.798838870432423
-0.778846646108673
-0.694886200716624
-0.774152566304104
-0.788309372863224
-0.826210978874919
-1.00469791471764
-0.878255912734304
-0.814758524014235
-0.889315228416653
-0.756421665507993
-0.756892059045151
-0.862305120372504
-0.968681341508458
-0.731640547975451
-0.988565240241851
-0.794117375406964
-0.801250281927178
-0.960698759196519
-0.904024688814317
-0.781461364571625
-0.888701426041739
-0.915637325338792
-0.819087147125674
-0.768463086961765
-0.889335054989401
-0.687581138539481
-0.786730220363549
-0.785948111546486
-0.730026913142854
-0.802741473097252
-0.909281926240849
-0.915300683477424
-0.782570169429133
-0.895962981515352
-0.768159928603367
-0.791702136688408
-0.915642502455545
-0.68142706440559
-0.740550457146874
-0.800903552731285
-0.792654176202615
-0.776568515603868
-0.753166282323865
-0.71210660073029
-0.805223391921248
-0.708757107135897
-0.811114955196134
-0.838708389754664
-0.886990713831573
-0.654422216772737
-0.740225830163787
-0.679460388297814
-0.688037487986665
-0.838427687993809
-0.899543304588871
-0.787754618762222
-0.725311058887281
-0.84362882535549
-0.68002633022156
-0.648003557651469
-0.796640529119994
-0.699960219766202
-0.687048689500988
-0.847139040520964
-0.837322789457024
-0.707976019507164
-0.668596594106807
-0.76595231637492
-0.768198248146534
-0.733583238726262
-0.777512696360007
-0.749320147998613
-0.892592037317882
-0.683968557536345
-0.769633502720785
-0.731920706221029
-0.70642891864397
-0.747730290517297
-0.718437190036856
-0.555218968053851
-0.623908911955581
-0.554210088420714
-0.604781028633263
-0.580338868833347
-0.66394966999016
-0.745869048278943
-0.70232532735932
-0.710604731879949
-0.836233460378774
-0.707472506792858
-0.578997267102915
-0.608777630560064
-0.647821225099443
-0.557424850505876
-0.872774269331008
-0.623807041055612
-0.647656075753887
-0.720632972737408
-0.75631822285088
-0.691946531135529
-0.762177195401166
-0.55878640133203
-0.580613726694642
-0.601953860722956
-0.773235007413653
-0.647739358355379
-0.496731580004254
-0.467018039995697
-0.686690908590994
-0.74622187596484
-0.516413344953163
-0.644104133857208
-0.589180030793001
-0.755270767565269
-0.650606320784021
-0.712607536172935
-0.623566237191011
-0.675870915300994
-0.586043366779569
-0.476547567539742
-0.773068631110093
-0.68042418125468
-0.582509409469507
-0.699165463082144
-0.700360126741123
-0.583156054508442
-0.712197796684623
-0.631667702674134
-0.668979477783184
-0.507760340573994
-0.643044313161881
-0.651156454751227
-0.63066443836784
-0.452807767150323
-0.615636014128306
-0.682344569808276
-0.653605206844406
-0.619707809065091
-0.560740637193864
-0.553532141643208
-0.531079618370196
-0.627589122525647
-0.635769561859336
-0.593394483114019
-0.512897937036151
-0.442126040127393
-0.594642717780526
-0.625138545120777
-0.704117990136837
-0.390911524062052
-0.486634794830357
-0.511092468859514
-0.590360580734091
-0.535894684562207
-0.566730250220519
-0.402307812150313
-0.68851002459644
-0.631948728848416
-0.537268927663698
-0.439711801140794
-0.419263025954693
-0.439100293181609
-0.676721348494356
-0.297366136794509
-0.517691258857921
-0.521654987923354
-0.479080614492373
-0.545338465267657
-0.543116710100147
-0.406841734873631
-0.484476929448217
-0.508089295099455
-0.484578301670357
-0.543734923659435
-0.435428902648551
-0.380883244117768
-0.619023021510879
-0.567460182274817
-0.566278917248869
-0.522130000176136
-0.569397106794215
-0.465911040138118
-0.363917497517686
-0.556515988795977
-0.451397684589303
-0.568961484648175
-0.587889496126839
-0.279254845978637
-0.419201068916961
-0.431626871823232
-0.627459090801944
-0.461638326801159
-0.338054716608315
-0.435704644220923
-0.390097003686007
-0.490785652266875
-0.437567972632744
-0.531063651807695
-0.391767101954022
-0.516596339825378
-0.501294068161668
-0.432250291140896
-0.38938606063637
-0.523207136049445
-0.387680442334733
-0.488073006520163
-0.449634045945392
-0.416586275200759
-0.46058667664175
-0.578529761097392
-0.475342793286787
-0.227130862735071
-0.354641960743868
-0.414762764233631
-0.375778583797404
-0.51476794142254
-0.326592826131906
-0.544635626972738
-0.393136600413366
-0.390248730684035
-0.158568468666178
-0.422214180708034
-0.399243774744376
-0.366544604412938
-0.53292327912381
-0.442679125256849
-0.485612439551342
-0.322388438093659
-0.507497196162761
-0.500099564261303
-0.381356552222296
-0.469330193951526
-0.360196176018316
-0.417618987390684
-0.325758664888481
-0.500721364727952
-0.392631208639212
-0.491223874958353
-0.354586203667773
-0.364713461928393
-0.235922262786638
-0.436590263180671
-0.23847365643609
-0.554337141262791
-0.152059336969443
-0.300909870998077
-0.35195867980508
-0.351141957756541
-0.28087932918672
-0.272106602754001
-0.497801225524088
-0.277006803021322
-0.364179387592159
-0.279256666428708
-0.468163728105585
-0.240522506288518
-0.473552961290536
-0.329753384831872
-0.40109010328073
-0.318644969857426
-0.502817296585176
-0.223752655022168
-0.297753139306471
-0.163658484271962
-0.344940230137524
-0.231349954640091
-0.336907519186748
-0.284605094960595
-0.246233284627632
-0.321169334706038
-0.358511710075494
-0.225296121246506
-0.149283858726495
-0.3190755179837
-0.358831428795957
-0.363615191441352
-0.347627150394822
-0.193986547437527
-0.203249944343059
-0.226896261167373
-0.327154511197555
-0.161719286723758
-0.313149708311044
-0.244293712508695
-0.264118017965564
-0.290358119371745
-0.26828463624785
-0.230243208506714
-0.380960128536925
-0.232195983316059
-0.369867960947725
-0.309097956274482
-0.257834805197118
-0.318298163727331
-0.17852535868364
-0.313190682190798
-0.316900128322741
-0.190348461868672
-0.12179270261049
-0.381664766519082
-0.222178203283912
-0.273280544296551
-0.247096972251616
-0.268824264876479
-0.250997702120734
-0.295314674753634
-0.286379669673201
-0.140754612632873
-0.206761713089529
-0.385599285105528
-0.173020428367138
-0.21622510635103
-0.154909833088105
-0.188850180133261
-0.292669581256808
-0.163166686834159
-0.311510381717694
-0.177270930007622
-0.202175524964494
-0.345843699170782
-0.261172768834624
-0.26188249248874
-0.116382041534124
-0.264033203692426
-0.248050958411428
-0.32397160952961
-0.120582833270874
-0.0857938663873188
-0.0209383220741345
-0.171252598731125
-0.143358350721942
-0.303022884767664
-0.296356501029456
-0.146093069514363
-0.115852084298277
-0.102758388538749
-0.207665270630373
-0.185871130996797
-0.0779214859384896
-0.120484042503046
-0.282262868546936
-0.156815582895553
-0.24534361057284
-0.128898672532028
-0.00505078316432228
-0.087447008967619
-0.13686359129468
-0.102288225561723
-0.110211426132919
-0.0820078889577888
-0.148028135287028
-0.114070132550205
-0.159843745711181
-0.0337514577739299
-0.122781184345191
-0.0990867034214422
-0.264236379004608
-0.0410560481913391
-0.170519743989908
-0.133008821533505
-0.180078120921263
-0.115119711652169
-0.190489940066604
-0.305045655256377
-0.0982838345647
-0.0403141456731274
-0.217051959384372
-0.206903879427614
-0.206380055540152
-0.109122743161751
-0.0478763591378652
-0.23592943790533
0.0238524527811359
-0.0657037289528001
-6.4219284543143e-05
-0.269220437697251
-0.0801023307241377
-0.204789596825132
-0.0941651104348329
-0.219278060103298
-0.126881351705452
-0.0152726182785986
-0.109138964331959
-0.219860305942554
-0.0767022989688013
-0.0173009525488888
-0.0185678755041191
-0.142851480429229
-0.172866059775539
-0.0198912646094316
-0.156244883628863
-0.141151664556575
-0.11335388162765
0.0335699582643434
-0.0784025677369203
-0.085557352678031
-0.128262208764073
-0.053585462884258
-0.202452683985846
0.0290935593363337
0.00696265855267073
0.0371695535052355
-0.0810866204208261
-0.187480607701431
-0.0178866682967125
0.0215917801025948
-0.0852708720137488
-0.16130254512754
0.194562630929886
-0.0822972028904151
0.00683995350769688
-0.144589916040886
-0.0433204971440221
0.0615718156939797
0.0286694471026304
-0.0455472402802272
-0.0658561180888155
-0.00334938119863375
0.0376164836671038
0.0467647377395442
0.0281496532992496
-0.0973411867263442
-0.0262073543620108
-0.00257937759733398
0.0778637239695553
-0.0503692472228699
0.0269300138409871
0.0336469175596047
-0.0713927546311519
0.106829806259047
-0.0503897566598845
0.136416781936021
0.117529639842421
-0.0313119598170458
0.0488929813906492
0.129898236168577
0.0673459601293481
-0.0124619974081459
0.024394006184103
0.0536414267347557
0.102633321579523
-0.0934357219833509
-0.0220720915380997
0.0630647762996285
0.100011200422072
0.00903749464176536
0.0789717225103255
0.0492085720573496
0.135785528533833
-0.0649452545484428
0.105651515501683
0.00927773955767028
0.135947918384611
0.1560404614294
0.0461930029101068
0.0375870653339328
-0.0842464013102164
0.147031562970894
0.0398240644187384
0.161406693425559
0.0961087471235874
0.098690758864153
0.0597548917820659
-0.0176038182064326
0.161966375104003
0.173848467735393
0.131368447348703
0.115113725656906
0.0919214712047504
0.25370657780973
-0.00553108217520981
0.151006526417422
0.179582347507002
0.112113426106026
0.254169794435517
0.058330377122876
0.250091828294724
0.114948637498097
0.0127755632715046
0.201354823810344
0.096830395297588
0.153564265653777
0.337805336891608
0.0551640837598746
0.112738683533831
0.284502237111789
0.0229690865137037
-0.0191757974848796
0.0962848919244089
-0.0537020643345885
0.235448603877429
0.210321679434383
0.13581004099315
0.0203064397704592
0.236651665937769
0.184372753512976
0.108100838833645
0.180074444525694
0.175846750010666
-0.0502719860118311
0.165270683743081
-0.100250670415947
0.074215279577786
0.223518699021053
0.2160245697612
0.239434237958652
0.337121255646499
0.179221585976998
0.326284710387442
0.197514581440211
0.19229910578394
0.173619434514729
0.18821350734148
0.0983146823526364
0.116380337986766
0.167980447154668
0.213941732197844
0.205785665044038
0.272442560287115
0.192714021911747
0.199549812099204
0.234892190779554
0.120860669274098
0.269257720662276
0.249183063625082
0.279093736262504
0.258195557635881
0.194547812346169
0.346282174708748
0.15253682134964
0.367067559944377
0.328072946770149
0.0869949134979407
0.189910042462017
0.41864817408971
0.216941682892932
0.371348194977302
0.0952064052604601
0.189663627678417
0.355608835157406
0.242874113554827
0.209147955385953
0.318430988258783
0.226989581713888
0.22796533879656
0.313151011354623
0.216454164665049
0.190243815100837
0.295556775435072
0.396411247140934
0.333022048045224
0.20832190075418
0.197706734757763
0.285239175029035
0.282412626976644
0.336347929691031
0.215982313127215
0.311482176621691
0.220581534351966
0.203131779391965
0.186079774403564
0.314575198504407
0.330017316090158
0.330045805035561
0.248266477811934
0.119507316810472
0.286693510316657
0.383862471974282
0.210328700595447
0.434483889669273
0.299519505393408
0.35748856183615
0.24682614396135
0.288606351998681
0.277246096768475
0.276399416637842
0.323183922317344
0.150536853427688
0.228188045418076
0.533612768526245
0.37755200520212
0.300720890303388
0.41719223503543
0.270748937444149
0.349071351882573
0.173615261717497
0.265045535616064
0.443956794781471
0.332529402488995
0.188315420569011
0.359885651615576
0.199050988142091
0.302560249124317
0.343312721641361
0.326252918715346
0.301073422930694
0.317165772910312
0.263667203630011
0.251712093869641
0.284036564063178
0.307670451560291
0.375952732922996
0.332802101211255
0.352068130605614
0.181393641670593
0.359272099656986
0.325298272298503
0.425009848449179
0.357788433840527
0.317013917841248
0.362299251998088
0.343600121876625
0.298392561706578
0.397752086481534
0.476792833526971
0.433612631685019
0.516602042583603
0.35291211270404
0.277394776517909
0.629554199663507
0.324015763720371
0.328665841757383
0.505084294846051
0.417906168537525
0.344098401203303
0.367267233014325
0.417954692666805
0.473061217480259
0.393274103768171
0.384759696488737
0.315587011753921
0.226341757136192
0.414565830037228
0.420918979794855
0.346024381632844
0.566035172336803
0.395337186247517
0.455466114686249
0.478643362488379
0.447423527911232
0.505519918638197
0.389870800940176
0.478058076306564
0.35131150552785
0.359991480684705
0.37305563767078
0.408336718432328
0.349468720079771
0.444835093457747
0.45232185429572
0.460300330194067
0.447569822088208
0.333892275248717
0.240582163709041
0.597795068422805
0.453742279092128
0.571668991929826
0.470539039548661
0.490688883639821
0.484787332869706
0.439562905465777
0.468221927420736
0.453673160877949
0.395147218230358
0.436964252410539
0.486716014242332
0.421580039722164
0.475554199609842
0.454716963212722
0.494591551333033
0.597459060716045
0.488243663253741
0.499231714311813
0.549861897524524
0.448540160951544
0.612246500430648
0.348324932902783
0.431209831123048
0.671844448693592
0.546896154262556
0.496480599725504
0.446922108896113
0.604467744964157
0.513300149354709
0.456644997868172
0.490954007250171
0.559036626016275
0.609943636210211
0.530537317909671
0.424365167284236
0.548001516186049
0.504039054418297
0.492315919313205
0.767727552191703
0.425678493283556
0.581675719759551
0.607926240397603
0.525558301282882
0.582756575522149
0.620654283802475
0.632430901768335
0.618101549216864
0.705596487596662
0.543588389137067
0.575426773446219
0.600451748080715
0.462267750002246
0.500159337513056
0.595456093529469
0.716694170064079
0.531527958353433
0.614957359835987
0.617479404439013
0.443707737966899
0.575850007965067
0.506521173045966
0.622187388113917
0.620876225737948
0.544726629851097
0.492069904038934
0.671077394443948
0.671902522717239
0.61022401497381
0.673108165110608
0.744691330054298
0.612384370539103
0.584389007367308
0.687008959297194
0.68816898716106
0.617965751010641
0.612196786297254
0.612624219824126
0.562073107510872
0.564965970079985
0.639807078315573
0.556703908208993
0.641045237639331
0.544650423937883
0.539123068644026
0.705397250864462
0.58343493506061
0.558736512436275
0.779903007608817
0.423688372004881
0.577810044136812
0.657983363810908
0.714155652046692
0.607783323248027
0.665379508248313
0.648595631726661
0.582435575702696
0.706540229618186
0.635003641035856
0.775630330795409
0.627125443136331
0.589587885292583
0.727016451253296
0.713066772261851
0.613206345074796
0.74845656772135
0.746579852591442
0.532903019937291
0.813074058134328
0.650882282706681
0.744541894776778
0.756182826994391
0.612254651143583
0.798581077881509
0.775145864619364
0.661625041221899
0.777409788638139
0.661821901545777
0.521743704681497
0.684462207660255
0.605678533829465
0.793508862984737
0.729612568418537
0.578262851975347
0.635720908632511
0.612273380533171
0.818377724255767
0.801571395763521
0.710175994979911
0.597583476863863
0.671427188017219
0.588617187331282
0.687631334933926
0.63316661187525
0.618610217976113
0.740714169572114
0.76585393886845
0.762239011894046
0.612851932160856
0.564684090283268
0.852222258140145
0.693389945146227
0.757024270471368
0.732587762354713
0.698921363662987
0.759549409305163
0.589144418490082
0.728746271033972
0.916063651477925
0.887078269093786
0.700177254869347
0.899604370319883
0.81435435936537
0.688313273722521
0.732499590563176
0.871027698132304
0.810978594329409
0.808310461295915
0.687658078458949
0.708200552435474
0.788469876200644
0.672682810868719
0.883800347577015
0.8340348260844
0.608200858035756
0.658591539326915
0.72837340879757
0.876717215800946
0.761394218417304
0.825552939243552
0.845355194241733
0.788886804340688
0.609311094936629
0.854776791272383
0.807208737765073
0.710090920790077
0.803570775952891
0.759478538523865
0.933438545756648
0.783828791215422
0.909541094682804
0.746059647310726
0.677321447111517
0.759923096785523
0.794665625462939
0.766600829929183
0.79138242864717
0.740354382835113
0.75938602204143
0.930309262753022
0.911241221034976
0.927910932160889
0.790537127268733
0.924491895992119
0.886030890972179
0.857405283489135
0.963153959134921
0.751870854530647
0.969124590903992
0.878850120545658
0.763019890462077
0.888485312029502
0.806701000369018
0.794113612221745
0.866296414342537
0.93006008487919
0.896246369136073
0.881823751787158
0.953761299198482
0.796678105542965
0.873155328990966
0.783506572962444
1.06110935684834
0.828086563533496
0.825713926504463
0.941416394072004
1.03785999249017
0.797206207454326
0.912655550215044
0.739025353981907
0.965364906775696
0.882801691796288
0.983210519210693
0.846531661588914
0.835628620847555
1.05098977543161
0.895493866383919
0.933308729083607
0.674738160098522
0.92096736018761
0.900015858589676
0.906031358489171
1.05955807426462
1.05418309718755
0.821162740439179
0.908122337251379
0.930713412823299
0.925510187433135
1.05312232669089
0.979584144430741
1.07039067564764
0.970595593663139
0.945203649776267
0.812474868851572
1.00520623389552
0.930217224027819
0.903955879931004
0.999525428590075
0.96457473682394
0.839886201636621
0.970448827669871
0.866446286808176
0.847151830046058
1.14173776951998
0.851153831180905
0.886797170671061
1.01308696110725
0.966863831221216
0.865789278903372
0.883255510450303
1.00679400483775
0.995463384313511
0.855779928412252
0.94962183153406
0.876824040082625
0.926008663095187
1.02890264148513
0.936943101385518
0.864267006443974
0.926390671393097
0.924261738399222
0.994533400455098
1.04678060612886
