-0.997942467353243
-0.953750186166892
-0.922203705377752
-1.19781602483509
-1.0544667726729
-0.90339616815026
-0.745960887271913
-0.863076799101015
-0.984659988433883
-1.02871087419114
-0.910923366210515
-1.04852369965388
-1.03389150195111
-0.994375170910165
-0.87494180161321
-1.18392423763386
-0.943147964614153
-0.965355033743576
-1.00875899970601
-0.870408407007236
-0.883211179312731
-0.861318264391459
-1.09504949667498
-0.896802045640629
-1.00938833119147
-0.958084688374315
-0.892617957005302
-0.924357568435095
-0.983341109153674
-0.906018708362844
-0.911280343336084
-0.8998948985641
-1.095566738194
-0.768569190847216
-0.958504963012136
-1.07826318672818
-0.931553951890606
-1.05873039073664
-0.887981556497882
-0.977736737141656
-0.819692134186426
-0.939158059136003
-0.928750001433339
-0.878701520233751
-0.740204780626016
-0.865476178619027
-1.0038629226739
-0.905511383843895
-0.74167799323282
-0.92558506328804
-0.865578783562238
-0.887217358697366
-0.789234589991174
-0.97330918999539
-0.773730654751275
-0.947199929694784
-0.980051204341852
-0.917054737318563
-0.840832793861485
-0.97474513306395
-0.888870519223986
-0.952444838254999
-0.968041036369193
-0.947856017239673
-0.891955091174807
-0.653448776170533
-0.844008495684113
-0.892416047580632
-0.936832895572899
-0.876363889338734
-0.933193797818041
-0.817194907926314
-1.005404059189
-0.853306967792838
-0.903709628142318
-0.867429726174711
-0.789281239078644
-0.860347471253464
-0.889327541610228
-0.824247289709183
-0.818274779122859
-0.757105064947951
-1.00905237938992
-0.7790523511267
-0.737686221646107
-0.893061219270282
-0.794383620301419
-0.728012198489745
-0.843639752552783
-0.900367053045372
-0.851883884139986
-0.710768601961114
-0.907181728431476
-0.712592360934304
-0.822508318525527
-0.730757235784416
-0.778232993772885
-0.778323102774436
-0.781744382480748
-0.763360611466103
-0.804015167563122
-0.744796104542234
-0.951843271520648
-0.872541270848714
-0.747282074491173
-0.82262495781413
-0.788741042774826
-0.797136845417557
-0.840756149008717
-0.668271458986563
-0.775806934156126
-0.69686333542458
-0.700169399314467
-0.698803566344863
-0.91912668263002
-0.771795975900215
-0.873438577964533
-0.68055773556326
-0.733972569534578
-0.607800874397635
-0.785084650110994
-0.743795934427972
-0.682172996958929
-0.708584249192976
-0.633696428399339
-0.622300529324938
-0.784596201397437
-0.692550571485541
-0.821113961794126
-0.717359166738667
-0.68927995967448
-0.858064239498906
-0.705610292918322
-0.637783968593168
-0.52414470090515
-0.664254290253046
-0.622030479035386
-0.637236827761539
-0.666003781982739
-0.660286090907082
-0.691574689517283
-0.738391254715107
-0.831314218520191
-0.708153652364789
-0.801184838621916
-0.719881240966658
-0.632218105129309
-0.760803427908917
-0.535040753193038
-0.756471455623655
-0.6833939473941
-0.858384611986531
-0.704103212005778
-0.662370750389845
-0.789775387565019
-0.683887386748887
-0.705987027305086
-0.797166172667987
-0.602238474331162
-0.698073464298946
-0.660692129032621
-0.715580697271709
-0.701776758933998
-0.602234981511078
-0.577139719524853
-0.757797727037607
-0.491616768195839
-0.86087267060077
-0.729686400937159
-0.635447964832978
-0.715585569781489
-0.727779449543671
-0.664310634238074
-0.871642612914219
-0.651507252935923
-0.513091822323095
-0.720519585731171
-0.711847365759938
-0.709685330043011
-0.629977815823568
-0.521030013841009
-0.548164577575981
-0.691822568271671
-0.659452105966554
-0.621904901063239
-0.696015390835685
-0.558750940744082
-0.739283344799494
-0.606267566527255
-0.703630401326522
-0.60747559075288
-0.660296959743944
-0.623540958054173
-0.596729619129268
-0.601605623881302
-0.628920927261308
-0.599843389251579
-0.705951861795097
-0.78248151637517
-0.695069439168035
-0.569806198152664
-0.692548524561252
-0.566376932595957
-0.456534490767023
-0.497928591544774
-0.578980274104531
-0.650935636083452
-0.742236308807429
-0.562597286099745
-0.637093222772173
-0.542741100273336
-0.502773090395067
-0.436641297542888
-0.777249361702901
-0.669145361123649
-0.607046338615355
-0.352443760240124
-0.567092114537425
-0.564484233237835
-0.65810264527374
-0.637195964986713
-0.523355477464026
-0.530441543368931
-0.492928948571534
-0.568287519741517
-0.417467378181789
-0.650681848271839
-0.592241950301945
-0.570396080386148
-0.596968393892359
-0.616491259307909
-0.627248008707511
-0.444325916002423
-0.578439715922402
-0.539653553810073
-0.543815416623271
-0.453175955497981
-0.755285770357774
-0.486969459373971
-0.570051961989144
-0.553022934421581
-0.563608280220415
-0.429554759022208
-0.377396958702186
-0.592062864320537
-0.384048521919784
-0.561053379173897
-0.451170679691094
-0.589007569079556
-0.455964145190052
-0.413676725203641
-0.443125197588289
-0.454027636679326
-0.339353778847951
-0.566229762039647
-0.621233481531627
-0.405100104044993
-0.333406218674687
-0.517304572461115
-0.527503683493618
-0.475283489102113
-0.39406785849935
-0.597284829562963
-0.484540330954479
-0.535029281082212
-0.490362637692898
-0.258280054763592
-0.54398713947997
-0.373835049615125
-0.519353465832696
-0.41828238722626
-0.370865407874042
-0.302511516424925
-0.292631168744541
-0.618041474660625
-0.33111581750431
-0.481697779829956
-0.51639978646954
-0.30371414776887
-0.462641761374208
-0.509037647961836
-0.432903048999392
-0.513654630353881
-0.357640853755095
-0.46189754512863
-0.441120552608709
-0.179100152346316
-0.534764727226243
-0.40365110970466
-0.328161587412483
-0.439535491140781
-0.444702437643521
-0.471988109116644
-0.281695424696067
-0.375829566302413
-0.341398235022461
-0.465719386905151
-0.297053794196947
-0.306436714696608
-0.352377427571492
-0.439543791918545
-0.39756544298084
-0.325257397206145
-0.371033635185624
-0.339007305114722
-0.263751087206668
-0.464938852571653
-0.395506279144555
-0.370178730213331
-0.366496266062495
-0.414536748488643
-0.493612131595606
-0.414293190964758
-0.387168625171346
-0.412588339745954
-0.555787667732543
-0.450848172132077
-0.342759583417341
-0.352833236747059
-0.395409269583111
-0.347156044368027
-0.356221375976944
-0.455585703264519
-0.304200315708204
-0.188920959132205
-0.420891920203176
-0.407484519044795
-0.236580973600617
-0.262503454320475
-0.336191414063807
-0.498706202183456
-0.428187212868902
-0.238416530212958
-0.379309198851504
-0.374882099161093
-0.288991859644419
-0.341588232495815
-0.331057396937448
-0.382431852972715
-0.323021005390897
-0.282134079061368
-0.504941002926319
-0.191343075985657
-0.291604757274297
-0.125523910362356
-0.296167007274215
-0.238748026913686
-0.283039666657811
-0.278733783854992
-0.25206940321247
-0.337511607097478
-0.27198928261243
-0.274953414699642
-0.291967681119043
-0.4535005697493
-0.266879792580838
-0.361969754179219
-0.255338688443046
-0.447868284955836
-0.362734744590937
-0.297470330567017
-0.342929543309805
-0.359859728885378
-0.133199848923992
-0.327744304217414
-0.243353555579601
-0.197669203035395
-0.312618906791726
-0.411706233884915
-0.299770053144954
-0.134810121773044
-0.339786183823653
-0.228401237201827
-0.270399906177748
-0.290189240484737
-0.279662236276722
-0.113030500735379
-0.358954660528573
-0.28747060641777
-0.244107220347832
-0.218535960871758
-0.151958921125708
-0.357547377756742
-0.331838043311467
-0.270082353197607
-0.246905949621465
-0.325960798967359
-0.208079600824919
-0.276235552222479
-0.309890393055484
-0.366948196787864
-0.301481655740304
-0.225007815342411
-0.194440351396864
-0.243964871190043
-0.213101689367117
-0.301777856997644
-0.204994016736351
-0.0346027039751075
-0.109563355626185
-0.24777052985794
-0.257632486893854
-0.174477645113545
-0.235628054844266
-0.314461838310634
-0.149451129275002
-0.242204155619266
-0.198378924544711
-0.176323371987273
-0.234648964863082
-0.206450768886506
-0.167547848007778
-0.248304588253143
-0.247745260620902
0.0119310719597361
-0.240393103576082
-0.230164983283617
0.0104102446571363
-0.275008051641764
-0.132976452854929
-0.105507130564873
-0.171252672977717
-0.185377697147631
-0.0513847534591325
0.0834607258990115
-0.0963947832678879
-0.0941120737544073
-0.0525047142334642
-0.282529271064857
-0.0609258330998731
-0.306361609735457
-0.140927897767044
-0.17168224265991
-0.0236192833764093
-0.113221615587972
-0.151583907406475
-0.193024109499782
-0.0889326654796888
-0.0955682562818334
-0.0889525152673926
-0.224627016797827
-0.0759290836766285
-0.0336316850307154
-0.200628284857514
-0.29758555650893
0.0182549652241866
-0.167850177299055
0.00370964913897267
-0.0791413930106279
-0.113160692381079
-0.143366377249274
-0.084009329316371
-0.155741747267358
-0.147521419906265
-0.0761833991668367
-0.0773441807978203
0.00238586361311627
-0.0347711159974095
-0.0885102293409016
-0.103109575978355
-0.00933681181629754
0.0430791511664845
-0.118818170807425
-0.0574834704997229
0.00247295463079515
-0.117301419245552
-0.0260808450055384
-0.0391028787117025
-0.0241106707137546
-0.00998754523121895
0.0459080709470636
-0.0967515297892787
-0.116772605678045
0.038463278370996
-0.050820786649578
-0.153825687907115
-0.0309098670610751
-0.158308890530907
-0.0202994815819589
0.110128667141553
-0.0505716361277694
-0.0495248056627037
-0.00108067993555627
-0.0246250334430404
-0.0947592116148557
-0.0614473458575944
0.240621450320646
0.143616349606443
-0.00657852352992938
-0.140741836275587
0.0632995775132202
0.0336500278476821
-0.0575666247343664
0.152387694849326
-0.0311699246975597
-0.0395392113212506
-0.0257710696638585
-0.0354131531590128
-0.155854829512641
-0.0242031147258284
-0.06875067235516
-0.0715475589689827
0.0784854405682552
0.058383180352233
0.143804165422492
0.0769088508154978
-0.0587683310159088
-0.0635113282170695
-0.0276352900639534
0.02681708998784
0.0212186393885778
0.115483178786962
0.0491243698507006
-0.0466808240572882
0.0242199294894113
0.0637091748642244
0.0463740216961852
-0.0321437513635321
-0.0869823043887807
-0.0605458179602239
0.00437684669008452
0.0395795530955638
0.0282303255769461
0.0735510032498029
0.0815012556219816
-0.096852520345118
0.271963277688455
-0.122955698829465
-0.0332165121964455
-0.00394509500509335
0.0958240737112351
0.0769755648779308
-0.0740564724485724
0.0539157932142908
0.148179501377175
0.0864353026133316
0.0969869862247591
0.0345395743771811
0.0519130821718048
0.183436382989453
-0.00357077754176835
0.188675260130861
0.260975654541097
0.0302601194672179
0.0661460037007505
0.0223152612843495
0.129484103642966
-0.00108009727280103
0.108376516703889
0.0529221449056296
0.00533052865317487
0.0624138099344133
0.00695829266342505
0.0996924413243842
0.06680353556974
0.160863844970758
0.154976249555605
0.159264644553921
0.121028301582722
0.121984050072923
0.184584722818535
0.00456078292597617
0.0749296459655768
0.125596536226893
0.193467425883726
0.20684325360947
0.226182532334654
0.183529168435562
0.109999106581576
0.142082886533403
0.138089315526296
0.0515190261679888
0.128505312310641
0.155259564935033
0.18042708926034
-0.0236456468518903
0.233977938595145
0.127834989169404
0.152456361614905
0.216800796220876
0.31288923632924
0.133257337733986
0.167017504298112
0.111505361971767
0.140595448659712
-0.0113011569714796
0.301220204510978
0.401322248681301
0.126635730348216
0.233616947650986
0.0733829469067721
0.111457183963693
0.170764779345574
0.306977358076345
0.312254776599735
0.412568461379168
0.0637336239292185
0.252565242693161
0.241780153096661
0.124305977626575
0.152750124298519
0.220155863880454
0.237495895638811
0.161809631735107
0.118759193565902
0.240828474582505
0.331409042514891
0.281719107269056
0.239850624091211
0.232525478501047
0.216803752299246
0.217826747367741
0.15043993661429
0.338871567515913
0.293425906434955
0.287200272584856
0.386114116584005
0.276839848925492
0.12647970974047
0.243197590190508
0.216596238146189
0.289772024105978
0.304362722537286
0.425056682157563
0.176255918030267
0.313986872575597
0.197600827428976
0.173093508983884
0.229833923856615
0.195039799885619
0.289391558336546
0.259268855383504
0.30883021851969
0.445530204855709
0.331321551974514
0.341221051125844
0.254075834096204
0.363808320279409
0.287205906996904
0.297791895786685
0.202531614718816
0.361944222825762
0.277083554998118
0.310259065596966
0.303667047384463
0.139481858506148
0.226636373719153
0.34254112293691
0.489790181629282
0.314820285647185
0.377435418324426
0.22612240792995
0.330305211493602
0.229308642377886
0.273935867712105
0.32284994005929
0.297261204647402
0.240819083109701
0.390570919998887
0.438006777090454
0.318783587682716
0.300811603434018
0.442628091335772
0.356607014005282
0.380036846788796
0.404113299654176
0.326806540977693
0.274494099719959
0.185292601265184
0.40579850200019
0.468816908864554
0.347632245114974
0.384904682426159
0.47343915020841
0.337078009501352
0.329013127165241
0.343162849970461
0.296445594509948
0.284131965641764
0.508450747451268
0.357443829138879
0.553089734112311
0.427227714251247
0.293403431341707
0.24990144709127
0.355693123558659
0.47822179371613
0.325603909688804
0.426868284083782
0.322243126878579
0.295476151043935
0.522575273857507
0.483543491401403
0.508744282140194
0.338717791957078
0.437960963603968
0.376615336721809
0.587395966059611
0.382062270708272
0.410748553266824
0.398624325152577
0.452669608331526
0.510086040778209
0.413430823786681
0.352409240586022
0.468519282636166
0.294746246191803
0.351751369865632
0.438671437113307
0.430793542055491
0.400204853538793
0.484413302011806
0.443656629429498
0.399390872573213
0.270443374121912
0.358483372660025
0.362437723626522
0.358413456950261
0.453777981208619
0.446643820079307
0.451814427776455
0.341535509727244
0.288536665663753
0.37295741113894
0.488797856170933
0.573041931210308
0.47866888248571
0.542919907036833
0.506109581027569
0.510647066826503
0.463714186499707
0.376383538709778
0.536151847171286
0.415697707199521
0.540751311805149
0.492279378876431
0.525299356434883
0.606755926470982
0.583083398517445
0.514139782204598
0.490224978438119
0.399267971477633
0.390996839845478
0.505361473719138
0.53019788670068
0.561030183979574
0.514280598265422
0.5318467436178
0.545928012931073
0.45450043053749
0.583970195289058
0.473995031169469
0.400119819113062
0.414126556571123
0.544120160738521
0.647841546075019
0.517018670333097
0.4503125321057
0.556184330831076
0.620869892941393
0.504044672509292
0.425181148745208
0.400038406548026
0.515870828848013
0.574611323476768
0.585275567205914
0.49213002427536
0.461666536966242
0.436137277260997
0.45083483377144
0.368057434962552
0.546413242230165
0.450516404506501
0.704849392710286
0.611450811185329
0.593376929720875
0.634827342877242
0.525833305884432
0.585739976440782
0.482360252555491
0.524119259964645
0.555077176883445
0.394556311430074
0.757666019146588
0.64155912459904
0.593359659377524
0.612206109008761
0.806832550460982
0.597580696437525
0.59648970434718
0.752310613407548
0.741448380469094
0.706308893881285
0.507980398497887
0.620138232277547
0.57943817428478
0.528833341481646
0.681506811785835
0.64427700027404
0.57040532666809
0.716759703925714
0.579870232851634
0.783456030897956
0.591247990096858
0.59248525098703
0.698026196604855
0.6455830649711
0.738866066484891
0.443921083046809
0.673131908028236
0.600434131473346
0.747822419784259
0.600894048008361
0.53585463352515
0.548945055996229
0.615290335713298
0.742603093689037
0.685078850965084
0.633273073170543
0.759100223487847
0.720730827484337
0.451873730725711
0.601829251256334
0.684360283139131
0.727677420306688
0.531386193903326
0.592585333218682
0.596304302713556
0.540966880210393
0.658044713796396
0.73178461455462
0.6676481707997
0.586979628558445
0.54898617224812
0.609764796825174
0.732366846761178
0.700853087039794
0.726893259920824
0.666377935091002
0.695657314253167
0.579954273542971
0.650645615507057
0.766935643636933
0.840498514257724
0.555380903080529
0.725824634694056
0.723173826561457
0.744181971699905
0.67675078992614
0.657121461907605
0.694406871859073
0.672166935459005
0.812270111722357
0.567496075835785
0.757114910254448
0.59865157133459
0.699643956223726
0.626962474531438
0.68958008127791
0.68062137368801
0.544868158235581
0.511606193576652
0.810012820909649
0.588500412380466
0.685272987798504
0.904835641901569
0.79376207545749
0.805177186386516
0.697680469855362
0.732123309949442
0.711478254886145
0.721386519079479
0.700538716664073
0.800471840401488
0.761197195989499
0.772668783754273
0.825899054075815
0.727334049914308
0.756815763994107
0.778959692093686
0.885261284446761
0.885160195276063
0.886199207216012
0.785867768895388
0.828404735113698
0.77672680790379
0.623495585146407
0.740185418794888
0.914790802476436
0.990133342501978
0.60830286728756
0.721487261892735
0.744718984197293
0.817881878759307
0.727622983276576
0.860651921291113
0.912692091561076
0.591440981155952
0.84137973515909
0.882016209178341
0.80332131297401
0.742109765008418
0.8442380615172
0.671159400307131
0.700091617455003
0.821766503832706
0.809271085277835
0.92184225312111
0.933230520446067
0.827982663683938
0.762469759912443
0.937976731416149
0.755006234969853
0.753906719546209
0.986006859350293
0.703736314502577
0.747622006834998
0.777725560587384
0.644253523736588
0.825865575704626
0.850860572099824
0.952146791594053
0.777311034833483
0.768912805153811
0.871782039735602
0.940579542665095
0.886088967928416
0.670186176288879
0.946332355264133
0.874421234259831
0.783414719567008
0.826489285825879
0.762937573250542
0.719372846037914
0.863640225654833
0.943551319558343
0.697566988734073
0.741789392538575
0.943145498655249
0.838353734642945
0.925403592374656
0.969335375484478
0.752143751379356
1.00208058569725
0.903598483297227
0.911612166515799
0.980681872144809
0.868368089047648
0.791598016452007
0.978450835607544
0.861309901599519
1.08655748946428
0.768732538219741
0.991221259357188
0.676382610831687
0.870648144064904
1.01627608886042
0.860469343808818
0.833356071957686
0.855310834109158
0.809374965622417
0.959086685488493
0.770867674450218
1.01035152970603
0.98072036690721
0.951915569798676
0.931965586988763
0.897731657170153
1.03843848521722
1.06965932760116
1.08249347026564
0.829888718834298
1.02924689945726
0.844722016758852
0.964951318246837
0.746454447990821
1.13570200668383
0.990398722274384
1.01124605401249
0.973375844539956
0.989224863976193
0.948873001224983
0.923270129887209
0.978685516737145
0.971195376451767
0.917591421351908
1.03735405525419
0.968833298506544
1.18687256776081
0.900343084948709
1.0038839709222
0.915958449400557
0.975953198909163
0.895579039035141
1.11234027634232
0.928625892519601
1.10450006600557
1.15054672378575
0.9208146022766
0.995442556819788
