-1.10292759503965
-0.945559845300237
-0.872229026339502
-0.994299160803009
-0.95349497024854
-1.07833814222902
-0.97710313464911
-0.98878660179639
-1.12031289878348
-0.875011047820238
-0.926752818460038
-1.05298965505517
-1.08870872625974
-0.961145998716
-0.987210693660161
-1.04915951889456
-1.01330025008569
-0.931471947000438
-0.887111072958147
-0.991882434742136
-0.827880004461518
-0.91708106921854
-0.861538644937716
-0.897213574694385
-0.890107483449931
-1.00585770017065
-0.911813705509801
-1.05635208990421
-0.959959933243529
-0.941041903443217
-0.806383752389428
-0.856222933976174
-1.18497858507061
-0.884892616662265
-1.01174988202036
-0.937029927603924
-1.0054718956076
-0.916878450654495
-1.11603791475578
-0.90828635880008
-0.81239810909928
-0.96688026161491
-0.938911870264402
-1.00711816435194
-0.87902773928711
-0.916979114181233
-0.865269169428902
-0.941291013367811
-0.905060128302764
-0.929874948792852
-0.935439327693266
-0.872464250192336
-0.843549564676861
-0.819109446287656
-0.772845835968016
-0.803669458610583
-1.02149079727942
-0.776380287618685
-0.793780790480702
-0.728712052997388
-1.01579718802106
-0.791209070481817
-0.927855228673214
-0.777710497290852
-0.872202111543529
-1.02520064202078
-0.779186485140217
-0.822245451619909
-0.766332781649706
-0.689779134261911
-0.709426733904678
-0.73763767625195
-0.860470100455595
-0.972200539047882
-0.782908925712513
-0.901582937797996
-0.817707528761828
-0.955282405150639
-0.78725969279678
-0.863502560874118
-0.793935142290843
-0.825534853578772
-0.94893321668001
-0.825259643885326
-0.774392496159301
-0.774873429901672
-1.01829651133513
-0.901823880267047
-0.877069846449699
-0.729236488401968
-0.641025415576751
-0.664550541095372
-0.771767735039085
-0.932194354280734
-0.769708719519604
-0.776062063727162
-0.877826654795711
-0.861687315571703
-0.793120836819883
-0.800421708065991
-0.837650850159388
-0.830840919187992
-0.814774077776602
-0.858053857601681
-0.77418150757078
-0.703611617289603
-0.882795191425247
-0.730885859562344
-0.745562926455874
-0.805116371452417
-0.619947267395019
-0.963051378985817
-0.6866962671027
-0.848562947473222
-0.793218758331203
-0.782772082427181
-0.854757144433081
-0.701785192110276
-0.734611236029807
-0.731026956491761
-0.785231179672441
-0.772095253978086
-0.79242203300847
-0.646325329449987
-0.729462911731294
-0.774909243412039
-0.561481160752697
-0.683939718868514
-0.811178288988411
-0.723676534995258
-0.521229478746033
-0.67054425780665
-0.76493638680115
-0.812637624472057
-0.664368547742702
-0.72024867362825
-0.663771527873071
-0.605037642666685
-0.710769310274588
-0.876543259393675
-0.717960017369679
-0.684617946102822
-0.592383702719555
-0.661358090022509
-0.662023826256676
-0.645119491488972
-0.621506856501983
-0.704822096657013
-0.822863218038252
-0.682861544254936
-0.771185023027399
-0.729961741575251
-0.648323844177715
-0.771013656424978
-0.525004857713788
-0.634618918528439
-0.753057394214416
-0.733527294875208
-0.654041953837356
-0.730332189014332
-0.766621013456424
-0.53684939882894
-0.685766031765729
-0.590514386295261
-0.82835002507738
-0.675132699283516
-0.675912511169584
-0.613600208691028
-0.61929147359542
-0.747289591256059
-0.744766340683457
-0.563760710369517
-0.678783067671283
-0.663560478340495
-0.468435850168309
-0.738270747716649
-0.593059776648018
-0.747165975057511
-0.543200021890054
-0.525773638883021
-0.59298135757444
-0.736134807515441
-0.51877766923606
-0.572375882650181
-0.592043042863964
-0.527469948153445
-0.69568235680855
-0.699660543235517
-0.689140361465422
-0.718146177012886
-0.665582576703642
-0.768499382221856
-0.567812620581408
-0.622023912805698
-0.434299494831453
-0.537926502544562
-0.613094383068085
-0.591234427087403
-0.545294866786194
-0.614517843003306
-0.595246951085488
-0.614548203315287
-0.632461999293504
-0.513109878953606
-0.419981943417856
-0.528099296711232
-0.696207797721011
-0.477303273617815
-0.566739927350333
-0.48812803873067
-0.571606455692936
-0.691334772310113
-0.563013171807773
-0.518670338135124
-0.607162315320669
-0.408609772899385
-0.435819247173452
-0.530665305278114
-0.646080635669853
-0.653904311461735
-0.623505364120795
-0.605292476801084
-0.620343170304985
-0.627756580405788
-0.589137410847831
-0.531594939063294
-0.660455580427042
-0.620207897440246
-0.592722080739866
-0.590150870429213
-0.666818587615466
-0.551025913285188
-0.538332411717697
-0.375966397695154
-0.599749129143899
-0.58330373798747
-0.271682643379821
-0.561538662145618
-0.458930113365249
-0.596503905120191
-0.582612013663369
-0.795824479224388
-0.510745842735346
-0.500806423096152
-0.539354210378184
-0.591905250724407
-0.504034023477489
-0.465843904474256
-0.501000478390611
-0.502377653281613
-0.436680179492888
-0.357467403968361
-0.577676322764787
-0.512601694616711
-0.409561385039874
-0.440593686584629
-0.493576284754725
-0.377911756895612
-0.457928358420554
-0.576802592191414
-0.471467450992503
-0.600125120923882
-0.49208638420624
-0.443437906617997
-0.470779104027057
-0.405929734040105
-0.582872376953445
-0.597888639215605
-0.329217994058216
-0.403852530124262
-0.393851961390738
-0.353412404641462
-0.402760587438718
-0.443142759074999
-0.365725980248335
-0.493242189912141
-0.439979604962817
-0.656519475300452
-0.506924621838416
-0.533591864756329
-0.480830158431342
-0.445191955912319
-0.420603268359389
-0.429336754775802
-0.463138188164094
-0.257155662257605
-0.354242875911528
-0.431794385652362
-0.423775575784776
-0.310132776917278
-0.415982006082193
-0.449350651323413
-0.285786797843894
-0.466790366358022
-0.378928961769167
-0.311607114097204
-0.427823477985097
-0.332110585054826
-0.39515470969443
-0.324700809582578
-0.375868533255529
-0.413295053211435
-0.3662008407188
-0.22819687860037
-0.198053605464707
-0.424426460510727
-0.355468353263882
-0.398800131990911
-0.407823080076157
-0.455525257968205
-0.303840295068516
-0.409144271009925
-0.14436942717671
-0.347959784756534
-0.276808572949932
-0.544078190538094
-0.350678564759416
-0.337266378295526
-0.457503875320473
-0.278816241676722
-0.364329385110202
-0.36400215275004
-0.323734332931281
-0.318638598336243
-0.331734526969694
-0.422094089760305
-0.368391106807933
-0.429143239420253
-0.32856067676761
-0.288878340341929
-0.376023579893145
-0.45221810861536
-0.363011792529924
-0.38811991408916
-0.361967118071634
-0.335481989959689
-0.425143404561952
-0.278474575566439
-0.25362406555628
-0.26663656110345
-0.345604285274094
-0.350764819681844
-0.428361390050801
-0.375171113154449
-0.413024699154672
-0.271930649376636
-0.378044820716915
-0.174705657219074
-0.224627304880981
-0.240179605090513
-0.353867757381787
-0.24036175231197
-0.209536686493266
-0.331985665927906
-0.305703187651255
-0.162251972624794
-0.220975165949723
-0.202134225779785
-0.406155631941436
-0.182541334833553
-0.193390203057898
-0.289438998301087
-0.200069981688867
-0.157252423604978
-0.291811442045355
-0.270498870612566
-0.204975754197698
-0.185593951900381
-0.389228090933058
-0.296410674068885
-0.232419327364779
-0.426663735657717
-0.312926493978288
-0.268357351689138
-0.427231123756342
-0.153103297991689
-0.267485970233029
-0.145721367627153
-0.194509338527572
-0.338563325369633
-0.291942343448737
-0.255407605734377
-0.328649020523005
-0.308494676604912
-0.202858128652745
-0.246307242056766
-0.328098145596576
-0.217795774159351
-0.304988022843166
-0.124635162785226
-0.223297623783862
-0.209252290463156
-0.164148349582046
-0.0828074602581554
-0.0795229458949019
-0.110568011641486
-0.0927573051009789
-0.315112112057348
-0.179872084877856
-0.307356413821183
-0.313978077080781
-0.109284345004963
-0.283603523498888
-0.0827296495687002
-0.162374356604872
-0.197065103058698
-0.169890802104848
-0.106650080997725
-0.139313705066114
-0.299570520026095
-0.223969604353954
-0.104841564944676
-0.0369981906566376
-0.169319966118272
-0.194756012276161
-0.0919396355983952
-0.178440291441584
-0.263362561382548
-0.17288309423428
-0.140330363536213
-0.138920647130297
-0.240125967056696
-0.119856625261083
-0.144490271319455
-0.269059395622566
-0.0766974062586096
-0.148504735301668
-0.221231762105467
-0.172510489869689
-0.150435833858899
-0.135614595221887
-0.181526966522774
-0.114298257632708
-0.201786009528705
-0.190113211078493
-0.0454563104654962
0.0167454955534445
-0.105762321567088
-0.0602423225876711
-0.253345442424672
-0.143639161294756
-0.218394211737018
-0.121404506724882
-0.0943164660760539
-0.212433988703137
-0.0382499110949731
-0.0254627817584696
-0.212265697198278
-0.234855815682019
-0.293101433476448
-0.103905236079916
-0.101398091712556
-0.204206266769185
0.0195477372280088
-0.0665019617539688
-0.121549324651437
-0.0998960520379637
-0.0269424442612096
-0.12692855628164
-0.151281486827031
-0.110925747897484
0.00483357121759639
-0.0301487865584418
-0.090752097119136
-0.0764724281616976
-0.00841431198046535
-0.0469467965603332
0.0863394219562691
-0.238402950901696
-0.199731206732742
-0.109546923570554
0.0232380429265435
-0.11472284435
-0.0594506255271296
-0.0927364989784558
-0.068589674094588
-0.0750745293730165
-0.00576385278523657
0.0786272486315433
-0.188137181890877
0.0530193651774538
-0.168677754631358
-0.0947765122489623
-0.224379655545844
-0.0316350867892476
0.0730240394286587
-0.0917720630540449
-0.0706205913911129
0.00528913938666406
-0.0280264436134659
-0.0152828146771167
-0.0318269097622521
-0.118368582711468
-0.0389489014850359
0.110682058129265
0.163353872708348
-0.125916596772452
0.0440649340353484
-0.00921943216417547
0.135249716988152
0.0572785611469542
-0.0346249219987562
-0.12636441373592
0.0694065512951997
-0.0287880705296358
0.0688040193531543
-0.0372385319975792
-0.0268587033126448
-0.0507602505672544
-0.0512946614692402
-0.128799593573847
-0.139753770299584
-0.0116215332041021
0.0179025420208247
0.0564736648343636
-0.0495070459576124
0.028733991839608
0.149808255413947
0.111887253526761
-0.0305013690478137
0.0534154994929619
0.0725716593434144
0.0483779899633567
0.0965542104775147
0.143421795699154
-0.0169288158421123
0.0470752474323543
0.0831114272083038
0.0910209451421668
0.0404770677923551
0.0633604201167319
0.139292732023369
0.224513032712818
0.128577048866182
0.140406640864124
-0.0124091748398919
0.165954277635582
-0.0279213491496866
0.0797231644296026
0.140887537872556
0.0337815420199086
-0.102839812621309
-0.121062391333496
0.080918977424
0.0749330262529813
0.230367453994306
-0.0194001032571169
0.0385562616278048
0.136617141320191
0.148063952561845
0.12438889207007
0.0911907784430566
0.122078175735314
0.222238526643989
0.0135394167471533
0.0258239422029457
0.268140624511361
-0.0508112709018713
0.130601208746542
0.212115667145161
0.090601909482743
0.110942283991981
0.222116367560493
0.263179726780161
0.145263006462082
0.0968612954772624
0.132467465164493
0.0795038210642429
0.225511690838661
0.180003430448769
0.0793910858238271
0.271576323538389
0.0342695702551077
0.0808999943042347
0.195933788360813
0.114608636914347
0.153498244383926
0.0905676736666022
0.0885612183967131
0.135941656589781
0.121145788773141
0.0500833941470487
0.291692220972865
0.188334118252235
0.250219158207445
0.0196101878329725
0.012255685851516
0.230194726385783
-0.0181848904510571
0.313589232153332
0.186419342921994
0.195555664855372
0.207315810903748
0.250355043442707
0.245023658240372
0.175709634061792
0.196071788615657
0.178634989653387
0.225336512189772
0.307283926439944
0.295219649412073
0.136031865849315
0.166396652396129
0.14342875145748
0.254312901377081
0.312234892665039
0.222516237578184
0.169002987969968
0.15418919588163
0.263017801895476
0.278985096252531
0.243750541540551
0.236636832370127
0.128101939410085
0.271222717979567
0.251581844700568
0.156434832811325
0.133178401014837
0.25679673197331
0.247680288036115
0.188010607953425
0.254395797924056
0.214621153133308
0.196387163056119
0.240284817497169
0.190107940472107
0.181514659583504
0.295031546107176
0.343855092811009
0.301733660905182
0.341494055294752
0.244349633935963
0.337227950612773
0.234630541444117
0.0392611255337783
0.176337365059272
0.380086005087688
0.0437108399210097
0.259310092362574
0.241071817274426
0.248374559796565
0.446481904881437
0.389057369026281
0.406692746887939
0.294040941220511
0.2425021084622
0.259713176106334
0.275633811190385
0.309090868241833
0.333358784063152
0.49989548365961
0.42641606611626
0.285280259985807
0.167812764163637
0.225062079575648
0.189367021201747
0.420759658371778
0.29774101773322
0.264646871496662
0.272577827786414
0.34938802100941
0.297834897017376
0.381087396988678
0.364103390710933
0.262279511763611
0.273416935897929
0.334424038150287
0.339352737581398
0.314630776250154
0.214607613676644
0.23085027063433
0.351863150768407
0.347859706982114
0.218062266961732
0.52719098421515
0.325549581593222
0.273681104287246
0.381569816461689
0.319477854072178
0.357260533677917
0.454003418684815
0.378420520549811
0.4245298616854
0.117826029413181
0.312595508050987
0.489714346534588
0.278310630850211
0.41229088317143
0.468850806948561
0.387429689927978
0.427499591434656
0.287140987266978
0.372778636586967
0.281881075710142
0.410227811897954
0.528755604479223
0.237882750500606
0.257466413012474
0.362488334816248
0.376524131021394
0.409443637208956
0.377328342590069
0.367874009062413
0.441962448789451
0.287521834468008
0.459513325050751
0.386923346916189
0.404480833889926
0.300084434978607
0.414351278828987
0.339163610318426
0.39409066722954
0.426918441987986
0.426230649943306
0.483342004882426
0.442682736071063
0.377284705784938
0.479522954835896
0.655022157364698
0.555300829466044
0.384692328241819
0.411217178332824
0.443190779276299
0.498013116234722
0.468954910921246
0.434299308695476
0.362131921138283
0.332602182228953
0.605024583375358
0.498659843199569
0.585209851087764
0.291435694690835
0.55964299811283
0.438778059743905
0.380216893282574
0.527634226358285
0.45607745406823
0.433254664223602
0.439312654120212
0.432223517490383
0.582494794950365
0.507617679935365
0.475204956733772
0.569111842557427
0.377150763728096
0.435897660562193
0.420231402831647
0.566900009906494
0.398344956454609
0.416533088331147
0.457488388003635
0.430901050399977
0.437540320367445
0.492137410764801
0.352621564757499
0.523739869848042
0.595365878001211
0.567526488267339
0.584633683748465
0.515649375227055
0.558500889063559
0.485274341306804
0.526145371427836
0.528583550961968
0.693162885406064
0.527073509382225
0.522324363667303
0.453535967615188
0.543691930691523
0.575698393149311
0.522116914088459
0.523400471645153
0.603239441568686
0.593877079418675
0.739894840094216
0.643533683976515
0.480257628814267
0.421593470090597
0.738146674465401
0.474184078236525
0.462681747808486
0.62162350235899
0.504858629260157
0.637370637175869
0.562488993199259
0.620242464009176
0.617972289393366
0.626392327858644
0.68650570296506
0.590912564856279
0.531624111580816
0.600068438395291
0.57826362744305
0.48720216673194
0.666595217276793
0.634017353063256
0.631203332439091
0.692660148307433
0.619351658513996
0.491514981742979
0.517724638788911
0.607120626227979
0.537488250445625
0.516138626025
0.538152290320714
0.632795747958531
0.628545180441677
0.672417106459024
0.589816151930099
0.546974871640748
0.806116934779481
0.60133303870109
0.716779359905845
0.691445856769133
0.720537110426743
0.641546869598955
0.682321087122762
0.505253292591775
0.710889607765971
0.603802138915729
0.477774770738157
0.652240868367262
0.424657955586923
0.506090997917531
0.833234337609715
0.561659735693651
0.779095197192491
0.755010690582295
0.591441688897765
0.556908110734168
0.59382586770676
0.695780259027172
0.757536630108149
0.543366026848419
0.703869067894628
0.436457739844911
0.718163141619061
0.714466559528211
0.683873194391244
0.695999350849245
0.789321549212724
0.665099780561935
0.784413455958789
0.719313140180402
0.579364219815263
0.628386403364966
0.732349300863993
0.740676709777262
0.68158761216792
0.773970314878164
0.593422649173877
0.59121948581357
0.653094662764727
0.652961700201429
0.532803937888581
0.703280656678858
0.653788867569605
0.770188996852629
0.660066951949082
0.699358161989013
0.744026929955059
0.804497212653771
0.707000778485041
0.556924645457162
0.671983552883737
0.749820964580105
0.600660589591938
0.584440111068859
0.678550871525702
0.790816633888346
0.860242052457838
0.706216466290649
0.664734945064727
0.733408825479443
0.703061035284115
0.644313354128219
0.762173133937023
0.766779733185892
0.754621444686072
0.743946651655999
0.962240904559705
0.713092750096376
0.897619260149616
0.816435628317814
0.462799520656474
0.693797928146925
0.853424644210553
0.804907987699185
0.790327678149974
0.828505249498598
0.60691136687087
0.713774409017765
0.805447278409279
0.657058140105142
0.811431389998354
0.883716886946804
0.858226837807132
0.793576454254247
0.730096271794197
0.943899414956006
0.967437061458132
0.646760125551965
0.967170268595606
0.936225157802641
0.722713169161234
0.745834475475738
0.839091748870857
0.971762619932927
0.789177148127745
0.866922107421766
0.87203629473539
0.908991999614673
0.89170609523725
0.915746507692771
0.764387143546807
0.779506627107456
0.922663227895795
0.912699452177561
0.848610958166763
0.910048296467071
0.826647178205906
0.693784539513409
0.840827647888635
0.787110124825833
0.940414764683976
0.786415012239092
0.716364703691197
0.786209262368573
0.878389585606629
0.940573568188189
0.844928790082541
0.734826340301213
0.923304269949412
0.851908834979964
0.955130918415086
0.952984620020748
0.895771623635825
0.784356068695995
0.916311584357838
0.765698325324439
0.685258087144784
1.00934254051982
0.965826579317939
0.826695588008134
0.776419037996545
1.04546235565906
0.89896795924173
0.906478902995002
0.941603443303279
0.852227912307552
0.876735314282386
0.956029242471608
0.926120131802251
0.949236953660732
0.778197823692227
0.90561011363682
0.877999476412012
0.857551957572436
1.06617057901553
0.877058531047381
0.891629891373145
0.877589171895833
1.02775964990925
0.906211806542512
0.893473108526078
1.01774925233369
0.982883944916738
0.982359392427415
0.830158195031654
0.936559002242256
0.766501639876084
0.946777209826864
0.833634083955018
0.942173703880776
0.920903697081389
0.825918685752258
1.06689706254629
1.07325709864891
0.902125150449799
0.846874422756403
0.778038266088024
1.08216199569232
1.04282565400964
0.993715134403563
1.05733726594317
1.01980134217168
0.839878245414041
0.988469949277899
0.857501050186941
1.02305350107113
0.85490921854071
0.971095750793952
0.928750907895915
0.962333682502334
0.921183900412802
1.05928419441169
0.986266758650945
0.994124791729977
1.03986441680334
0.976147778420097
