-1.08544993461321
-0.949001418768216
-0.876588677249636
-0.961154144488834
-0.953557067857676
-1.08068415202551
-0.979700565654117
-0.985150234287023
-1.11931532000882
-0.873130358626262
-0.933356484851997
-1.04584816084432
-1.07501279652419
-0.948846113122785
-0.9958163333495
-1.05669289414906
-1.016950517393
-0.940400349030339
-0.887123619778761
-1.00407127712257
-0.842012298019791
-0.912348793321719
-0.870669686825513
-0.900025408970876
-0.898781293157083
-0.989483101968451
-0.895375230293056
-1.04229522634157
-0.95581048401292
-0.91911507774525
-0.829902401324974
-0.856190384450446
-1.19805823248626
-0.880004540113774
-1.00359224555061
-0.914341450050422
-0.975425692977217
-0.915563966748256
-1.09835659417019
-0.913310396435768
-0.778048903654198
-0.943014758994457
-0.93960488110057
-1.00976928086697
-0.884979959293129
-0.909032418573625
-0.887642394651762
-0.954751146011995
-0.917533404100603
-0.945156480861391
-0.965938181027929
-0.874389739589884
-0.856388057244798
-0.829403310275505
-0.786636633116252
-0.805249697072761
-1.02615594310464
-0.771949938032058
-0.793379813579112
-0.7296248421701
-0.979316957244174
-0.799452825377491
-0.912997270200542
-0.758710789578386
-0.881065019268651
-1.03072590140791
-0.76848847531648
-0.818080336550172
-0.796066260253577
-0.702770055898576
-0.694503976892787
-0.747647458580781
-0.835103969184436
-0.992887119116117
-0.788960017022031
-0.918587455941304
-0.830993148194719
-0.927734663578499
-0.805250887739009
-0.884112284722078
-0.806666611570262
-0.794546534217746
-0.950369018070492
-0.809506563940808
-0.8072746723711
-0.765956315167927
-1.03616541821935
-0.891463989882832
-0.88202836093552
-0.753953178064661
-0.640946574517686
-0.668165995990078
-0.770558683886735
-0.91948846845378
-0.786592586996482
-0.782957297180526
-0.896071904655536
-0.859488870819673
-0.794473251428535
-0.809588960546901
-0.813574785351041
-0.831266463264547
-0.834917417765906
-0.842292266648211
-0.776186774871303
-0.713299433368534
-0.884939189110497
-0.740546441746695
-0.737827851496965
-0.811808308806359
-0.624736429686963
-0.94396429987596
-0.689524569456889
-0.841788139905312
-0.764340715475883
-0.7898773487924
-0.866216170714044
-0.699210300751425
-0.731101678718232
-0.707964219906557
-0.78459261221873
-0.764049382235457
-0.796272066276143
-0.649466363036377
-0.705470137419189
-0.788498038209225
-0.5653505395644
-0.687072020358059
-0.805445894869535
-0.75332738186744
-0.52595025737924
-0.660790147513294
-0.786936728989948
-0.794495686749809
-0.650927405275756
-0.722651363449593
-0.680679907798987
-0.605713954599638
-0.713359345569982
-0.884641891643362
-0.725172949839469
-0.709164016442337
-0.595340236760479
-0.673547915215761
-0.678875825402339
-0.663451729694216
-0.600165925686551
-0.67243740579641
-0.826882343060777
-0.671672247257139
-0.782020395198149
-0.743122683595958
-0.676180443163113
-0.786579467868509
-0.534264548055699
-0.628266944274321
-0.777002825312566
-0.71828315013552
-0.641638741927093
-0.726451892546965
-0.764887635516833
-0.540914187345204
-0.703607029357191
-0.603697206184086
-0.832189444758591
-0.679880825089553
-0.657513759171234
-0.597234693154501
-0.646633517231369
-0.763806515281817
-0.739852918287061
-0.558318126546262
-0.6757541591522
-0.634670483260214
-0.456112532804476
-0.73908653674422
-0.584791101017653
-0.729910355061632
-0.531122096078029
-0.518069927357531
-0.587313239309537
-0.74326556159453
-0.530711059163875
-0.563818313363526
-0.582870155418272
-0.517621921509092
-0.719463695954104
-0.702002509513781
-0.675236302191021
-0.724128307369873
-0.664675160751423
-0.761181004814818
-0.592251441798867
-0.629888959709755
-0.428776450973642
-0.533653822974258
-0.614204685565376
-0.584236229583085
-0.577941097919971
-0.635380511982275
-0.585984055302009
-0.616044011164042
-0.636350891242855
-0.498399867582831
-0.412422203455973
-0.528665644310086
-0.684425607624865
-0.457363874060945
-0.56121054891724
-0.489987733061098
-0.577258678409829
-0.682950489928391
-0.571558188787163
-0.54821963475523
-0.605155410317562
-0.425209833687786
-0.442025560690312
-0.532874091937282
-0.665338948283555
-0.649956572534053
-0.629948740555488
-0.596078077049663
-0.627488993208476
-0.637642263265448
-0.574987352816454
-0.532138747980933
-0.649256462592391
-0.639411518859867
-0.60174854871375
-0.579202360794361
-0.662409583896833
-0.564571168790699
-0.538315835546777
-0.395617152909756
-0.603173531471756
-0.565418285181432
-0.266321211025024
-0.556293502761075
-0.466529413649671
-0.572751972755661
-0.580790218269551
-0.784026830022199
-0.513460426275779
-0.517115317636462
-0.531160713365479
-0.574047418787895
-0.490851665849926
-0.495690704704532
-0.505645562707441
-0.50077510962265
-0.424694597192835
-0.370295903006243
-0.562148387294277
-0.497988296810764
-0.420229857865955
-0.434102207147978
-0.488637193727331
-0.383183439616547
-0.449115515620187
-0.559788300248451
-0.465848499426704
-0.617243574905268
-0.490775838547265
-0.435333550521632
-0.449322053886153
-0.402679246675125
-0.561451223445892
-0.60684338797089
-0.321307572954522
-0.415948709297172
-0.407296003379658
-0.367966243135011
-0.396132979678687
-0.410770405908822
-0.379757683556097
-0.518007270867737
-0.418536978674945
-0.660185587649082
-0.516530392759259
-0.547034300104713
-0.470507629458193
-0.458764782267037
-0.413736290820386
-0.417905670740354
-0.467805984303525
-0.249972708199318
-0.341951702929142
-0.442499627374373
-0.435625289780394
-0.300361228939359
-0.407011683557544
-0.482959811587251
-0.283661122060868
-0.451546462589091
-0.39548688642691
-0.305151285272659
-0.425373412912251
-0.325511882117357
-0.401858252469579
-0.336612017149942
-0.365231916284708
-0.424629158121496
-0.349182131103979
-0.225023709772479
-0.189591939964865
-0.441165456213558
-0.378340846344835
-0.395092844757442
-0.437271831719494
-0.458720620454214
-0.302506197062099
-0.414082864263412
-0.179866537415607
-0.348715509936958
-0.273720428699562
-0.554632328535354
-0.372102971638889
-0.326686891843066
-0.454509445119948
-0.273759643579194
-0.389081550564701
-0.359204980988008
-0.340564559703067
-0.318719656187757
-0.320782418506786
-0.416917438505857
-0.356209250136979
-0.410412410195285
-0.33502256071292
-0.309682822937192
-0.393649127212364
-0.437987870305724
-0.363943811686126
-0.382428759773794
-0.357156982048883
-0.353595183200086
-0.457655937216232
-0.273470016058565
-0.279375198993392
-0.275381351740741
-0.353492590976633
-0.332278225467425
-0.439445601826185
-0.348592451438504
-0.38847522656467
-0.286054262468222
-0.376099626621515
-0.207406682819968
-0.211973795702265
-0.228275561520143
-0.361960290026559
-0.209399390063517
-0.203138496775494
-0.332861024776138
-0.305269759441098
-0.161257609031067
-0.20789826434587
-0.208178505803261
-0.415071141458412
-0.176772445815533
-0.206992191116399
-0.298752645199908
-0.220561551820194
-0.161890686013248
-0.304972309739073
-0.260994260161704
-0.226769069680966
-0.212059691564933
-0.381524024845383
-0.313504964839541
-0.240939252381012
-0.416898246138227
-0.288228973960811
-0.257067878199857
-0.404065200159298
-0.171914806129797
-0.254418941915364
-0.127425759296926
-0.192085654615912
-0.345367322140308
-0.302271034961925
-0.242324506251126
-0.327216102355163
-0.291463912795004
-0.183131407091835
-0.243461758063572
-0.332732797854951
-0.223154394297988
-0.301038431098448
-0.104122922965613
-0.237444510306163
-0.213667306785917
-0.188059533163448
-0.0658016314079198
-0.110412623304113
-0.102440602277727
-0.10070065852555
-0.292552296278164
-0.176964210697588
-0.3049912527944
-0.333774266286301
-0.104237263438021
-0.277214002518639
-0.108392527427822
-0.168798777707945
-0.193325142641142
-0.161199059233864
-0.0967361436836338
-0.125934095898133
-0.276598361339699
-0.208396961504913
-0.115162952884392
-0.065915158956336
-0.162050162191993
-0.215327318154138
-0.0930020412963104
-0.186570244751386
-0.265306451460753
-0.181582694007743
-0.154321359904157
-0.153816555478973
-0.230424303260968
-0.138590108157703
-0.12992649841444
-0.260580643295721
-0.0658999537863064
-0.146792760179619
-0.225277102007367
-0.186150249792559
-0.14451019357035
-0.133982407317341
-0.181243328228961
-0.121605443170272
-0.181698223289583
-0.184605801625457
-0.0511777353910327
0.0257302178830476
-0.101259773486552
-0.0390409605697971
-0.266946399365324
-0.15185352010736
-0.212702515510429
-0.137536721197356
-0.100603852766249
-0.216702153405345
-0.0124023330573513
-0.0056567518200454
-0.213414421204667
-0.236796810506729
-0.296574697504525
-0.109491957407357
-0.0961125118081224
-0.203758852513842
0.0442992129966679
-0.071503352530171
-0.126957057975258
-0.0936658745915966
-0.0133112402980227
-0.146962537143432
-0.149169011635151
-0.0776314484140385
0.00207086463086347
-0.0348313333145468
-0.0689033252341706
-0.0972537983044171
0.00336961416959346
-0.0484369729338529
0.0655611304306127
-0.233524971863513
-0.217287938002004
-0.0877816348240867
0.0169466105337572
-0.139594497166151
-0.058425995279969
-0.0770636988918902
-0.0785153007711362
-0.0877316548229745
0.00482376969460404
0.0758490820998433
-0.196860304803336
0.0692874010738102
-0.172930971203556
-0.0850547976830389
-0.221348730154842
-0.0310528622829768
0.0766751600606212
-0.0951548147128071
-0.0732612731039679
-0.00192849994041052
-0.0416305789563115
-0.00918832578215783
-0.0363130689863751
-0.114447439766389
-0.0347419444022212
0.105757277095005
0.162314598643536
-0.134280692555664
0.0117247709235225
0.0026815262879495
0.157255462566564
0.0433385350929737
-0.0198587923450657
-0.118295256511783
0.0675108395248243
-0.0231113664140798
0.0799953689181622
-0.0298951308816453
-0.0203998331992024
-0.0665371568482278
-0.0320011097162066
-0.157110073815355
-0.150451537892086
-0.00999213087815405
0.0084510867027627
0.064243316398617
-0.0539820470488658
0.0257765937805133
0.159697393353373
0.122574247639663
-0.0163039221829459
0.0557999083255725
0.0807377270701356
0.0393188463427924
0.0813031160423386
0.141659414147111
-0.0276719830746285
0.0240678132016349
0.081643152474707
0.0948115474274551
0.0592171078819675
0.0457471878996838
0.157451914984661
0.234481340757771
0.139577945606194
0.145456064921316
-0.0080318924175482
0.183468302934284
-0.0286931789906367
0.067166212465257
0.135687899694754
0.0260649364207731
-0.103250949945893
-0.123887226135281
0.0652504693310436
0.0743729847653753
0.211568073166102
-0.00357810234084852
0.0624338621749101
0.110510616187066
0.179418869022507
0.129764590378004
0.0743833976291371
0.137173537928376
0.218781327619619
0.0112087688758368
0.0214285807448092
0.262068191670163
-0.0554191428905257
0.115498769219717
0.233215699454255
0.0899855229545799
0.0995934962816369
0.217331137872754
0.244074691952796
0.182130626025461
0.0977684757332469
0.131271488638823
0.0876105268717366
0.224988683324108
0.151020219879324
0.0643528517750163
0.2745882317308
0.0166876932750666
0.0930762567014233
0.191536248491497
0.106444251265297
0.153363294733066
0.0944420397528249
0.084089266834076
0.138340063030459
0.131038777941101
0.0485475434073131
0.287317776481717
0.203432775037939
0.252423601884211
0.0237777212430732
0.0284268207618121
0.239996646610212
-0.00719920610687261
0.317931840857426
0.171128067303516
0.203438920631607
0.215080666487202
0.269079665226343
0.229667603050365
0.176926238405461
0.18431272136673
0.14922333361538
0.244290052607096
0.308905247739664
0.298314027204461
0.127237193652127
0.13023013633556
0.147743690177623
0.245337136418561
0.314327670606373
0.232341043837914
0.168405423977096
0.150031362801171
0.266774181227622
0.282230089210198
0.219896904844132
0.223030752021385
0.16125713021634
0.253498630415513
0.263926860377168
0.147120580343957
0.139457955849379
0.24876110326523
0.225196566236185
0.178948476443891
0.253788667691714
0.213006550848845
0.199886465599137
0.2374746195514
0.183609798691188
0.189802074164042
0.303278872858835
0.356365421239452
0.306670174793904
0.351946917053128
0.265446914534329
0.322554907758191
0.22799047418016
0.0353318671371571
0.182213982574009
0.387629830414356
0.0698800371709472
0.264298014399364
0.228024442596381
0.244110942211571
0.424501449404672
0.362409603562639
0.405215065391716
0.299191591860412
0.284920441649667
0.276834166472368
0.269059400220627
0.30229735082057
0.357533015093487
0.509854384524304
0.453162094854851
0.286317283022599
0.17222940205847
0.217738519001531
0.208989167114319
0.432977668523422
0.271912731397941
0.281065707653844
0.266431025792145
0.372793662374711
0.319123229325347
0.348080603051497
0.377090046293273
0.244526598225311
0.277583325237549
0.313059690128352
0.354299907903296
0.308542680868793
0.203638765443771
0.205470628810023
0.37585514698383
0.328945104671505
0.221774624343897
0.516352631030102
0.317649656412728
0.267180139856618
0.373746553539136
0.294541116366799
0.343941601848563
0.433759481652208
0.388219561621646
0.437973702053038
0.105724151619747
0.326075260153037
0.480347645627833
0.262536058031261
0.394486133653719
0.483076879403659
0.397175367717592
0.431060233706675
0.264687812888073
0.367222925972965
0.281246947623156
0.417309467754454
0.537269589701036
0.241902100200955
0.280820231517311
0.386598132630196
0.348173927061827
0.425477542139283
0.365439335576482
0.376438903133462
0.419988344355222
0.270166957263227
0.461259220084347
0.386715895309707
0.403158173693788
0.295957850396086
0.434581013920273
0.347796752757411
0.395992428345636
0.448158246519646
0.428123327808826
0.478768363212016
0.449862870541263
0.371687850727095
0.475174954840277
0.642093358005979
0.545179417427419
0.400126638392094
0.421006834923243
0.453402255618964
0.509012937467249
0.476247543369632
0.429703979701292
0.357584418658993
0.337411354917277
0.589560572971457
0.491908347834408
0.593926127937165
0.292367287492346
0.554956671354287
0.460785184899654
0.380851774166855
0.530494856645866
0.458155414133947
0.41952214133022
0.411432184191703
0.444038688714118
0.57247552191419
0.506863002045078
0.484726865507154
0.561710283964397
0.369496692603122
0.451664336672406
0.425006083182231
0.569900378822091
0.411127577290598
0.418294111047298
0.462070377039768
0.413038524107789
0.428372950014521
0.494245676869122
0.360435296517582
0.543979388916457
0.611982456193726
0.577469984954128
0.585019017908144
0.479413348309344
0.565555159007038
0.467722926690375
0.51708989560986
0.511395795610244
0.718469342240014
0.525268696701409
0.52684276993621
0.45261920065928
0.562604941721949
0.569397188529559
0.508836960063753
0.513850655887445
0.588879737706605
0.590312983441745
0.740871104086407
0.626696766793999
0.459989943503974
0.408791200508144
0.710070960103687
0.460302772798631
0.445799411875939
0.595861022831401
0.507689922791721
0.637863311715125
0.561854813878341
0.628473042156392
0.615353301538104
0.625335895201908
0.685666242489173
0.589103370579552
0.561419212173673
0.620904901065418
0.576099600167636
0.472614123570472
0.65014427362959
0.625729939840082
0.634411073833781
0.684495414835496
0.603643566189477
0.470519701816299
0.524957559600775
0.610273304464265
0.542092308894829
0.527970593758431
0.541663634536607
0.632244918512498
0.634973594639011
0.675945282396524
0.603018919422301
0.541509538167124
0.81093594511319
0.612091785673668
0.708043142718288
0.685476705094455
0.702800572214432
0.663158377632181
0.681084366094006
0.498676471446121
0.698900662276717
0.580050069070926
0.466923851750387
0.633222296034496
0.430420471701602
0.494497285163847
0.821510839998298
0.5529929468166
0.793985531600074
0.744233633713503
0.587339199611632
0.552212552009208
0.587634311475374
0.707735639529635
0.75935315954494
0.546650720455218
0.714142725753109
0.441598707215259
0.712729463580527
0.736699137714349
0.687900881304674
0.674135645328907
0.794116284412842
0.652011784631952
0.796288620971825
0.703786378259344
0.582156985092555
0.614959024852176
0.727685732803511
0.740059450565475
0.681664338944964
0.776684243454035
0.595356441497474
0.588950920826251
0.6697736372279
0.670381781863055
0.541006189207995
0.713026959023788
0.653432966459798
0.759581878424678
0.674111690037122
0.701458206965298
0.731263841365041
0.793016476382975
0.704754686223952
0.557758941472898
0.676850503112977
0.742991689555817
0.611319126939379
0.604948322986791
0.67483203408701
0.785179628592798
0.84598979950543
0.723249304796071
0.656965331132241
0.752538593524147
0.681804136538857
0.635354397873442
0.754950098727991
0.773018519281392
0.762581546528732
0.743505647376788
0.958725509647728
0.728151796543032
0.889393563622928
0.849745600372313
0.493687670084427
0.707271351870831
0.849517077692636
0.777713328110857
0.778189814083238
0.823950957670228
0.592647290715593
0.711007978015137
0.816629051904973
0.680981857755258
0.804492022922388
0.880195156670689
0.841390704190479
0.785267241325132
0.729287199179792
0.940655590036895
0.970932723909024
0.643889843150162
0.979705448624877
0.919534667284651
0.759078180655954
0.76944607586177
0.840506883121452
0.967757097244646
0.794254964172632
0.874762467984835
0.881456547083913
0.91691643360468
0.899005990604018
0.912768152813589
0.777440231698455
0.787213760476845
0.930641442544475
0.905722020428389
0.84929327169259
0.882083037929192
0.798078275704987
0.692267429544812
0.861164781625161
0.78749288047074
0.936174769486712
0.773272719606299
0.740419847791954
0.779278098733386
0.856954465496238
0.920371047840933
0.843098760851599
0.736261002753566
0.933633588853881
0.859065481829748
0.953915646831121
0.938685530507386
0.902832960526025
0.80798969111968
0.912930084074401
0.759005219989964
0.686930300093347
1.00666452819542
0.956071356926271
0.832844941585133
0.797633662811803
1.04989784961444
0.902735834370859
0.9145312191939
0.917142651537936
0.848480201463217
0.890382785485167
0.964288248545056
0.95012619503641
0.947171735271401
0.769835108714455
0.905623899181006
0.878309592370717
0.861359515035307
1.09168290956
0.875566695680666
0.89325507682698
0.873163231585426
1.03669898612723
0.914621149738331
0.909186387211785
1.03750115557756
0.991532232119511
0.97002849077742
0.86042440126682
0.914262101801345
0.763062428615822
0.933094519044189
0.854210114895623
0.958253492850657
0.921950318380231
0.823084337829958
1.0785873687401
1.0921879654385
0.91098117441494
0.866333233215238
0.782939160438589
1.11069483377817
1.05597580809924
1.01879656214618
1.06737205800172
1.0393895073665
0.858953405275824
0.97470619847074
0.878477295846697
1.00324820943518
0.851381336527017
0.979706650920889
0.926470044497193
0.940250599067252
0.901233988862955
1.06884457446416
0.985875658556954
1.0006413359288
1.02824076710063
0.967451094230353
