-0.821131847101107
-0.946009827272687
-1.09827268704263
-0.953181114260344
-1.09371471865332
-0.94157509341335
-1.00333619550596
-1.01541904335175
-1.04838795509922
-0.904742100395971
-0.888977908860751
-1.16427523571635
-0.966921857473036
-0.89992564453989
-1.02879920599786
-0.973773591231032
-0.974661862688733
-0.922598550987853
-1.0116198019838
-0.975011406293242
-0.952819584560931
-0.941391728151939
-0.816914758584079
-0.852786707369153
-0.963754423699012
-0.920140547307083
-0.870888866657779
-1.02746220807944
-0.924931311208943
-0.897112973316186
-0.877951949264399
-1.0506854568479
-0.767397668687311
-1.07899191998024
-0.931566204433211
-0.854925783692347
-0.934733065276838
-1.06728242534624
-1.06901168897899
-0.83742697277759
-0.945076687445414
-0.831371032028117
-0.926076130123421
-1.01074465452784
-0.835704062059996
-0.863023868245613
-0.922869191059696
-0.936847743209784
-1.0063431204048
-0.837175079861642
-0.911561701149279
-0.883765507979532
-0.865107914915041
-0.850905208600159
-0.712793572436503
-0.92953810913207
-0.902333383262095
-0.877743666490118
-0.863110301575671
-0.890379142237682
-0.779243182246254
-0.961085334907957
-0.940223727949901
-0.95111297269849
-0.990810174364187
-0.853822284702548
-0.921634550737968
-0.817039365866778
-0.855033315179764
-0.930269575650685
-0.955722656471287
-0.900676271953187
-0.987107893143748
-0.913780921579801
-0.850645791898623
-0.889009181008191
-0.844433695831769
-0.931894705723565
-0.864431250005791
-0.872627483273033
-1.00998883734063
-0.754296003523293
-0.847542736774137
-0.79197138624324
-0.84761876021931
-0.714707384378433
-0.793351727689925
-0.858050753279238
-0.811357269994789
-0.872955101729378
-0.774900193130756
-0.822492407143141
-0.687440312826045
-0.914641429575163
-0.789138367484984
-0.708782325099721
-0.793153007201679
-0.887478961092179
-0.87539023705595
-0.764355816067394
-0.705870917084955
-0.715874294536495
-0.68913661381288
-0.770181915150856
-0.805142299773865
-0.706182333080261
-0.779797866959412
-0.74494476362583
-0.728830649516634
-0.782774300094089
-0.647445183764387
-0.677520183813422
-0.859433793153307
-0.631888250436738
-0.837931464417526
-0.590194769026979
-0.78204889370712
-0.753048879709449
-0.594448158960193
-0.810384679680091
-0.7407333344473
-0.736711194095302
-0.765728539760588
-0.72523515269443
-0.584604437425281
-0.562265669666451
-0.844873342688233
-0.665043083449737
-0.727357260184254
-0.582767211461017
-0.751759756306862
-0.626536221978003
-0.632530777032985
-0.738401127259165
-0.879479311641125
-0.750623966216825
-0.859889532637451
-0.492192941320671
-0.680381702201014
-0.844781166028495
-0.691529413015625
-0.625161454370323
-0.693155069534041
-0.711917776018078
-0.816181088712376
-0.763629604217231
-0.701807481621372
-0.764247483838137
-0.653510738749979
-0.769857984567355
-0.606920594889442
-0.906862264703975
-0.721500973866872
-0.681207372597894
-0.637706239837241
-0.737038455753282
-0.518554501930446
-0.534050306046591
-0.691319536803457
-0.674202183710444
-0.733873330313054
-0.659501344275342
-0.668110003444639
-0.57435063149906
-0.713647762618468
-0.562329272678505
-0.599567035917873
-0.547385761898956
-0.70460705964848
-0.56584059205803
-0.807239562956727
-0.627654471726866
-0.74349935887204
-0.635085445300686
-0.613859561361226
-0.336670910255656
-0.700870501571758
-0.535229660600172
-0.560047803123369
-0.642542340354257
-0.797211623660204
-0.603877668086821
-0.675386830332962
-0.547188867979104
-0.698453307687855
-0.652269096277827
-0.503367228662501
-0.631150549016365
-0.652960367936816
-0.667602048813752
-0.52086074899507
-0.609236844101138
-0.58253000678709
-0.737500645767495
-0.702843142058989
-0.604004062593326
-0.726175817997486
-0.60961408425447
-0.439296229134143
-0.619091527669446
-0.581973036279448
-0.638956424133866
-0.572581442040824
-0.459561534438686
-0.636949999235054
-0.578565301952051
-0.617929447529694
-0.641263040314559
-0.592277136330341
-0.534974154388131
-0.414479781859621
-0.65991839493932
-0.626466343237918
-0.360452957520351
-0.541515543967948
-0.620915163364539
-0.618397363255741
-0.597369629216846
-0.616092895344498
-0.641805826853443
-0.556790751934439
-0.455675555515055
-0.459217958739206
-0.494599187433231
-0.557833723784596
-0.627735966301464
-0.5475227469629
-0.487843806456337
-0.55651001698859
-0.639819641912279
-0.516359824001325
-0.426354937010624
-0.503982380658026
-0.226199623237522
-0.430616394083908
-0.598032300733792
-0.44019356542589
-0.505360429783453
-0.638600016167092
-0.430187581319803
-0.453628542601151
-0.615836657508721
-0.696062699263633
-0.530863722592304
-0.515852509502006
-0.529449049829118
-0.555477141481311
-0.527860897304693
-0.537097437576149
-0.33898727619574
-0.450486907698714
-0.498806280509285
-0.545031790199224
-0.505436149112217
-0.510483621022562
-0.349732804383042
-0.517479522221188
-0.461485537362117
-0.605414167666682
-0.487978188070577
-0.444183390755836
-0.457541903108259
-0.432938152029156
-0.49478915059824
-0.456174346968755
-0.489383341865141
-0.552753464437663
-0.407567525196922
-0.438705743307185
-0.356400663621919
-0.556012985686782
-0.501591732842598
-0.415226980061324
-0.435744616608949
-0.412327093977743
-0.295875165252303
-0.325439760237442
-0.669405324892808
-0.381188726470827
-0.442688165627304
-0.311381177283041
-0.547749237452741
-0.423872683229671
-0.496932693768738
-0.371317321247023
-0.522335661928346
-0.281633323098283
-0.528106035421534
-0.504737475336008
-0.546195429062836
-0.348066239681331
-0.374545366518683
-0.479138889694913
-0.306404449745912
-0.435285457325997
-0.390328283782426
-0.417255617338304
-0.356020853219342
-0.319458516434225
-0.317944012529148
-0.424758655209155
-0.363306832741678
-0.36204684437736
-0.217440691816071
-0.391651054265434
-0.39757469836658
-0.379116245870386
-0.375896487243606
-0.445777698944778
-0.450449107406738
-0.327253738470659
-0.327170321233667
-0.35526381357017
-0.328173189632052
-0.466678219209309
-0.448192265263781
-0.378710825206802
-0.31474280019233
-0.346484976350498
-0.316583883320057
-0.209976145125283
-0.445784359020416
-0.503995859732548
-0.450470566808448
-0.293015185990396
-0.410424639195527
-0.367310235220849
-0.368411049088933
-0.32462916131959
-0.380432045723992
-0.381763663696287
-0.257297138628422
-0.245148507975026
-0.305582934749028
-0.352552747523832
-0.332603777584897
-0.22993395342959
-0.422068718943119
-0.288733334935133
-0.347592878762508
-0.288398388381429
-0.294739689288479
-0.259443562893408
-0.293379482830319
-0.216085449571192
-0.177765141363405
-0.187489677346525
-0.348917572366489
-0.311271333346542
-0.24811866010192
-0.365865115102111
-0.267590342357728
-0.29293961637811
-0.359803380682175
-0.225547018468588
-0.175708777922691
-0.14560151717179
-0.337179248201263
-0.186305212625378
-0.198045271323494
-0.142662911970442
-0.303094015213784
-0.326744490290852
-0.331683928244577
-0.266519071138134
-0.320634690263588
-0.279000131811255
-0.107276988985119
-0.108364043656635
-0.317695703969198
-0.229605921876222
-0.0563327943055998
-0.288291418952598
-0.250316915252031
-0.141031835885752
-0.289963087184529
-0.245677585349148
-0.362723495163903
-0.293495420545867
-0.137831397308472
-0.278515689743461
-0.284484156905928
-0.166174656287961
-0.140835491555026
-0.0652131099583156
0.0357736536494749
-0.298204552585783
-0.222201497813828
-0.198393394370187
-0.143564178680442
-0.264498959085918
-0.126388664155666
-0.285181776324719
-0.315324305713265
-0.108310249275753
-0.222181383595134
-0.128187970750546
-0.172109490717182
-0.417537208974957
0.0191620089760584
-0.214054268688095
-0.0973986737832773
-0.221548223784443
-0.276095270806057
-0.15889629617049
-0.321073729423348
-0.157910467544832
-0.157052029724778
-0.20406281098827
-0.249910989154855
-0.422040110899007
-0.194079187989513
-0.147795852857622
-0.202831984309889
-0.126405318530145
-0.188015199062305
-0.136327239273415
-0.113680984315978
-0.0737688614409226
-0.22336148327286
-0.223819510248299
-0.0628104449306234
-0.180930333546076
-0.0273059079964364
-0.121782731145043
-0.0814461144513228
-0.114762310075073
-0.135909891858347
0.0592942901224784
-0.134923342969497
-0.306986725470979
-0.19358199091493
-0.121078959346156
-0.128179290714509
0.0167490469823915
-0.0748867555532988
-0.231632458638241
-0.124012856442216
-0.14945113476181
-0.0989268714472121
-0.17770310292535
-0.121156511949244
-0.00565145889998893
-0.105024301394745
-0.0766317193069417
-0.108736423632653
0.038221076098848
-0.148161557134177
-0.108495595155576
0.0447027506816794
-0.0628652752118495
0.0501511087808864
-0.0060617629038909
-0.140995652390965
-0.105744978577384
-0.118886092565953
-0.153698986122496
-0.0467994759877176
-0.121928458668509
0.151633760120573
-0.0441092679915944
-0.141308734397967
-0.129058598073763
-0.172788917032213
-0.0348700891208316
-0.0255386095505788
0.0118398292746076
-0.0180485401754426
-0.0674574029361346
-0.13169200875678
-0.100883936788962
-0.0489282146567784
-0.0670314436039384
-0.0612849312924167
-0.12994629816875
-0.0923130935134576
-0.0204358122447638
-0.102253958199391
-0.031776915811051
-0.112006844957042
-0.247838963707923
0.0515485913462346
0.0471073939044489
0.0638145984306056
-0.02316451550103
-0.180087083860072
0.0816717272407629
-0.11438496826925
-0.0535351782860546
-0.00973647729736564
-0.130567308320976
0.139550116954248
-0.0189651611971333
-0.00832729813938297
-0.092901183397222
-0.0214977492626799
-0.107104384164239
0.00551380065817924
0.0575311885075057
-0.0303400665659544
0.197929072147398
-0.243071624176782
0.0685832396188218
0.0234381797229056
0.113923405842497
-0.0248179150810671
0.124957661930322
-0.134160008612458
0.0871038615610419
0.0374149359463628
0.0784747106592549
0.0751278467911533
-0.082624801508819
-0.113861860099171
-0.0582627375219221
0.104649510560475
-0.142163804399805
0.126084829517114
0.060812216613351
0.0317010680467814
0.0361838910296852
0.0438829831602425
0.0494173304481292
0.146413956920445
-0.130069397100345
-0.04383073605248
0.137317911561439
0.0474293505377765
0.0815434243090657
-0.125476886296184
0.0243381643147071
0.175110710867634
0.0663431680854145
-0.119401378056874
0.0456663571424126
0.100661042971913
0.00915032784066951
0.0479831657536631
0.0957741213651859
0.106975274484775
0.146911637136718
0.155244082010038
0.0914789978324759
0.125470953097121
0.113911538581802
-0.0877619264304549
0.236873776471894
0.0845223031774689
0.0196333554492888
0.0900726547862612
0.199458978716546
0.0974192745295792
0.150034272040519
0.192321572815775
0.120612478401758
0.207950753156517
0.0490833037070379
0.166134815272527
0.188981015025709
0.249102200289516
0.132497235157289
0.223337699125841
-0.0316735481003037
0.203911320074705
0.105985560304251
0.101739207868698
0.146105404684587
0.0234236274577432
0.0639572135312313
0.218223343297712
0.18356652069939
0.188102345161889
0.245824643322148
0.237907455833155
0.0667698268384235
0.170820115208175
0.12296518656188
0.0710629900213611
0.148234919057414
0.222699427516137
0.258728178667171
0.107386093284505
-0.00795631233509188
0.148380799753028
0.0738966646444563
0.107967680747522
0.120453512872025
0.165294212358239
0.153590023438706
0.187105462540609
0.285236315606374
0.0995759542512797
0.181582151797089
0.322094297228886
0.277708032955545
0.173778376498142
0.0456382897360574
0.118013710709359
0.449657796876926
0.272729604234362
0.125499323135978
0.105168857415987
0.197402454341961
0.123507519386726
0.19982938574572
0.276519794121856
0.149165480492413
0.29709117357561
0.227507032475388
0.312320302946549
0.0820976035109438
0.159755847791475
0.117436893353247
0.190770413772561
0.174425776213235
0.096481603351913
0.398509886116177
0.310154974078285
0.263837767002452
0.319581731350359
0.222550577205812
0.30933581162524
0.341053746358977
0.246061084248241
0.271924778597018
0.19334748435539
0.243546920970248
0.389237963926533
0.203526373392248
0.324163963461626
0.314589231451359
0.0946529615771198
0.272091903235273
0.251549259533238
0.336101749067082
0.15994797417677
0.20022688873071
0.123600213026549
0.352248805590666
0.149485085542585
0.357353372839568
0.293521101383244
0.349880149712865
0.268913381517681
0.453337602326604
0.413556833837672
0.336689409600847
0.300500307680866
0.196912577063273
0.310627476996915
0.366354113431455
0.170885739222115
0.245412986875315
0.290236954761823
0.300349970634714
0.316288905395246
0.308488518075136
0.157281875634295
0.381709368421788
0.445936885264929
0.265265766371359
0.408686293797494
0.197334665007696
0.238437455829209
0.196617941706198
0.390500792904844
0.564731444913572
0.263071467160192
0.220938559494204
0.353729764240521
0.397189619554535
0.357655561314954
0.477771719270397
0.378746294315251
0.425066400990955
0.232912027018966
0.255236623683485
0.435112779866089
0.321356105759502
0.28661290859637
0.469635809256691
0.468992177057502
0.343773220233793
0.306347135903518
0.285798030364383
0.317768991203034
0.423170663859174
0.380825158720686
0.355721795209831
0.319485388914508
0.326391058561077
0.27312195854379
0.345243310316283
0.346482951804484
0.255634188774924
0.384922760406711
0.340506052531991
0.234963216519951
0.501323629696318
0.440931363065213
0.427361488330602
0.457242321988695
0.595794515529639
0.362222674976157
0.247179414756163
0.511299953063525
0.459787066752141
0.37657125218343
0.496169480341488
0.39854060458811
0.602269173621906
0.336889221035463
0.397378027840434
0.461038173610603
0.40766687310569
0.410215602247481
0.454830353982392
0.444180695550188
0.408019301899858
0.390806028135435
0.416605187828336
0.667053609319853
0.433816043644255
0.568911034072968
0.502208141736905
0.39855390770876
0.619556241980108
0.600574614870572
0.447509268765693
0.539567657272259
0.378921249634202
0.287156987965866
0.51081956446559
0.476286908071116
0.594743736184849
0.372637835514115
0.380677226484613
0.425031220712938
0.35035772239712
0.36765676809836
0.54351087587373
0.47667418218534
0.588384326903932
0.492312869930474
0.435182880635312
0.483525990224656
0.578374196536076
0.532318308135659
0.63813052307705
0.479211115373433
0.437869751254688
0.596915273984409
0.563810440211947
0.462146173950882
0.516634041961807
0.466266591352257
0.459901657864352
0.43694485148479
0.582171453614504
0.607556346315123
0.646631520590358
0.614514893604141
0.558041595006686
0.528119689509836
0.594512971683452
0.648465136149513
0.567138536414958
0.554178634121918
0.577494966143587
0.513882387273128
0.56453111357734
0.550190203933452
0.532756530098678
0.507541459313226
0.471494351946764
0.628729926027907
0.580870578504799
0.621486755696412
0.571379987257398
0.59632075779425
0.546969343797246
0.5782479273764
0.481970776409793
0.604757310161946
0.521323507693603
0.5999820635005
0.572734325706567
0.496346949337196
0.607786936821315
0.493351090040257
0.560985393313711
0.527339699644168
0.619724379618829
0.637399285293805
0.611031031760357
0.48574130482173
0.496036654669693
0.534313922006307
0.526667230826958
0.771817362230542
0.674741101337244
0.416605289183799
0.516972856907517
0.644532865143539
0.612305711539652
0.432039360362279
0.620605934584961
0.631650769924432
0.550307338649764
0.584175232830325
0.586219831051009
0.738014204397805
0.573053116787684
0.555328270394605
0.623905634005038
0.634474770893891
0.5494190614297
0.591202634662078
0.74388527706591
0.626506839789365
0.562419536820331
0.704646595982151
0.680983149400538
0.723895486093598
0.579526444798054
0.716719035375007
0.692034722615873
0.467625598627567
0.559555773597519
0.52935906115153
0.596707273666429
0.722043487834709
0.556034843809997
0.77166185433272
0.721865614006016
0.674973516510592
0.846260690420149
0.62822106966315
0.784972855448219
0.634137353662042
0.73364729561218
0.675395635296606
0.873856325405036
0.63381824818372
0.485126646799783
0.730322091674946
0.819173449572424
0.641169396092843
0.739191014568481
0.597455601501107
0.55009523993951
0.804412978070192
0.680774018708333
0.616938534936791
0.717751724230582
0.932652658795051
0.669224095187665
0.774754332547842
0.765596070033329
0.777208442010572
0.883312639356652
0.649086021634836
0.784328614729276
0.777518873023242
0.655721409528177
0.669878553849591
0.723738154536737
0.600823124925334
0.628560261312313
0.743504726549797
0.59215010464625
0.672801667705602
0.838765376319913
0.762350754927751
0.931799761146071
0.785952012925525
0.744497569253116
0.673403614090646
0.921705015858575
0.900964553889809
0.697661134336905
0.827134247993036
0.726079793998828
0.794129474252521
0.768555243414539
0.716424939630369
0.757524325556104
0.878229380955486
0.679285138222307
0.663057844888775
0.913196103440502
0.837051869014159
0.774330397789158
0.832915563987709
0.781420557178495
0.734132855584688
0.905094071543459
0.822628612579005
0.906886987902528
0.786791121801138
0.703564806573162
0.681438538884197
0.789705466388302
0.827535398339152
0.881165928385665
0.97335895379909
0.902189454151693
0.810615348550313
0.811908202058325
0.857437286951333
0.846178172718527
0.766304843397814
0.689040741559668
0.928493681358768
0.945161923555245
0.999237023683681
0.870236728130482
0.934394384177489
0.866881730342894
0.990843850790094
0.763308917750616
0.970067331339181
0.949371636500725
0.869956890582797
0.849999881513527
0.843570385481687
0.792426528361359
0.82989865906627
0.98673536867905
0.873115826780213
0.917663018642395
0.825275688245486
0.799602515368643
0.990530839447335
0.90976064713153
0.837823295991278
0.93301146889456
1.01697169526739
0.869517400549572
0.965878774152323
0.956222483236339
0.85788987615817
0.862685755830917
0.970062134283304
0.899549456372496
0.866853176859155
0.966627083937679
0.893277029469091
0.889831160699794
0.895007954110519
0.959669276879543
0.810706976660899
0.951509311397441
0.905932004586773
0.833288233229585
0.99628811196295
0.90534046684067
0.856183177915991
1.06395389673328
0.918111040703251
0.992783897712843
0.887027852564364
0.875780523080322
0.858958018722568
1.10568727786586
1.00216316575783
0.722208900421339
1.12010792351517
0.981196775256949
0.995937309846708
0.974803041425779
0.939240733028366
0.910551638584126
0.92830152197241
0.864286808119369
0.872592586195794
0.86952976746433
1.00318108662877
1.03128567433569
0.896165488412665
0.772993863430685
0.930177251694245
0.978502790293498
0.879394324855129
0.961961981893763
0.911779749411536
0.962586070849913
0.94465869660541
0.83181379296599
0.956925003987293
1.01572001120362
1.05153598671124
1.04267189541722
1.01990548096979
0.977289689526171
1.05973606729773
1.12389834211854
0.953183523596483
1.00470101384681
1.14803585455715
