-0.98237476338805
-0.946708846124832
-0.937982315988162
-1.23055614673328
-1.0515794371566
-0.930613574538239
-0.772520570756911
-0.872415017594395
-0.989005059502746
-1.01854466251716
-0.944269563751899
-1.06191181476841
-1.03485571235912
-0.99978238360515
-0.869707235255036
-1.18388089917172
-0.962792995347733
-0.975525884950769
-0.989910218355676
-0.85156418382908
-0.875959760451168
-0.869059079044984
-1.105943778046
-0.895420982682422
-1.00499286128165
-0.942623613948259
-0.901965532723484
-0.930394974271608
-0.977412389185678
-0.912742920368426
-0.907604804094197
-0.904508958020817
-1.07634578044856
-0.762722608485254
-0.951086266098407
-1.07735167140615
-0.933379807687065
-1.0377398212322
-0.894140600999968
-0.989228359620965
-0.803997278505787
-0.964046708148609
-0.908174360049179
-0.86567262830533
-0.780334114687052
-0.862863500934198
-1.03012335680508
-0.918893851456943
-0.736887269873708
-0.939571390537278
-0.852738327949118
-0.876322744872533
-0.795700644951268
-0.964111819326036
-0.792721420600662
-0.944588853758531
-0.977847965674661
-0.904315590865829
-0.840698853402851
-0.971241089971299
-0.895952542975748
-0.933617602227695
-0.973502692922669
-0.944460993610474
-0.903239380660538
-0.671931374212924
-0.841604829071049
-0.912682591259849
-0.932732432864058
-0.877967824257353
-0.941639238320053
-0.805266322816016
-1.01445346137351
-0.84525611114349
-0.884475966709458
-0.870826131301091
-0.827586475028353
-0.856662014554569
-0.870636305364473
-0.819380918817005
-0.84219797953266
-0.757097557096889
-1.02957763899298
-0.797509885271625
-0.749296057187784
-0.913859017864428
-0.774380717007799
-0.723390219788456
-0.84642735816941
-0.864649999242366
-0.851244136894
-0.713549228357566
-0.900258239786783
-0.740041363839154
-0.813507449564708
-0.74118381916879
-0.775205991770417
-0.770000609805894
-0.790316251942423
-0.791222533731761
-0.798525094576258
-0.711329151363368
-0.96087923861973
-0.85646791885688
-0.754408945206795
-0.849487698620008
-0.8144243043619
-0.786456793714073
-0.843657871373022
-0.670496773308695
-0.767492527159676
-0.692668323265348
-0.726594641625118
-0.710256292321002
-0.909328865416375
-0.766920250391644
-0.86883635011037
-0.655549585215653
-0.734384452936087
-0.629809205753189
-0.777897611511109
-0.757276791103591
-0.686824608017772
-0.687387815447439
-0.618499757492719
-0.648159820770289
-0.806445257935876
-0.685414244018545
-0.834018360443368
-0.705568965957755
-0.700394309921862
-0.843000469381106
-0.682060588114633
-0.652988728328256
-0.534097720812584
-0.64486739140499
-0.623519757634955
-0.646747846187184
-0.681258371501675
-0.641847122453067
-0.669576223328612
-0.727674507706714
-0.826834483637385
-0.726338295411643
-0.788059018723594
-0.728594684339636
-0.64572717232186
-0.755438328969061
-0.521422016785637
-0.752342166596067
-0.666501143751582
-0.872087256051049
-0.691863309279949
-0.66700412644958
-0.784732825493585
-0.66955153393158
-0.729593551995373
-0.778804641163315
-0.623385053697464
-0.709760007666503
-0.66393932404031
-0.751774183143192
-0.696294222872679
-0.625939153518535
-0.585529388651245
-0.761654972070707
-0.489744766915498
-0.869241323563135
-0.741253461857535
-0.635623510742636
-0.713415773804432
-0.73982514863704
-0.671898042081441
-0.866705059507516
-0.64846142955343
-0.529656598328549
-0.746214047103534
-0.712062824563225
-0.713396279040299
-0.629278185406525
-0.514227246979249
-0.555400807496726
-0.71304077577229
-0.638122176423835
-0.618468042114366
-0.697626344937097
-0.575215656892514
-0.755563571184112
-0.616682456554605
-0.703015451865215
-0.616202458771775
-0.670629939266019
-0.621665645151855
-0.616905240105673
-0.632836737609699
-0.611920690409331
-0.61781497342497
-0.727582175973982
-0.779686800889191
-0.681956407260933
-0.601151703467992
-0.684778660988088
-0.5730163048202
-0.477953276579106
-0.521142526004514
-0.584923997588553
-0.647608496426868
-0.755442297439413
-0.557492692618158
-0.64573107919498
-0.526627890643993
-0.530576148411603
-0.447969068965819
-0.752963491955521
-0.664099684909538
-0.589851694106392
-0.353732494673137
-0.563200488804653
-0.559807840769376
-0.641253469624456
-0.64982825122549
-0.51761755715524
-0.512313526370583
-0.475032721823764
-0.566260767621672
-0.381593933699541
-0.667406487202116
-0.589801653719653
-0.550612482785736
-0.579266794460786
-0.622028624606583
-0.637275341200361
-0.426258410401211
-0.605260767000178
-0.524434516326435
-0.533567870680829
-0.453240223149832
-0.7530640308147
-0.482595745266353
-0.587270793215022
-0.553765566750581
-0.555153017445813
-0.440730129174213
-0.389247654179498
-0.577900367849167
-0.393368789127962
-0.561421158355533
-0.456502414813199
-0.591093815827883
-0.446284018075259
-0.433715643858555
-0.442659058993829
-0.443805516938312
-0.357482146934949
-0.564860414433868
-0.623392020819299
-0.397883100582897
-0.334561406636809
-0.514546597811062
-0.54101103053843
-0.479654415719875
-0.387466328915526
-0.614595614366416
-0.495128691168739
-0.52744701182856
-0.485674313546634
-0.252248454886138
-0.561301212408977
-0.374346554534289
-0.502216093276796
-0.417846668375216
-0.38275798213225
-0.326162636413188
-0.308159982778091
-0.623445121934841
-0.319115703451957
-0.476423504036475
-0.520001005315099
-0.305496883219345
-0.465426826420737
-0.513856546853312
-0.405289736402937
-0.518815517616094
-0.381620505072897
-0.475425936162342
-0.470032767120367
-0.162647283227323
-0.525614889408701
-0.403978951367381
-0.322786943034153
-0.427764017848626
-0.448388741362236
-0.50384338594909
-0.277284665127849
-0.389624445649146
-0.331047997886551
-0.49086136209399
-0.297100293091441
-0.317923523151265
-0.334191902834017
-0.434756165838307
-0.425414706377369
-0.33548251750619
-0.355165896077199
-0.321718905866274
-0.272368445760036
-0.485517341740305
-0.396124456885842
-0.373238694144401
-0.35635972422331
-0.411587331303824
-0.476262192992671
-0.405353832421934
-0.384374338263874
-0.403766404140892
-0.544151664254726
-0.443551432255809
-0.322092904034569
-0.358094856820845
-0.377630718127075
-0.329398245459858
-0.353517827997962
-0.468225007117506
-0.326766038706585
-0.174615687605302
-0.429747842002316
-0.390575549866266
-0.253762523502783
-0.242112412334252
-0.327066455382281
-0.494178056481315
-0.402684596154001
-0.23149619298905
-0.387085825736866
-0.378243297316191
-0.292441305809628
-0.338073144396626
-0.334538854026429
-0.388380684043279
-0.338403588541237
-0.265461913714831
-0.532355394169309
-0.157449825508927
-0.294422425050553
-0.124029388951186
-0.294576358365944
-0.239713739493691
-0.283015604636601
-0.278946821284295
-0.254290225920173
-0.364155131717016
-0.266149126129245
-0.288069924642445
-0.262277951084721
-0.450034574494288
-0.24213524949443
-0.335267751122296
-0.252846244739657
-0.439967461163459
-0.404502791572245
-0.261983197307884
-0.364441047417904
-0.366451350143422
-0.128901401029988
-0.317779906511536
-0.273335319555318
-0.208183707947413
-0.328504736793992
-0.442924704964271
-0.292580634816821
-0.116776401715839
-0.355395373991716
-0.236540703498622
-0.285488660032218
-0.275795066417051
-0.276142242916689
-0.100448488917466
-0.34251392375746
-0.288842972744625
-0.219514975810756
-0.207753199395096
-0.149584528674438
-0.341425895436071
-0.29431160181693
-0.25902924809223
-0.252345743340568
-0.316693035529413
-0.200186356136108
-0.268894331960137
-0.311994755426343
-0.385507064102959
-0.293553998222919
-0.210650223366781
-0.179287568656189
-0.238508229783661
-0.222750922585755
-0.326175878115157
-0.217597791241461
-0.0621592672585213
-0.110845685534081
-0.236337380298057
-0.25679794313109
-0.203273030067291
-0.256731632295731
-0.304937633192679
-0.147277689646973
-0.245590843701118
-0.160387856662216
-0.188208998574716
-0.217410958845703
-0.220581508675801
-0.170936940974472
-0.254263448783877
-0.23430460692417
0.0272501736801978
-0.236121047016361
-0.232370105540926
-0.000575614425572319
-0.26639992627718
-0.150722540149582
-0.0976863754474361
-0.202342682508189
-0.173440205775701
-0.0469263816644004
0.071214732534886
-0.0777837435316797
-0.0956238911674832
-0.0552528326630239
-0.292859379951067
-0.0827492366103656
-0.292728049098436
-0.118989919199007
-0.190401284029262
-0.0230999776256434
-0.0908212513347816
-0.147434048382871
-0.185747770052626
-0.0959765530715191
-0.112667912227314
-0.0984115222483418
-0.206635522405836
-0.0647364536515276
-0.047270601124674
-0.211792903330048
-0.30649961736835
0.0270197737983352
-0.150749517034152
0.0257368540952569
-0.0934078639140169
-0.12773693769142
-0.142381345824479
-0.0805317403845089
-0.142489441382788
-0.140660842769002
-0.0991380899307174
-0.0906532381743932
-0.00793225736347359
-0.0207982434892101
-0.0679640292450525
-0.112699904618268
0.0227396114447718
0.0491070368176324
-0.106563349253528
-0.0479053310191297
-0.034369391823426
-0.101712718268154
-0.0198060180640633
-0.0417994445246531
-0.0150785397301057
-0.0153395088753062
0.0125677250545455
-0.103613242586524
-0.106971760159535
0.0619237865599103
-0.0542196394178433
-0.163269169474976
-0.0430968462278279
-0.153306621771545
-0.0302495100651646
0.124380731490936
-0.0451598603896533
-0.054085033397084
-0.0205725584519069
-0.0243915773781841
-0.0989721850107886
-0.0776573016209662
0.236906420220079
0.129287078095799
-0.00336653142897393
-0.136239319542941
0.0305204694642035
0.00685453049410332
-0.0442132728398563
0.150284238858128
-0.0350687472798891
-0.0245803398743401
-0.0245835468265901
-0.0426350203722228
-0.185206126401671
-0.0212773429064767
-0.0620371888509726
-0.0947984056219848
0.0739505317450956
0.0620685582082488
0.142609376279051
0.101407072293059
-0.0602801082822087
-0.0676321187021302
-0.0216688500455867
0.0387071699483921
0.00813891579092064
0.118700356889486
0.0493955830563133
-0.0396548988766573
0.033414766551448
0.0652876918287328
0.0535361455957605
-0.0367038095046272
-0.0736664448969268
-0.0540518315183617
0.00654095619460076
0.0253512285410468
0.0357277342761448
0.0789173549019192
0.0881497166180453
-0.109996986306538
0.263604330967945
-0.139722596327761
-0.0543495587824947
0.00365341119381088
0.118674423020589
0.0690202149146616
-0.0835136592685991
0.0687057893221823
0.153998693385669
0.0872648074555895
0.095404833573001
0.035803840255682
0.0372005296821529
0.174254302069734
-0.00570136246906133
0.191438251776589
0.254935180204542
0.0354521190142628
0.0617771986162534
0.0288402272975048
0.121559568789464
0.0211950666009413
0.118861338725109
0.0635289495373283
-0.0229568708950595
0.0670927675951784
0.00998409754326096
0.108031838587781
0.0712244801537666
0.15170104689038
0.147790651947609
0.163865007631232
0.144418897294296
0.126431862970278
0.170278091702536
-0.00748785399853918
0.0758827166129169
0.0877125499608235
0.172854726110104
0.210640770356493
0.2432273470828
0.188263522791412
0.0909293962154553
0.135345131053806
0.146860409660171
0.0415455418491741
0.123053047391856
0.152333247700457
0.17524552666878
-0.0345102018070415
0.235221015875828
0.116260294610292
0.13568461494102
0.238157440523238
0.289707601466664
0.144839885664894
0.151756105985616
0.103048697163299
0.135411139377673
-0.0155257564618873
0.29746268778504
0.410901400062177
0.138255815055313
0.226673356265619
0.0893337851569279
0.101315317460343
0.163334489807613
0.32471528283363
0.319542586198782
0.425488053715515
0.071882611940141
0.269753638830511
0.24610644137476
0.131497418830218
0.154658074385101
0.231248666683551
0.234225712308986
0.181146543735512
0.114158724850671
0.247577698964067
0.340905082605799
0.291033647508733
0.244162781913482
0.250252003252637
0.210729910453832
0.226718656504129
0.132185267519142
0.317613945229546
0.286151591446335
0.305351548268774
0.36898376464221
0.303164301723525
0.147523726787672
0.240201001337202
0.222792423523198
0.265220953794562
0.291597852080343
0.43697558611133
0.173183121203363
0.299753245599918
0.193172210982708
0.161141049954222
0.236495802104629
0.2101991671554
0.270689883100946
0.243257927813941
0.297985596417109
0.467085853824279
0.355747974776406
0.318950929656742
0.241684850276413
0.354531558349088
0.311170504043537
0.303035695623273
0.190224441544887
0.343125298785574
0.277368091839528
0.311611248094376
0.311393493713794
0.147495753680508
0.245777472609703
0.354065227709189
0.478921574528201
0.301844654437924
0.372910089799816
0.214201371369859
0.318715799501735
0.220832836443445
0.278412757194939
0.319107415698605
0.295499018479749
0.263159189871369
0.380718779013875
0.45259688374864
0.342323356787124
0.304377829448787
0.447943052011912
0.372990315509005
0.390275842319862
0.389828753027989
0.332088171613304
0.26571462149162
0.17865058888017
0.400871000776493
0.485324576994646
0.34591931246288
0.405480962602614
0.485495328703562
0.365307566550754
0.34954002478543
0.362614651129648
0.290389894896752
0.277764106910687
0.506056081461783
0.366879775922467
0.553584073596058
0.429280519161288
0.310066567766747
0.249417201307602
0.359569959698182
0.468192871287309
0.312359151811423
0.424920646211806
0.325475055100125
0.28700775520042
0.5365145260819
0.506986449593878
0.472508196892724
0.334789485844969
0.41605511406099
0.387590802048233
0.593335277124061
0.39811397626153
0.405032277378068
0.405973102984131
0.438406474182774
0.517380785639139
0.410135393586832
0.332018200264042
0.455078697789401
0.300380046274898
0.358848258016478
0.445210366640089
0.445401959339284
0.375043978505109
0.492578588095374
0.417876264704489
0.407642861672969
0.265850092032477
0.370891041496062
0.352858089701307
0.345817889030132
0.459755734475382
0.439440347268503
0.49407829019489
0.338254023144918
0.330632923831905
0.36895520388131
0.480257444453078
0.569925434127508
0.459170679156847
0.560420641857279
0.492497688586602
0.495921728625033
0.448963976146389
0.395504273678981
0.540549842153118
0.450870774516238
0.528390797221085
0.510757351345758
0.503722133949914
0.588820303860933
0.582980195026934
0.506738550401776
0.481009968365966
0.392503538884561
0.379118857416857
0.515369215033405
0.518076060397061
0.522577482516967
0.504841183649985
0.549310188835262
0.534901225189285
0.459027086124406
0.566323419952683
0.458894143159387
0.396289433636366
0.430349998269733
0.524260203225907
0.653015849385028
0.494097737199595
0.455174975726584
0.55176327101385
0.640861992894552
0.489404361144887
0.400544497335967
0.382140251632162
0.518219965405772
0.593330989975465
0.547203380207097
0.491340395325396
0.460383207477431
0.433320334849073
0.423579758899076
0.37411753303205
0.525318640720233
0.457784556248109
0.702064273587473
0.634298379813662
0.608695354662231
0.61566027475194
0.515016831195151
0.586080023210928
0.466481921794142
0.534038985113793
0.54864105700422
0.397758050620379
0.751763276285931
0.621096029518826
0.573028951314635
0.621750085374865
0.802161144464469
0.576555527331957
0.602177188840234
0.750582143890187
0.742717300471789
0.693950270782062
0.502760608183168
0.609773146091521
0.575884667462688
0.558232288742563
0.682784567581514
0.639595243027424
0.547680609534071
0.718269517890887
0.573955942718094
0.783435919247809
0.583219560239244
0.605787220517552
0.718552566117922
0.627697480997302
0.703740806226975
0.437288477610334
0.663629047494709
0.563761935425206
0.740467365909721
0.621199479834257
0.5506355729317
0.552844275095387
0.632487314055708
0.744118641052795
0.68164095634117
0.609469756822747
0.760293997574404
0.714791255480516
0.456184648414271
0.618213789388753
0.693990764785664
0.732479025448868
0.522321647640411
0.588860578242106
0.61395707228909
0.536684155169285
0.651877889816086
0.733909938410579
0.671002944010428
0.588935098813925
0.5567950464289
0.602045240018292
0.731570848724753
0.707706944649403
0.717456684627081
0.667383757837227
0.689710593777252
0.576476560942558
0.666668300071556
0.754452388655555
0.831997460126604
0.5497679191276
0.716918512759245
0.72507365153416
0.741494805058707
0.678172555663026
0.63472195873243
0.686297329204649
0.668424720094695
0.776983326767015
0.584070514332649
0.780278580988432
0.608832797106844
0.724957587183045
0.60954731700587
0.693749578610594
0.677327518666588
0.554075997891934
0.507261103907606
0.827140249697657
0.594334502859842
0.677996697078847
0.913461935729847
0.790627022902652
0.796669740871813
0.689576234168209
0.772736334343007
0.731957833496264
0.697554539024872
0.7247110837685
0.809676304528292
0.753688939191076
0.770285825190777
0.782792759871797
0.739079636484548
0.756861818958213
0.755506502056547
0.877750411245395
0.911203710730281
0.889523915246573
0.766746480570225
0.82936067768106
0.78792749892891
0.660183439086379
0.72532910279527
0.910867155019154
0.980555540158298
0.597051078723154
0.752836481560954
0.757900720763632
0.813739699611268
0.767555303433263
0.875697935374317
0.88895255995221
0.593244876346714
0.8354021681138
0.887458174483599
0.81315594195364
0.750050623903748
0.83880507215657
0.675679515535229
0.714934037928091
0.818549091925247
0.806599815420045
0.918310942950524
0.942742884425184
0.852938082253303
0.748317130242292
0.930520882870374
0.760817804595942
0.739882944666726
0.984213737542745
0.677940454618019
0.751490588014945
0.809719916363468
0.648563014792841
0.817869337061206
0.863486539489313
0.945806170555873
0.788011061645432
0.784079172262141
0.856286073183837
0.923890406696637
0.907357455846961
0.678637635294094
0.943148775950299
0.873396995502004
0.776057606959993
0.833436581136589
0.759605687231235
0.741302446145941
0.850696825897064
0.981742322430205
0.686640136845836
0.765047895723699
0.938602198314653
0.835799443845268
0.926263507459928
0.98447524461803
0.764238406727518
1.01544294097583
0.897159406020654
0.918224450188996
0.979504010040904
0.876187124572547
0.814600956361474
0.972878934677535
0.85448365355424
1.10958679641255
0.769956802324654
0.99777016971943
0.6917424082694
0.884456474432148
1.01000567559694
0.864414286534578
0.824954425073662
0.854794074253785
0.805293015546995
0.939904016319552
0.762164649197333
0.99913245906714
0.981557018310108
0.950913747020247
0.911745273597789
0.894497781651558
1.05132594058531
1.05773345969815
1.06829640144483
0.844747761260466
1.03481028924579
0.856707651225138
0.951150689717324
0.745544938747634
1.1098987963261
1.00133611179185
0.96941100039872
0.973142424520376
1.01606205444123
0.941024075442847
0.905872802054995
0.981467754168124
0.977366249803492
0.921798695240531
1.03764978531412
0.995689397707603
1.20245017124162
0.885360850847191
1.02651059255464
0.942511827259701
0.966059349629035
0.898164666963059
1.11265491396658
0.91624776132508
1.09048718648095
1.16330349274666
0.933478482963641
1.01157637675302
