-1.05488132124122
-1.0024317796138
-0.979426835590448
-0.915603945822283
-0.925557363130417
-1.11822416431466
-1.06239165963973
-1.12375205517224
-1.09879706454198
-1.09072847117384
-0.932983129904742
-1.03573294390574
-0.948175832535908
-0.958387706610059
-1.04908302461285
-0.991960387822487
-1.05397456404423
-0.968288203305851
-0.843973717630012
-1.10160035419691
-0.876633637183739
-0.948321213765327
-0.996947410051524
-0.901870977985813
-0.892265287824327
-0.8900024495167
-0.948239567867699
-0.844790062288278
-0.968494173042735
-0.852869530025179
-0.968613518215899
-0.783612553673423
-0.983249207435957
-0.750651120538252
-0.976396530609942
-1.01749602304572
-0.88260299792933
-0.913957224407448
-0.736010397180859
-0.835254782636647
-0.866717408420434
-1.02250996163092
-1.02952779010731
-0.735531400897213
-0.80988753484566
-1.07624417921463
-0.912300560837309
-0.772250094971836
-0.743244893622021
-0.922080431933587
-0.977624396317615
-0.978721462089172
-0.974485557064939
-0.910331339052519
-0.985830024484916
-0.948763203857416
-0.857353233523839
-1.00959992011311
-0.830345760286865
-0.883206527599025
-0.910012775060754
-0.796575640803449
-0.959562534939474
-0.871820028829335
-0.8615557747347
-0.76582049821379
-0.918069073520908
-0.875259505026084
-0.869324753168596
-0.886728455929212
-0.960893333176922
-0.845116694583348
-0.793856554455918
-0.782635718167681
-0.688735092843038
-0.787324687004823
-0.785012573064692
-0.839001305534443
-1.017763796467
-0.883612527301272
-0.805082409369831
-0.866333996924565
-0.769052200178379
-0.766890208331685
-0.860861019080342
-0.963318832447756
-0.717416370991479
-1.00533533838566
-0.784526820980529
-0.785316606244291
-0.938451345038125
-0.911744092072234
-0.768656061343329
-0.884804789542591
-0.918076805133243
-0.823500591005433
-0.769028443618085
-0.88635389208669
-0.695869027585698
-0.777342227275102
-0.788234704335239
-0.706779640754255
-0.818869266530384
-0.918736129186918
-0.91280638866337
-0.792409337272783
-0.87655365027847
-0.769609924377973
-0.777902856154855
-0.906974581719707
-0.68575410831253
-0.74818139522927
-0.815161382170969
-0.787340476141857
-0.765265407617042
-0.744235064222436
-0.724368432851959
-0.77395124364687
-0.699289784369482
-0.781400633052006
-0.842258329381228
-0.874004450460369
-0.66493306118683
-0.740095483801324
-0.67408981275614
-0.693238282256787
-0.825169057263919
-0.877291660143919
-0.780613057900806
-0.751968587540002
-0.805742308964174
-0.695510304883303
-0.656115053735008
-0.800391890722047
-0.698994786684665
-0.687696394765948
-0.845889868398208
-0.819173489311357
-0.707502514348933
-0.659040450789816
-0.777777124912431
-0.777780832516278
-0.740154086715654
-0.796975070866573
-0.758386754749881
-0.868990554844343
-0.695292178283
-0.758362351831852
-0.722927393813386
-0.710766614678458
-0.728935999678463
-0.731575220365294
-0.559045167734494
-0.621852231589569
-0.57848364610073
-0.618406509415077
-0.600541756513528
-0.684968264510461
-0.735975340001192
-0.664467809951544
-0.701403701184091
-0.847016322084756
-0.712843824287455
-0.597363186491466
-0.597478324040158
-0.630509755571972
-0.588114778641485
-0.853862809785383
-0.628837006153105
-0.659689637630262
-0.723419220251147
-0.709726751518048
-0.687954618611235
-0.768637759689842
-0.547722937580847
-0.585632530586649
-0.597433555093897
-0.757248398038136
-0.646868773247266
-0.50998886316878
-0.464353034522388
-0.684519149656989
-0.75661727086746
-0.497328220904445
-0.641717421291549
-0.585298986726132
-0.770081876628794
-0.655435730309113
-0.715659360033165
-0.638292151548605
-0.690572629168192
-0.600392682135897
-0.486485584042609
-0.752510077194403
-0.661216094360774
-0.600854336443463
-0.677432750120055
-0.722704718625591
-0.609191585931518
-0.713965468312266
-0.617427433268213
-0.679972426366538
-0.482463671957722
-0.652097756461455
-0.656645503170426
-0.63936809617672
-0.453237758066232
-0.605742383067964
-0.677232008152849
-0.650487884302366
-0.625840562292413
-0.566421221100288
-0.531580587649538
-0.542534985910261
-0.644548748487088
-0.63022058905696
-0.597325949038735
-0.535394117265389
-0.451180946477195
-0.591476690643709
-0.604866884632703
-0.687312019094149
-0.386660578110547
-0.46698044433436
-0.523584821852407
-0.576880559187672
-0.549571771750974
-0.578419397072777
-0.407639457788528
-0.69739565207899
-0.644605472499726
-0.569480060226207
-0.437326958765181
-0.423346948196526
-0.417934106220508
-0.676912547176417
-0.299512803098283
-0.503787572274208
-0.490272708299853
-0.48760780915837
-0.538519631633944
-0.557303713527008
-0.395988559040732
-0.466336486059474
-0.520621387256967
-0.462728880862897
-0.542206663858072
-0.420351692498289
-0.363916027718395
-0.617875216053455
-0.58817954252416
-0.56850725020622
-0.5314699750794
-0.561947284760651
-0.488451603864115
-0.353866710715789
-0.52467492754549
-0.420393263277022
-0.566932200227829
-0.594855212938256
-0.274855175172002
-0.416660071286068
-0.419134343662442
-0.616816899544727
-0.433717653442308
-0.330501297179478
-0.433370094158457
-0.396620759156867
-0.495556317345363
-0.461635393306008
-0.536130028625148
-0.417725580582842
-0.493269241987314
-0.476519378508284
-0.421425447815287
-0.403205411478551
-0.53242851312212
-0.355149823925579
-0.485664033814737
-0.443256106884385
-0.412927213611578
-0.489193299985705
-0.563284430994997
-0.472508706150112
-0.212118536156162
-0.364556859889302
-0.43587947190424
-0.359217640443616
-0.527336239733332
-0.312386306319795
-0.55998060640831
-0.383445699882317
-0.399659767424921
-0.168225804937237
-0.427842446281176
-0.412900819588976
-0.382612654898268
-0.502905083425203
-0.439636640900153
-0.483096903255499
-0.324205484704964
-0.499610543495401
-0.502897232916948
-0.378897998232429
-0.468710384581057
-0.336879245180977
-0.427842971832414
-0.323601835689768
-0.489992494835628
-0.38976675300313
-0.493967432321606
-0.358143674108534
-0.386107495225471
-0.273359435511935
-0.427195782651646
-0.229916024395623
-0.571943255461964
-0.175566620979648
-0.301193546717439
-0.323991179533373
-0.366773117334894
-0.300073264324386
-0.273323434336912
-0.494385238553762
-0.275802131658041
-0.371083154424808
-0.302018447909496
-0.472169120112632
-0.237096727256305
-0.477583591037056
-0.353648421443011
-0.400065615031711
-0.314759134746119
-0.496786004627119
-0.215741241077616
-0.307443551485094
-0.1752874497458
-0.351518625895091
-0.23398928985487
-0.333406520248801
-0.285853747641161
-0.232082094621951
-0.309107291275928
-0.363650652460977
-0.199355998194634
-0.155839187740352
-0.311179756187145
-0.343706172198622
-0.362554893153876
-0.316072130141676
-0.194545768928016
-0.207465754311408
-0.241638688408251
-0.331041995602428
-0.174912740246551
-0.317458042682288
-0.267202993583518
-0.292128614679813
-0.292030923792829
-0.252599976257365
-0.216140891094011
-0.374883935875058
-0.235342482140278
-0.364214142129243
-0.28819660595756
-0.242147223776642
-0.331394731075118
-0.166163052130874
-0.290248223764337
-0.299511305020961
-0.16907766016758
-0.144794056488528
-0.384960249256581
-0.223511025882946
-0.268873494996714
-0.223540058987147
-0.281593277474999
-0.265973510977535
-0.280953279393624
-0.250151799416018
-0.158145685957578
-0.194353901486451
-0.393215515753785
-0.173177608032487
-0.220002631409439
-0.124711875618184
-0.182696228889407
-0.295659173364808
-0.154451030582504
-0.30214655558912
-0.171829808187103
-0.208456659606182
-0.335734203355426
-0.24278293092477
-0.25744473225405
-0.131056106243013
-0.272785251206785
-0.256058820852644
-0.326201453810758
-0.14585230944275
-0.104189014130032
-0.0263524862845729
-0.175598680733417
-0.158521473957524
-0.329276557418802
-0.328388974018399
-0.162786680642312
-0.1187930604021
-0.0772884576933778
-0.242116133125553
-0.1857575264854
-0.0927276332799128
-0.129674338266152
-0.28603651135639
-0.144149653226876
-0.241579471222138
-0.118913743798151
-0.00895978859421665
-0.0923748933297376
-0.152977979250192
-0.103897804294105
-0.131165685434185
-0.0718272232831844
-0.1176898568927
-0.110658824877667
-0.181218504693881
-0.0325675315421341
-0.120806714253145
-0.108709594619578
-0.242178193108185
-0.0363907775769561
-0.15353859448943
-0.168635380479271
-0.180367663530766
-0.0918706675716115
-0.186347314256528
-0.298578036023048
-0.0957995382049292
-0.0408851466930656
-0.209266886447643
-0.207582263256547
-0.195784923115098
-0.0845069823763101
-0.0544537156354218
-0.253766791181929
0.0337407294341313
-0.0629314913633419
0.00328314650964156
-0.261220422420925
-0.0999462573147297
-0.198160119264672
-0.106103983977912
-0.239478030717831
-0.115216222236353
0.00363507075337156
-0.119471486251349
-0.229567695906712
-0.0783049652960631
-0.0168809306015883
-0.0128411247402348
-0.133515431353836
-0.140127374911681
0.00521040815848824
-0.148332715582753
-0.114735396705601
-0.11199736556991
0.0324944845364955
-0.0836532607920613
-0.0796934080765354
-0.121330740193893
-0.0594966807495831
-0.174500728709302
0.0198777142569499
-0.024959032404065
0.0466780804706404
-0.056903861555899
-0.191883398151138
-0.0265009856493076
0.010596960816456
-0.0598377524836091
-0.139167941101845
0.178546452417254
-0.0939631037883078
0.00322172383639677
-0.157428570245736
-0.0556482082392471
0.0830245923691405
0.0458220386364749
-0.0551631389157608
-0.0604371193007019
0.013483709872191
0.0234385010044619
0.0452829553635428
0.0308198799705574
-0.0776014536401336
-0.0167353297343687
-0.00739765747652298
0.0770361155134706
-0.0666462069639158
0.00706125014959494
0.0343495566830772
-0.076242959308598
0.119663336331307
-0.0358222583077192
0.137834748702629
0.129829670437947
-0.0293930569038094
0.061900027573567
0.110792836221633
0.0554811104395161
-0.0300720278025954
0.0298370221172957
0.0746749878612414
0.120566476049757
-0.102996054226587
-0.05033566963503
0.0920976022942771
0.0963489657124339
0.00310098383083947
0.0939746761111196
0.045929918599161
0.13978007989257
-0.0801187469807074
0.0853938713584124
0.00671861286594938
0.123105508219442
0.159711840212112
0.0691251630978523
0.0650332929703813
-0.0853810585729968
0.133169558990488
0.036243299622411
0.137616857661458
0.0965130518526565
0.0946557113716893
0.0682858718523624
-0.0419953429920676
0.16078459754501
0.187211451273361
0.135006391062801
0.0976152247384897
0.0799866575834162
0.24486739158202
0.0136029970397714
0.172151484733412
0.185081811314468
0.103010229658831
0.247749899613635
0.0623672664726752
0.256736847457042
0.124975380916499
0.00935666412755314
0.211492512130174
0.0911486562573401
0.135568013485617
0.347266479584561
0.0558185727231166
0.13149933517901
0.293196402078646
0.00375933839054157
-0.0101523584187336
0.133635093020969
-0.00755236226086758
0.231483088149064
0.211877448717373
0.124924876807352
0.0519103369972143
0.236961412698364
0.16720982323059
0.101136456667734
0.187832158905122
0.191415508096225
-0.0613356238475478
0.165313186718013
-0.132196532664742
0.0945262039290422
0.217069240339582
0.228415390169187
0.242031597907562
0.320287443530819
0.176714205370939
0.316353997034916
0.198502212121101
0.170348129861248
0.165707854353068
0.198580648599173
0.112912571274926
0.136355687700701
0.148932108836567
0.194380355694335
0.194967818668628
0.273969363457339
0.177241729145514
0.176706219300625
0.256853208292844
0.10347605133078
0.276833635330736
0.237526737600938
0.291500979825021
0.261439705654497
0.1747657332848
0.371029768147376
0.150033856003138
0.360322028664789
0.316601317345045
0.0906376791853136
0.201352625504161
0.425558487439707
0.207527472845594
0.382926828027007
0.0824375586203437
0.195039087253516
0.363178976711668
0.244556826892971
0.223106126675196
0.330811239121324
0.227748007981765
0.223869838395059
0.297271735803799
0.211687784765589
0.202272190669192
0.301796292012429
0.370608373898094
0.328758139654025
0.206707554198504
0.192874853839366
0.265721040932557
0.273762298977918
0.333490704068307
0.236956608503887
0.32476191305727
0.204782386745995
0.194594129014409
0.179994527514189
0.316635441412492
0.328135622061285
0.329447786627776
0.264795874963156
0.122466810768404
0.316359232644991
0.352874695504028
0.249719283501217
0.434370026104322
0.290083498038048
0.388759805757695
0.269244483097426
0.275390018240756
0.28007568466574
0.284058778367009
0.316911252338727
0.15637300089839
0.211571671094549
0.536009580592258
0.3466028356938
0.297354367694298
0.404286459361248
0.289330596464318
0.352913326676808
0.183324794865411
0.243688651798209
0.432239129889222
0.307124648760873
0.189449378056351
0.354998267374192
0.215574208888123
0.286381190255664
0.327782801882944
0.331649196538999
0.333503743981594
0.298979256655615
0.282088283821288
0.260215509905214
0.289561989999083
0.2898400460413
0.373788288302823
0.318232178883634
0.360335276415396
0.19072224414693
0.357042814548125
0.322483966810112
0.453265617621737
0.334431757715449
0.29778663604911
0.369555838072756
0.335563978255198
0.3036824174005
0.382553228041396
0.4469214207137
0.450822198613151
0.531254144436822
0.342470333840123
0.279650558098869
0.629330161665091
0.341037081774438
0.315865829997095
0.51646939447746
0.425735141184191
0.332883658181471
0.358369329833838
0.378985069041863
0.477722228434894
0.398122383852574
0.402996048331717
0.315932270167863
0.217357614219252
0.399976947117439
0.423466412093039
0.344711295193941
0.563939816287771
0.391581258049975
0.461796306397172
0.470244303543529
0.434885515130547
0.490246874566009
0.405770444131891
0.46873728701666
0.349038680935987
0.352457277839701
0.37090879077404
0.403130270972321
0.342981388308663
0.440833298886696
0.459353270265228
0.472823983086622
0.445857260139382
0.356203669745461
0.25454235737987
0.605790234876925
0.469784222522075
0.549635941479719
0.47355042997378
0.508590732087775
0.465407409433425
0.425805616998599
0.469226868996337
0.438902235745788
0.396974155147155
0.4209690995331
0.502689053919182
0.417761613078278
0.461025155911743
0.46567091154424
0.46609229523318
0.570023058646771
0.50258839459056
0.50136361693702
0.555697801142231
0.466605455943664
0.604026325071639
0.348387657869009
0.434685928528523
0.690230720560818
0.552612181227694
0.49178308246716
0.440387903427154
0.592719652636401
0.510799469970877
0.459363465060916
0.479716939791441
0.528285033092431
0.605275839952804
0.510180082255308
0.422293535941755
0.556888151816817
0.505509696069171
0.476787574864457
0.761011477300993
0.427170120835737
0.593160139827326
0.598616437240948
0.53963652570066
0.585611390204535
0.617087127836968
0.646303636486362
0.627088132831672
0.694176002119152
0.536618355521131
0.597210176653597
0.587445715360696
0.462087701873303
0.51694486899848
0.581219514168482
0.718442249119481
0.545150632162599
0.639735661116813
0.598734892376766
0.461058449863419
0.546946205041801
0.517760341546227
0.624448605519282
0.62334856974391
0.543872895157109
0.476470227773989
0.656585712196242
0.670493580119319
0.618147278194888
0.674510718000837
0.723641470464439
0.607852615628789
0.599582565724174
0.691520959015151
0.667458852120344
0.612193528440303
0.595033180745556
0.637817614779504
0.55910787844589
0.560455036608023
0.646769753043378
0.569673976707437
0.654752939205815
0.538110917225107
0.516274899501763
0.699339016664397
0.585634408450509
0.543235556627644
0.804498717998909
0.409431702504412
0.587988869493605
0.647943940939197
0.700903425906024
0.595696945739047
0.633176584629262
0.679870312990287
0.578115320287256
0.713783072029694
0.626359500890032
0.75900142642631
0.635920527206774
0.564802776343612
0.726891839557578
0.727806345198566
0.62451832062006
0.727866707372109
0.725530674962092
0.510340375227142
0.840546716144229
0.642428410032139
0.752113836474398
0.754771154213778
0.581933631763243
0.792796581578158
0.779524995392354
0.64161498077415
0.789071088504952
0.638180441791156
0.506947053323891
0.694033246197981
0.653417783965344
0.805191816435736
0.729218380348307
0.583349072865151
0.622369666516847
0.620158095031123
0.83270309649249
0.786501790204205
0.717507550935571
0.614170313387797
0.672800847703104
0.592642368596325
0.68900965565125
0.651486468418207
0.609378231636293
0.734274906383719
0.758290164957666
0.744585802167395
0.617743298613941
0.566372505910741
0.88245621821953
0.702721340438103
0.767098729290832
0.723839608301666
0.697373210825104
0.743618154474499
0.583135510987165
0.722596573264307
0.918360155236397
0.854625192406352
0.715695383885688
0.911980251579705
0.807222030625325
0.688937633914502
0.720527063421196
0.85283713199145
0.791968752343268
0.810241522234742
0.685812767438305
0.72521431720067
0.788887509490356
0.663870102826334
0.896221012894145
0.809936014450776
0.61198832548123
0.697053664478821
0.735118316516689
0.893331471807295
0.761098686803191
0.813545161883314
0.847854838713588
0.796388413959721
0.610642023063909
0.863363134156476
0.80374052932679
0.716592258719821
0.801727106970152
0.740841471495496
0.931844283926324
0.779493151979159
0.907483772769287
0.765028199694544
0.669387781315733
0.755424571241026
0.786567003808898
0.783609829455607
0.797749261399769
0.724440201234805
0.753031819724914
0.925131085376217
0.890737616777644
0.933375624953192
0.778401705324109
0.940355186544278
0.877784750636029
0.881448242729734
0.945231099369026
0.772539472703439
0.975136753828657
0.871705427990597
0.752389931346191
0.861761512888376
0.817985622752816
0.813470882147003
0.841299787682583
0.9237981338866
0.894176199846292
0.887081783265245
0.960851926896153
0.781211658379519
0.877470417943367
0.789126944961082
1.05084865606265
0.810108252179259
0.793233519068887
0.942348755493679
1.04063052338807
0.777990206942503
0.911096742384216
0.737967813445278
0.958866173584031
0.868327899066335
0.994165710200922
0.833801296199873
0.833693345384885
1.05152620469006
0.929234938459299
0.936455440364755
0.679876831046333
0.924112958692592
0.90792373041388
0.903034520280397
1.06590424999641
1.059085100652
0.812285218036599
0.924562717408612
0.930139265022771
0.944505130721652
1.05166528446378
0.990467318045719
1.09105412160421
0.954163077663604
0.937627094896456
0.810021761757592
1.03239290909024
0.931457654780855
0.887405861556102
0.987181647025757
0.97839714015834
0.87603600343336
0.949542479072366
0.866148276141364
0.85397066232665
1.11355811597194
0.805954090775741
0.868961035957397
1.02482448109987
0.972119989007733
0.852233437121574
0.896272799863779
0.989857425097722
1.01253821198385
0.845677793341318
0.966958722936663
0.875415757389369
0.921375926389214
1.01678148978837
0.915089971882936
0.862961668655112
0.953149106427573
0.953234919066182
0.99447768173377
1.06127112130925
