-0.829749338751639
-0.93050365889518
-1.1173214413715
-0.94889932019313
-1.09540855085952
-0.951249334153659
-1.01420081800615
-0.980230659955789
-1.05949783219038
-0.89583667261532
-0.893063316014719
-1.18364124900065
-0.973297494471849
-0.9031056008774
-1.03031354787334
-0.98085206816952
-0.960760382292131
-0.921777570680337
-1.02990889665867
-0.96400200033495
-0.936948122167106
-0.909102204950876
-0.81501752077637
-0.849685392840234
-0.94195044104391
-0.917618012234616
-0.890898304398762
-1.0349806341425
-0.92771663645481
-0.905391485006946
-0.893722386314226
-1.05834747418719
-0.760712365118817
-1.09980315807051
-0.923706423232169
-0.866147677104391
-0.920912991166096
-1.04302353547974
-1.04553031056092
-0.860595025205435
-0.942509021319142
-0.809267188383352
-0.942854132204319
-1.01233138011291
-0.834544575870131
-0.871142084035164
-0.938626868244481
-0.921572230825664
-0.996544890650516
-0.828627413070085
-0.911456927874252
-0.908406321134036
-0.875462114685984
-0.862345946119881
-0.738142889540297
-0.904003783629964
-0.886674903670557
-0.877386337936987
-0.883487563760499
-0.892760598936001
-0.800482992359901
-0.958635082512381
-0.95625796555255
-0.952185108419093
-1.01082776766623
-0.844060275762574
-0.921145280002312
-0.833104880122017
-0.870561127051557
-0.909619621398091
-0.954499802225227
-0.878972154398163
-0.985162030791004
-0.892052944037543
-0.845248084110045
-0.889349260622196
-0.832392930757503
-0.932151798482018
-0.852241535637886
-0.858071664260229
-1.02145493337145
-0.740736412089869
-0.85705313653762
-0.801360837510022
-0.842182157555014
-0.736919829311014
-0.811295297411301
-0.857955283244804
-0.799959829316152
-0.879152440396409
-0.756340545955148
-0.827360356038714
-0.682679879753152
-0.919907157729183
-0.782590738410645
-0.728307586691185
-0.771790654845329
-0.858859892808747
-0.887777325261754
-0.770897496667874
-0.700108336256084
-0.726916410179473
-0.701230125940342
-0.758909950730811
-0.808559428269211
-0.685422663023076
-0.780461950761492
-0.75200563546242
-0.705016612805274
-0.788031842225491
-0.654427541819852
-0.691025879252101
-0.856144619399511
-0.643604141288186
-0.842324551982968
-0.605327044577397
-0.79993232712338
-0.756763503721183
-0.617758685840256
-0.807652302583156
-0.733984903034025
-0.754971737314726
-0.792732084659616
-0.737776270653695
-0.594011602553241
-0.55605190390535
-0.825349261161349
-0.685914624749177
-0.739059564324166
-0.600507944676498
-0.746675976547876
-0.632499994187423
-0.662999573194706
-0.711320788735118
-0.882276679133759
-0.755256988286086
-0.846474218946809
-0.498463271839859
-0.695538838782692
-0.851754935756838
-0.702092719185672
-0.626965316724386
-0.678944483327078
-0.700881415042965
-0.808730146639303
-0.777063857592986
-0.69518316926802
-0.752590334315459
-0.674162933441674
-0.778982599429172
-0.596070865882436
-0.925479190187079
-0.744033623309337
-0.711122040058388
-0.644046438120024
-0.71273828981939
-0.544380385174475
-0.508784498189481
-0.701745462524198
-0.649798212052611
-0.737708077175963
-0.659067181084483
-0.65698841305445
-0.562127143787218
-0.698384608189239
-0.538578156456934
-0.591483534667127
-0.528291563844937
-0.719363362592505
-0.575839916846962
-0.812303393421558
-0.623387475171689
-0.744596460051936
-0.626686004649196
-0.614274738601158
-0.33621682118254
-0.710007564337443
-0.542890597151335
-0.559839655733718
-0.618018564401445
-0.809484762241645
-0.59772934532531
-0.673861364062662
-0.562139078696812
-0.721206829319525
-0.658956714622252
-0.511990664041387
-0.635123448166507
-0.654232960642276
-0.633256823890407
-0.500005693884982
-0.626531501624133
-0.565798718874774
-0.7416070266636
-0.699626417101731
-0.600954498542811
-0.733236866258391
-0.608381498590576
-0.449139399947105
-0.628151485844549
-0.594624245374795
-0.64655182448802
-0.597869177833609
-0.46841520730668
-0.653178502477528
-0.563644410233531
-0.611119428076457
-0.633394127761413
-0.59561482186485
-0.545049118453449
-0.430699270976384
-0.640839997464387
-0.646064927685229
-0.355655769854169
-0.561268972681077
-0.634133828198136
-0.631871938778694
-0.589614648675522
-0.632284028304658
-0.652171886200663
-0.565027979295785
-0.45940656372923
-0.453008906741038
-0.474893040080274
-0.540532957218255
-0.609823849013113
-0.554399471430709
-0.485445027317866
-0.562068127256868
-0.664537757598825
-0.48696527950059
-0.412388132759452
-0.508642545620442
-0.228408446489885
-0.45011535390797
-0.616952713738312
-0.440364009382636
-0.509899968608635
-0.622230674768716
-0.4242040738806
-0.464698515977828
-0.594326284569419
-0.707150571451968
-0.527418681769842
-0.516684155373589
-0.537358385787515
-0.556155747153313
-0.527768412600506
-0.519791024632651
-0.343972381443857
-0.434336160362314
-0.518929710348503
-0.566362195492335
-0.514196571421283
-0.522632168011652
-0.344213570234487
-0.501155136697512
-0.464599953613518
-0.634077600853521
-0.490262521131214
-0.436084578722038
-0.467667795455209
-0.45297341717208
-0.494986831507241
-0.451231956564575
-0.509677042861399
-0.552964075780107
-0.419683414691325
-0.429307510816613
-0.375829340979476
-0.55282589759767
-0.483996306709132
-0.39941032795337
-0.44303803468699
-0.410776634513456
-0.294847163040545
-0.33855397729685
-0.672326972246837
-0.39111387212338
-0.443723863466841
-0.296829690631094
-0.538823012926177
-0.445289967755454
-0.465572988119008
-0.374447386973226
-0.514303357443239
-0.266538451252594
-0.526265386422713
-0.532048227507433
-0.532868359689662
-0.3424718028934
-0.386185048317062
-0.480645497165551
-0.31774959246284
-0.444679642375711
-0.392870367385537
-0.406420011092658
-0.350756189783364
-0.327137399170666
-0.294639879461659
-0.412009222393628
-0.404209242311934
-0.353391831963061
-0.226757572006636
-0.407802102428315
-0.40766226053308
-0.348538282310451
-0.388947197094763
-0.420735684804564
-0.453944650760716
-0.32070005800717
-0.313599040360064
-0.361768596332191
-0.318750091575719
-0.439425058835723
-0.425477750754994
-0.363336217314236
-0.312009535944963
-0.363222690936234
-0.31687942036829
-0.196234472971731
-0.438615111789101
-0.493736594217142
-0.43199893828124
-0.278997491809164
-0.396319053442025
-0.361598243904515
-0.397326975259735
-0.315517570657897
-0.379251942026576
-0.371863484743969
-0.255874774618641
-0.249999232799424
-0.316099293543862
-0.377976822493617
-0.306279367295077
-0.208676299373601
-0.42131543546306
-0.286988904305925
-0.350336375590214
-0.317294596172163
-0.280288097541773
-0.237573550397355
-0.278075091335649
-0.207942842818328
-0.184822175855422
-0.176372245555026
-0.372575732712146
-0.313059756396793
-0.257538232547389
-0.378876231745251
-0.249600180696681
-0.271414260714978
-0.343772587615916
-0.218446463467042
-0.153744369872206
-0.162936771937168
-0.328329969911887
-0.191717699132959
-0.189987941458365
-0.13984567927893
-0.318930303202048
-0.34489852066032
-0.335395728926321
-0.257087918768141
-0.321798613457537
-0.285245095530144
-0.144808835865651
-0.111899072963406
-0.333415251126
-0.234548184519359
-0.0582843090690425
-0.292053966941978
-0.254716529617031
-0.126969283008571
-0.297996901298672
-0.237809118439586
-0.345233097705386
-0.301064947295861
-0.124878481667386
-0.291651009872459
-0.285607471303269
-0.146483750011459
-0.178076375239784
-0.0439610091986743
0.0354954687345458
-0.31182889355873
-0.206384649220468
-0.189130086389696
-0.135443192342521
-0.270315722264412
-0.124713907621128
-0.266821845466829
-0.301964253762236
-0.100697823403084
-0.202477412072407
-0.137107011085233
-0.168412835843666
-0.403420039879252
0.0114876561713734
-0.210947746576247
-0.0958387259084788
-0.213775033728919
-0.271431902191219
-0.154624964035571
-0.317547977582814
-0.137352714715425
-0.148804646476481
-0.193934807223375
-0.253796092514587
-0.385580096476625
-0.199226035699484
-0.161986336036474
-0.201907990681364
-0.132693552561803
-0.191166722807536
-0.134559614382369
-0.121648957923005
-0.0954215581996027
-0.235136939638673
-0.229336240833822
-0.0614180828187865
-0.182410097616535
-0.0588724205835538
-0.115692314873453
-0.117071561819954
-0.12715464126073
-0.121559437736726
0.0699025321759411
-0.137393755898714
-0.293710121484746
-0.16890532181397
-0.136529893418385
-0.122187659718662
0.0188434364065899
-0.0833034016005146
-0.231660988463475
-0.124581882069229
-0.150870475774627
-0.0910292847508127
-0.158019760419299
-0.131411468643749
0.0179663659172016
-0.114599513488099
-0.0789971686966966
-0.112312556446076
0.0275207766527349
-0.150487270858146
-0.108529181303098
0.0422279987060694
-0.0436864529778517
0.0488013697261055
-0.00730851615983226
-0.139136798087987
-0.120233137447907
-0.117377607736023
-0.17228882834702
-0.0585538190903352
-0.130843035584537
0.112684386295935
-0.0482619595032484
-0.151806447056627
-0.142012202166676
-0.192696552456692
-0.0289438938067538
-0.0164986978429312
0.0168453961708638
0.00444994393783844
-0.0789920172257553
-0.125753462674355
-0.0990418917132444
-0.0495563931953974
-0.073613296917
-0.0528154861800259
-0.130355445885045
-0.103347947531574
-0.0136607413977371
-0.115795337272216
-0.025715767548023
-0.0770690575398418
-0.219478556846746
0.039884637316573
0.0342682385336224
0.0617388621847126
-0.048045045907822
-0.184243388330167
0.0635535812281647
-0.101485136644814
-0.0522406722189134
0.0177679948256667
-0.131216267358643
0.146329165530674
-0.0248429023827317
-0.00620185640560958
-0.12520200523499
-0.0255941343377522
-0.118058973808508
0.00807594197551559
0.0537349442786971
-0.0167409080883793
0.204388588564551
-0.239009889132838
0.0583066822758657
0.0177872738344009
0.114271172714085
-0.00738021441298436
0.123581211788143
-0.135428816816637
0.0981942650617616
0.0406468610583067
0.069057053201413
0.0767803731511723
-0.101740769681293
-0.134978740922153
-0.0371799016049983
0.111338484338659
-0.131039990445841
0.116129216277075
0.0579941097476646
0.0198220489174247
0.0494788663543153
0.0659912898715389
0.0499032966007723
0.150488155534812
-0.131162688325028
-0.0514425452400206
0.145743778059291
0.05465840687289
0.0864288763711843
-0.104716155159785
0.0358801410953707
0.173206840150238
0.0830700835471363
-0.117522109404454
0.0395643680511996
0.108695838440558
0.0168610890553647
0.024126441787853
0.100296750215636
0.116004437856627
0.164053132623481
0.140612779237861
0.0935913206717174
0.119208447984269
0.0959582646876745
-0.0775093949221014
0.243080388834182
0.077352525897683
0.0130180332460163
0.0701706650228059
0.189857928663213
0.101735323288367
0.155906223294173
0.185497307633977
0.136868347243426
0.207919578841105
0.0575862578990865
0.153605044865748
0.173386026854495
0.24635106847165
0.134539064025536
0.219990076356351
-0.0434189350978306
0.179989634958561
0.11011365686431
0.0981508221454048
0.139178710933059
0.0163826119517248
0.0711545715636681
0.221152522531899
0.179539764057274
0.148539291861652
0.246884004861387
0.237844807106623
0.0626902127077596
0.169833459126209
0.145665417543915
0.0850065510237299
0.138730204909104
0.239988902147923
0.239645561304254
0.0810422451726583
-0.0116862825102595
0.164356150145833
0.0839113845658236
0.120567999176445
0.100183538043997
0.172281105850719
0.170816662003714
0.178916347575264
0.286450472863422
0.0789941277270579
0.205355183307083
0.303497801848131
0.301795426598034
0.184737587933658
0.0536016698836716
0.124453604293031
0.46371183245037
0.270005223549349
0.126278443694594
0.101218471776569
0.204729009170384
0.13147435183315
0.202556063619623
0.299462750106782
0.159678926971013
0.278979533935051
0.229643084807326
0.262833277230267
0.0868481633785743
0.167271797204161
0.124676654436502
0.187821887336437
0.156683063374749
0.101045436173635
0.393233477869425
0.310067238871216
0.25358443148925
0.324566710849047
0.212266057904784
0.295308824964243
0.362184874830885
0.247379238300453
0.272452439291336
0.193073241449778
0.220903782591542
0.374840531259081
0.201864271391817
0.300811695855845
0.304425279114693
0.0941265833846563
0.283906673159833
0.233930756518272
0.316815634153666
0.167004008525944
0.217101903199664
0.145917639673982
0.356313214394517
0.159227766522027
0.343067757238841
0.281832615929816
0.374653451237131
0.257276544101786
0.447585135530648
0.413140020082697
0.334027509616253
0.27445268665324
0.187009509188853
0.31741244852828
0.381509644830826
0.180403733666426
0.235150556870046
0.29284555931831
0.323593248686867
0.321657864412029
0.299849193420422
0.15278649497278
0.369018087076282
0.430679579227177
0.231103120097792
0.390467407633033
0.193118206304078
0.230747350389888
0.195073727683298
0.383139013175663
0.566637842481987
0.251049523205589
0.260516304192979
0.328324422042344
0.414255326923107
0.371557863322384
0.453686713186825
0.386704175728805
0.409187383414414
0.235893775491649
0.261251164401005
0.436550270534625
0.312216022206128
0.2812374697181
0.477652685872199
0.478172126063148
0.333826636873515
0.333276210000033
0.306568695509653
0.307635063624606
0.440856519763871
0.378834675277048
0.354729956734728
0.31839509577493
0.337707480341192
0.27317739046113
0.369401164486399
0.363905466751434
0.24665499117593
0.369307522803161
0.317470594185579
0.231130764623308
0.513460490846152
0.423601595614601
0.430534923730928
0.462939711953787
0.586869803982494
0.347359748352971
0.219647644847867
0.528003381274419
0.474373719926371
0.353139086269936
0.50124450916472
0.393868307338575
0.611483156228083
0.325437606111821
0.400284830189424
0.453013058403811
0.392300214871197
0.41517059646266
0.446268832821394
0.467138424099405
0.409838194992901
0.394811289451517
0.430247968277613
0.645975439220514
0.441726205296139
0.560063216961409
0.505571094178046
0.381616175567087
0.615815768454191
0.583658529028976
0.421230093218497
0.523788140336087
0.35992350517303
0.314121575959551
0.500548515501494
0.495434369039775
0.596769677287384
0.366212266213634
0.377532336656073
0.41756658517971
0.356679361087014
0.362730674246815
0.564526793337076
0.470808149008396
0.564299918185481
0.504727234644978
0.438528669190366
0.492524490933752
0.552619598841634
0.554615918254668
0.656656619536585
0.477346702488351
0.458541097146997
0.629440126316987
0.573827354448416
0.443274247309264
0.49693415144783
0.482534041049527
0.452999954103088
0.42409371465716
0.568797955166552
0.614921675843695
0.624612223109022
0.620444717482285
0.574158601407884
0.539615587006376
0.594757700631864
0.617946699367964
0.568556516264893
0.567355647807721
0.57816379434874
0.496290392145776
0.559869687606167
0.520705931972458
0.517296695653577
0.518987688849596
0.462488751271005
0.600293567369242
0.57286151707386
0.616858036574011
0.585216296607112
0.59415780960474
0.556254087206695
0.578163695187532
0.484368448794276
0.600254424311347
0.541344330110916
0.593923331130565
0.551252936100118
0.484918396833342
0.590013013143923
0.495063220119043
0.543726537113209
0.533591395384531
0.599669447360574
0.638555738403608
0.624029817974477
0.490375891916613
0.489030419284597
0.528553282001434
0.526629737584847
0.78023890741152
0.668736363555305
0.423130600860224
0.502852981211962
0.667667833600235
0.612574165053869
0.433427912465685
0.622794081930059
0.613174834158454
0.545037118676603
0.575935804294308
0.5826576276229
0.740007890447548
0.576759087995248
0.587387814865526
0.615119231125366
0.629754990686178
0.548112547279727
0.599065123042426
0.735461739021853
0.642483469663737
0.566383716512785
0.69393632095893
0.701230396649081
0.706084252936684
0.595379989622535
0.701381791292375
0.703680616885432
0.498919816115378
0.543901820597043
0.527696686116046
0.600425243110974
0.735073233589939
0.559167424268432
0.755261245463868
0.714115567749618
0.660760891384207
0.848882353961871
0.644404238300624
0.810180688278817
0.640470491956933
0.72869222569164
0.647663002378444
0.88487370289194
0.628979120914279
0.481089952816022
0.742853293517587
0.8179357506458
0.644535253991471
0.743963414955836
0.609863814975012
0.547553019697029
0.786070970755816
0.693241453454245
0.598706563105533
0.699922201365678
0.939908555940768
0.661632259976378
0.784402536184959
0.7522236635824
0.7743736331361
0.887889753919196
0.643912758418248
0.795883407548932
0.781473316194244
0.644741430094173
0.663843366802559
0.745978480362695
0.593295173744862
0.623578201088595
0.71582142138503
0.584676977496414
0.686704350584489
0.843101740402544
0.768943030398063
0.924497269669747
0.79015743691549
0.764074302089422
0.674391698532313
0.949353480349534
0.88920197902272
0.691659330497961
0.824424813176866
0.722945635528929
0.797742466088719
0.783783285678792
0.714453480579958
0.76136259102422
0.861072551738337
0.671943620436616
0.671047655117532
0.911476200858948
0.85158433164274
0.76061463213899
0.836472621913829
0.789638829658389
0.731384071029255
0.90206572804584
0.837192546923445
0.883112905365452
0.806870990847571
0.695874895063501
0.688978103415801
0.780382077709205
0.844377963239346
0.891431076431414
0.989413714680418
0.911284698468667
0.792518383818256
0.813093623533539
0.85103839934069
0.852901925187873
0.771572284303675
0.70951561822204
0.905433051934684
0.947583771819529
0.972968663705183
0.884155169796777
0.951668834999791
0.875814672828261
0.995938400557949
0.744613816012494
0.970517474205482
0.937772526540387
0.883571974262615
0.837712623048131
0.866317064693592
0.796543858810826
0.839090867931229
1.01335591971735
0.88906923190138
0.912706338715608
0.823404763862349
0.821068947323822
1.0158023772585
0.907735275816108
0.847786601926328
0.941852535135329
1.01857506253582
0.900663251927892
0.964399934951818
0.939525902812201
0.840662138343536
0.873433021317915
0.977954491266441
0.934629783097903
0.823101893623417
0.94472939242576
0.885197695344967
0.881338378999395
0.877402853047034
0.955975281268596
0.810994192047527
0.971009808503922
0.868003285213507
0.817284803237331
1.01524695403219
0.914577749270276
0.866062526626348
1.07010094209986
0.915134014135474
0.982426199839336
0.894966786930805
0.883300384613489
0.866450605060519
1.10282606083076
0.976170429471737
0.716556037474745
1.1170880812897
0.978695041587695
1.00191664332825
0.980820548798468
0.922877299311663
0.91620954821542
0.940989788667244
0.852583904749995
0.865088797380564
0.864827400398486
0.991719497307442
1.05166669583666
0.875501750640041
0.781917766595281
0.944022214247994
0.975015201886265
0.88364451916572
0.966193929941996
0.902055432054017
0.971322744227487
0.944764831753978
0.821505201279181
0.955896151305973
1.00001754921174
1.06100111437582
1.05328560504473
1.03178725862624
0.963443461414886
1.0432680224585
1.11622416590786
0.95655873031572
1.02632772453291
1.1616771972604
