-1.1505573201721
-0.805195886988926
-1.02797054690425
-1.03415355992266
-1.06042276881263
-1.04180118341134
-1.04905865792274
-1.14870961895201
-1.10435953068197
-0.798950001604133
-1.07041699975209
-1.07997354611128
-0.890859863861007
-0.970906048220819
-1.01106183606583
-0.982963548587699
-0.930023353492342
-1.07500397870515
-0.991334144126036
-1.04645257544732
-0.886222046799456
-0.961137740599048
-0.747920064200044
-0.92266310704088
-0.874248983781084
-1.02198270375377
-0.944228853297188
-0.984410667451971
-1.00066167582139
-0.947372575744292
-0.739752631323149
-0.970376345128147
-1.03129386402128
-0.898301766592524
-0.839892447159782
-0.849856788162244
-0.881286472222319
-1.01048783723955
-0.914893977990944
-1.08315654397476
-0.724583152515742
-0.940909171999669
-1.02398744257058
-0.911491068104956
-0.978920321962684
-0.989528368603939
-0.881122347782454
-0.81197015356129
-0.875409444820493
-0.903490653659378
-0.867910261980231
-0.97097219498103
-0.73586980562653
-0.822723190672067
-0.883739274058921
-0.895794866835755
-0.951595056064179
-0.849483729496624
-0.799827800037332
-0.862643064633684
-0.92244307125381
-0.896918470815928
-0.732566658767074
-0.996137629937633
-0.763792636456956
-0.91843366534803
-0.865832442344324
-0.956733406906065
-0.746760023199149
-0.802827272833835
-0.862166060900334
-0.741191127292496
-0.890506193615035
-0.751393266199455
-0.820710814573204
-0.868775645256571
-0.85987974350882
-0.938008699444076
-0.796536916875059
-0.747781473054409
-0.884055846764734
-0.774489521030875
-0.786579198781263
-0.878455360871183
-0.919939701420249
-0.762663656590122
-0.866450770243365
-0.864459507033522
-0.830434599403121
-0.853269573307442
-0.849335464979617
-0.849865581950691
-0.890633918627443
-0.793983832723893
-0.813321897331659
-0.811895061248417
-0.754454752906837
-0.870450705050043
-0.818781167825908
-0.714635669826355
-0.821767725638729
-0.866006499371569
-0.82887727666648
-0.668469476065417
-0.67076982732206
-0.977555103469334
-0.930515190851147
-0.565803354223726
-0.844482077443796
-0.710611664470267
-0.743108261137638
-0.866542805122592
-0.784606704453466
-0.61605896323764
-0.73352737473432
-0.862536228738969
-0.757690863961065
-0.753168567046366
-0.913061676624392
-0.761543491044296
-0.659543182349956
-0.83825628982718
-0.861350690143138
-0.71218172887533
-0.63717687763034
-0.864474425627788
-0.797551012927996
-0.582156186789631
-0.735326771947698
-0.618589349810436
-0.808694591240998
-0.758999274737023
-0.784901248868813
-0.708513807176497
-0.727795690821181
-0.688248483227892
-0.64783364692573
-0.55067769856218
-0.537306475994695
-0.772883678837914
-0.774026243747831
-0.689298967649197
-0.779712286013716
-0.771692256854262
-0.703467604587572
-0.756395194057504
-0.74704731343573
-0.799267613304341
-0.763907822247458
-0.585320241084477
-0.689781683487875
-0.766123850660954
-0.752278255672615
-0.7664264924758
-0.572303839880774
-0.659046873021677
-0.746596997667942
-0.752382895790145
-0.839675777525384
-0.674422955000641
-0.741271875180331
-0.635141881203028
-0.766919618340067
-0.594699062212852
-0.662289425755891
-0.670547440869435
-0.70557546561576
-0.540584722347749
-0.764882546332909
-0.830862112925244
-0.732949668822683
-0.595210872035627
-0.628118051632665
-0.548348669929819
-0.567437431156948
-0.619895732833902
-0.871118871577601
-0.592035488345188
-0.559021302101367
-0.737013067917373
-0.581360638638331
-0.460639076282508
-0.504370839181339
-0.743255086233474
-0.469450799992511
-0.526720673957714
-0.532730533618713
-0.624391092319027
-0.682551956152325
-0.571125558601341
-0.597530094679315
-0.610924657022284
-0.573183930946697
-0.60625258884333
-0.530648990103494
-0.630398249954467
-0.741667091906758
-0.600092482617305
-0.676185081559698
-0.525056182856159
-0.683243881477375
-0.488303746226771
-0.74079132874141
-0.515977943818792
-0.561755264509464
-0.531925884202207
-0.599660694493487
-0.505203583897371
-0.478745163142004
-0.588836170326877
-0.60884128156712
-0.665447609313976
-0.46980632628563
-0.522856554908779
-0.651756564615842
-0.514143589026492
-0.487321269212823
-0.691109818374569
-0.535983711264592
-0.546843581518927
-0.506054995909796
-0.590385360220569
-0.518501973097751
-0.633052610380652
-0.603907552757369
-0.552404194078945
-0.610156876401033
-0.691518535073755
-0.570378268436024
-0.564174110998583
-0.611046658800607
-0.734535583941351
-0.479670454727
-0.449241663464956
-0.44036315259763
-0.443752732301323
-0.429226838946245
-0.580041587275622
-0.546785540374763
-0.580165733415848
-0.711944642855058
-0.291012440507761
-0.461029537196736
-0.56845866572521
-0.449520730595357
-0.461463211145069
-0.551470875095471
-0.491386167273221
-0.464287127229478
-0.442211560688524
-0.528450264977186
-0.499702669425736
-0.452121266780772
-0.620688607728244
-0.509257579020956
-0.502509620089434
-0.386701514268808
-0.470668097228798
-0.504610559881788
-0.44932790495248
-0.668938200482684
-0.34236511342249
-0.548062132132681
-0.448664640125787
-0.430577874756425
-0.596329798025483
-0.536274100705657
-0.498312521771013
-0.386547991652293
-0.436821462623085
-0.508252883035969
-0.503043794405237
-0.411946165453393
-0.311932534970983
-0.540778285248212
-0.433331575803789
-0.58231284362549
-0.505478386493596
-0.508264138970718
-0.377148098465825
-0.289974549429174
-0.428635084536292
-0.439381828536648
-0.444826837675668
-0.387225747764802
-0.334313030612454
-0.413355206690368
-0.291405381969094
-0.556004161047922
-0.3803121329462
-0.512288562705769
-0.591655967650446
-0.432007723560084
-0.357478302959848
-0.557345967477585
-0.39868987202446
-0.456567687545346
-0.34180440752135
-0.279488286559665
-0.333849997532906
-0.381357102247322
-0.400052893038183
-0.308736869868224
-0.383836629969874
-0.405322415595291
-0.471500511117555
-0.416043900487496
-0.374832134081191
-0.400259717634168
-0.421236248447528
-0.235295169434413
-0.284326024453507
-0.389794024130149
-0.415452292258369
-0.423307950942226
-0.491968418709489
-0.236435548785311
-0.460270262414083
-0.30355132516175
-0.35337949475859
-0.306199826944224
-0.371534934513463
-0.377367080805861
-0.386351657521128
-0.295422161281359
-0.362449106412322
-0.399818143822137
-0.35935825442843
-0.394912549004891
-0.405128546726419
-0.319825569512025
-0.370739539302133
-0.216481648631046
-0.175969547550104
-0.342123050812236
-0.313713245303134
-0.252956156133585
-0.303527905290442
-0.22631476683182
-0.248516532316201
-0.361576475194923
-0.2473366117587
-0.259071221494053
-0.335992281892781
-0.305707523637782
-0.282428273041001
-0.447788398446884
-0.447125643511183
-0.288891405831522
-0.249579473311618
-0.366074666814463
-0.31174210415862
-0.370338613005239
-0.332354133835582
-0.389125611482667
-0.350357379354879
-0.207529050786907
-0.309955767152467
-0.346334226662144
-0.251878213913982
-0.257997911511312
-0.214742102407232
-0.303020404555569
-0.212549057941265
-0.172110498291335
-0.16242523588613
-0.175978900823057
-0.315767114915993
-0.227091402332653
-0.255525493413581
-0.384618814811263
-0.217922271088892
-0.138229911984052
-0.134381126551193
-0.349218234683013
-0.383466328902166
-0.290818933373897
-0.368922389038129
-0.304603605633824
-0.311409073685249
-0.266175274984446
-0.333664584786547
-0.211169027853915
-0.210860739448917
-0.227367921669243
-0.22868782056356
-0.253514573112295
-0.229908283726326
-0.233825240787455
-0.198337209602332
-0.158645751644289
-0.24451520658362
-0.264878101026417
-0.181975384398736
-0.194399744296553
-0.174785454501388
-0.329495919174775
-0.221295770086205
-0.184991270255085
-0.125403734066472
-0.262032852939693
-0.113670770898682
-0.164677201034764
-0.195382049425414
-0.272808631499205
-0.149635820023273
-0.200226704611737
-0.258445577066969
-0.133733612815694
-0.05699779234153
-0.193132228151174
-0.291130169570859
-0.158211702145071
-0.204781861081117
-0.24510473723145
-0.154676482984357
-0.149555918656687
-0.161860978629643
-0.200909790929351
-0.393418248978208
-0.321025218260608
-0.204686829840774
-0.0729708244932347
0.027023051784435
-0.0660752700512945
-0.310209824444115
-0.0424915016070096
-0.231252615247541
0.0140310769604014
-0.0922780021533111
-0.2437346559428
-0.116127401353186
-0.297168323873749
-0.0996489969309813
-0.126671155397356
-0.0531055955543267
-0.281190644908435
-0.0774760599156757
-0.167747360228357
-0.237084521047111
-0.019903613574828
-0.239527681237732
-0.0883591626089334
-0.138315006615887
-0.131693434667581
-0.064583747451964
-0.207323087188727
-0.228242907485773
-0.0639240581281334
-0.289350933422979
-0.112956312448141
0.0829194059668191
0.036326990930373
-0.11756191150641
-0.0765787536221384
-0.0664023430990784
0.0464339947886975
-0.00220142272922949
-0.106469565468823
-0.175759352623833
-0.198751614733952
0.0452703051940733
0.0247678443978546
0.118499471380974
-0.0566246049504849
-0.105601265267793
-0.0641390368777146
-0.206222894595801
-0.186621938074731
-0.176259730170145
-0.0518792742581944
-0.0694072972345118
0.0208229892076569
0.112388718599287
0.109616907716688
0.0811809838703301
-0.0763502768533214
-0.109564962098199
0.109518967291842
0.0505264076262946
-0.148244821737997
-0.0950521536884534
0.0226140903221664
0.0672216157335881
0.149047542886427
-0.0175823822955747
0.191374768102784
-0.0329344004942278
0.054039533364728
0.0286389373070047
0.0412742490303416
-0.0394919366880602
0.0491679381219173
0.00309588838110036
-0.0455948616883616
-0.125751464378223
0.0843840368213171
-0.029076213099991
-0.0732480037881217
0.039145724001153
-0.125564118871385
-0.0369807640005812
0.021888029629986
-0.0603508269766059
-0.0774492646803662
-0.110695231645719
0.0327414378794065
0.0159204261227059
0.0497477295122518
-0.00193694630574884
-0.0708235488370951
0.0844377224774488
0.06891297402079
0.00803856471988745
-0.0827334754120602
-0.0270938184148716
0.0503173544818221
-0.132213298759196
0.0487026009494777
-0.0962391283769321
0.0752733239719041
0.106089261644456
0.0267297697332574
0.0220256362274215
0.0245545042921223
-0.0639680637886815
0.0695329759186579
0.0714430939949803
0.0582985226773057
0.185274433291409
0.134940771900606
0.0608926397857406
0.1204181638541
0.227338119489698
0.126772820796435
0.0581145603015818
0.0715826816943168
-0.10919820499897
0.0983351440452336
0.0976534966979233
0.107399490848526
0.097387103834269
-0.0156049749041038
0.0781036851570298
0.242911455265364
-0.0417767444452217
-0.0210217193981437
0.0948996713305046
0.00482105123775536
-0.0130656661102617
0.157068124335466
-0.0155240744017441
0.0731083412890731
0.0642955617393603
0.0593200302687543
0.0292739649829376
0.136044700824826
0.215566015590711
0.252482247014807
0.0566040294835243
0.184869535723562
0.019093390417155
0.168730983663767
0.238309917692438
0.17515573779359
-0.0259492343583415
0.302520685210164
0.106453647267874
0.0794792517235139
0.177957065407396
0.0611369682677135
0.232662648725939
0.153885290004048
0.0482238746794816
0.0906009432048626
0.153102681884381
0.137798010205576
0.190088425763204
0.06409767212188
0.183790540355999
0.0350110086850833
0.119520960510193
0.059140255705409
0.142122512322894
0.153044756601199
0.137960435097562
0.161031756505886
0.0562232134689162
0.159513376726257
0.125433053461732
0.195712333655353
0.115119014563315
0.153262807987805
0.205329554631882
0.254474701179732
0.225703895133303
0.248991556717157
0.218280315143796
0.136291783748373
0.340669290038254
0.0786529827937008
0.0474319637021334
0.209779759926114
0.185499233015328
0.213860179620724
0.177538956690265
0.252802702046545
0.14778527854113
0.220824802766392
0.185529134806555
0.0874388569705082
0.370521946875547
0.251474056116793
0.230894529625115
0.12487179632021
0.155135488926378
0.249644722718549
0.359176412734772
0.333819843318496
0.349735428267597
0.181302124711481
0.243358390043393
0.276735362855456
0.137881306710067
0.238452181127794
0.30546786800913
0.3081813808931
0.270216779887208
0.278338957605899
0.239840516353974
0.200917916850152
0.21806952924877
0.345918878996517
0.178900717033053
0.171392615672666
0.179095937080169
0.0782477263944942
0.213809710579208
0.237009820504721
0.272991043737307
0.285953706538688
0.35859086116356
0.242090993874258
0.372524495668717
0.303615835810091
0.303672380674409
0.328412681287221
0.0848991736260274
0.233324022162503
0.199461248323478
0.129706919395158
0.393569933712885
0.298201337920505
0.34744636472386
0.33728843985043
0.317150045988295
0.268440975878657
0.325613389624906
0.400595114628057
0.323422422329993
0.271668980160701
0.294338577510528
0.322637900564878
0.336471631634859
0.294902913826113
0.320805238837556
0.298043393452953
0.340564380388208
0.276240535748283
0.331711446363008
0.139732548054447
0.28667924376381
0.423382678063886
0.313356348849464
0.410412367456054
0.304210882631552
0.277795868901872
0.301649817258917
0.300056564800841
0.255824628377412
0.412131862919019
0.233401113118999
0.16887862865636
0.271088018028563
0.340911787016218
0.328919909897732
0.22703364675281
0.370445874282389
0.466374106952835
0.351180078626659
0.167225304055058
0.385597724737734
0.32668201196135
0.49356431067754
0.347201778896388
0.35713868609962
0.346605429715817
0.540530996493746
0.342014516943212
0.414710311989946
0.443499879857952
0.402315673477184
0.372909718298722
0.459238352006282
0.486325540755667
0.402097642064834
0.32782562392436
0.329844361913275
0.47085374424216
0.408203368251161
0.468683263922592
0.482362847865492
0.367031509954217
0.508580396602991
0.401726415150768
0.338676709734224
0.435401185254768
0.369090112769783
0.45945829966088
0.413870487469282
0.365728238339214
0.543504583119967
0.495091337791029
0.335778682323575
0.439813228731752
0.287333451930101
0.531199224203256
0.344428618025415
0.517348771183149
0.414453143912021
0.317396100013575
0.450127933231079
0.532454239256391
0.510572193477883
0.347107703014558
0.480422838662782
0.285312663750496
0.339782769269071
0.493954566146286
0.704846122843171
0.325849389431606
0.504781354783554
0.49968352990953
0.498470182865197
0.709847615969816
0.419457110467284
0.553527241966525
0.600832098293659
0.486673683203662
0.499326567847209
0.477521603235629
0.626838049320077
0.551177826327892
0.483532306997069
0.613017908718811
0.392308203912283
0.625721674664337
0.493993539756358
0.604702755219115
0.530381411203407
0.459428668923459
0.53417068156279
0.442692840516413
0.448121096936957
0.647495426156966
0.483444331764201
0.530681740909929
0.559025075060915
0.55308741793156
0.534801988005857
0.489097469985818
0.678941919311789
0.545105552315345
0.470039966777427
0.667808960375769
0.497791600794917
0.56164852619278
0.598846632241478
0.625109023240585
0.460048142773723
0.567570480596593
0.57033349148004
0.587791495666885
0.52028760760098
0.416081819020625
0.632057304201086
0.60494967551177
0.584188219051016
0.497938578423671
0.700292891366324
0.553528538770941
0.580381864587066
0.622622906914968
0.683201868634157
0.567660188901784
0.533829634762066
0.613237920612347
0.598274847676119
0.665974110178183
0.519180370761138
0.508077841296606
0.787855245260386
0.654651189322259
0.594487989735723
0.654951838078349
0.542413266588089
0.566498355372093
0.541150002334844
0.699442001470342
0.630837899389287
0.51017984787925
0.607179624083816
0.455270748791241
0.426576837662945
0.636219085365842
0.745753627044729
0.646070925532824
0.695206518655026
0.578265824736734
0.777328328825125
0.47267706681822
0.773766434993123
0.560694444565468
0.748794933024032
0.518280349271235
0.533510112419917
0.508823055326559
0.544524196883127
0.74728061371517
0.714288168579667
0.71428061405476
0.515628037621851
0.694168751655961
0.76298356144602
0.662409239289142
0.531303693357126
0.669114442819667
0.76831876354157
0.556899469386979
0.640450697255217
0.654382010162247
0.600451844069101
0.670694170413923
0.760327095393245
0.525484246109744
0.671471337558907
0.686415176535057
0.639517711503356
0.747906497841081
0.792389602318805
0.618208153230422
0.729573320858214
0.642141363750012
0.576460931521405
0.695839078067618
0.840616080359098
0.658763402952493
0.846009645769451
0.723531511698721
0.806823562612119
0.664132056763443
0.663572236326519
0.614280840782761
0.767703338565507
0.641930650305431
0.854300233817052
0.715371155476771
0.713940506768357
0.809182601148126
0.821287655642204
0.858543544269773
0.860924690923628
0.788409568659228
0.744531251227378
0.720884000449464
0.868670473456457
0.851659973206176
0.745761766596371
0.770248304129719
0.750841114734771
0.819224648934253
0.814702069157735
0.819406350395611
0.665703177925004
0.842139381066796
0.840188111587739
0.627924780275373
0.600895760794096
0.799050093332093
0.748505310475564
0.828945595457083
0.737366054204531
0.755800417729856
0.928391021565417
0.70577195508668
0.803261680995618
0.724829923135032
0.851439805809785
0.758811885049144
0.879920440760633
0.969991863383858
0.717319415066433
0.820444230654153
0.76621987198848
0.941440796077343
0.734405122654536
0.832809615804055
0.947282360879481
0.746894210485676
0.942610783446967
0.806637128687005
0.824356050710593
0.862835138878495
0.899856178486281
0.760457524800934
0.724803710859258
0.834096845814878
0.857141353277328
0.88989332742442
0.632810651115399
0.734811098172536
0.793073401812076
0.833330286591849
0.817837953414859
0.929590504748684
0.825226650168281
0.744531554456515
0.75522400393891
0.97651365263041
0.891048402026458
0.802784514061267
0.898281735336199
0.806480246204442
0.93309650221631
0.794671965529898
0.912501186580081
0.909264093722586
0.932859807764802
0.818471920228058
0.880269529215872
0.902409334824629
0.836493928944195
0.888705824296001
0.926447694992508
0.904628689944205
0.663722492877984
0.841610987182065
0.791258877376159
0.942846098303069
0.834615325119719
0.816260948929772
0.880758143910538
0.818362457405698
0.924592432259851
0.896645756209401
0.908116804988511
0.909637914355076
0.872679869255304
1.00656383352968
0.834586874843235
1.04294472682192
0.924256803970367
0.847641456274709
0.827613905902318
0.888573838388689
0.994560671308113
1.01766804782962
0.910185596053291
0.754815108475336
0.858723318076983
0.901132058467402
1.03009800754162
0.82759332014362
0.921210737981036
0.960831737093981
0.881192136854986
0.90646807067978
0.987280093748703
1.01856805652677
1.00027549080819
0.878595987669502
1.03256530489097
1.07849897821918
0.92632432991263
0.972170489730845
0.985552236743551
1.02256285058585
0.933298470425735
0.962697533839531
1.05061571939666
1.07063405548025
0.905546733327326
0.960944837143666
0.985171168156245
1.00816086746953
0.839751512342201
1.04814923589815
1.06606932814948
0.992133768735697
1.08446172585919
