-0.990114252956529
-0.944739920240191
-0.918110029328147
-1.20172308231618
-1.07136831025039
-0.900023929858645
-0.755217192301356
-0.884560761550217
-0.999647667382066
-1.01309285317523
-0.943729136316165
-1.04869553753856
-1.0213842924036
-1.00362052619903
-0.895042246599816
-1.18154904820036
-0.960563330585914
-0.980625289938027
-1.0094430847788
-0.864881718353206
-0.903535792957772
-0.878518564469832
-1.10579068964593
-0.89021187794789
-0.98999509685528
-0.944483684184759
-0.877867046918186
-0.93344176044047
-0.976109119292107
-0.90501902375809
-0.918513486661935
-0.914859173544043
-1.07225927533081
-0.771157193065177
-0.955544777638139
-1.07576917073343
-0.933287753093819
-1.05648450888293
-0.895633134958647
-0.987284897995037
-0.82135971137269
-0.945362597722558
-0.897379323974628
-0.875580822433344
-0.754842497308436
-0.847430720876445
-1.0138212949146
-0.909419468216457
-0.727588500107859
-0.941468523462517
-0.866271151316698
-0.890946754861637
-0.782036868576126
-0.962788261255719
-0.773026252265748
-0.952598580236173
-0.984436653603505
-0.903385523506243
-0.836724926310317
-0.988169119981356
-0.876137426024094
-0.943825560428035
-0.98467393633469
-0.935918851551463
-0.893610477094131
-0.675958417364732
-0.859856662888326
-0.88987640037339
-0.931440400560323
-0.881596244968348
-0.953808146547217
-0.810849043808458
-0.994969550318031
-0.852917908252112
-0.894509894223517
-0.877076806341242
-0.788378801292789
-0.857777029507577
-0.862167634784962
-0.821782857691039
-0.821675556615833
-0.778703248977343
-1.01098973639453
-0.778594234553561
-0.730624801895887
-0.875975669870785
-0.782037182049415
-0.740482820720604
-0.838760068685916
-0.899100819105572
-0.85184441953883
-0.72910136091344
-0.894362688930957
-0.7184422073
-0.790599156395369
-0.7382868737823
-0.771972835285671
-0.782451221485262
-0.791839010690078
-0.774965697179767
-0.798950426437978
-0.726041526618141
-0.935855912648442
-0.845389894736069
-0.739987199615618
-0.826420655839882
-0.805927137321215
-0.790832835162555
-0.840909682759539
-0.651464291315978
-0.763187571305515
-0.679620547914504
-0.726787122358528
-0.703093931814316
-0.910322911799866
-0.77124594679452
-0.870137988481252
-0.67446820995658
-0.727385887912436
-0.623559891970268
-0.766228483810263
-0.764550858518934
-0.667816664954377
-0.696745079944596
-0.63756723098
-0.63120886484528
-0.787465977393998
-0.68441399879559
-0.819211813207484
-0.715940451860711
-0.681302912753341
-0.838216102265079
-0.697308742481716
-0.655146766046162
-0.5319411360249
-0.648348327857198
-0.617740222316352
-0.65250807557778
-0.680312909072772
-0.641003876591315
-0.700876234963043
-0.740925418428061
-0.840328647469377
-0.714325734591051
-0.79737738163233
-0.721775277573929
-0.620353988030641
-0.766669002003818
-0.517760778818881
-0.75810838505051
-0.670921519652802
-0.855225533882269
-0.702491738475472
-0.657144471039598
-0.778747039437382
-0.665179985943152
-0.724346561594291
-0.798524458846867
-0.628454918207222
-0.703531255740428
-0.667368418450191
-0.732969302478764
-0.70108689280905
-0.609066442914864
-0.5867519446902
-0.752428078723508
-0.493930282499561
-0.878151310669434
-0.727701744785082
-0.62774530209646
-0.689043839764451
-0.733411639964787
-0.698749919431837
-0.832891540775264
-0.646016279147648
-0.512137367702369
-0.755851751641087
-0.714902671066703
-0.710816610527449
-0.62209302472099
-0.523248910272251
-0.54567309338644
-0.690139915883308
-0.650517089792031
-0.609240712499483
-0.686525887332007
-0.558352559099241
-0.768954726323112
-0.593462005946316
-0.687507782311356
-0.617886085840747
-0.660720148432453
-0.621072340766535
-0.609109802933737
-0.609977669215276
-0.631202623914304
-0.628577273751024
-0.728944314174437
-0.787872282940482
-0.684572022333461
-0.594426355449743
-0.692154188624213
-0.574218477555809
-0.468448036300344
-0.522842067964252
-0.566320613648731
-0.633198619067331
-0.74639718316274
-0.571277444528496
-0.652114447854742
-0.534728318865882
-0.503907529427874
-0.444696597664956
-0.77336078391215
-0.654507062290677
-0.607532784427396
-0.355350604626809
-0.556231461894753
-0.5539281265954
-0.668086740261558
-0.611351389452818
-0.523786154725695
-0.518442855042213
-0.495464844201092
-0.548701461808279
-0.400687503950405
-0.662286707445176
-0.583804824516712
-0.556379712725079
-0.582241945623415
-0.625714289806372
-0.628234274345581
-0.411958399277385
-0.586115782979049
-0.51728024744175
-0.545714861951565
-0.451840821454259
-0.762077076178542
-0.4765108734
-0.584073083146119
-0.527526172870183
-0.54875903852386
-0.443356115327455
-0.387204160445771
-0.580471809604191
-0.40508536901703
-0.57797361567273
-0.460884687167703
-0.613112441451084
-0.436823625854726
-0.411199415147726
-0.457247997141241
-0.44941283540249
-0.334707850070565
-0.558711150454247
-0.623220539903059
-0.399624286516267
-0.312871291189281
-0.532503522770929
-0.520249044129698
-0.468693588699338
-0.389238610970173
-0.600371722259889
-0.47927475550189
-0.54291928464841
-0.487507040312532
-0.267257285434687
-0.556197330049629
-0.399959196226876
-0.527910307058997
-0.410087806523539
-0.393321075310893
-0.314822849324396
-0.293836738736967
-0.644385209743717
-0.296830270518791
-0.465970382953715
-0.508137553285107
-0.323351828698664
-0.473088258482323
-0.515554768261705
-0.440937610205771
-0.517328869541267
-0.401387771910007
-0.463938490142616
-0.444216929503532
-0.13638653366978
-0.543110001506526
-0.406409944327454
-0.324307824543393
-0.448366445639482
-0.443201356217939
-0.489296905962409
-0.277540689354731
-0.384267164329372
-0.347183526287064
-0.471083534174045
-0.323193630073259
-0.310356132903599
-0.322819300724168
-0.438967546448066
-0.405607510378801
-0.330538086677181
-0.362608302348344
-0.340676246568121
-0.263209895918166
-0.473016833797353
-0.401708924016891
-0.381059914210344
-0.342941241587226
-0.400917946821263
-0.496063399089233
-0.421590232140092
-0.383873051448147
-0.396934368281648
-0.584423482803302
-0.463372607009319
-0.315155101816368
-0.348578887280863
-0.387669959413268
-0.341872172168052
-0.347930799905273
-0.491351469741213
-0.315601352093916
-0.194512471372321
-0.4133924409516
-0.399565068701
-0.251449130982627
-0.231069019283329
-0.319660878986304
-0.513922791352276
-0.41207060166869
-0.210038557597115
-0.38532065074499
-0.367250013713453
-0.290142459284837
-0.348881992949214
-0.329415968463997
-0.395189403344328
-0.328451596624163
-0.271014710086437
-0.517962126129528
-0.173351014427238
-0.297368639791673
-0.125987274250445
-0.305541578529194
-0.262940088141912
-0.284315428553588
-0.273945851412643
-0.221188988054937
-0.361302427692991
-0.28833887740412
-0.285129528950587
-0.265817533809279
-0.455720591918673
-0.267124283895505
-0.366598730780085
-0.274629785888782
-0.45442507209526
-0.393044856097303
-0.275300363821627
-0.367914903916779
-0.349765516623022
-0.127709246137085
-0.312743552369531
-0.236732762951619
-0.214089413665348
-0.337393897703125
-0.411342190447607
-0.299775567571979
-0.131082896937285
-0.367882190375382
-0.228594328671169
-0.256517564651318
-0.281951933854145
-0.260349005161957
-0.100629021696257
-0.354912795681663
-0.278230263817773
-0.235489277929097
-0.202123542111283
-0.150141118873454
-0.351352465906999
-0.302284094636322
-0.248523784807602
-0.25582341648042
-0.326518901073027
-0.197088737417672
-0.28873524657639
-0.321250160219235
-0.383301697178125
-0.291464681184973
-0.233920271920401
-0.175254894902327
-0.2282298954214
-0.212715256892552
-0.301261218924522
-0.225129455023789
-0.0624302750145593
-0.102490644344434
-0.233310398936252
-0.249177228690601
-0.2033366431786
-0.247591748931947
-0.320638298244962
-0.148580170565931
-0.242210007979028
-0.172688865154833
-0.177110710534211
-0.228306788401594
-0.220672052059109
-0.16974629847116
-0.24704837256892
-0.250525401947533
0.0181658027633647
-0.230732416879628
-0.235092884576118
0.0170023585801098
-0.263858672322813
-0.161476832735187
-0.0774573404191263
-0.18276871294456
-0.182982221516908
-0.0557088263258997
0.0700006573382241
-0.0534163401329227
-0.0822313383994442
-0.0362963993383448
-0.29868198422902
-0.0538294542226119
-0.278673406632476
-0.138276387060044
-0.197207562995833
-0.00986876884340234
-0.0880931043664486
-0.135069922401535
-0.185382003912068
-0.0926307542552521
-0.10567734056099
-0.0932411024296387
-0.222275244319427
-0.0617231023000259
-0.0558248019278181
-0.224576127130025
-0.29761730938949
0.0256718215973072
-0.146504871344309
0.00641743473076488
-0.0977504947672041
-0.129457952409664
-0.128527247194641
-0.0881025726107858
-0.15508565898051
-0.145610922201808
-0.081156214766092
-0.0840242877018135
-0.00575997618810577
-0.0106202252568882
-0.0667383413181846
-0.135508918025991
-0.00701755792354773
0.0597649880885724
-0.111247770996051
-0.0378442712174619
-0.00976238948085634
-0.0967778105633966
-0.0234205630302971
-0.0341472823950633
-0.039872649781817
-0.0160877375378314
0.028420816391535
-0.0976443231258232
-0.0977352689019175
0.0301457776285535
-0.0604414384704757
-0.156166036665529
-0.06107912124279
-0.147567465906767
-0.029467661134567
0.0935825638404298
-0.0495762051670865
-0.0506476820169653
-0.0141543395813719
-0.023499221019872
-0.113654078667005
-0.0630227984274487
0.23521004180512
0.125813407781505
-0.0165432597383229
-0.143014611712403
0.055047279225428
0.0318263721751262
-0.0525378755398604
0.128201654629178
-0.0468670299995295
-0.0362769157202494
-0.0111727520311204
-0.0304751878593758
-0.168828089465566
-0.0132340721534518
-0.0576386685777544
-0.0730549794656614
0.0692027862624019
0.0458321993211828
0.117588146934251
0.0738228539286387
-0.0609693239008058
-0.0427005927805831
-0.0199803900078993
0.0303294722771278
0.0118700939844343
0.147281258668081
0.0426342752745108
-0.0591133616463886
0.0285641035682888
0.0573125019434326
0.0350058780272747
-0.0191952762388458
-0.0789549869080122
-0.0533356851564016
0.0162559703990506
0.029422306276324
0.035748733829049
0.0806197162627555
0.0572029323099836
-0.10444574791146
0.265908971030138
-0.134634579690663
-0.0242208543114043
-0.000842928181514298
0.101563678661391
0.0647709973224174
-0.0878093952028733
0.0677952242093827
0.145000795615332
0.0731834809292441
0.100998183495392
0.031615849502857
0.0497060540506732
0.155773631673458
-0.0224391114982981
0.19405829995996
0.247003681585223
0.0399929738837587
0.065643478093237
0.0389484772754215
0.127663553982897
0.0111528418826403
0.10450231002551
0.0714173248752148
0.00640260067466492
0.0745005866128206
-0.015424529454382
0.0985513298773774
0.0636610455686151
0.151075329887572
0.126837369543476
0.149357013712339
0.138690932808592
0.123079555440887
0.161650137974466
-1.51860933231647e-05
0.0685175197689244
0.0988340132632099
0.176423109135058
0.23888660535009
0.227968691271985
0.193886805897875
0.120463296727277
0.129198796133128
0.138762127225594
0.0584988076795625
0.13784887515947
0.14675943670946
0.165526839785453
-0.0293108288588591
0.241306200125324
0.137206840498079
0.156390192264879
0.225708912515007
0.314873222243477
0.162759028165927
0.15426256418049
0.0735207464399293
0.122233912778956
-0.0221080762736963
0.301133071134613
0.387491161170655
0.126323581581743
0.202482458211733
0.057795145522853
0.0821536810759564
0.151467157204124
0.296707276082475
0.298558640731511
0.386885735103367
0.0705898482480619
0.24270591021839
0.245913202568856
0.10984142620085
0.132077252328764
0.228787330661313
0.219868242735013
0.167868961020333
0.126216705196455
0.249244781717256
0.328908910946241
0.311723937375299
0.234099865336378
0.247594034764466
0.214868741795491
0.223476167562755
0.13349758035524
0.317475170657072
0.286330067917916
0.302283126983911
0.380705447958675
0.293297989929012
0.132114222245156
0.24536160212375
0.206476627090721
0.290988030250365
0.292586073562672
0.415750293521943
0.173399524660151
0.295052565515363
0.196606907942946
0.153730172139867
0.224331466824357
0.197466947835398
0.293253756772249
0.236667591377355
0.297968542938981
0.469362018797473
0.34677015494932
0.332065302022324
0.239540249314897
0.369709032532165
0.301891118318127
0.276451109016398
0.196383538770951
0.360177108105608
0.291291104857828
0.290631849955574
0.298780236382302
0.152460828216271
0.236976717257696
0.362888930551654
0.484465449630599
0.308245664429946
0.357011432240518
0.211830174501702
0.332257978502589
0.218552963772301
0.278505610673684
0.338809930467029
0.295216176513831
0.256481129171897
0.376437096145772
0.430935880513451
0.32289500320046
0.315636430913114
0.425575914177603
0.374099810287635
0.386344485515939
0.380691282741138
0.341821489642474
0.263676086348637
0.171861577585829
0.398192819324051
0.479417829044148
0.335387120643072
0.414037093100559
0.492743316959757
0.347163990998218
0.344230524234116
0.351237518867852
0.293969613139839
0.27162003916589
0.48374603908632
0.373052189775279
0.567263169468758
0.41291028267197
0.302361403242506
0.250469968215618
0.357903654432437
0.480604680472505
0.325393830953173
0.424211310980613
0.318495931075123
0.304568407353317
0.533364307416262
0.481595416262146
0.486845919906594
0.350397442385071
0.427831618602095
0.38699865644756
0.581537225296634
0.371416463150781
0.41511277375009
0.38516218166181
0.466166700431791
0.504766998426616
0.405525373621414
0.3484608282041
0.460337333012334
0.28402679635159
0.354744508223151
0.438403339228909
0.454300848414877
0.39298340064154
0.520663255346743
0.421211896441521
0.402049501652182
0.259036095804079
0.353923802071317
0.37274713317596
0.34146050557041
0.456378863937553
0.454080460726756
0.454394302909138
0.329613961218493
0.30054690694817
0.378630492115801
0.473747863413523
0.568205686202859
0.4468809399282
0.555352911157249
0.481850734609079
0.497782338436408
0.462063444069722
0.388796875881802
0.52073440696357
0.406946391677684
0.549512522165494
0.501332483268864
0.509120392841017
0.577930218782296
0.596548985609757
0.500151249687199
0.479575416668415
0.403309786128273
0.366690506193829
0.508941765389574
0.531717005914882
0.537043849732772
0.522142411342937
0.558654966443671
0.547644985336325
0.447220883811104
0.562748481802834
0.470630676606201
0.398002645873636
0.432973948056234
0.526734117925779
0.643662548136962
0.528902652719488
0.461751333966854
0.554355475565054
0.645308180873714
0.499629476792445
0.403982425669929
0.399780457947806
0.500798853768167
0.583478615118566
0.577055234038712
0.487536105748378
0.46902097288593
0.440954336704785
0.439178935988627
0.364583116464405
0.545977694470439
0.456013992758086
0.690814667726901
0.62357269522416
0.591906978375822
0.645664139047091
0.530963622404621
0.558778243050627
0.482385061720802
0.507939406288716
0.56126145147773
0.382037509299475
0.789355251578433
0.633798305543941
0.581274499936511
0.634416063229965
0.816279650808054
0.594560864263957
0.587291406733656
0.750737958416021
0.738623553256011
0.682343147805762
0.510072011869541
0.608651277025383
0.578924573245699
0.537587182115835
0.673548629452026
0.64247306379175
0.566442897610853
0.710043104239735
0.578640280693854
0.789837948964203
0.593619255580398
0.605481925420005
0.688308738855554
0.624397746360898
0.727077819016362
0.447160845497467
0.664396400035949
0.606620003681178
0.734146171285934
0.615409090837513
0.559149582034987
0.560596389174144
0.62015693773106
0.73345390098502
0.669485475989018
0.616477116641035
0.761144060122395
0.71629586553261
0.460111284327567
0.616579047537475
0.689697255399825
0.72881037786736
0.541110025603243
0.573988101092691
0.598988141772087
0.536220823314727
0.640080154104821
0.732080324327295
0.674048351582977
0.573209477511845
0.550903163803742
0.606147940024446
0.750142749474579
0.6985115506377
0.728998554820362
0.657766781776999
0.68780457479616
0.577665943844254
0.669431073357809
0.777495050824294
0.811699264963283
0.566309335089768
0.741535300044333
0.706303633064412
0.740682907835354
0.677507538576567
0.657282433446886
0.70756705045919
0.663278607520424
0.792298187166721
0.576976187597217
0.764285701940941
0.588895502543654
0.688468927923412
0.636854918180169
0.683840836889217
0.656314503096032
0.538766420099087
0.514637829119974
0.834268381934564
0.62034651602688
0.680876135426064
0.872231976635464
0.811309844012741
0.814534088599982
0.709599874021197
0.770256236444524
0.711552363299446
0.720890860094609
0.7475386547304
0.81469341575878
0.752987310480756
0.766828992676306
0.785665521902747
0.758408018548751
0.739987937028196
0.779573105842688
0.885097487078985
0.888392649862563
0.895957334676373
0.772934705913868
0.824088436677777
0.807640189065463
0.66043328945818
0.715370091827616
0.913765615103345
1.0045289630445
0.586997785074205
0.712558546856352
0.794666917164711
0.814786535024353
0.746436665291841
0.865490770732289
0.901738488084701
0.596946820445278
0.841693657099226
0.878882688513707
0.811183299425787
0.749891063091659
0.845432082356743
0.676012046485905
0.717006650702146
0.827013178597514
0.819164003380943
0.919118442010672
0.956231457073155
0.83992394482489
0.763640219174743
0.952032168017275
0.789408302388833
0.746496174072496
0.975232350007105
0.689422048692499
0.741316716222988
0.785035869358254
0.64225568861168
0.829582955917541
0.872378248620985
0.936749322933659
0.81738992610402
0.782164203632195
0.852026400177946
0.949526374253531
0.894945216025385
0.672179916083299
0.942150463198077
0.872749354452719
0.781927341766083
0.817445321576511
0.759239945373856
0.725966082607489
0.854854770452438
0.976079908700998
0.700846003540391
0.750643895959271
0.954817690778813
0.840419423080682
0.926711084322567
0.966857940102967
0.753186778057602
1.0049431294561
0.906352111246131
0.906861044655033
0.9751226345953
0.858643852084884
0.797775046612575
0.983960793840518
0.85068941736017
1.10065452989167
0.771770199924534
1.00877017654516
0.718269557512315
0.87000343166277
1.02451808985367
0.873636874677856
0.837822951492704
0.874879593591295
0.789800020087749
0.940315657096643
0.770708736779498
1.01264573374107
0.976480928067815
0.957508588181286
0.937402663921605
0.90568597403231
1.04355014200974
1.06541622754188
1.0634724657944
0.840796756025305
1.03131141308239
0.856896164264019
0.953830911280711
0.748215525625732
1.15477755341752
0.989335657611453
1.01813419939626
0.985350301004265
0.993650949585861
0.934981368612379
0.88590600648089
0.967249677971822
0.982064010859534
0.911092775548208
1.02634788469821
0.967891453497655
1.20177790584075
0.858738895342195
1.02379992015066
0.923302817922271
0.970600089851501
0.910799181800811
1.10481263887618
0.918181506085053
1.11281539795944
1.16018320196713
0.940948097713818
1.00969755635118
