-1.15246086508898
-0.789789191996955
-1.00924679177513
-1.05551623583946
-1.05931354528607
-1.04677013817801
-1.04383391308505
-1.11809226775514
-1.10870530831381
-0.785244713203145
-1.09015264274941
-1.0829357903829
-0.892479584678994
-0.956396312249443
-1.01044165958758
-0.984795964743611
-0.947576241783671
-1.0668758866783
-1.00315419304407
-1.05778263836947
-0.886158788022099
-0.981441696642579
-0.742486916639861
-0.913970192217513
-0.872097413183234
-1.0024999789042
-0.957863692933296
-0.984267108713038
-0.993614439415231
-0.969798647817258
-0.745114451333001
-0.984592746673246
-1.0405478411793
-0.875964175482321
-0.821909079379878
-0.867279591105415
-0.848493846940776
-1.01920472925429
-0.920442223210357
-1.11673577309451
-0.734495147659282
-0.945149560786009
-1.02138478955078
-0.911557721058413
-0.984384020409067
-0.970637853323976
-0.892362576497196
-0.803845108854459
-0.881548678705737
-0.888553271323115
-0.849724661002395
-0.9711215355009
-0.735152150084099
-0.822697425897846
-0.898814608405137
-0.896346919231271
-0.942520403540306
-0.847862244668924
-0.785057700766517
-0.847380281811659
-0.920697505535864
-0.877812819521375
-0.724267771803777
-1.00730459250684
-0.762409473767662
-0.91652232850439
-0.886256192307144
-0.95522656931161
-0.734502618337347
-0.825446101311771
-0.851096745673369
-0.751819371839419
-0.886830500963742
-0.754534231378718
-0.813182793474384
-0.869139346539479
-0.871593570183964
-0.928007740500023
-0.791935079281827
-0.740297591687961
-0.893569064619603
-0.764012316355732
-0.810492716801914
-0.884840776494865
-0.909166450528448
-0.776264326762074
-0.838161521064115
-0.860363755323472
-0.808838217023559
-0.854532030135902
-0.863648204544802
-0.835110997117321
-0.876289189387072
-0.791433637095609
-0.791490505511769
-0.80878026878569
-0.753620464668694
-0.891325710275408
-0.83783460769355
-0.719879067275589
-0.806569145256247
-0.858410684979804
-0.813699176857828
-0.67405638974118
-0.676883092313322
-0.988487568829754
-0.943805005167663
-0.596587887922661
-0.830009821493125
-0.719826073781334
-0.732368666435002
-0.855311026784066
-0.808312823647204
-0.612408427748029
-0.73532605476146
-0.849603824091896
-0.744867744411147
-0.709140011499331
-0.924682017945783
-0.761574087761871
-0.643231714065829
-0.852783911824512
-0.882693737725369
-0.724302366161697
-0.626935860523625
-0.873264800342702
-0.798367790593111
-0.590621001858043
-0.74343868825985
-0.613905298744304
-0.795477143769423
-0.747190671229633
-0.783233861948429
-0.697165424382416
-0.727214450270989
-0.702299758164189
-0.640843995158549
-0.544611250470004
-0.552851949723885
-0.766016942140414
-0.766368376381755
-0.698757728908023
-0.777861154692542
-0.758286533138765
-0.717338633264235
-0.74615469696679
-0.732440217054713
-0.807118130663046
-0.770749104102694
-0.584263732823648
-0.679210137716118
-0.775720377647115
-0.753748237790402
-0.775452745470603
-0.578539849293904
-0.656363522672986
-0.768724697295184
-0.750366264197769
-0.830293677144398
-0.65684516397401
-0.735885148207528
-0.677162416210101
-0.78729847165392
-0.585446441100114
-0.676406596354262
-0.668477424334923
-0.6915610993722
-0.555616466705583
-0.76360526452385
-0.826027670850464
-0.738797104878301
-0.598094225153883
-0.621662874802697
-0.560711960006421
-0.574197768904317
-0.604277950530974
-0.86021932851374
-0.587566244829484
-0.555275065037443
-0.721149885280839
-0.561932141851739
-0.454297460500882
-0.510573121128993
-0.727818068240504
-0.462087249189993
-0.528433839696576
-0.550412629672493
-0.636719863081199
-0.680594466236254
-0.573175601719515
-0.60447356968612
-0.587255791071217
-0.556772107847483
-0.607143711979605
-0.549381648659754
-0.624178564208391
-0.747268008730788
-0.619000961746945
-0.687388634521438
-0.552852795305104
-0.655697042549131
-0.4663104091359
-0.742754476470114
-0.535423744971745
-0.563047910023013
-0.570993582622915
-0.624705802926711
-0.479921430036451
-0.485536432130925
-0.590353079325029
-0.610836565111059
-0.663939016601019
-0.497572558957768
-0.504675678280501
-0.649587060762056
-0.519651632468234
-0.507666606167554
-0.674855260815376
-0.536273580993245
-0.546552284132564
-0.490300955217782
-0.575984899601345
-0.524788652656818
-0.646488017442126
-0.625769491521898
-0.557346402162039
-0.59900758075173
-0.687603132199824
-0.560482039808367
-0.577964664865949
-0.619635128499984
-0.759751495253781
-0.468650157396024
-0.459108542230949
-0.422324215167374
-0.452668010067313
-0.437085473622437
-0.586971124640924
-0.528803041866235
-0.573062690365092
-0.71565423667843
-0.287799279817577
-0.450022700359649
-0.577098967507571
-0.45068024568402
-0.459033224256131
-0.537578239206474
-0.48454504835563
-0.467744834856821
-0.42225673752607
-0.513459908744822
-0.496253095301563
-0.443360122378256
-0.623355524376408
-0.48381075630567
-0.493687698386611
-0.384650712608161
-0.44421802748227
-0.493608967068801
-0.451999383582985
-0.65610882848797
-0.356063760558025
-0.537197350714047
-0.444212385229412
-0.42753058211301
-0.589165923876767
-0.510157667646851
-0.472424787389124
-0.385788674030835
-0.429871871464962
-0.508333789519232
-0.479607061753515
-0.436129878394499
-0.299104896931789
-0.561012851180191
-0.414183034705137
-0.585456181136704
-0.495120797580659
-0.514763138981255
-0.37447216629996
-0.285986488814448
-0.457638408161017
-0.433412205463177
-0.411123573544061
-0.376827484081168
-0.338727306758943
-0.428288553663967
-0.305060287242705
-0.574612878684819
-0.375005511326991
-0.528655694176833
-0.585222308927499
-0.417244657734646
-0.354276930278192
-0.57486819940675
-0.392137068011523
-0.456697452774548
-0.336794650250156
-0.285543752477407
-0.315950820973684
-0.386295454262159
-0.407841133741287
-0.310924869977997
-0.400832122501237
-0.396783957199688
-0.455613040398289
-0.42373909500082
-0.377841869581543
-0.404636252183678
-0.412493149127658
-0.22929363787941
-0.279125229432166
-0.360708830488686
-0.433085739785205
-0.427152015238349
-0.502979800096963
-0.246251631819054
-0.441653033885006
-0.324167707195444
-0.378855368418081
-0.316503583007966
-0.379182975822418
-0.358640962704859
-0.386487712747222
-0.301346249829306
-0.346390431383683
-0.42042515392589
-0.361689402340903
-0.411019893900581
-0.409248835937591
-0.313653349411153
-0.358809375793765
-0.222832143218823
-0.187610011900329
-0.343655683363472
-0.332995545104067
-0.253988955421609
-0.306631505141849
-0.241437446002097
-0.276973878127958
-0.370872911718264
-0.27134469270747
-0.284438277333488
-0.343089433844461
-0.314378995833829
-0.281146696378963
-0.462645615542803
-0.45237896568997
-0.313522724144737
-0.229858572456806
-0.360377772416889
-0.304488453763911
-0.351473839299814
-0.32027385943432
-0.36058717670122
-0.361664833663024
-0.197031513494441
-0.315100237198852
-0.356841441461592
-0.265823440844541
-0.241055032396555
-0.224278712179494
-0.319086703472879
-0.201161319998488
-0.174224584231858
-0.163952735817264
-0.180440580646229
-0.31700828916829
-0.214609719955683
-0.274042029646681
-0.399885897263373
-0.219291848448367
-0.139416522441328
-0.152284360641986
-0.322314739653103
-0.377543454271803
-0.289868406420784
-0.352140414199713
-0.297037283752482
-0.315992716515365
-0.279357529457288
-0.332392674326506
-0.182549339624354
-0.228437574071481
-0.219117085676224
-0.24665437688136
-0.236826085227854
-0.227153619294122
-0.219016517122574
-0.191564161005885
-0.177798033751568
-0.233359979903343
-0.291244141944971
-0.184553689521298
-0.202112541525214
-0.198592333866764
-0.299075562541034
-0.248659105911539
-0.188446866733517
-0.135817328205937
-0.249636696515909
-0.123960721779499
-0.16656014872045
-0.190831759959071
-0.247202524195086
-0.149764604152925
-0.213674415040577
-0.253871408422471
-0.138159462423293
-0.0598150388754335
-0.190999403105767
-0.310077699525274
-0.161704897795547
-0.201690712379431
-0.232317685840712
-0.162890575795107
-0.127100905649177
-0.167378527083476
-0.191115038960087
-0.398302811285242
-0.296981803564506
-0.182412019148354
-0.0678292970599983
0.00844452653122265
-0.0558000670033697
-0.305110948592425
-0.047534396097502
-0.242283017798846
0.0129538848565824
-0.0935311123359122
-0.239781989945424
-0.0881216416280892
-0.275220498947469
-0.0815179620979253
-0.118973786200711
-0.0546983300102814
-0.269607232053722
-0.0924204384203832
-0.171389391222116
-0.226477782156136
0.00226225929608984
-0.282362927546419
-0.0821914271921424
-0.138440820714243
-0.115883160115645
-0.0934427616417291
-0.221480488009927
-0.25947340543815
-0.0753648568282561
-0.280647663789603
-0.102894310594986
0.0828089481506406
0.0277229806319413
-0.136289944065131
-0.0595200443379381
-0.070636960149165
0.0516277870081404
-0.0175133618980179
-0.114990014438553
-0.171298820408606
-0.19285937546217
0.0509892393458923
0.0149806509899377
0.137870414528446
-0.0779142890091084
-0.0967110481949489
-0.076880049962363
-0.188408772341459
-0.203208293776334
-0.171451047489472
-0.0682226600525471
-0.072156797502777
0.0184725166259915
0.120831784353244
0.112945608669229
0.0995558646504087
-0.0580027993668727
-0.104601316594061
0.130977415727482
0.0397350220411492
-0.141369019252066
-0.13032948527157
0.0201340880095816
0.043104627878462
0.152755413994236
-0.0215918775756784
0.213705365666192
-0.0448119824507516
0.0531424996742787
0.0307101029295475
0.0306390457782791
-0.0717228292705311
0.0573128895134112
-0.00149330079770397
-0.0687459660032129
-0.121491461224866
0.0714716267957412
-0.0186522777435564
-0.0503247548003609
0.0616838106271713
-0.126820098110333
-0.0317567218662936
-0.00879004854922102
-0.0647134575070722
-0.072916669175285
-0.104261821807851
0.0508245294681456
0.0213808924820775
0.0535275416432974
-0.016460504076129
-0.080404418885453
0.116722744873446
0.0784601787447159
0.00668503606896444
-0.0893638984865311
-0.0368762599049491
0.0466188963521683
-0.129891070676802
0.0428449325361901
-0.108518625730948
0.0653311398131814
0.115011276981447
0.0298734975833036
0.0142859829824198
0.0104401820688292
-0.0518175361167083
0.0642594352356418
0.0733835449917247
0.0458092083750592
0.195954233311492
0.128256615839106
0.051670099908251
0.156141593924651
0.225888446142259
0.134252263768412
0.0757172394936018
0.0828887895408271
-0.067380146672793
0.080678374162015
0.105736718167833
0.107086503788427
0.0752169693517225
-0.0362302667615268
0.0816509634103627
0.22463550280187
-0.010338131696347
-0.011163693765183
0.105679257393437
0.0121964178485088
-0.024363604638087
0.167332450614383
-0.00713613946161814
0.0630083150978697
0.0722291589351845
0.0536627755612125
0.0169873596461014
0.148392767396525
0.18429114182725
0.269376567466347
0.0599878443042799
0.208399963807231
0.00846991088230867
0.159152339999138
0.219589625333388
0.158855566471282
-0.0283958115052442
0.3002685827181
0.106695268985251
0.0741324694635399
0.192112449275197
0.0590054202056275
0.216897254318206
0.144258159294005
0.076762684606475
0.0875516023027143
0.149139292827314
0.151645202197935
0.177798385924762
0.073796425211443
0.214557719649094
0.0429986701199979
0.130144774318476
0.0648095210020627
0.140864934859891
0.139203948702378
0.133175263505772
0.166661581541323
0.0592985045197221
0.139652791448515
0.108753867728425
0.198893994734878
0.110321380594029
0.151927931852615
0.210800208648251
0.239954530347871
0.242534841725343
0.245341988345421
0.209894075399887
0.145775005489033
0.347821909603826
0.0815235186823078
0.0319686238079646
0.201483156122199
0.21071513079498
0.196320732977316
0.158772302833692
0.264732623136269
0.154736226973731
0.200325826344975
0.18084208355544
0.0817567533966625
0.374011492095026
0.257757525275392
0.248838744865439
0.128712863873432
0.153711756874693
0.222991252493052
0.341996928524574
0.340146146568655
0.357651782510587
0.18583121632363
0.255318700136359
0.286133160667411
0.15277400935771
0.225230618059377
0.289229912703902
0.33299855844064
0.302534627439813
0.281494315584966
0.23117053108829
0.195689726201449
0.215689952886317
0.336719394631882
0.196643755165361
0.164249675929051
0.189368360670679
0.085457546814322
0.208004395763831
0.214423945757579
0.268187998073593
0.28693642447242
0.373573804725932
0.226221499270578
0.356403581868305
0.287585701409615
0.314108746821971
0.323279521171326
0.0797722353419629
0.227648622538881
0.213855926956495
0.122861755230856
0.363982549630078
0.296373777060779
0.350943408594487
0.300093347597641
0.315537703380966
0.282642289963867
0.34559752188206
0.36170205259453
0.324990055231109
0.26151861723697
0.306156067726753
0.327356978139225
0.36356265592076
0.297459153528299
0.340002310280086
0.297182160578158
0.33214774164229
0.290177297389733
0.314652495717976
0.131950658732688
0.280138243354982
0.416317701347666
0.304171790345313
0.405262093510769
0.294177880943341
0.276467840892938
0.320450757507916
0.326037578447822
0.246655240788185
0.42503168152495
0.245409311494246
0.17107774166507
0.282491249000362
0.38012666887708
0.341304287369066
0.237719480445851
0.369999048221366
0.48730446639033
0.369815429475102
0.17514699369762
0.370600212827139
0.324700611159258
0.477359945266165
0.341698826621709
0.355206978024524
0.338841928282526
0.527093454328483
0.310115287869092
0.397247416094235
0.423552565034414
0.41002642333798
0.403412440080319
0.480475705550929
0.469282057107349
0.40198958480082
0.326342690797256
0.343932187330263
0.471200852862473
0.426108380889095
0.459672077749854
0.484992526137701
0.375777429804397
0.503947461334064
0.423151848910916
0.359795212262647
0.4188810348255
0.36390559091949
0.469059598477252
0.397709459510615
0.345582368769655
0.537615105438253
0.496652075494145
0.381145711899758
0.439470609597183
0.276339206883838
0.525673722542854
0.317120588700281
0.549941136784412
0.407930477003132
0.314871360086434
0.465288357160569
0.531021702654308
0.479419410132081
0.358930770337952
0.469392470602055
0.291591395287728
0.331062442754415
0.506546777380033
0.696154056982429
0.300437108295227
0.500204512647805
0.507513951041815
0.475161388468968
0.704805805591262
0.439534329640854
0.549678167924474
0.604568676365392
0.496474665061095
0.475620137216589
0.486511559047417
0.628456162981541
0.550046674447192
0.494393352251366
0.615422674951615
0.387052441105126
0.612862446730675
0.493865719764434
0.603192109858718
0.536177339607711
0.44661981856613
0.516714264123846
0.440061747718314
0.44645278357342
0.650033137055687
0.479072324415537
0.52981770643905
0.593889019450179
0.533378003203765
0.544764593780284
0.480991247455899
0.686315005698582
0.554159805540056
0.445038756965035
0.686877008683313
0.485109022031201
0.571789566595083
0.607841527548079
0.622537573338445
0.45675343805563
0.562995137702802
0.582083326149543
0.565600125354834
0.511724877636561
0.413056498913025
0.60949291270011
0.600188340279054
0.602676698213264
0.489813736759365
0.711400528781864
0.552736898150876
0.559941072695236
0.608054188107422
0.661227543654404
0.55550617947151
0.520217117613824
0.605584065221116
0.597747027862427
0.678982519894485
0.511418599358463
0.503683668902395
0.764872071102089
0.643747086247457
0.577646912942565
0.662298761948711
0.526184310550689
0.560297576063918
0.548957395113319
0.696563746230354
0.634561125283608
0.497265945086636
0.62216243759204
0.470133071902221
0.410860703147222
0.652125475391615
0.755466747942085
0.650089347225591
0.671606498253241
0.600041473739402
0.78172367995591
0.481394273907644
0.77350965488893
0.584287019277622
0.740579530698948
0.50908377435038
0.537061467195598
0.513196787614566
0.542978045518445
0.741036754023841
0.72130362782041
0.699893644460444
0.517473367225416
0.691514491074568
0.771800517636344
0.653887297372769
0.543911109724055
0.664524102040105
0.778291907826636
0.556766004840062
0.633732961996448
0.653491589079818
0.601833522624029
0.688457015695826
0.796517217744035
0.529997179594127
0.676753068039302
0.690350336800251
0.643559644132901
0.738669027208921
0.79626716621767
0.626156426003758
0.731247547034341
0.645334765475467
0.575828976613866
0.689436855743268
0.828844980565573
0.654060942966874
0.819232967551629
0.723555434396607
0.831784521191757
0.654899954593731
0.659529140576061
0.621404118362221
0.759470567625377
0.64442412275269
0.865549890557523
0.69549300752449
0.720051070208383
0.796989449656082
0.827829393068106
0.867583492575008
0.85827878379672
0.790207517543468
0.75124570040986
0.730487027878867
0.88221530964649
0.860227465944442
0.767940264730998
0.77296008436498
0.748266195851608
0.8351567367829
0.809183124307288
0.820345548928052
0.655163512606177
0.838194935920494
0.837165479962776
0.637620018308887
0.615568817556801
0.807953231978805
0.753562208477531
0.810327721483064
0.714961701546563
0.762305257864755
0.928816109460754
0.697555606266454
0.820285075316832
0.734249481408296
0.853060835908196
0.765306010318587
0.894896618798819
0.988931698095738
0.69938819282543
0.814662068057245
0.788917972490005
0.923638285811967
0.730877316949243
0.826638872318451
0.951649767820336
0.758089559435149
0.952825823890418
0.803998960205484
0.81883968308084
0.864215180783845
0.907953954942727
0.755082260748373
0.711876901345155
0.824035359622539
0.854821216495433
0.877925058006625
0.644105231522282
0.740682041350219
0.812923624512961
0.842746827265324
0.827310352469923
0.94328979561776
0.819657013179885
0.726359255188734
0.770608785075727
0.971118770512996
0.894312339715616
0.780540985294355
0.912530271264339
0.815016752897802
0.935598430554624
0.81285873491214
0.91587343755154
0.900587157183716
0.943043729753642
0.810598560877698
0.894022546856541
0.900787761871379
0.828950748424403
0.889825869736053
0.934509274287113
0.900887287568008
0.663372484140197
0.86241216271197
0.793968631434779
0.945596576093702
0.839360686012962
0.807387584144599
0.863944753769546
0.812050328235065
0.913635349016959
0.885453586999303
0.916044348075148
0.914268408914426
0.88323990841605
0.992065294865973
0.838305497865385
1.04055754042857
0.945636385451442
0.839921184952827
0.825413974727396
0.901427711683213
1.00515970265522
1.02153167915073
0.920347631710169
0.77995871178498
0.878739231894612
0.91367679449392
1.02726916017598
0.862614876667548
0.902336974878451
0.973723838055448
0.881401788973506
0.907730003142795
1.00169134225789
1.02490779476132
0.985197666570241
0.86408825253789
1.02676390159495
1.08429669501836
0.903595265832474
0.964120850913435
0.970907319673197
1.01921078700502
0.931768867242522
0.954989508852347
1.0604108498883
1.04500825829521
0.909953551672369
0.980700593976623
0.988924249922685
1.00669086687057
0.831561679446641
1.05189699864419
1.08406993140135
0.984054049443624
1.09177313494411
