-0.978816166787225
-0.953556068909547
-0.916562063293485
-1.21131276164137
-1.06124414994982
-0.924964232539815
-0.755819910907513
-0.889665122429368
-0.985436628031338
-1.01758737662631
-0.926127384812959
-1.03897056442479
-1.02693400303465
-0.974741090314924
-0.87804008652821
-1.18606172554762
-0.960238361584674
-0.962213619421962
-1.00498112326605
-0.872344352405004
-0.876857358922031
-0.880752301327245
-1.11272531100151
-0.867290139246905
-0.995361496340295
-0.943732275500284
-0.891707628292265
-0.94282736087786
-0.989903692902479
-0.906540901426181
-0.899178255171213
-0.917795016574486
-1.08187763959917
-0.751603890149154
-0.964008275263783
-1.09352251636307
-0.931566572964527
-1.05727370864083
-0.912862609014717
-0.998020435452749
-0.816727754121414
-0.962365337328824
-0.931972492055809
-0.883437782460894
-0.755766603574715
-0.863328431102686
-1.00069460719134
-0.925194277430475
-0.73791619761057
-0.934396679837853
-0.852965990323994
-0.882280164019974
-0.776217538300418
-0.959182962351927
-0.760129034843348
-0.959193370724975
-0.971420330265307
-0.907552955879965
-0.814549753935655
-0.997746733177166
-0.913324306887251
-0.946411641652731
-0.945593009139451
-0.944469189057958
-0.88993476929553
-0.65227578374252
-0.832630690384165
-0.894516499225825
-0.936324940243045
-0.878585484398144
-0.963838631272072
-0.828523504614982
-0.992605599998265
-0.881371647639051
-0.909327465365111
-0.8713422355922
-0.773226064453046
-0.853578298523038
-0.886527129318896
-0.832556227643405
-0.83533303706987
-0.76179406346836
-0.991524677642153
-0.779642895491817
-0.734802701011821
-0.903194690979231
-0.779134396966961
-0.7379961179916
-0.842233060561374
-0.884210864928451
-0.857110121124414
-0.707161846965325
-0.903080317490193
-0.70897918026788
-0.798065770876747
-0.738152112799259
-0.773629790067691
-0.786011165869701
-0.786135935533441
-0.76336463762063
-0.790851975003244
-0.720079127241187
-0.948789391674172
-0.859932156548867
-0.746989498516357
-0.839896267306157
-0.805370059145414
-0.793421787689997
-0.860246498234421
-0.657041254595365
-0.765030504308066
-0.691034222311957
-0.717270323232536
-0.725936798298116
-0.88527565666855
-0.758346533830314
-0.871315100650524
-0.670767739187164
-0.734694783598663
-0.637373241094845
-0.786294663707991
-0.747962286725464
-0.658065631053558
-0.696858925850244
-0.640111772230171
-0.648766595902764
-0.775248465721674
-0.682122342852116
-0.839581282165645
-0.704187161149172
-0.686833096431791
-0.845371016086179
-0.710299381379445
-0.663157190643
-0.53794644671075
-0.666988953549188
-0.610842142954444
-0.637657616900344
-0.669604623089086
-0.635836566165677
-0.691516644426385
-0.736568959890696
-0.821775572481296
-0.704466165913667
-0.789231099532641
-0.733107342915243
-0.646828675766275
-0.788067711071346
-0.541365756796253
-0.749555282503219
-0.691569742234891
-0.843246052903506
-0.692978213313923
-0.648037253225135
-0.773266807566783
-0.697027099118215
-0.730452886170252
-0.793322934965375
-0.59322917419575
-0.710677185822937
-0.666791113860811
-0.718786182644745
-0.721471522075552
-0.598169436779058
-0.573391498258706
-0.72339131263203
-0.514074167378191
-0.87066686503167
-0.751586920431222
-0.642080547825218
-0.696029004986087
-0.741206733921596
-0.673891947710613
-0.868292348832282
-0.653989686586357
-0.511399613432815
-0.745130484110812
-0.69584647636537
-0.694035837402326
-0.652789094855827
-0.51823428703439
-0.528168070736846
-0.691516057408064
-0.636459717050499
-0.611330570534338
-0.670491693695373
-0.563219295124495
-0.770546850993247
-0.613198919859518
-0.681904385175581
-0.61677217680022
-0.681567133266061
-0.609043603533176
-0.604220502004415
-0.601700270103752
-0.627864097076543
-0.634344094812547
-0.703149664897337
-0.787410977829534
-0.67973998012792
-0.592189832079088
-0.682324540383812
-0.555902607734024
-0.488737738541363
-0.492765933643866
-0.568137723842451
-0.645643003624372
-0.714709546605272
-0.567560005465017
-0.651738536136919
-0.539613621899774
-0.520088920487506
-0.423859411183722
-0.763687636530363
-0.677033686180739
-0.582182709919672
-0.359923616311402
-0.555904843268466
-0.549087438731032
-0.64855064612917
-0.630984102016727
-0.534726556215533
-0.51547756728363
-0.48686654757264
-0.547706316370194
-0.40295198774556
-0.647103160078044
-0.595511039391845
-0.575776908020027
-0.593053269419074
-0.616449580331522
-0.634156832042344
-0.433835731805393
-0.560107944576137
-0.512305018375043
-0.534083329637601
-0.4502411523874
-0.754868902061559
-0.476849975573566
-0.581037424344005
-0.540481388166824
-0.541492940122888
-0.425784680682356
-0.371404052817283
-0.568086516039711
-0.394692379595964
-0.571042178189529
-0.472603521937633
-0.61269138190802
-0.460832027816653
-0.409331793269124
-0.451806990143587
-0.443546162927294
-0.361840238674862
-0.556417742736688
-0.599534163360758
-0.420275286356512
-0.332359085016586
-0.517971928964395
-0.535086789773883
-0.49682490729696
-0.37626097733189
-0.570542474573437
-0.489227141173027
-0.535906587769644
-0.487974716692811
-0.248089823216567
-0.550048252543268
-0.390652768673956
-0.523125964516945
-0.400319097793419
-0.393871718942465
-0.286988338335017
-0.301506257159903
-0.655086754842935
-0.315298248496474
-0.481149554678723
-0.503695647097316
-0.317821708377475
-0.459423177139906
-0.520810852658007
-0.423441079561761
-0.516091834680598
-0.377377196585157
-0.457115442452087
-0.440204618457875
-0.160037308546143
-0.523423144564105
-0.413311709289851
-0.325980385634958
-0.435556330978945
-0.420408461711475
-0.496279637035008
-0.284059785078337
-0.387976265797642
-0.348432000606489
-0.468095212956863
-0.321177682754248
-0.320874014803495
-0.327059495746845
-0.427993144104715
-0.399611486085433
-0.339277112089363
-0.368652978265098
-0.337667685171727
-0.294289718148893
-0.459143417719332
-0.420486391046083
-0.377913481765837
-0.350060983341085
-0.411810178419155
-0.502572961990627
-0.425958424970333
-0.400910422352591
-0.403456442261146
-0.587346266631178
-0.438644152298859
-0.346444382489931
-0.344481620883202
-0.387745893476581
-0.338857464738509
-0.360760189718564
-0.476330691606218
-0.302578175982483
-0.185866443203734
-0.42589726512854
-0.408534975979743
-0.233828270865906
-0.233948989224026
-0.338199701613403
-0.502878845179035
-0.409675068702124
-0.235811360763068
-0.368092638854821
-0.366225241518828
-0.269497840704786
-0.354766047990381
-0.35351730697553
-0.38236206656546
-0.329522133657031
-0.292032270322819
-0.518080526159918
-0.168076558512157
-0.304867774920274
-0.113422559415747
-0.263785286538655
-0.264359537134282
-0.285774194088907
-0.266636621837818
-0.243268319987276
-0.347340618139306
-0.273747001282829
-0.265021451705679
-0.27501243103293
-0.439453668868988
-0.272301597264617
-0.347888239069833
-0.265751627763063
-0.456103380951526
-0.391646485700237
-0.273720094010486
-0.341072546872847
-0.342860536352424
-0.115472265299229
-0.317536318538576
-0.266264959607686
-0.184743680126954
-0.327957279835854
-0.410862312607753
-0.296189359996257
-0.140015786743475
-0.343499936912565
-0.216149883629389
-0.258491297996407
-0.281529420112271
-0.277875379118964
-0.08986811360114
-0.337406241793072
-0.290818355011027
-0.238322435580876
-0.211657750209398
-0.138984068958568
-0.36012572272405
-0.306095685544269
-0.267918833831076
-0.254851277657895
-0.322953373531282
-0.213930444694414
-0.288663118001881
-0.295831448109586
-0.367457465932292
-0.294574704972692
-0.214580519970943
-0.168502032541828
-0.262481885133551
-0.201433871476708
-0.297958515990993
-0.215812613112567
-0.0455253188615143
-0.117361352155353
-0.239650919594934
-0.250694185448307
-0.200316854544534
-0.265073204830116
-0.328233812536282
-0.14629752996396
-0.246434737244459
-0.164835331438619
-0.188096485021368
-0.236341229633157
-0.203470573870148
-0.160259643782952
-0.243039488301121
-0.240238674809693
0.0140428273531778
-0.20856200681797
-0.233169149964011
-0.00146235824002751
-0.287165750895187
-0.176363243843019
-0.0911685934191724
-0.189057534430222
-0.181046705740023
-0.0451848364693733
0.0701387306316383
-0.0706896001079369
-0.085630176857639
-0.0565894791014614
-0.304415626359639
-0.075282427644023
-0.301408038879506
-0.117360517180184
-0.182208332790056
-0.029074209261729
-0.0979060264428224
-0.158886127020084
-0.171939494087398
-0.0759991554576106
-0.109420697214714
-0.0820651647249666
-0.219452264445751
-0.0900924492119643
-0.0437043078921376
-0.221426564244856
-0.314393968407873
0.00551560892378573
-0.15733894207231
0.0170247486445798
-0.0875337941058993
-0.11849708852685
-0.130602494800579
-0.0849197867820511
-0.150067698348286
-0.148812133259627
-0.0871793286391343
-0.0939146111672489
-0.0241812014918838
-0.0290311851673853
-0.0839843825694793
-0.104349398196448
0.00942846520010364
0.0466370943026437
-0.128122719474586
-0.051893898837283
-0.00296965044815947
-0.107236044609067
-0.0185551483044292
-0.018810622592657
-0.0187570247516176
-0.0180567656950359
0.0257561426064872
-0.099537850150816
-0.131522645390106
0.0629562746280492
-0.0513632855774334
-0.166586332713573
-0.0411560574027971
-0.153653183580438
-0.0297034455259797
0.130923521479733
-0.0686919103926768
-0.0567020273272085
-0.0332370264789463
-0.0113662158646295
-0.100885918879655
-0.0722265441134993
0.245602887164603
0.141707533483453
-0.00855646257835276
-0.14234995873329
0.0106889607251897
0.0228372758168544
-0.0501786220495592
0.13575157720997
-0.0592816914502567
-0.0344446478924797
-0.0309663689171265
-0.0292324880451641
-0.170165520205064
-0.0266809335201575
-0.0535861506533581
-0.0672079854468799
0.0734171533684006
0.0623205735845253
0.116407905127419
0.0758701650161099
-0.0553682502434255
-0.047098275594682
-0.00732820658205793
0.0285925205858323
0.0140603644156921
0.11575794370213
0.0557015991882564
-0.042500853437859
0.0460078251240115
0.0575027137817023
0.0378931360426482
-0.0275064981522967
-0.0701501448221398
-0.0594301267396565
0.0103625777597305
0.0278870268379968
0.02134408757021
0.0781091390564485
0.0733136348725168
-0.102202543019908
0.264954680177564
-0.135688988060402
-0.0425514397571581
0.00595251574758882
0.105212867036424
0.0779109460776093
-0.069945922936594
0.0591697464787466
0.160997505437454
0.0883625932310717
0.0740786091581266
0.0511132039643275
0.0215841249402106
0.136322909007146
-0.0263008559992394
0.18739183367465
0.266293336811119
0.0382809842536099
0.0524844664226465
0.0275153347579257
0.12022722999922
0.00944145346112137
0.100567943884651
0.0623612420150615
-0.0155761326007386
0.0790961848443528
0.0115660275860468
0.097308776204731
0.056033188824108
0.151532669571081
0.143719369402608
0.191211345174663
0.133250036963441
0.138986236456029
0.203018325820455
-0.00023082952270452
0.0763570704988547
0.0987241463307639
0.188276310911244
0.233797430160339
0.221587015162827
0.179979444744621
0.09726257025376
0.145090190547428
0.140118991568516
0.048552311433552
0.141197092552204
0.157099473888519
0.178590504316618
-0.0237448993302195
0.235762853120546
0.132742835420559
0.154203054045105
0.22533286213413
0.314820534559369
0.146268731686393
0.160545154821009
0.0765798884838774
0.131951491680689
-0.0274436929759737
0.298785840830361
0.410880335465986
0.112931774903063
0.234306807573523
0.0664329361689441
0.100253820414407
0.15392150640886
0.310700822409121
0.312733415223598
0.407433712760454
0.0759132862066888
0.233784955920515
0.263391149601815
0.101388288508738
0.138280783056956
0.239118172801464
0.211533851932133
0.189525618817794
0.117911017717398
0.232538311494137
0.342468864253734
0.298725079802943
0.224753856773341
0.218056953199589
0.217962890103125
0.201880528408319
0.12079744369414
0.339429882550029
0.286365428773311
0.293670163323517
0.391555315952915
0.272904947453793
0.129836455708859
0.275712671374785
0.197509588081172
0.288031801862862
0.299651279864752
0.437929949041355
0.168467014919545
0.314324233794314
0.187965197286141
0.14864341661425
0.227661659680751
0.210535610106812
0.298901171586797
0.259070024620215
0.298076795979807
0.474748273323081
0.340232463460686
0.319616921517066
0.245500989743031
0.374843881444382
0.290052534384787
0.287933350824297
0.185365101555107
0.352905454983542
0.288381933327493
0.311621510435869
0.308939019931452
0.140159327120006
0.249973215223678
0.338794865167079
0.489631539228485
0.286250285419861
0.376173870834479
0.211246560754225
0.319833912900949
0.200278108200138
0.279875774555987
0.329608679234878
0.298202148155864
0.28179134399312
0.387243423439949
0.452222926664903
0.310174971703143
0.307947689972383
0.429087421523257
0.351467391045341
0.378402111149748
0.406167616605505
0.33534897144367
0.291286050764174
0.190211577330162
0.388477920730594
0.482052901680341
0.334784548530332
0.408636503936975
0.484735231378399
0.360737663543645
0.340534882857987
0.363335053178464
0.306798664262301
0.278837492326079
0.511774782212592
0.353041916326595
0.56138175022022
0.406961895510216
0.291914935403873
0.253310138291121
0.330730170888243
0.487508725285135
0.324229581955337
0.409626283884281
0.335694736457696
0.305263355105833
0.539208632387468
0.470862031276784
0.480287292935646
0.34214548950271
0.412005067747664
0.379334048513245
0.595833678096806
0.377882121073396
0.411542660806722
0.399819544956992
0.456432916932506
0.507834287252545
0.402803324496721
0.336850908599301
0.464822819563011
0.286184672000579
0.351353383718672
0.452196522909488
0.42572328358017
0.377674618390954
0.487032366070081
0.45698932480921
0.404059826375018
0.285705475477483
0.349781968812683
0.3456060361733
0.367459955603203
0.467274038709466
0.471665759155903
0.46947405428634
0.324257153328834
0.302113203554026
0.350688184867312
0.48439194638735
0.578293477811585
0.450138549622386
0.549683093866633
0.475385249157183
0.501009963156184
0.455258954368896
0.392480644503961
0.522687821185629
0.4237077404638
0.536062959663588
0.498781546729201
0.492631754085762
0.602362771492233
0.592163468065464
0.490053885544237
0.48131473701428
0.395658548790305
0.390911232480484
0.509039239041151
0.517840640202747
0.538186411149607
0.506160377326297
0.562125461557905
0.526864478860816
0.466743392390659
0.565648697350004
0.458845759078724
0.392913826775202
0.424266934013203
0.519895190340805
0.651911537395692
0.5181274167198
0.458648189845129
0.549294611387749
0.643124128829113
0.486765777383908
0.417854704370434
0.405278636359165
0.500100627429483
0.58669124008984
0.578650344465037
0.498479936195647
0.461375216224782
0.444252774938965
0.426834470550745
0.348756246664862
0.538824328884328
0.455125645232544
0.704213257468875
0.638491495321801
0.598233838720214
0.644638425215007
0.547281259357394
0.575301278828694
0.486139523707773
0.516251917532249
0.540656702111078
0.389421855813601
0.763008305639943
0.615415397291461
0.589834339754411
0.61828401991563
0.792676215606408
0.580549895733068
0.615879498452545
0.741543282253296
0.732799658274801
0.704687614571198
0.504181731162039
0.602734848543266
0.603439916120776
0.558592886403953
0.681175288074155
0.648366701132813
0.546448623246659
0.721797867440821
0.560194695831462
0.798858025157611
0.58561999218801
0.593481345931757
0.699801660325689
0.629320166038786
0.727907522609824
0.453627119789126
0.665933325321146
0.603006114277875
0.732270910011245
0.616170295397685
0.566235045613778
0.566494301045611
0.616837391482938
0.745367663594414
0.673696172625562
0.631946747848168
0.744862781071409
0.704073703073852
0.461022026446731
0.608993840052718
0.69951798366788
0.733157015412963
0.544923676669714
0.580684028322531
0.612852274982739
0.551949476319498
0.657479104461321
0.738908139704069
0.663395052570022
0.592389873855858
0.545574856164492
0.624149933849184
0.749224706073515
0.709473572077987
0.734617994588692
0.658637670662789
0.712309335841518
0.595948945976825
0.65411856645551
0.773155212889716
0.827082964602919
0.56181334105657
0.728768857125792
0.718004628950537
0.751598603725612
0.679636160969247
0.649706010994908
0.669944939714453
0.652532067558942
0.801593725894112
0.581923210616491
0.743550306443176
0.625011313032323
0.707892870770467
0.611190331952306
0.688761300171519
0.667294375017647
0.551293595929542
0.507496593419058
0.823509484456614
0.611129727180454
0.682129678134382
0.887443306976481
0.792050641027927
0.814748512493356
0.682341180488046
0.759799621152149
0.731233983917373
0.701156512051755
0.708298860415265
0.83090423863293
0.764678659134044
0.771100922055422
0.817164273641981
0.759126217766009
0.735677129572497
0.756367432701998
0.870692804070627
0.902498065005352
0.870747722923231
0.759794916803871
0.831192056220312
0.783901431441383
0.649506207930291
0.72918426136864
0.909248055221641
0.984312353846447
0.597563087617966
0.732829947020216
0.764529376530673
0.829081864826733
0.735909476255233
0.857391668642961
0.90015206479328
0.583679166304813
0.839421840556645
0.856053919931522
0.803138884319818
0.739317031365816
0.825317778028805
0.646291156668507
0.723212517534398
0.826786442961744
0.817208865369066
0.92491516490639
0.951710163214306
0.830652383710089
0.76313758987914
0.909115862269565
0.774496615114263
0.740627688326733
0.981166313031916
0.700402815747717
0.758804576100048
0.785153707545374
0.639068097801224
0.818064870671551
0.852846165052555
0.960505027928555
0.787171892220118
0.765635326247847
0.872392065047534
0.957679261076383
0.890657090231589
0.680223397377823
0.945862447734168
0.875674515598155
0.790364586213173
0.830061106413125
0.757169787885194
0.748935546142156
0.867451909892186
0.972079911364795
0.666527978010753
0.769912453218173
0.947193823778485
0.829041217429049
0.926918116803293
0.974741572756626
0.751019690609451
1.01247372229488
0.892906274472345
0.917496782450711
0.965044817334423
0.856713576118904
0.796483928134016
0.977998730706684
0.855043242585738
1.09595255546944
0.750990502856566
0.998021248053191
0.699019309256243
0.869560445206586
1.01913301274447
0.875983085879381
0.827908413222028
0.868617037736758
0.795868937121146
0.94421866199638
0.76447252757865
1.0156514408022
0.989907535076799
0.962750927857917
0.91795440277498
0.883608341751976
1.04699910107599
1.04506744552703
1.07261836611684
0.851509208557819
1.04972644672756
0.876728704634611
0.959278439768674
0.741661372023004
1.10638818251083
0.996818677295972
0.993824515858474
0.97156288519521
1.00419485445706
0.928321715434664
0.93164813436998
0.975488793175999
0.959529695556741
0.911846671419058
1.01366732783735
0.976446906462078
1.16041732044311
0.874960175292596
1.03340150215371
0.927330275194014
0.942488720783588
0.873383766002319
1.10295786382636
0.907392125800457
1.089201622608
1.14883577114601
0.926423059326525
0.992533757635628
