-1.14578670946534
-0.799345304478328
-1.0198955748672
-1.04495241649885
-1.06586306855717
-1.04875407693419
-1.04917177237737
-1.152094498779
-1.10170140658565
-0.796021718017414
-1.07386410962704
-1.09946285821335
-0.893888854816578
-0.950206355841471
-0.995631142928608
-0.983819183698123
-0.958224091440213
-1.09560886808256
-0.986802288731394
-1.06689587484407
-0.870938734258252
-0.957480994885883
-0.7381190996306
-0.936285256480704
-0.889166931989132
-0.993858232219955
-0.951411824608059
-0.969061517004254
-0.967319448369329
-0.959682527773783
-0.73982462841852
-0.979801460391529
-1.05252201246877
-0.892957328839296
-0.82537985875075
-0.85929290726407
-0.861682342270316
-1.00828856205174
-0.923130814558093
-1.12181530567285
-0.734256757471872
-0.955521107747047
-1.02052077815308
-0.89118907876474
-0.986165360095171
-0.984064586324317
-0.870190416503553
-0.814291446452527
-0.868479887372194
-0.905075626132529
-0.831797115095352
-0.95133612867823
-0.738933784064424
-0.846052183152216
-0.894828580851542
-0.906996951997084
-0.933314522065546
-0.852613491700285
-0.806386796402981
-0.86370909733849
-0.899969481307716
-0.923810485584866
-0.757743385950779
-0.999854221440216
-0.762795483579424
-0.931181177332634
-0.882307710252729
-0.930194061276057
-0.719094952105763
-0.832056593096245
-0.85883222884812
-0.745254217645634
-0.898875163080033
-0.774685111019184
-0.801552375514624
-0.862384419297872
-0.873243740502008
-0.943661052080031
-0.789220264617337
-0.724717257342277
-0.902787535315515
-0.759979508352002
-0.787760817403989
-0.88784350204786
-0.911641454364087
-0.785311544745244
-0.828184964587946
-0.852420753289373
-0.812493356905828
-0.858831055879489
-0.852872607270795
-0.840890065139829
-0.905233960381419
-0.794307302369115
-0.798657385058296
-0.804945339100518
-0.775132936005052
-0.88599791270413
-0.808587763308024
-0.726289769256882
-0.821060162470714
-0.852453924421103
-0.834360072241229
-0.642928849660248
-0.676710252234857
-0.967189912559033
-0.92446514661649
-0.575290850533767
-0.84791600762925
-0.701596158422837
-0.750227344326805
-0.875784117941681
-0.781148431489675
-0.609647069593067
-0.734929868196613
-0.862510716526386
-0.749779061653098
-0.729390765320943
-0.932922579242285
-0.738525710952056
-0.639123534837313
-0.843652894056811
-0.859197961220449
-0.719385575628674
-0.619022682636593
-0.856613148571186
-0.810741675365009
-0.60800958154889
-0.722554563353673
-0.616582020442429
-0.817074255057969
-0.767675681765562
-0.785323660024051
-0.69401415372001
-0.743180157800165
-0.696593520621014
-0.659136197493909
-0.548783890053242
-0.527321070682859
-0.765617716461501
-0.78745847276533
-0.687915425646896
-0.788457235557005
-0.756269710127248
-0.684787002939053
-0.764479743140803
-0.7475755748729
-0.809855958266694
-0.763766606781473
-0.581705994208358
-0.682569196818649
-0.792778896434314
-0.740595698745534
-0.746120713658586
-0.576735880745073
-0.640218144636663
-0.775021312769321
-0.745997715987772
-0.8323853882084
-0.653874386058043
-0.734601993028618
-0.651994439330614
-0.794181841122764
-0.575066899883424
-0.642296976822545
-0.651768024479529
-0.710833427519503
-0.555200030660357
-0.757884280312431
-0.796335310985208
-0.740754211939655
-0.590130788733642
-0.630549399052948
-0.549296100108116
-0.588279781118337
-0.620421218575591
-0.875319151535289
-0.574424806202316
-0.567492147409356
-0.723827989650316
-0.557514817983632
-0.441386381775627
-0.501737032934852
-0.734979150851686
-0.470807591656625
-0.540635196614056
-0.542446447136977
-0.620781759738015
-0.695070010844955
-0.588915775028121
-0.61561949533676
-0.606563226320168
-0.555939010795272
-0.5916056153626
-0.552445317172797
-0.603061569584575
-0.732940625881899
-0.606040855440858
-0.698908415685772
-0.5588425849291
-0.673956265578645
-0.467871730081407
-0.730601395647544
-0.499645366770777
-0.56308347040253
-0.541156616382668
-0.598407241974174
-0.471987323284821
-0.47046861400648
-0.600740104080029
-0.599478091488286
-0.652878201303079
-0.480119068419992
-0.517550020614591
-0.647947306942901
-0.505450162577861
-0.484441750760792
-0.697609638900187
-0.559704767300462
-0.545679446781679
-0.4814375487619
-0.57703289063465
-0.520899977565876
-0.657837862191158
-0.608915529944405
-0.550400857981495
-0.607312447196049
-0.683018750410075
-0.566578484576319
-0.566704683397454
-0.604732800997637
-0.756033130022415
-0.481722322068669
-0.456159061591935
-0.431491305529874
-0.443937189342856
-0.448881024038829
-0.570572762959839
-0.536593165285337
-0.567480465829276
-0.729535044188045
-0.300089221908844
-0.439080667404066
-0.586090548745552
-0.457873416224855
-0.434785233498114
-0.549382498062009
-0.489523017635596
-0.458168679156034
-0.431134958466845
-0.532292402477153
-0.514515319778617
-0.461002076913629
-0.633466451812388
-0.510609093644938
-0.500173958076544
-0.403044673724998
-0.473824310782451
-0.507269057323334
-0.449090955202745
-0.669339170286705
-0.357942126245772
-0.521914745976675
-0.433344680037199
-0.443439611956456
-0.599580206000285
-0.517262514950715
-0.486909218806045
-0.368073804404291
-0.4547030952843
-0.5180312359196
-0.492223663676546
-0.431616010012781
-0.326512256707896
-0.538165551529129
-0.416190532276074
-0.587546280784263
-0.50985972719623
-0.4982449106529
-0.369117132055463
-0.295101465273767
-0.409579271119001
-0.444821129485178
-0.416903551761592
-0.381317053092405
-0.334320698587458
-0.423262012403429
-0.307302363029568
-0.569756411555478
-0.375135257194281
-0.521844126612906
-0.591094474367344
-0.436760524885829
-0.354820105949423
-0.570747536842133
-0.382263282797233
-0.460806493681198
-0.333120406262605
-0.289575495427199
-0.333769044090107
-0.384612191916683
-0.393777986374459
-0.315839635106507
-0.385415964969881
-0.390749739864401
-0.471565228090394
-0.42349028806226
-0.359686504900566
-0.387153030839667
-0.416763041602224
-0.235622845743466
-0.261239141021799
-0.348122650281941
-0.433072606960939
-0.43320473956791
-0.506160479344743
-0.247493523528029
-0.462424723595437
-0.312674007051922
-0.380762723024423
-0.319499085945913
-0.380592127527219
-0.351054140993607
-0.389379613139588
-0.306893376577674
-0.337116244033551
-0.422572490034433
-0.386536829369245
-0.395419513711684
-0.419354641551988
-0.311668109051507
-0.365554764504549
-0.220554790252166
-0.179659598523992
-0.36225422100678
-0.330707540456641
-0.256141709082341
-0.293755524859755
-0.216381472793634
-0.27848498245612
-0.373296153368614
-0.251270699116043
-0.266546134483254
-0.336469804205448
-0.309214891086218
-0.279360528249807
-0.464794567715174
-0.460892488642103
-0.311159232570082
-0.243742406519453
-0.368799979725708
-0.317886999463648
-0.381410928647746
-0.349248740650728
-0.375260817134406
-0.352499989182704
-0.207091798306693
-0.300430994194938
-0.358964022760164
-0.259590722841035
-0.238984443610894
-0.210432007971751
-0.313083896371702
-0.178280532947955
-0.16032917510088
-0.167599107524639
-0.174941626314384
-0.307964655436044
-0.191035406398584
-0.28770476924562
-0.391443247959762
-0.215650957300881
-0.154594905078354
-0.149861926142671
-0.3382955801093
-0.382135989711712
-0.287982370199829
-0.356866076923788
-0.294554641549381
-0.289717558494966
-0.267510488134706
-0.315794049482465
-0.194624789752888
-0.237884331422544
-0.221895789197006
-0.2301312270639
-0.254662876913257
-0.22839947024495
-0.239206899225777
-0.19605439501451
-0.157377572804764
-0.264219907659784
-0.263402203445264
-0.161974401868243
-0.190786377406583
-0.170001778215044
-0.305804254500393
-0.221973297900058
-0.210190563465826
-0.131306789923685
-0.242132767356848
-0.104556323370725
-0.161208005802892
-0.206328198245953
-0.263092706170345
-0.150291620925661
-0.198598783278892
-0.24380618931714
-0.135271595521636
-0.0453888876352461
-0.187500414712736
-0.320480514487433
-0.154165164812216
-0.200517582907021
-0.220989478235774
-0.169335805867415
-0.131484318051346
-0.165801889339349
-0.187598940885302
-0.413831209609051
-0.288210187286025
-0.205778812902567
-0.0694845038766446
0.00778984085980695
-0.0637998074933409
-0.30842091644839
-0.0429710300729258
-0.220033965127031
0.00705999315996536
-0.0964553461309474
-0.245158760282907
-0.0966503297429784
-0.277059028989274
-0.080652081814542
-0.130608889021728
-0.0501176829449616
-0.276866200754508
-0.088154116315216
-0.178773841182981
-0.2364872722358
-0.002345116014564
-0.25625523775675
-0.0844399642722717
-0.118834897126362
-0.12546442900744
-0.0889595360713301
-0.220352602061961
-0.245396834252689
-0.0843984884336461
-0.28128480320435
-0.115822957834132
0.0674638183757738
0.0183180550886889
-0.108814021319312
-0.0810368264643005
-0.0600233550692773
0.030661458647436
-0.0268531840513116
-0.128826229097282
-0.159779768894282
-0.195370979704452
0.043131020577713
0.00591268579042167
0.131037654974201
-0.0649950207197945
-0.0823309180802309
-0.0803317945200972
-0.198875225293412
-0.188779411185869
-0.197151408068821
-0.0590422612560713
-0.0597655424575485
0.0159765683376933
0.111889878123023
0.109905618331957
0.0982254839248581
-0.0535723480628727
-0.10539590707831
0.12496235845727
0.0455980658374122
-0.148049514625474
-0.107313071132665
0.0211262100057247
0.0669587061975829
0.163259306272579
-0.00961181004885995
0.173936612301281
-0.0216970772542686
0.046193425741777
0.0170584254376131
0.0134782790596952
-0.0519414387715878
0.0717354107899045
0.0101445594682078
-0.0512546284976673
-0.14641819397651
0.0891019415825692
-0.0409133100625308
-0.0611249399594862
0.0704141919516403
-0.127876014792
0.0029084752896898
0.0175100329261784
-0.0760088434632484
-0.0561318779404567
-0.106086779404869
0.0530381320115395
0.0194961743156254
0.0590074977320048
0.0104970266082711
-0.0459941539626715
0.0909312417573238
0.0563151338457761
0.0193813766950693
-0.101929048583747
-0.0558413023952088
0.0674168361943522
-0.137046627111283
0.0228216203494694
-0.108467018728623
0.0613877497696476
0.110864061511628
0.0405497603286736
0.0323005102054952
0.0294226992383721
-0.0745429906273036
0.0749139510415155
0.0700320049388041
0.0598165051556493
0.179420230437765
0.154064899680564
0.0546666069984166
0.119017415377275
0.231147564781941
0.109420801735796
0.0591014675757945
0.0847662805957901
-0.0624710157548125
0.0867990272187369
0.105807458159241
0.0937548992527459
0.0827508422767081
-0.00933178732382224
0.0751732405360402
0.236649721316274
-0.0298853616832391
-0.00859265588081117
0.0948085591819424
-0.00741149221598953
-0.0346805322987686
0.14976976121106
0.00930621342687644
0.0825818033411551
0.0336860092023377
0.0506516127379927
0.0205967719641478
0.142162326500334
0.188899603752672
0.248942394298946
0.0556985322711628
0.193568045336078
0.00795529686343917
0.13801592063793
0.204741260129068
0.183576933989286
-0.0239824458647975
0.315976255296109
0.113238406865167
0.0513785796866263
0.207533611880354
0.0555237677596616
0.225532985581796
0.14723712019498
0.0637370628713859
0.0842875122971652
0.155598789720168
0.12705847869887
0.180401119347881
0.0446485534693124
0.193574141668124
0.0476106025710782
0.124958823877084
0.0567160469272152
0.126456130748524
0.130735969318445
0.132143107076287
0.154443318189307
0.0651800176016509
0.151676825417076
0.102473414037351
0.201724679728745
0.121868162725968
0.148448650342899
0.218283801170047
0.245785755682004
0.232244694756918
0.253956247042551
0.215212185060943
0.14146572243934
0.340388085689749
0.0833660543574444
0.0484861111837724
0.206440657056412
0.188313731582217
0.207714511774915
0.14999994541992
0.245076185012509
0.142443458269475
0.203653112679164
0.191104459787762
0.0913536625726776
0.362952724105289
0.267587501924336
0.250606342842222
0.132923287673887
0.149801951037681
0.214574723697407
0.348794925551702
0.329603426857375
0.338684403593665
0.163483373219655
0.230480118529347
0.280263248951367
0.180361043750049
0.202593266325582
0.304166200139605
0.314926876109689
0.290997898205391
0.288285624155287
0.252758360393045
0.17139665700778
0.231610919777483
0.330856041911434
0.165883003195568
0.159423774344149
0.191463217605589
0.0839645785130688
0.209204590051288
0.22420458681515
0.25843283662188
0.284354090417325
0.353382378645767
0.245217208674817
0.338708320426519
0.276225765688935
0.292537659751071
0.317558277884938
0.0895900864969876
0.222992531999245
0.208443671320163
0.123747815286964
0.356457509306735
0.294955472082674
0.356847737612034
0.305921913755662
0.305872658744346
0.295988197956358
0.343752059751472
0.370166510792668
0.330373972617687
0.286374980525512
0.309081342069163
0.304695039750325
0.347838670095032
0.297323422053915
0.321330286549033
0.311024592684037
0.342444814063958
0.279904445942458
0.308177446755166
0.138923850690916
0.289500778463508
0.400006811296671
0.308132958654918
0.404409412422473
0.31564222728598
0.28220743656724
0.325227474970326
0.308620764356467
0.259493080930833
0.418095689036504
0.259331717054349
0.148448511908069
0.301343453097537
0.377938522524415
0.327250118499817
0.242225167935608
0.3525973895427
0.454112768982064
0.359260227328764
0.187507911389892
0.380522194312081
0.318657207502363
0.492724787174786
0.359661756919797
0.3574154425312
0.344569897277557
0.514269355389632
0.317381780510831
0.381669853128341
0.462598958383342
0.432266120670355
0.421922971907896
0.46076643234852
0.487328068670321
0.417073697926982
0.32980987695093
0.329114808413092
0.460933134082374
0.422243794993255
0.465106082807725
0.470244691766433
0.362077412966601
0.51716611749835
0.400679896258569
0.341882973065105
0.415021671061664
0.363493976484467
0.449425789141917
0.396627970531218
0.347071523180367
0.538718878745222
0.493619954560508
0.357463391516001
0.463531822680613
0.276638549991782
0.516908222048545
0.363411010679623
0.538391216252386
0.386863311103384
0.308640399889618
0.442090198209553
0.523875289481818
0.503262213516546
0.36236670901488
0.462664747693243
0.260783422354454
0.337794395368532
0.485635698909467
0.697467271799078
0.318226036737399
0.508316016623062
0.506006736150388
0.479959686630921
0.688889824373931
0.435369628778624
0.5629353143645
0.608970586991949
0.50236294930248
0.484434226548289
0.459716369217564
0.634208782516615
0.554203400501551
0.509513546516789
0.588349883675068
0.411656612855482
0.619499800313839
0.49705325711761
0.603224260609813
0.535349798648692
0.425705427130295
0.54278912362818
0.430473616905165
0.464169265946556
0.647149990869871
0.466900460825074
0.536717812523579
0.570244763127017
0.562743423215116
0.525397622950914
0.464521887299843
0.678538811000843
0.54734536812845
0.479347274874024
0.68048125598663
0.485812370228631
0.562618154569504
0.606534099763901
0.606433372544849
0.434676553773191
0.583006590105019
0.57324768868346
0.563322352744693
0.548889033305081
0.407341981447509
0.605813296239789
0.589884776306229
0.593156029748772
0.496876990854071
0.695297994916261
0.553116634248164
0.555869562168491
0.590155888125076
0.696250000165928
0.530937526669276
0.520880187009122
0.626556577221622
0.595699729555637
0.653219863620923
0.530553293854628
0.525831600772068
0.778300840914259
0.642921714679944
0.572720335349302
0.652152141487334
0.52883927736536
0.56921209127399
0.545258883446762
0.708981109844363
0.626569831622546
0.5215597267594
0.607946691322431
0.477318531850276
0.410722911690044
0.656177230965775
0.734884972529817
0.642275354714707
0.665549487849068
0.598773994554793
0.771737412523924
0.469621407371725
0.76340854005953
0.588875508463742
0.751048277740067
0.508039783098229
0.527785079956991
0.515574530602662
0.548318345321781
0.716734465898577
0.716797852883047
0.707336818174105
0.525815301844929
0.680129885007692
0.749784983437845
0.658975682876168
0.53543643928919
0.663899939180863
0.778371641055161
0.570004524959287
0.621611096519222
0.662980471740447
0.618151168187252
0.688045644456243
0.763173857955783
0.530985609471797
0.662296989078933
0.702976938861611
0.653507237878628
0.743235064096327
0.806866809801222
0.642419220013701
0.714394831209812
0.646848727032916
0.570726058352329
0.698277480120584
0.83103703300433
0.651213223261207
0.817946130065114
0.745498088183324
0.823673355653511
0.671553148833051
0.639050003630165
0.622867468945362
0.78067775161638
0.653163218939692
0.841775729637246
0.71171315164961
0.724157076881865
0.791961924581783
0.836755002076149
0.870148706742715
0.866408820802818
0.781083242625143
0.737425588881203
0.735048340852466
0.857571277677938
0.864178065612316
0.735594366640813
0.787276938693716
0.76337619017783
0.84167513617172
0.807451866714303
0.82915140552908
0.673258990193941
0.841822823513315
0.8646279161299
0.648090783068709
0.614942598480826
0.81324082577506
0.750197592029935
0.817590067364877
0.722706175287575
0.75931013858296
0.91209452810018
0.681431679446233
0.80657947232515
0.715331175360392
0.864061156224369
0.774403706465821
0.875498308047406
0.992119931285638
0.715582388161992
0.824098672532832
0.759926917424903
0.90797750369476
0.739501036906194
0.824431387348534
0.949505748265654
0.748732224630734
0.935279425439764
0.804597571212865
0.818373655878605
0.863941416639078
0.910303435680893
0.739620379737629
0.722944708359505
0.808342808961406
0.859919129025642
0.896117044036107
0.62863482118631
0.722146797375049
0.804493604283398
0.857308640742064
0.830137755521306
0.926936795020903
0.813304815882736
0.724256579383454
0.76117724857427
0.980003961097729
0.888540853001769
0.793222803466545
0.91447845048561
0.804513692874018
0.945083669092488
0.796555393887705
0.925497599346497
0.904074745272122
0.945885128049179
0.826851805740498
0.878136859486314
0.908804412275418
0.845748945940605
0.880368616463501
0.946135275130255
0.9009327441679
0.677218809004856
0.845345120412048
0.795796871241743
0.946524618371927
0.846550375433516
0.813423031101987
0.885552351371308
0.816919480192403
0.930735007501441
0.874437107839045
0.901158160500673
0.881520844266768
0.894102789155407
1.02872366438478
0.846880422422524
1.02096160962529
0.939181799374269
0.828656267441579
0.836191697695195
0.893136094197068
0.978915972410537
1.01870257090948
0.924384542582062
0.752673592534269
0.870870698274434
0.916585034656529
1.02399508939984
0.855896185648092
0.91698827046111
0.955838080857572
0.894656540484342
0.901068923419883
0.994152886978581
1.01779694335856
0.993878255337079
0.874922070453109
1.02009755703295
1.09447408925283
0.914727275378484
0.968696417675651
0.978581095838828
1.02980911520792
0.938557278778697
0.961484101752272
1.06554565850404
1.04714019921292
0.889470601527174
0.981233348584763
0.972096978089371
0.99984179637519
0.834188165221595
1.02904296116731
1.05238973845714
0.985696926310216
1.09627784251393
