-0.826978600215051
-0.929896825399805
-1.10655124708751
-0.933435679098349
-1.07894985684193
-0.971269214209755
-1.0223444950276
-0.999672618211531
-1.07411077691528
-0.891203119580827
-0.897364297080617
-1.17684798072064
-0.951293847352071
-0.901486363631795
-1.02477897187408
-0.982491286149243
-0.96209057413089
-0.933598016749803
-1.02640674317715
-0.965568962776651
-0.930144562719962
-0.908181654872416
-0.79954662176689
-0.848096979414187
-0.964430509145044
-0.921976802777047
-0.876910259106748
-1.02912194572613
-0.899833778952079
-0.879425070193584
-0.883662045774847
-1.04875017529593
-0.768696450952802
-1.0786002654686
-0.944479729535782
-0.863600757266071
-0.926533549326083
-1.07678935281172
-1.06800834519839
-0.86208505759473
-0.939930872324792
-0.831270302292721
-0.941168161302627
-1.00860328266224
-0.847287872596651
-0.875674358942698
-0.922916397444851
-0.922501966014502
-1.01700987179853
-0.840443346456916
-0.913500934726554
-0.909295818590941
-0.889048045223511
-0.841970765279999
-0.720443528012975
-0.909472980874038
-0.92896281577488
-0.876504327158767
-0.873370031843003
-0.870404752434564
-0.796619372396697
-0.957936193135618
-0.945693965079756
-0.938860793554403
-0.980698224191077
-0.851080074833399
-0.942248080983461
-0.82583576941921
-0.841657257034785
-0.916522930217988
-0.931555628671188
-0.882864650946118
-0.983429616945099
-0.919503190177306
-0.866473285022233
-0.899188612281424
-0.829776423796185
-0.949451160704448
-0.836513183782705
-0.866778148381008
-1.00373582947636
-0.756846641864656
-0.868924427217168
-0.786509777141199
-0.838836740522652
-0.736520306530803
-0.799813979300536
-0.841117286619617
-0.829488450638909
-0.874962455440209
-0.779932349610956
-0.80779410756357
-0.695180323626997
-0.891821128259521
-0.7972798346882
-0.710581213229172
-0.805665333732398
-0.878012885195156
-0.889305456273348
-0.759447312656047
-0.693703574539485
-0.703729998127491
-0.712009872716878
-0.750258813309665
-0.80113355669309
-0.713276686357286
-0.783541547175198
-0.747373196942596
-0.706799895658702
-0.773974558355536
-0.657628217629954
-0.699926131206699
-0.862164271563397
-0.660547802838169
-0.850082399904865
-0.597774126172608
-0.802743550041314
-0.789741426022922
-0.62193240705067
-0.831300483105139
-0.744806302248195
-0.740135411983772
-0.770999216944649
-0.728413412028395
-0.597565306118817
-0.546011020455077
-0.827141473273017
-0.662735730574051
-0.731331090050373
-0.598482352205213
-0.746919453356036
-0.628569991511444
-0.647827756042804
-0.722423667335395
-0.892123903655786
-0.763015490786886
-0.869163383412883
-0.526669473197592
-0.68863617021893
-0.880429853735469
-0.712312859333732
-0.631518649073607
-0.68459758908175
-0.708158778803184
-0.818584271122238
-0.7548236170834
-0.724735625964757
-0.755266755040491
-0.677152635121224
-0.786403957089552
-0.597626746903615
-0.906728015974331
-0.734838560585359
-0.703178960050342
-0.652851413805497
-0.745267847425007
-0.52694698952369
-0.524444277603959
-0.702052308082138
-0.67441436774212
-0.736551025977243
-0.647543184161666
-0.678688684514947
-0.584840490297644
-0.700281724365767
-0.533633906459712
-0.60311267549891
-0.543469821685304
-0.713219359729332
-0.559937779613914
-0.804601074741704
-0.618508807864826
-0.744480093537237
-0.628597019227235
-0.621245477398034
-0.343966296486465
-0.725062145454984
-0.541452743267193
-0.565920986007093
-0.628719249729516
-0.794507788390234
-0.621542820036066
-0.681852615587607
-0.543013250319939
-0.7135051583866
-0.636355224439429
-0.503650412140963
-0.648176801117889
-0.663786559183332
-0.665014546123483
-0.505705128181426
-0.604764170126012
-0.57948257519953
-0.757032506578506
-0.700773337175541
-0.594067629372455
-0.735193886736685
-0.615814580849426
-0.464563232713338
-0.618913160863487
-0.57841214717325
-0.6409171483877
-0.585657739441084
-0.456708682452776
-0.638228286656973
-0.56506454693481
-0.622192858505511
-0.669443339846895
-0.588727602046609
-0.578653704791505
-0.393451793226138
-0.661755199846172
-0.64044643227601
-0.357698305948364
-0.566244222752989
-0.627567497274523
-0.62905644324722
-0.587057651766095
-0.625702354203744
-0.620596335485587
-0.571986421372597
-0.454292351739775
-0.471352735024501
-0.494499231041982
-0.541352683500245
-0.600693186118518
-0.559733406596616
-0.506883283280377
-0.573231605754831
-0.635277536211169
-0.489632472304663
-0.41713260035375
-0.518493132186539
-0.228820919358423
-0.455221291501046
-0.60138218335635
-0.435839013117081
-0.509260457527381
-0.632338459504153
-0.433340047526827
-0.473552326151192
-0.619825881059825
-0.715236513149156
-0.544875792760384
-0.517222847973096
-0.529105317973152
-0.553797858756264
-0.545337170197538
-0.539312047845029
-0.337778122783324
-0.434100033612206
-0.498321580757454
-0.566428812299289
-0.510736769868402
-0.514973963308445
-0.3535540685297
-0.501021819413414
-0.499816120033512
-0.615374642910986
-0.492333255072
-0.448628346779567
-0.46632799731296
-0.455932346032713
-0.483769260302344
-0.447122079146715
-0.49006871107342
-0.550990963273635
-0.425187140607266
-0.433581579602716
-0.342533086408371
-0.548038560539492
-0.482868404219659
-0.406275982829252
-0.458351487087479
-0.419739015959571
-0.297577918380411
-0.343635369806816
-0.657701252026726
-0.361494392005651
-0.44866158892752
-0.304834294381606
-0.54923755357946
-0.43987141026434
-0.501689682537403
-0.364470941514115
-0.516341201114308
-0.271136801867673
-0.521201075315906
-0.509665026382366
-0.546612444530361
-0.344045810937304
-0.382456924222099
-0.495007161764832
-0.303047308788381
-0.448219533861828
-0.396797768561638
-0.40376753263145
-0.333316709150693
-0.311652078446101
-0.315580595585689
-0.421623214047561
-0.39498212712692
-0.368544658607583
-0.218795465921011
-0.394773870393977
-0.404865126505738
-0.347674743211323
-0.395000153255903
-0.430295491451532
-0.44788702995646
-0.332118537834676
-0.320696028796493
-0.341201334130545
-0.312144575628791
-0.464599533191072
-0.433562211313578
-0.361851480716113
-0.327622487816428
-0.371154333051275
-0.303053572550598
-0.207157467447787
-0.403987761639674
-0.519158823861948
-0.445860032164048
-0.281929527535446
-0.410984100511683
-0.364646339615891
-0.378191721130011
-0.311670816683647
-0.400152754764572
-0.36540966055699
-0.25930071155475
-0.251455708833813
-0.317080110604957
-0.392694992281931
-0.321803011929339
-0.22369195839146
-0.435444408672987
-0.28674821702445
-0.334532615097163
-0.305328420282856
-0.287835889893998
-0.254333906166043
-0.298031900570298
-0.208644955424797
-0.180512491005837
-0.168676072204578
-0.343551235295824
-0.324249897693209
-0.255701399952984
-0.380027607406256
-0.257490611221198
-0.268867366017626
-0.345899571911207
-0.220640576762614
-0.167224992723364
-0.166256434236516
-0.332281433769106
-0.179787498303999
-0.202975578923364
-0.136065879944952
-0.293497986251022
-0.327729975853645
-0.335581495510221
-0.250110224807057
-0.330086848656054
-0.297397559002201
-0.118279834318329
-0.113723533247278
-0.317941029637571
-0.247305546721143
-0.0383942709030987
-0.290561921542024
-0.246704998755271
-0.122464217067466
-0.294937893188503
-0.26330217458756
-0.35979521044291
-0.311137891507012
-0.145341186473429
-0.291678444510111
-0.291553947971673
-0.157095887988375
-0.152323862741321
-0.0699248012691278
0.0383266682059604
-0.319811522390919
-0.225887652162921
-0.187141412275646
-0.132104506954503
-0.273144375708102
-0.129586329981911
-0.278696578726723
-0.321127096579991
-0.0936886540636653
-0.202298765517063
-0.135803647937306
-0.172399188382958
-0.425788160736126
0.00647016701445116
-0.230986310257251
-0.0982129312754453
-0.218523382530308
-0.264107118415315
-0.166885486737659
-0.334490154509462
-0.151092806484305
-0.13717098631602
-0.185300063968614
-0.280435147534989
-0.404052804419065
-0.196551570628504
-0.155039277490216
-0.18365641940169
-0.121078301188374
-0.169858474250233
-0.153066602141343
-0.106087449768163
-0.046979476651018
-0.248603556649473
-0.219714083157154
-0.0570803750844367
-0.184579690212406
-0.0375976804849455
-0.139563261917554
-0.098562564330119
-0.113311371821837
-0.125460052495369
0.0689301157620998
-0.123765717511884
-0.313278199271343
-0.191420555102939
-0.119041807148599
-0.122397721501386
0.0173863913828485
-0.0914331833850614
-0.24904933091544
-0.115376145212615
-0.149420966380694
-0.0947360203958304
-0.154251341775853
-0.125002336500712
0.0170099816110801
-0.105709470338192
-0.0925961100469775
-0.119422876520407
0.0225071580652988
-0.152599875815071
-0.0936191927967505
0.0488009144177591
-0.0621530284179769
0.0466334100945884
-0.0267809289714039
-0.155044260338998
-0.122626912225321
-0.0987287414297502
-0.158447073088597
-0.0456202139539767
-0.135163537652433
0.113431712859458
-0.0526784670958103
-0.153100442906923
-0.148398154824083
-0.194217616285639
-0.0147790132492339
-0.0317830635253816
0.0144203443062176
-0.000927893428730549
-0.0869992241665282
-0.124264106138884
-0.107116061043919
-0.040261869139376
-0.0639807797242419
-0.0480647728527454
-0.120547143819629
-0.101816292651986
-0.0118399877793859
-0.113197279061144
-0.0184655104592456
-0.105989084436284
-0.241756277503556
0.0531757477500925
0.0441882889610671
0.0642969875688674
-0.0394479710437453
-0.183608449455537
0.0853233978880253
-0.116091847709286
-0.064148534950443
0.00284513723631435
-0.134281240586744
0.146209350931696
-0.00260372285653757
-0.0267131794422574
-0.105973401648963
-0.0179575311102704
-0.114883987408644
-0.0032327753641769
0.0449350978575572
-0.0272858537975097
0.208966643366009
-0.262657086697229
0.0727686469394381
-0.0183589562657839
0.116517199565856
-0.00604912180441364
0.114844023034451
-0.150222969979098
0.0921168925905117
0.0344917253667466
0.0522239591723368
0.084313247446837
-0.0863040917092969
-0.137238938079426
-0.0336216634100132
0.104938623504501
-0.159005220436279
0.112333644634964
0.0451119962803869
0.0251043717701708
0.043983518330546
0.0610758194708614
0.0558710727851278
0.153296593645462
-0.136900703104002
-0.053195337449226
0.16135156412299
0.0519584285183077
0.0712022556467159
-0.102625958316317
0.0247752502287665
0.163301649214291
0.0510494125828883
-0.111969067833477
0.0178096329965663
0.0944271428205648
0.0154730744550265
0.042449399745591
0.103530825751628
0.108990752775036
0.157893333738775
0.154404569773821
0.0962048224113298
0.120732279308441
0.121561698186424
-0.0869049981615191
0.21505040221551
0.081167798349323
0.013574614756192
0.0808438666288337
0.21032740195871
0.0952301047449891
0.139393619457527
0.167892714690488
0.111760487649097
0.204104259323738
0.0688539784689712
0.174905489683488
0.166917233477791
0.243171736972369
0.134592853865309
0.237085760643222
-0.0334571011786981
0.19819296500649
0.110183486263657
0.117174434951391
0.139981689611543
0.0176150804628969
0.0653756708821054
0.199581079028714
0.180077508363284
0.174368543487788
0.224368864780827
0.239002085031526
0.0470957518012025
0.166516179411411
0.136238698517363
0.0949635890324913
0.137570007014463
0.233628238005297
0.258356426961335
0.0867491413376056
0.0155331898633694
0.151729947581137
0.0702447069231967
0.129282299964766
0.113190514699551
0.140654000220341
0.16676575267538
0.19373533726169
0.294098718825514
0.0871286191323241
0.181910977822773
0.298869632968339
0.294264428000682
0.193591375338224
0.0531790335834441
0.117540457291473
0.442631653364828
0.254548655541177
0.135344719211225
0.10663225358184
0.201735012885212
0.139858678100784
0.185380830389395
0.30595453592231
0.14322225915888
0.296610078314392
0.253075795134343
0.319550460919154
0.0827870539479982
0.160397878009721
0.123350289674726
0.188720134182989
0.178669614348541
0.0999771830074663
0.379536962701784
0.298706496380875
0.242949543622226
0.327648688486823
0.199251357503197
0.308236353796925
0.353719166349491
0.24995879242512
0.284004909563836
0.188935677858859
0.234567752374779
0.389894972858026
0.218442217904985
0.316735631087159
0.308167285767237
0.0729232916547378
0.280830880330414
0.233765737130333
0.323227171965138
0.172123492500861
0.200054593489575
0.134146367254595
0.330748303844609
0.159020609773044
0.354507561972718
0.286931971386569
0.356188551414111
0.284748535951644
0.446376245999843
0.418651766125252
0.323294560894045
0.276654796986582
0.198259102929885
0.297596920780938
0.367061494311172
0.175267104045116
0.233233550431306
0.283450536990342
0.311610984015767
0.311480320220551
0.323638461594179
0.154777156591629
0.37154445446404
0.444693096119576
0.247466018221597
0.412793496435753
0.189118496271969
0.236599021287015
0.205460373140891
0.38049149511851
0.56145714011101
0.275586526153015
0.234680916888942
0.333776256076837
0.390088575875695
0.355937754783821
0.465153953868191
0.373996405564854
0.402595797043731
0.235982202386791
0.249984174508671
0.423606710113119
0.327698427733475
0.261760323111403
0.481613088084857
0.454383643457104
0.341298303367582
0.304777033816752
0.285561142773536
0.294464228685269
0.420950343208988
0.385486639809732
0.35981408459867
0.313721958337685
0.325784529274218
0.279352142496168
0.369662568484829
0.375585286921806
0.257120825262667
0.349790621286444
0.345898449071742
0.232785929273445
0.50694629075304
0.44775025788642
0.437371699135724
0.465855535709238
0.588172113112064
0.367880159379754
0.229310620689521
0.501422056600215
0.447982998023738
0.357047407287177
0.514130168227753
0.390531818599402
0.586068696030596
0.365708302466312
0.394764868549474
0.469955499165658
0.413248322553384
0.404590979200486
0.461885720024598
0.450378166620658
0.405542912891212
0.386883761516592
0.440921263096018
0.667055773296965
0.423627940172003
0.535487070819324
0.494202648641253
0.382395539836604
0.622319294969226
0.594360100902114
0.410737628144509
0.52544513281385
0.36593845313189
0.293609903907098
0.514684722861479
0.49023177942417
0.566807011782254
0.362287009337175
0.387291675752509
0.417799655987185
0.365649371047247
0.369561625412313
0.543284722170495
0.5059763690823
0.584281348094326
0.498566170742304
0.453883250203129
0.510611309877515
0.559701551193489
0.543636819513712
0.65180020973007
0.478051835663001
0.435848190310075
0.641783433955201
0.568060951352702
0.443568208118507
0.522389278443142
0.463722190040061
0.482936461278955
0.429985325128448
0.602519744708755
0.624392647023654
0.63828217502069
0.605061110390773
0.569533658516173
0.529072905876618
0.606150111103134
0.618069005654061
0.563450082740039
0.541154293195892
0.562637095946968
0.504275343915494
0.578992915474368
0.522043827379412
0.542394228283568
0.509626861300003
0.470350741105374
0.597240593617054
0.569249653200848
0.644406122373592
0.573488608520654
0.596851276361494
0.543415410078102
0.574478616180357
0.504491821406777
0.611839085278171
0.542361724515864
0.601385466296078
0.572417628683522
0.51691992783794
0.583595243968131
0.48185820222453
0.557839509260411
0.525067368555177
0.641591525513766
0.631022109163414
0.617463875494635
0.488883324434091
0.48352230946984
0.543083070277597
0.523566748257512
0.79152310556188
0.663246951425607
0.415896044087455
0.502370260593395
0.6763086279626
0.612988430168846
0.430981676568759
0.618971854383894
0.615854183780491
0.549165261814523
0.566051006374312
0.592083148870883
0.74653485711928
0.583157832756967
0.566666015835091
0.617451798356847
0.617576028707827
0.549902755002749
0.589035762330097
0.731087309223051
0.627900538254336
0.548194729734794
0.688827881784292
0.704335466439867
0.707895432674267
0.580422369482741
0.700188654052001
0.695413076638293
0.475814357754654
0.566471781540769
0.538355623101256
0.581912478016464
0.704709488969829
0.591458395894875
0.757253319235155
0.732672691249108
0.657290898108359
0.868828607128364
0.642645368174699
0.797898328276153
0.635359408602691
0.714943423633986
0.661026811360078
0.869733913545795
0.626024010075363
0.499172878159814
0.71156925780535
0.81541951983325
0.62652605560822
0.742585669362345
0.588597894606391
0.546633344308616
0.805761418619144
0.682657900892535
0.60882731343559
0.719582158030583
0.925341200643812
0.643247373640782
0.791740103976141
0.745498832418763
0.781787462933313
0.887081473033402
0.630299375319396
0.807631237655533
0.782460522196109
0.637705294808477
0.657708782361173
0.742811658645348
0.58926441166783
0.627349378620745
0.720980667012764
0.602863338436874
0.685985233051913
0.844239528815239
0.748855647110086
0.926978472992511
0.802687950853414
0.75698196369702
0.675085287596113
0.914650047074023
0.893896859117084
0.677452123065549
0.821779983888535
0.732451482087305
0.793426366850775
0.78217066109616
0.71364192925622
0.759885831043525
0.864419563081912
0.686031658046867
0.657651674461749
0.919643748653446
0.84970512929643
0.776225326823658
0.835238742593033
0.779645534332526
0.748435250459294
0.88640846556344
0.839364379497666
0.888529666777595
0.788191073767432
0.704171537237292
0.677519857345068
0.779950127126359
0.827215516924835
0.886620262301583
0.977933283809645
0.913866958036878
0.79399082633677
0.8015705372328
0.872115790485062
0.860909862001388
0.776720363015383
0.6794637035213
0.904900313735118
0.951798009950581
0.991431745587625
0.879482178888887
0.973613835216049
0.875691190551101
0.995422713329175
0.754422137568644
0.968623071179352
0.944834768174741
0.888579292778522
0.824419728555427
0.84965613888262
0.807606283558824
0.84988061197536
1.0147524465526
0.871526103944172
0.905169505767395
0.808984654132232
0.836271543526054
1.00215937971853
0.930955161394648
0.843968509567505
0.917043075659037
1.01116722239501
0.892958491840948
0.983046147712227
0.955034744931695
0.831232579266271
0.869983605638529
0.967710086226188
0.920821133165162
0.818618286182554
0.938220846323233
0.878083019585901
0.882180761439652
0.88300263634315
0.964340975233214
0.79930302383927
0.962137677262186
0.877912483810868
0.827905385355781
1.0133833618486
0.902050542705923
0.867666649889199
1.07726032159958
0.880938625331337
0.990855157402149
0.878450557395827
0.881470402229775
0.860311825275763
1.11223371599128
0.97725358967986
0.733387883232608
1.11991439491694
0.98948844525868
0.993471490247184
0.962617156159227
0.945772507908666
0.905807070718379
0.958685211242812
0.858311246584135
0.863435242689905
0.870015623347951
1.01379897090943
1.03521176884782
0.875612105239434
0.768412083315989
0.920322752153403
0.966039988673216
0.907895817612428
0.981206245974313
0.936151708001018
0.977007593310085
0.965310888879857
0.840270554906402
0.968171631522291
1.00991401386461
1.04556190815253
1.0542542263489
1.04269106913741
0.992926546195818
1.05615804367307
1.12680423246869
0.966933334039669
1.02505932406559
1.14991285735166
