-1.15520490538207
-0.796643196436922
-1.02647562244515
-1.04190259686232
-1.06788802565674
-1.04676538132571
-1.03989073172703
-1.1372986206194
-1.08123338266384
-0.776096186327601
-1.07813266069792
-1.0947612079917
-0.902881947246476
-0.957259008213667
-0.993482193181176
-0.971595404353603
-0.935869150512277
-1.07661257559022
-0.999196091280646
-1.06216895952451
-0.88970619015727
-0.95559167482038
-0.75960296891854
-0.936733501935875
-0.890338839539271
-1.00761070877778
-0.927087303678406
-0.973443747209821
-0.989463808203136
-0.952309789193852
-0.734399730043518
-0.956250057509171
-1.01439974942516
-0.893277289648526
-0.846744051906405
-0.853291595100927
-0.848401994319606
-1.02129332599361
-0.918131891795548
-1.11096932193896
-0.716509276583857
-0.951710198283254
-1.02199628834399
-0.897466408810687
-0.966107110777563
-0.994270594899736
-0.89933680012343
-0.818340453423173
-0.896022493416392
-0.889915110324034
-0.841862351794318
-0.959052204492738
-0.735794766744671
-0.823610821608269
-0.890626522751877
-0.887388239984515
-0.93504179833143
-0.838194010440057
-0.799791404108215
-0.86592155987332
-0.931011888629721
-0.902281280261316
-0.746325294201787
-0.996552806125932
-0.755871708873996
-0.924670034930742
-0.875611463327481
-0.94485387265421
-0.754335323952957
-0.809398638769104
-0.848167661755568
-0.74903557944689
-0.90607588564287
-0.75648997484256
-0.816217238324037
-0.86626643836139
-0.872237702253036
-0.946821330329287
-0.794506433480823
-0.749551734420432
-0.899181264826263
-0.750806082156377
-0.794411974483282
-0.856701030229882
-0.910693238978718
-0.781818093930896
-0.838555214376732
-0.857453455062928
-0.827148824697423
-0.855177657689934
-0.853983211534592
-0.841404137353706
-0.880650921162871
-0.799003509911618
-0.794532988059993
-0.81088927694085
-0.765990869692224
-0.873161018028714
-0.837315396873662
-0.696154321172473
-0.849503123507707
-0.87342869976297
-0.852540733886475
-0.658472869589039
-0.682197196902725
-0.987274534097908
-0.91188586899776
-0.590601711118905
-0.836544514937858
-0.706981274799076
-0.731691631133661
-0.860351688359479
-0.781253827537193
-0.60353039468034
-0.72140743415896
-0.826610495614379
-0.756876135510199
-0.726735634473934
-0.910623134077977
-0.751759523043487
-0.648808451140764
-0.842341363039414
-0.865026359947636
-0.737617988800777
-0.603642320704416
-0.860160912644609
-0.826298825307462
-0.571922747488942
-0.733213530049185
-0.612484694409965
-0.80394723106497
-0.747043828273099
-0.796572073444597
-0.70217730107438
-0.726245808048722
-0.698981427725209
-0.647075254315428
-0.556826173226395
-0.526776985767699
-0.780099026156234
-0.770132527247832
-0.684303851899099
-0.781355113797022
-0.766021269092277
-0.681825295952116
-0.754370831366169
-0.744813631705231
-0.808402412220854
-0.76553779097648
-0.562756990359117
-0.682182188881308
-0.791183096839243
-0.761908675540051
-0.795281383415762
-0.575965948492768
-0.636464364231899
-0.762269888938155
-0.74778741922669
-0.83945571249771
-0.685634891839601
-0.73444010375664
-0.656405705054847
-0.791830093775646
-0.568253127497644
-0.659976454986694
-0.666109035473693
-0.686488330028353
-0.539616750119925
-0.766438204132504
-0.818072767653623
-0.745954069647741
-0.580285735942623
-0.640176355980774
-0.555978351008139
-0.565825230846258
-0.62917348179332
-0.879576687245881
-0.571538654227941
-0.564146194053133
-0.735352271706979
-0.566095455060324
-0.444523195384437
-0.504784875407266
-0.731309876213792
-0.480733257659503
-0.544686857256636
-0.547779866981301
-0.619945898628285
-0.691100178557313
-0.57825937081966
-0.60809528486587
-0.614025100232803
-0.542958226535479
-0.608356298650983
-0.533193979735301
-0.635211950237068
-0.723159089096544
-0.611970862120632
-0.671105923522527
-0.539009286767259
-0.661696364312549
-0.482458915813812
-0.740674668918331
-0.532513904467545
-0.563960267001355
-0.562696725628088
-0.607889075723215
-0.487804016729304
-0.500063767342469
-0.603104967856605
-0.599639029261264
-0.675095620383594
-0.478769883120619
-0.507557068052594
-0.668491423908504
-0.503590513460352
-0.512562908804254
-0.692580866901973
-0.538659858440557
-0.564843869903286
-0.496656487594537
-0.586121570126173
-0.529296864631762
-0.640509537426513
-0.621534090926847
-0.560780039671482
-0.606430716232296
-0.706986509973848
-0.571103498799107
-0.55422318794301
-0.595796950111739
-0.731281074663844
-0.471634258301056
-0.470190708190686
-0.44145521371185
-0.465782104137439
-0.405444140295702
-0.582300817030478
-0.544547521919023
-0.559568368335136
-0.718809556003505
-0.285673018284815
-0.450728582656156
-0.591300861337798
-0.468250263667657
-0.456840284675376
-0.550785721415388
-0.50168678500743
-0.46074540575311
-0.424950674381669
-0.543608282106015
-0.511289138108792
-0.457619919611585
-0.638391391971413
-0.508446165753908
-0.498669769413976
-0.400838073491633
-0.457256597384252
-0.510718156446212
-0.444095803034205
-0.648715670856027
-0.359471706394883
-0.521942043168428
-0.424911389311048
-0.440522785654083
-0.59509715567618
-0.514531560418531
-0.480979437173547
-0.390281749464277
-0.441872215022243
-0.50093563956863
-0.493309341849733
-0.432633600146281
-0.314036701566688
-0.554250318408538
-0.435961875725425
-0.599233029602768
-0.505869967524034
-0.510367605111902
-0.390635164855104
-0.312594076346594
-0.416925330354639
-0.435418140403255
-0.41221362678335
-0.400111502888674
-0.330711816197009
-0.449905180309079
-0.30400148591899
-0.590471480769303
-0.389050037098057
-0.494988203617291
-0.566262928574489
-0.413985142276941
-0.344167360799952
-0.586077390642232
-0.392039672306358
-0.463355315452057
-0.353476236895993
-0.29914785020515
-0.319957416505296
-0.405753246607883
-0.382571600140208
-0.308039501379172
-0.361380282000758
-0.401180302836735
-0.447334799922662
-0.445202355375362
-0.375059276054014
-0.401659637477161
-0.425456725920729
-0.235999386111022
-0.30540186388223
-0.359698910310759
-0.427997421447482
-0.420051274057795
-0.491503850247091
-0.233447539941158
-0.454634401312752
-0.335274843391575
-0.377144445732878
-0.320687609152869
-0.386410820383259
-0.359869259506677
-0.373659738859366
-0.29914139402697
-0.349599533221157
-0.435770597512371
-0.356168920105113
-0.400656996135264
-0.435648228664595
-0.299236570838098
-0.372337551559985
-0.225462775493366
-0.177724316938588
-0.368418068200261
-0.319255625452568
-0.244730940686051
-0.284033336902152
-0.239859404622431
-0.268986568161873
-0.362720561889724
-0.256513984145596
-0.256953574342773
-0.342067877626946
-0.314500466080879
-0.271587279053926
-0.474160814851796
-0.496401138849931
-0.304470255982209
-0.248905159871679
-0.373166596078182
-0.303941138985056
-0.388296369178443
-0.342483771588605
-0.380137506527559
-0.344261379840409
-0.19059394940512
-0.306145605796118
-0.362751705667275
-0.244351309562632
-0.264369788949229
-0.210880880570518
-0.309159802688737
-0.187605369241246
-0.170362731610604
-0.155410516110876
-0.165916216004894
-0.288443931511062
-0.207351058658059
-0.269554184971779
-0.387689239259011
-0.217696225644314
-0.154536527470597
-0.162829551917179
-0.329214189770725
-0.373246682480939
-0.285891087081526
-0.368669712248265
-0.298426337936596
-0.304718032711133
-0.24997361570498
-0.319525612216057
-0.207120471069061
-0.238255107968994
-0.221779759890844
-0.240088254852135
-0.267068380679745
-0.231860230944131
-0.238148208720746
-0.17853864636884
-0.162318110682306
-0.271663976268959
-0.278283475796459
-0.180538232593066
-0.189279555703645
-0.171770505786575
-0.316350960248017
-0.230530678573956
-0.189871820892558
-0.132139622258395
-0.246501213299613
-0.104175277471993
-0.162023918894344
-0.202930300059886
-0.267422805415715
-0.15002841305262
-0.196944086131302
-0.272711443605946
-0.152132844623704
-0.0429065255215508
-0.197203940280474
-0.314336978379585
-0.155601815146441
-0.208570997544424
-0.243426385257905
-0.187314200028981
-0.128792964489646
-0.144906254945526
-0.188795368920713
-0.398088473290788
-0.298611283872308
-0.198868773147734
-0.0783649790794491
0.00860187958553603
-0.0712733149635473
-0.309630477821626
-0.0501240153370849
-0.245978867801232
0.00198537902705301
-0.0936019790370325
-0.236301930948646
-0.0892580595749378
-0.289135244602896
-0.0967202512886934
-0.138712853651014
-0.0508012585293128
-0.278222543134239
-0.080164913115036
-0.17508605976862
-0.218767872221017
0.00110971535758287
-0.258237614140839
-0.0946535856173301
-0.144292411404586
-0.111057239901604
-0.0896504723437713
-0.208125953159538
-0.22993415049946
-0.0617183642415613
-0.27677407369656
-0.111439944876668
0.0881161593721668
0.0267788198089086
-0.116645967622476
-0.0821130385113356
-0.0599052474712812
0.0520363538910682
-0.0254649880803978
-0.101219922640644
-0.165578170167545
-0.196921191622096
0.0255148116275981
0.0166261713414302
0.126112252040104
-0.0710379012346647
-0.1151820870021
-0.081327190946124
-0.195973863050723
-0.185720256921988
-0.195418045736438
-0.0450561586473224
-0.0694220808900846
0.0379223694088661
0.114387070779426
0.107858557915918
0.0938801924506605
-0.0569436546563455
-0.112828091201373
0.133318954955298
0.0511288933582401
-0.134644162403371
-0.126117917217871
0.00431725645682883
0.0683696865060126
0.147314783491783
-0.024752143536228
0.204484616178377
-0.0331176510584331
0.0539135252768548
0.0343537806433341
0.0443562917372741
-0.0359714269363677
0.0683163157552002
0.0123633421681419
-0.082276158132549
-0.138768018350665
0.0960130551898263
-0.0504086005820299
-0.0681526231707441
0.064126548601542
-0.116283754866211
-0.00613596893531869
0.0118914647697274
-0.0930796909568531
-0.0831598576813393
-0.138294740227368
0.0416178692600611
0.0331172318457606
0.0377023676430953
-0.00508650437436638
-0.0533349700505214
0.105609524139766
0.067569022360506
-0.00258459290944174
-0.0891340884097927
-0.0456956660986626
0.0501405822995584
-0.118347998207242
0.0295228959161741
-0.094192029027777
0.0724745564200118
0.093487191957649
0.0325492870149509
0.0079359258968967
0.021647237503006
-0.0705312529700619
0.082923915996998
0.0733224984596799
0.0534099196078472
0.194305439879281
0.164590062109994
0.0831769418529367
0.130728712548997
0.237260623439189
0.115296885240858
0.0687712982522454
0.0612258352446159
-0.0782191553590217
0.103969334374801
0.0888914523373509
0.103069190268464
0.0815447065395429
-0.0245709317167378
0.0815729619605204
0.2043541638985
-0.0441995332735343
-0.0138613927955866
0.0948708080438619
0.0061534506944915
-0.0215165335216819
0.148379124687363
0.00804096686637514
0.0788604635214961
0.0453968818904851
0.0548487772227678
0.0263874110514007
0.139847188045957
0.224842218192763
0.249467035186723
0.0707549519537368
0.182373304541892
0.0152573350953404
0.146674373608511
0.206144436391577
0.178274465548058
-0.0375451377132151
0.304055290393596
0.111866343443172
0.0859481348676683
0.207418500882337
0.0640513750804978
0.214566368679938
0.1539364447435
0.0614842571195796
0.0685863151592784
0.170628879005726
0.163414408227664
0.165606162932249
0.0742301606833608
0.205570615945374
0.0410765303872545
0.111912715385359
0.0833204512939606
0.136587111419802
0.157316664819757
0.130611776162024
0.137381988089326
0.0348937959827051
0.156137859632267
0.104060938509073
0.192288228475842
0.103080619656431
0.144532966129045
0.170575245296366
0.24314702232809
0.235834593331834
0.234345838303269
0.227071043301835
0.138964164040065
0.353756811922858
0.0873070894248296
0.0431835911642107
0.221379376941983
0.199939036155589
0.186562885762332
0.14961186534002
0.262673214198278
0.138908693287935
0.179196226466775
0.179543108750695
0.104263205581851
0.35311697368553
0.266032232756276
0.259602643119023
0.140834458844363
0.149030200297728
0.233326158055619
0.347834274836048
0.334165586570597
0.342631028846064
0.183688921172364
0.24160097427462
0.26674624698427
0.169709142271575
0.240118683838256
0.275048628752202
0.311033600230345
0.275821954260956
0.282073538190779
0.243810575409154
0.188867694304318
0.21481361022556
0.340347411399315
0.188301188810143
0.171530260366569
0.170643561318286
0.105979061661536
0.227309024538463
0.214908554849658
0.254849349176509
0.287585156245245
0.365601761362236
0.257303584732034
0.364188032753478
0.277365268785972
0.290675824413905
0.31973416290522
0.0886568809935318
0.241224858954146
0.211726856225117
0.131466429007745
0.365228236506788
0.311135992003526
0.365063689077295
0.313169226358923
0.307110197118799
0.25981015243665
0.326061371192488
0.36862938172448
0.306325605272082
0.286729708010584
0.305538784300216
0.325430445232138
0.369096965984682
0.303720294868562
0.307107484977518
0.30007891516499
0.315306548561611
0.279479403502094
0.308107924609794
0.12693729957744
0.298690466803814
0.417462798554105
0.328522365965857
0.421378501976834
0.311239094443821
0.266078102294752
0.31286358030684
0.305066030191863
0.259600134582207
0.425229675094434
0.261340029701156
0.170826187508188
0.288109355627424
0.368582100333935
0.342581223903118
0.244291120031624
0.385675706830215
0.472608503195446
0.378174978691467
0.174211663836024
0.36669414191985
0.288767221964875
0.50680202998577
0.370654717349795
0.3320404818238
0.310227350682536
0.524882771280853
0.311923190387578
0.404463302225326
0.442336934761137
0.415357398252113
0.393264107388096
0.483164771324828
0.47508910828174
0.4184053220912
0.318726094615918
0.326777456274452
0.463046620342639
0.40335563395106
0.472012368039312
0.478045242671797
0.369267734791375
0.503939170105203
0.410221430826903
0.336646739341238
0.410020378396927
0.371632542349761
0.461302525857281
0.411928961083503
0.366095585396105
0.545496623609227
0.512703302759836
0.363070326239354
0.46122504424769
0.28411656672516
0.517956768585242
0.340655088565
0.524061432292154
0.414253944980969
0.31182520168661
0.454054857572631
0.505736080774863
0.492092841215235
0.361504416451207
0.46649892575562
0.300449597551928
0.333789014329401
0.482512934683528
0.69679834927538
0.320628381351937
0.506517564594839
0.514816569395248
0.488200928581019
0.699505899172616
0.437900544948107
0.549377844409813
0.601916390073158
0.48864753479009
0.479332318988206
0.467997861612626
0.645684820743249
0.550019973278305
0.524644142041936
0.601527758687964
0.410173079420985
0.598481350571997
0.482812750279114
0.593993346294678
0.521838754923923
0.432346680095363
0.524226516976375
0.455839935691369
0.442754006137084
0.647504649601189
0.478747406076547
0.535235147880543
0.600949944803089
0.556957334197485
0.54342358916422
0.471735655697537
0.68191319330997
0.548242382485112
0.451140932371139
0.687841551706309
0.477996152558508
0.553421212009678
0.616859571754721
0.629110186191168
0.456563467380813
0.600676972769167
0.580110066594098
0.556612497194009
0.527305753508881
0.402919791517629
0.622242348906105
0.597021500543647
0.603099154747385
0.478563853568406
0.684466509509487
0.574282180420658
0.554827001235617
0.593614354670771
0.680756038907475
0.551572764751054
0.524752861434396
0.638219834088534
0.596610225582576
0.656526856953095
0.514908227577476
0.507168013810659
0.760951421971559
0.635142582397407
0.590174374647234
0.655618260099302
0.540555369504299
0.545523005276202
0.55064913587475
0.694473130269102
0.627434948360951
0.516125792461226
0.610983838964887
0.448951490841417
0.430866244037531
0.642748398494001
0.741933786050432
0.640081491542599
0.676018561038129
0.595075275959517
0.792609612893201
0.481975597019451
0.779547927561721
0.599384735466284
0.765666548914842
0.49998385455877
0.546269592561065
0.520431015860596
0.567669245568448
0.721941805196917
0.684633731955637
0.685588615710649
0.495619196009546
0.701040692941702
0.74757132936236
0.640224481306944
0.541292261247328
0.683512293310119
0.76867268397414
0.561517149585497
0.633436339465093
0.65512568959091
0.603381090045073
0.684718417148633
0.765441162949513
0.54010031658818
0.683691683539579
0.674243374930495
0.625996778674214
0.734143802906041
0.80545022868512
0.623333713871419
0.734955986623428
0.630974405277096
0.580769634068574
0.693710441003117
0.853392713390189
0.653726628288215
0.819585465064937
0.732950096879487
0.821859937895457
0.653557259896585
0.640607324579475
0.633931784209293
0.761105358307662
0.642632767267253
0.856531065234179
0.705662528199226
0.71483906465309
0.812074620311209
0.816514153040069
0.856003328811052
0.88042758969434
0.788787907618742
0.731051754488653
0.738846715670497
0.860064928117529
0.862229332461143
0.755178929368404
0.783026642896458
0.762760105225364
0.850634738041134
0.789569011247082
0.804722005222988
0.659378490176187
0.834287833766126
0.866975223412702
0.617273737143881
0.592154221006156
0.815188429243756
0.760923194335143
0.824207303855658
0.747726396317028
0.750558462662193
0.915368970219029
0.701450073746122
0.822612489415963
0.719868224839435
0.871568204654642
0.772036584117605
0.871218638009856
0.997999144906223
0.719199990181732
0.833413680152286
0.769242576773128
0.934336344499957
0.745578613942848
0.82719409965489
0.924905740475406
0.743126530257574
0.955279578865808
0.793949443779901
0.821937974399341
0.845271591342378
0.899150746920267
0.754765073339378
0.71698582852203
0.821106436039513
0.852983188420017
0.88412802786216
0.638156695274069
0.723658214886377
0.787927785501439
0.832160508240022
0.819323462903368
0.924620004171666
0.827668633644565
0.737256895919993
0.776879962531152
0.961677119357207
0.894083248731833
0.798864827449826
0.906891260879977
0.81882873425609
0.927220584834425
0.795882741502739
0.927216478644813
0.911497384620755
0.937172598277034
0.806453823233363
0.898039032214248
0.904084375378914
0.838659259461328
0.885653206675473
0.911321773305815
0.92018654071082
0.661815513519861
0.850687809407441
0.798974597518884
0.970373230757001
0.846772513972006
0.824642939218157
0.888877972194729
0.803001007997214
0.934738705148059
0.868507201299208
0.897858999885352
0.902808123883524
0.887296545817807
1.0252641242254
0.849209719697601
1.03906780580877
0.929167452715818
0.8457049305734
0.830043565750666
0.893590960019996
1.00452891632084
1.0358992313785
0.921824349337196
0.764845458714185
0.851019486976611
0.918235657135112
1.02610722039013
0.834789345429771
0.926932727025835
0.951602754637681
0.87165368669766
0.92783754064686
0.999900181148802
1.01164732981675
1.01195579343077
0.866388383738769
1.00990953590024
1.06533398379801
0.915482859353877
0.981109199568402
0.958660290016791
1.04005750501569
0.942461520155392
0.946841789229002
1.07049752998145
1.02547003409795
0.902328003871471
0.978739749665581
0.978879861402821
1.00355046594621
0.832754430214914
1.04599555754069
1.0605815635746
0.969934177143007
1.09465178868833
