-0.982113922358246
-0.951310430056383
-0.924652304865725
-1.19685302778968
-1.05942200807776
-0.924415901368765
-0.754621937543478
-0.898588222536116
-0.99002066024295
-1.02130787872919
-0.929764630431387
-1.06116465103057
-1.04538032083783
-0.987468402576433
-0.879020070376689
-1.18195147589042
-0.976362764690078
-0.964888329391118
-0.994565256765219
-0.847327566323769
-0.879542480210525
-0.862633533406393
-1.10137557693736
-0.895137315302923
-0.984364455579155
-0.937560311498486
-0.889404778320314
-0.959959780764258
-0.979127322518752
-0.899552831516904
-0.909968176135772
-0.907202467614794
-1.07582761050702
-0.749940314835375
-0.95722426896159
-1.0905720435679
-0.954861211760615
-1.03458783587704
-0.911240934498034
-0.970952929224214
-0.839598172169266
-0.94666023180398
-0.936409027331532
-0.871874733785169
-0.755568111407594
-0.84073276292556
-0.99886730368201
-0.922415467523867
-0.739697353081464
-0.935044920601355
-0.846943505104962
-0.891298649272192
-0.786903169956219
-0.971296326990034
-0.755783092216939
-0.948476908644199
-0.988233347057777
-0.925506286378226
-0.816432710383757
-0.978716977597106
-0.892816083810981
-0.941073732974751
-0.979943743955176
-0.942900214349603
-0.907727347091155
-0.656691426815688
-0.848833774894243
-0.908423178121367
-0.930897815816798
-0.860584178975255
-0.930065717946562
-0.812657227637316
-1.00344131335734
-0.856043343080254
-0.89759820533256
-0.860039043374828
-0.814654112845086
-0.867101096987232
-0.872182483867948
-0.822378967417717
-0.829879467157415
-0.769408741929307
-1.02045155125661
-0.796102655822137
-0.750906859056795
-0.887183964160189
-0.780949628521329
-0.722224888828552
-0.836460706023767
-0.901167696682405
-0.866474977527086
-0.69760313459394
-0.897737376244646
-0.734302375182083
-0.794731366429765
-0.730216231053109
-0.78550651540319
-0.787594030406626
-0.807483146167941
-0.789900790114277
-0.793980628850236
-0.727765372141907
-0.960174975406132
-0.865689367879668
-0.758349849375738
-0.851528675003818
-0.822973482908323
-0.789932769692534
-0.838557180873539
-0.652306076104619
-0.76848633108741
-0.668996716923183
-0.734654575289384
-0.713118245717219
-0.918206374952632
-0.756913486170227
-0.848586298818034
-0.676132952525818
-0.725395368232705
-0.613659551488242
-0.774711752499164
-0.774191385593644
-0.674245129563331
-0.688719304850806
-0.627090191283738
-0.643116077673094
-0.791639241546092
-0.698003971023718
-0.835530039146029
-0.721287694360345
-0.715148162913361
-0.848032736719213
-0.704068336236033
-0.644070926001684
-0.540640981287336
-0.671698592227333
-0.615889747390076
-0.652055193592002
-0.650431326080408
-0.636731594417412
-0.694693641871251
-0.724990516413176
-0.817374014651692
-0.714425790751848
-0.800639626120368
-0.736072757046492
-0.632200001248685
-0.76695063849466
-0.537101153553282
-0.754995284369716
-0.674147221038147
-0.849460947743667
-0.702070743127577
-0.68599067559596
-0.771757755571176
-0.68596129125614
-0.740816417147885
-0.793920501943299
-0.608550605340089
-0.704199883476494
-0.67602718434284
-0.724491800440741
-0.700443702035583
-0.595443869669006
-0.583296588739672
-0.753139747415826
-0.496260473298454
-0.875313443973526
-0.729570832444662
-0.613268351487317
-0.703059673151204
-0.752447947082321
-0.683667886529067
-0.834031027536104
-0.655531438069056
-0.504059654092518
-0.731965618843458
-0.715307236835453
-0.681036922389639
-0.63417146442485
-0.531526626170308
-0.531488113013001
-0.702532149629919
-0.648339444934556
-0.609754525993848
-0.690906026944076
-0.553095165012523
-0.745014693025072
-0.626322189609085
-0.709324156581098
-0.61461347389324
-0.678325527796317
-0.624559691503341
-0.605795679561007
-0.610585293212752
-0.629275625340529
-0.624158294056535
-0.731586962185237
-0.776837925041859
-0.695789679596981
-0.583809912088161
-0.684366211861697
-0.572585101424563
-0.47254232595029
-0.502651632225277
-0.57505852696576
-0.63855204728941
-0.7286838631655
-0.557795544738679
-0.635296223338517
-0.52797773104176
-0.504361195123913
-0.431875215957079
-0.771432603240519
-0.692667785184946
-0.601108025383921
-0.351384139087408
-0.547863113922982
-0.553528731700617
-0.643820436385883
-0.629066027050599
-0.525073932102738
-0.539617414516063
-0.498466324808097
-0.561246462500993
-0.425365762436828
-0.647936520108703
-0.598046305850545
-0.556774198775534
-0.573941769130904
-0.635541000915513
-0.632637179516384
-0.420593035704222
-0.578397274711436
-0.527457169642904
-0.53584015836508
-0.45324285409908
-0.764752092608525
-0.480541754173302
-0.573544933524843
-0.527790421759502
-0.530486246118107
-0.422223034823135
-0.368578784365193
-0.561305241468701
-0.379987620960412
-0.567642577011146
-0.465425856978154
-0.598895765511307
-0.439617261310659
-0.416378566421543
-0.457100128634243
-0.464802511894054
-0.348716316733367
-0.579393722886922
-0.621481162050814
-0.415371184683367
-0.349481306985876
-0.501251702715261
-0.556829950482487
-0.490947376545894
-0.395795967919016
-0.594889665290201
-0.487096288620308
-0.521587606106918
-0.482867872956318
-0.25702664149968
-0.56048217591543
-0.380124082414877
-0.514282237046459
-0.400743450817416
-0.379360596021293
-0.301985814507557
-0.299737826935286
-0.631693627594365
-0.321491629039913
-0.480272085414167
-0.527510781370107
-0.312225820462685
-0.473882022567954
-0.500208624174731
-0.44824482825923
-0.508874549132304
-0.388328950929855
-0.479731338751631
-0.436610292339279
-0.139083538102926
-0.535225347550111
-0.41592718165271
-0.351477418275492
-0.448852368110696
-0.463592463886745
-0.476989651927616
-0.285028854115613
-0.39255567545134
-0.357317642733656
-0.460525972176142
-0.325277449498332
-0.320050797750548
-0.318885308112858
-0.431507574544605
-0.401868378599416
-0.316151281304306
-0.373531117263442
-0.336077473946044
-0.280960433510008
-0.453401485271469
-0.393972606988732
-0.381434313106724
-0.35171841077031
-0.417209057126659
-0.506302747337079
-0.410287986033889
-0.375877869640412
-0.406804525924326
-0.588510888712669
-0.441742659871695
-0.329895788437965
-0.334202264135015
-0.39708068350588
-0.349185635004023
-0.345816073089222
-0.471859088643504
-0.310043690707032
-0.188116455128872
-0.426681201966909
-0.399430196813074
-0.242062040998899
-0.236906634739799
-0.339152681664645
-0.513516524686205
-0.413148472343693
-0.233984353550701
-0.370651237062288
-0.381640457730686
-0.287822764059215
-0.34579099309798
-0.30951632193886
-0.397728725371788
-0.341141450031731
-0.272205709481825
-0.523282129311669
-0.174429706592981
-0.282721921729048
-0.136456957213304
-0.284570159945512
-0.26732776380841
-0.261161147100263
-0.272365089357051
-0.246012496766959
-0.369636415094165
-0.275570520588135
-0.267983664327305
-0.275958634183169
-0.45913274015703
-0.270461971110975
-0.341237668166417
-0.275745132793566
-0.442472785273165
-0.379795920635838
-0.269967457956172
-0.347494960488177
-0.354654314386274
-0.111292676054525
-0.318249478947597
-0.242480442049973
-0.186199301713159
-0.329284320353139
-0.418055213188669
-0.28657354866027
-0.141825786334029
-0.350378665005937
-0.21981885488886
-0.280017613327918
-0.272592061129131
-0.267179759007888
-0.104468950481829
-0.360983486831495
-0.292097326386677
-0.221730062651674
-0.206284470067892
-0.150933553253265
-0.364706718404371
-0.308283246444314
-0.255130763453063
-0.240390130113324
-0.32897763176655
-0.192020074191562
-0.287612477372576
-0.31662377464406
-0.368788297560719
-0.295761036428919
-0.209168157112306
-0.175857355964564
-0.252799801944673
-0.214312926722319
-0.312166209888922
-0.210031247659836
-0.0734732082984124
-0.127035360174969
-0.227628083282446
-0.255414507227671
-0.193535273721261
-0.263471444624369
-0.318339251491418
-0.136872591833191
-0.234945379379442
-0.172329997271896
-0.168863073864037
-0.218553029811325
-0.20611695410938
-0.157473791153232
-0.255904693297722
-0.232811573723789
0.00247761150055816
-0.225978648730503
-0.239851232755529
0.00663734767539922
-0.247263068964378
-0.147224972797238
-0.0936132766789484
-0.180656706779993
-0.172446847044577
-0.0371617143175218
0.0989022722942161
-0.0747910818198159
-0.118368696990752
-0.0563825360573067
-0.290918136555761
-0.0666228203861515
-0.281571799617563
-0.123267436824885
-0.17435629042989
-0.0153607433986674
-0.0962162740354982
-0.167599423199464
-0.190948998924899
-0.0862027740715717
-0.102633046019047
-0.105718218493964
-0.218599602392446
-0.0638463356690235
-0.0394790499997636
-0.230600698714246
-0.300957359237986
0.0080248665523647
-0.174092533654108
-0.00672761894788071
-0.0798157497872804
-0.128356956079376
-0.142769828791556
-0.0702150630873815
-0.153444457088605
-0.145873063062094
-0.0823354308482695
-0.0891274668068692
-0.0207535487412734
-0.0287972747762115
-0.0669061819314341
-0.100285476337956
0.00874540248785578
0.0516580912917263
-0.1270423568229
-0.0515105696679094
-0.0372288750206075
-0.121490452090069
-0.033989957336447
-0.0142839614071862
-0.0167449663541361
-0.0335047654891552
0.0206334555821133
-0.107770038355808
-0.0887929350726775
0.0411747427161781
-0.0553664968160835
-0.154606135163404
-0.0449232155605705
-0.152328001087273
-0.0288599227809237
0.124851523817215
-0.0620684569786971
-0.0630847286963606
-0.0141325445910162
-0.035842816618522
-0.107109749506716
-0.0731793727323162
0.241614127367802
0.143184997509879
0.00301846653122379
-0.141655987335634
0.0421625227936371
0.0168601550686966
-0.0408046092035141
0.134205000417159
-0.0581300057499551
-0.0399624090617749
-0.0297229176807799
-0.0269229671422664
-0.16367654355281
-0.0214364326177576
-0.0548872018789312
-0.0627540008846601
0.0791652480258924
0.0654775430078032
0.135588509145692
0.0849915204118057
-0.0762887750804594
-0.0596621152882936
-0.00829623980377476
0.0373954453743989
0.0145232620542248
0.127539978792862
0.0574512884567558
-0.0571032243294907
0.0430378443763406
0.0525205910173155
0.0375146459231291
-0.004157102517395
-0.083579594913822
-0.0505204079734217
0.0251544396298769
0.0414321385549274
0.0258020554743219
0.0623731030031975
0.0551762497041492
-0.0847606548445259
0.264681577887514
-0.119340924142976
-0.0614017722059145
-0.00134496395295217
0.0974860475678196
0.0606260493188623
-0.0711393415380826
0.0548526728124691
0.148919134109655
0.0860479945449128
0.0913963941020736
0.0366053339955341
0.039052820635732
0.155507932363646
-0.00169329343149695
0.180159480719743
0.243967851977754
0.0571127129640985
0.0707562502719532
0.0362880730300255
0.130952568334948
0.00814116572780201
0.110827746477991
0.0701139548116876
-0.0031525807190423
0.0857738432526366
0.00797175450955768
0.0855537501853704
0.0683046101648194
0.153126227621014
0.125283185408447
0.167809686809426
0.137289788503306
0.124011415209358
0.166934131852963
0.0214208822509153
0.0779705187158345
0.121424787429511
0.16355709150167
0.213163889243384
0.230561359670668
0.189469329357537
0.092083312887327
0.140226487809774
0.144454727079404
0.0425579802121538
0.130994319905476
0.155126096575402
0.186096566530908
-0.0349430802988765
0.23081636826563
0.125630414430904
0.140009632283381
0.227750288965084
0.303821994430824
0.152909512945578
0.151525782640327
0.100109247890599
0.123843719493265
-0.00487996901540564
0.296557685654218
0.402094040812139
0.139032591416249
0.219712694440794
0.0954610623113435
0.102079389243388
0.149658645491278
0.331837658356687
0.299314434638368
0.415977221619933
0.0565611630850027
0.253996338429172
0.250188740388601
0.103901824449581
0.140180191508576
0.23215061079396
0.235375859494121
0.188839583433114
0.118732191742423
0.232292618347434
0.346194060596726
0.293383309074031
0.258219884002839
0.248115441215056
0.22163966628116
0.215007696061945
0.127939309946167
0.342367978465581
0.269286529609906
0.305737057773536
0.37160965488026
0.28656359087277
0.140649364960501
0.258613066324534
0.212085991754396
0.285476616643265
0.288633127161141
0.414478938629432
0.187864760794909
0.300905658796865
0.200674263061506
0.177869592223075
0.219838828908534
0.199926101828363
0.280503471519784
0.268659603605985
0.305997936862474
0.454537832524707
0.341677836768114
0.325198550617952
0.250856637165853
0.359757357163811
0.302274974762533
0.287260765607378
0.185202593341999
0.340434753126574
0.290217704218023
0.307244895533162
0.289571104294751
0.136048034026997
0.244726868244685
0.355728169026891
0.495850323761654
0.29107447484389
0.360008860063792
0.201934199827502
0.331513408186199
0.201340131390057
0.276879621527224
0.310777283007931
0.306670817414034
0.262380817986619
0.367065444955229
0.438012558843826
0.318773431425227
0.302533603079963
0.448927256827802
0.35555898199566
0.347158209570587
0.387846867824678
0.340120876499626
0.277778388362262
0.170366879038738
0.398510181302706
0.477181189636396
0.333568916290573
0.402814294997563
0.496143995445209
0.336104400332795
0.353639969929332
0.348758808594741
0.286333658033345
0.274725254178336
0.512014060224579
0.386416571524376
0.554026846246414
0.410381708441531
0.310683165861711
0.244938071498303
0.344173399077289
0.465185005745673
0.309406155156475
0.432930139898828
0.329692376821587
0.283365555545131
0.542552538509362
0.486016249815779
0.480639039518921
0.329485637454459
0.448009016610013
0.373912416071017
0.589262117560226
0.374194051291379
0.41764420656792
0.403031630555157
0.478451104085574
0.517256524358311
0.395160252102556
0.346333927483957
0.454800239389812
0.286956217239639
0.337373333513325
0.438105676691722
0.456728992261066
0.39655898734589
0.487457091241316
0.424211811937151
0.427024827472323
0.268273353828535
0.349269111260805
0.359682012637143
0.35461457796613
0.490118147304265
0.435047997871244
0.471659343276052
0.342542035279775
0.308231721943901
0.369624685490003
0.477019176478653
0.582410961077712
0.46631832236708
0.550680461920001
0.476205372146586
0.519335239140076
0.472744467605486
0.385532183488445
0.546063773759632
0.406032190740716
0.534677145833492
0.506997162185088
0.521558994903306
0.581108530348017
0.579454088626694
0.50340410077651
0.487666132380711
0.409495720861169
0.377978838961692
0.506531874126867
0.523021828377263
0.533576422606326
0.510760446402338
0.52890679052476
0.537935789622297
0.46955914362872
0.582170998864219
0.473217847306936
0.394907450196878
0.432503632356262
0.52822735010339
0.659208739434624
0.500420297198471
0.467073982923567
0.565270810403818
0.636055347282226
0.484199085999481
0.403265124204272
0.405983333799751
0.511803669690956
0.591750168778044
0.561912073522374
0.477522970743711
0.469808521029359
0.448551497711559
0.414809617336579
0.350703188980632
0.520899919093218
0.455099723404443
0.708204500553159
0.630727388104592
0.607661906823113
0.64384426588188
0.52408344319505
0.591084753612943
0.495404879915802
0.514386843018747
0.573129297751448
0.387623391125692
0.763375810686936
0.627537988162715
0.590345351282638
0.636077306391162
0.809711893991672
0.583350132112928
0.602612026224037
0.75491491388227
0.745225884515701
0.705594770076317
0.521967195614678
0.586485836993125
0.590565988280809
0.55822411640784
0.690128077567461
0.646787698607745
0.560212869146051
0.718925241607713
0.572575879395119
0.784098107795227
0.59891259295461
0.588031443411505
0.699525954242427
0.638101934393707
0.74114767110765
0.429845361714244
0.668444876214213
0.603578804988535
0.749244878904694
0.611513763850279
0.56314500262985
0.559143731375626
0.598119933863512
0.738216197289044
0.697320626345159
0.626640337123987
0.752020488013694
0.731814565289581
0.456379743439657
0.614906663150989
0.694842078389884
0.713413688520181
0.547946023586427
0.575780076209427
0.58946837275249
0.551237177555006
0.645349930146426
0.732126921037325
0.693999734108418
0.577379695206476
0.542679258744271
0.613442943566777
0.755461188243618
0.698592759363295
0.718615136632756
0.658411838100184
0.695567538902624
0.603399099443239
0.671866835851804
0.760112089249379
0.843639280327079
0.55791537911128
0.711607007668455
0.715432471994746
0.755517218367545
0.675103022360403
0.651071808432628
0.671213660109059
0.684656767212869
0.792251851857827
0.586014740409616
0.768422397850594
0.608320790463081
0.717676198591029
0.622068003172753
0.702745233692807
0.67199061421918
0.536932501447642
0.50564075587543
0.803993382060909
0.61563881081188
0.678644922481906
0.885742163987115
0.813984595797242
0.83235551111687
0.69487131548517
0.746720539447845
0.727360099446512
0.712773623569504
0.728468560404334
0.813622687479637
0.748146868679968
0.766082241452121
0.786142321424642
0.740251574482869
0.764859079207552
0.770066671741528
0.873740368200931
0.883062192339019
0.884304530915603
0.786713723524569
0.834282765334777
0.783700651236726
0.652761360371118
0.718401164164655
0.915678885982316
1.00549672641987
0.585360209223714
0.735283165531518
0.784970458643637
0.797461769839265
0.73908454960225
0.863327624665951
0.907690673359026
0.579724605372367
0.848577899885668
0.883583030480641
0.802180103380805
0.744703108547005
0.829853278010631
0.681162738910908
0.71363416780673
0.834641062219648
0.801879218527741
0.924625003636463
0.948803572806752
0.809818587757689
0.766521986060593
0.94450782792914
0.765956467739359
0.744171982797623
0.988721477409313
0.696713979246691
0.75596636912258
0.779491553635685
0.642483693316069
0.81208866668408
0.846986257176746
0.945831445108561
0.786305598273444
0.757729171537244
0.875486949403618
0.937206865864074
0.894825662483772
0.686996593709955
0.943628000492587
0.874938554527093
0.768469986193986
0.832394724056537
0.765461651773041
0.753070989887825
0.860831542980772
0.945683351888111
0.677976609435701
0.744823218235753
0.934861964326508
0.83450142009958
0.928761256552416
0.984608086708157
0.771902088502818
1.01310110603194
0.888610966453618
0.918781258163604
0.984533330910617
0.862792628582372
0.783477752655495
0.992761862685286
0.860441201356426
1.08199747199684
0.776489735130347
0.998391893135136
0.700707228270988
0.87074057056382
1.02034546836462
0.860599359816836
0.809982619924429
0.850760280359255
0.825362860079461
0.958897348805626
0.771489507656208
1.01845049062565
0.985280819761339
0.937995615532891
0.93537754820984
0.886801942670841
1.05523102973268
1.06657231685039
1.09384498232734
0.830899195204718
1.0359816751954
0.825255014980454
0.977006986029577
0.762159867241342
1.1285348728301
0.999826083732452
0.992914175103476
0.980595301708865
1.00163475174735
0.928214651752602
0.917977757294452
0.971940656739046
0.981851752378672
0.935098042490484
1.03778217605152
0.991550369377563
1.18342746843396
0.86914433181643
1.00572340826509
0.928241727220127
0.962230559707601
0.896464757143662
1.11323504545351
0.921688953172295
1.1033409513138
1.17399866748891
0.899519331455048
1.00705923983219
