-0.972402458397286
-0.946810987437982
-0.928559087789975
-1.20137661708999
-1.07888980030149
-0.903361650241839
-0.776785853947316
-0.894343617121133
-0.982718386632822
-1.03585083683946
-0.926457696884467
-1.03711652315712
-1.01590887402809
-0.985919437541112
-0.888898296278375
-1.18195079716994
-0.964761384572473
-0.9490165460559
-1.00134162160683
-0.847205177231576
-0.884587107321797
-0.852670428579104
-1.11325120288039
-0.895959286896169
-0.995042054501491
-0.961716238905248
-0.88738365483683
-0.931020895499305
-0.979490617157441
-0.909825204498968
-0.924537193025751
-0.906901982431196
-1.09367758620605
-0.757195426968667
-0.974972612991376
-1.089808675879
-0.926255021946479
-1.0199649715409
-0.890627027865673
-0.981226619187502
-0.810040092316398
-0.965509754999258
-0.918438442324558
-0.869397790642034
-0.754742653516338
-0.865248609426047
-1.00034208854139
-0.912375270083367
-0.730473269249006
-0.922919448220124
-0.8315358894059
-0.87394212687217
-0.791560361102822
-0.97493261612335
-0.756993963395489
-0.953225554669097
-0.981734532425297
-0.924806119676396
-0.828610754973801
-0.974045407109309
-0.888228844604052
-0.928043046391549
-0.98754056275705
-0.928415806221162
-0.902941371186318
-0.640793230240965
-0.848869407582469
-0.910498215429444
-0.928735438267556
-0.873614425966429
-0.942821611025961
-0.79965763776688
-0.998971229931011
-0.854641087532743
-0.904278712184221
-0.871669420103535
-0.790891332674543
-0.836240835602435
-0.855951851404305
-0.816326572451202
-0.847334026928723
-0.767671396802755
-1.01628088876064
-0.795560624522183
-0.735240294418837
-0.880247143621216
-0.778970695304436
-0.735270778080266
-0.833048459711266
-0.912201824846237
-0.858341901427377
-0.723296428447425
-0.896718473703516
-0.719762712255142
-0.810015935696229
-0.749966571042212
-0.787143321119786
-0.793532886075362
-0.809548530605619
-0.760436848267097
-0.7763030244394
-0.735622651093177
-0.954462054617086
-0.845996672854434
-0.753893924063322
-0.856347788072668
-0.828812744781914
-0.807143585866129
-0.841602163363742
-0.676219037635229
-0.777794242966903
-0.689136253991294
-0.711623360014816
-0.715232568496691
-0.913772358985794
-0.769737468476696
-0.870526864900139
-0.68475163316747
-0.733921462512235
-0.630694526463295
-0.785445721367427
-0.758585490832578
-0.6743519090303
-0.696351633460171
-0.636912309250595
-0.65461750399245
-0.785899331370071
-0.712989180689833
-0.833253768543562
-0.728757997655786
-0.728571347789343
-0.842488717766856
-0.693674528851716
-0.652304981904411
-0.550533682742209
-0.656141165789548
-0.620674503767313
-0.629913476349992
-0.647536399616917
-0.632787377975141
-0.690616275253625
-0.756884565805076
-0.827539278375536
-0.730110140593901
-0.800422057255436
-0.721208159090893
-0.621892631819197
-0.763685576346734
-0.524174745505284
-0.75484686955829
-0.677331364416632
-0.866161218202789
-0.722969216569282
-0.673365471193454
-0.783733781538071
-0.690313341127091
-0.704902636660641
-0.780342582473925
-0.615122602519404
-0.688376902952055
-0.682447789633938
-0.740048144596889
-0.708847440649439
-0.616515473846104
-0.585589784064739
-0.751827830783959
-0.492161249233416
-0.860369148995889
-0.718983471374815
-0.609982685903321
-0.703315839337085
-0.748598285865803
-0.665471728473493
-0.853060284432468
-0.649918753293813
-0.515260341650783
-0.742535389954044
-0.694879385833739
-0.721567597466251
-0.650990851993864
-0.534649668187141
-0.534228314195046
-0.686831074473481
-0.637627784227724
-0.622449305761636
-0.66522341678305
-0.560582468512999
-0.760560976469838
-0.62173410557178
-0.721253493557038
-0.605316386313182
-0.66845399353879
-0.627197556555375
-0.607595542148554
-0.581874089356868
-0.65330999739354
-0.633449435736649
-0.712678604293427
-0.776105732535805
-0.691972946867624
-0.583362801299764
-0.698475223778622
-0.570558001652822
-0.489401871091912
-0.511414992580198
-0.565388102755222
-0.665199102544925
-0.73988841578534
-0.569079950549803
-0.663578652797201
-0.536991164193522
-0.511959126910889
-0.447606137477239
-0.762562349367717
-0.694483131508018
-0.570373485851854
-0.350561392046981
-0.555518009217568
-0.555022196761998
-0.639757866456625
-0.617927944190551
-0.50977482075596
-0.524472331318213
-0.49699751334949
-0.569084458691944
-0.412824007551555
-0.659238996269657
-0.587392593162708
-0.560871076157087
-0.585100715355145
-0.627436621631731
-0.62572610874225
-0.417060015540369
-0.596857030402103
-0.527494534772332
-0.542462420037273
-0.462299410224677
-0.758514733111466
-0.479192026158728
-0.585189195889275
-0.557241358535366
-0.546451815202971
-0.431900142223938
-0.398532686854045
-0.585220339597606
-0.398650862135653
-0.573850282226189
-0.449843442125155
-0.579487432574363
-0.453189973311398
-0.416627081149424
-0.451612307029054
-0.444192826285648
-0.365661367149812
-0.559782636304553
-0.614505354267718
-0.426580294972637
-0.334671943586473
-0.50611740659145
-0.547374047888781
-0.477327136183986
-0.395182676697118
-0.593759971954149
-0.493690747751212
-0.526792186390221
-0.494084994183602
-0.255506447896652
-0.559410375469745
-0.376589609468257
-0.533817727848679
-0.430925680619148
-0.370421255157009
-0.305024777426697
-0.300654209582864
-0.630406341358897
-0.320506052358309
-0.478158440307088
-0.507252155422521
-0.322387329358327
-0.463429204450658
-0.497888997557575
-0.428740726080577
-0.538748389611212
-0.374657607177199
-0.44198416913827
-0.440955970598489
-0.16551692960481
-0.537021541665069
-0.424006510670965
-0.331702738162608
-0.449321067339712
-0.441766182636361
-0.479185271112005
-0.286057125518958
-0.406980664763358
-0.352422864899362
-0.475292493877956
-0.324702177380065
-0.339338310193289
-0.351555257698695
-0.447920485642636
-0.403827819887046
-0.326561806551732
-0.37475930377104
-0.316060001036399
-0.258994687824533
-0.455509342796336
-0.418043772011593
-0.382905127751077
-0.346811314887353
-0.415012874964218
-0.487347679310434
-0.421997711486637
-0.385393530258941
-0.390764076905808
-0.590341691387713
-0.451027370236794
-0.320268623266699
-0.346917914847691
-0.394291759331164
-0.3389674541813
-0.362989794181656
-0.470073878762675
-0.298164528398193
-0.17689786217087
-0.42232373130278
-0.414985516982411
-0.24606965953751
-0.241839516842359
-0.347643018685245
-0.502343752901174
-0.420490710467347
-0.233767337157933
-0.366173950666879
-0.372766798936152
-0.277468843700151
-0.347976360090899
-0.335212272943146
-0.384033868040232
-0.330199877061174
-0.283779175346976
-0.517043381354413
-0.168610242109921
-0.299607921223344
-0.127289629852193
-0.286241299623151
-0.236735355522666
-0.295364028042541
-0.28998374132949
-0.24809187732239
-0.355204495603436
-0.272779349209203
-0.266779434909601
-0.280140441098436
-0.421371846443734
-0.273600857380751
-0.34719541852439
-0.250708567062626
-0.445434110145698
-0.4028289650007
-0.265383525249425
-0.341182091193378
-0.324973572267201
-0.130872905632937
-0.322260759447956
-0.259084464224887
-0.188724123550591
-0.330468015933861
-0.40899930413568
-0.308349770814501
-0.129372264453781
-0.365235331226985
-0.221600024333818
-0.276150735850186
-0.270124616484129
-0.265100605791383
-0.118971413893761
-0.355928496821576
-0.279837405118985
-0.251347962524779
-0.205382173785714
-0.138987153238992
-0.355858104624437
-0.316334370779459
-0.263245766330369
-0.228560978589159
-0.322783922718384
-0.207733288813184
-0.283409369109726
-0.294602334165843
-0.378130990909883
-0.283562716711222
-0.221672452141349
-0.166534767536442
-0.248138890031026
-0.203493195091617
-0.300929579902357
-0.204541396548913
-0.0689308635367404
-0.10822149479086
-0.24329395772467
-0.247932839520934
-0.184876162975014
-0.250338970498181
-0.302768533624635
-0.129968817589248
-0.240300130864584
-0.183262550645854
-0.173834398986967
-0.205730213604085
-0.209425155148196
-0.16120915568191
-0.235360248678257
-0.231732626188201
-0.0137005486286023
-0.231877285075731
-0.237490433528495
-0.0108090315371771
-0.267570244749909
-0.178181391970205
-0.110149082771652
-0.181428854775568
-0.16786603395945
-0.0374755490358588
0.0774272482941575
-0.0771703046262118
-0.100959206923237
-0.0398313661577957
-0.287964890415605
-0.0774646644606881
-0.268557066185104
-0.141706622931846
-0.168986223028888
-0.0113229898672225
-0.0934792679623136
-0.152929074243068
-0.185398370594053
-0.110563959386886
-0.114566402656715
-0.102149918905927
-0.214909592287978
-0.0824586474855158
-0.0473186966569171
-0.202698617019166
-0.292826091571559
0.00125504506337123
-0.162509086425976
0.0153998092743679
-0.0824251652238493
-0.114574390737936
-0.141878088159873
-0.0857182592254905
-0.154496969677342
-0.161055198682106
-0.0868245386147596
-0.0854858331405431
-0.00318448735194082
-0.0342416506486537
-0.0767243952089271
-0.114036961754848
0.0115844275001973
0.066211455129327
-0.0940168603573222
-0.0463335351192644
-0.0440133791416612
-0.104851304339465
-0.0212317593074219
-0.0305959454426204
-0.0138088178578415
-0.0225843267465477
0.0238812481149234
-0.0847427972326831
-0.0949220590239523
0.0407603520539537
-0.0643368825845744
-0.164769234873727
-0.0468812233078233
-0.144217587911619
-0.0348803842197833
0.135420781505954
-0.0434596107146022
-0.0692151358208233
-0.00239976239455552
-0.00214066954170785
-0.10784727084975
-0.0820196165971943
0.235561516694877
0.14273218863009
-0.0275960673935965
-0.137759220797972
0.0424763483615434
0.0385575385524989
-0.0681235013569814
0.135454162457638
-0.0442524743527603
-0.031102049482853
-0.0398033788620296
-0.0390753906669927
-0.190122855899197
-0.0171223483476742
-0.0621870650169907
-0.0609278664816141
0.0854501682207763
0.0557375590424149
0.139963196064262
0.0783819998915233
-0.0685806347507195
-0.050783085249908
-0.0213965742806975
0.0421866628170595
0.00743308688308263
0.117184854068587
0.0401713388785491
-0.0611882281153572
0.0497558324752146
0.0590090961231429
0.0450775566817232
-0.0199482166052659
-0.0763507826347567
-0.0368721814100168
0.00194209278593158
0.0303832837321858
0.024086254292796
0.0534246418633484
0.0661988360002675
-0.105429212092679
0.264688918124582
-0.126509912694429
-0.042780292874148
-0.00417951941911076
0.0998850654539486
0.0515857938774283
-0.0822765462932762
0.0614210512847853
0.14779144209696
0.081759325232148
0.0810395135362353
0.0360216298647641
0.0485136187136202
0.140950390977122
-0.0139707355249372
0.168842714723789
0.252721670418614
0.0444979983393503
0.058295459158892
0.0106392504768769
0.136080164286009
0.00333632935957761
0.118448984123249
0.0699082874590568
-0.00226205029666528
0.0927417064795297
-0.0127895600245692
0.0895551457180546
0.0656795930050165
0.159808045399642
0.143062693882814
0.165627215563435
0.122321641505607
0.114663788667978
0.177003372523464
-0.0196761363058281
0.0730571015864561
0.0995026824290172
0.164590194241355
0.219035240435168
0.224703548103536
0.201743854230101
0.0917235717193006
0.135490734650106
0.137743412888576
0.0290590145335974
0.119267447544713
0.162884722967678
0.184383871983182
-0.021343661393478
0.229735851489075
0.144145422002218
0.142074779337269
0.231686975364479
0.310470220120378
0.136051260022483
0.163922889638439
0.0985015262037866
0.135542983276824
-0.0184877068254801
0.293513054700619
0.384672015327737
0.115520422351736
0.233837561342263
0.0895661231375287
0.118976886895011
0.134185735309871
0.30831739630234
0.300999741489841
0.422387318994315
0.078255610817306
0.265841462181881
0.263007799758457
0.130274228125277
0.137927772608199
0.228887701870859
0.251817920924284
0.176567096323122
0.105872968170371
0.227348343042625
0.329103573627626
0.291693651318792
0.228625788564823
0.237339773281678
0.20351563807616
0.22046414048052
0.134282501494342
0.322596071875258
0.283593236541412
0.307606489144084
0.378176655253233
0.267999927872183
0.133908795315658
0.235624450966666
0.231891666300073
0.290092004980633
0.29327659521077
0.410423434717281
0.166323615078929
0.306287692969657
0.186013007942555
0.159223911016441
0.206853743331318
0.193638892181504
0.28589827177929
0.266487339518597
0.323678036145349
0.455151184798488
0.348804067272278
0.319536123965556
0.239028611399811
0.364056154376532
0.291033212595924
0.306730227956902
0.201954277273787
0.338363786739295
0.303170694264952
0.33340663801657
0.313318148631512
0.146028804868097
0.242668903420831
0.349761592030035
0.475095527519965
0.292627429790495
0.367852273367564
0.20690658435101
0.339755788682651
0.21636984701876
0.256128148257506
0.332104816269533
0.307087157099863
0.270002793441294
0.378601550980497
0.434858526053941
0.323319460761336
0.301922767183222
0.455285238611278
0.374454865042006
0.391600086150938
0.397826299960322
0.337761099498235
0.266457537192679
0.166796744612016
0.408427104492492
0.494598355815626
0.341639763707831
0.411443615033232
0.484174240740772
0.341984559910485
0.331557962086143
0.362284377590439
0.283687000909775
0.292684088651839
0.490327434739857
0.368978680388106
0.566329742298607
0.413573501288621
0.299281233909046
0.249489761861972
0.346907957374674
0.485398687302507
0.340691037121387
0.423086927427429
0.323821141796329
0.290759610537009
0.528690923589312
0.462352105296131
0.487750459063904
0.345925363472929
0.410823844105901
0.379926917022022
0.598239178297264
0.380432637577269
0.416885824145305
0.379485127126951
0.473404921513552
0.505048086909462
0.415890765067255
0.326852207622402
0.445329838327083
0.286647089688425
0.349473926623347
0.438392037622853
0.440917034747578
0.392709757045683
0.500488126692515
0.421411769827026
0.38146306900676
0.285601466434905
0.377438273709807
0.367627478411125
0.375517705948504
0.4688938093268
0.472857805420928
0.472525605048137
0.33703909011209
0.320969582590576
0.371141348003465
0.490528150369194
0.576205904703864
0.447388098725149
0.545965589663282
0.479134099027537
0.528062741174339
0.471802401280382
0.397224623672145
0.541683969500373
0.426635394447475
0.524591963495469
0.501896212136219
0.517705131034952
0.589464825832008
0.581009983391278
0.493554100443045
0.494295395376554
0.423103610036665
0.391839476120383
0.518315385638673
0.528169865789416
0.526224780100703
0.524350040832517
0.541134075946783
0.54819790083808
0.485072115403602
0.57931596537299
0.465228014732193
0.409578591830685
0.419358763652607
0.520063814296156
0.659108594289926
0.507168764344856
0.473801161217219
0.558329689014081
0.649656494320264
0.503671870738197
0.43122113043919
0.405855190989386
0.511133024468641
0.588548719280949
0.585072819611411
0.481580481241134
0.473659210349568
0.431830797730267
0.417302105410653
0.363725237332124
0.536155427530544
0.450135987639896
0.713635751901209
0.619216180915163
0.609455788819339
0.633044853471812
0.523573980303002
0.591436353143946
0.495308376019827
0.520230985828588
0.559872558589958
0.390192547602226
0.777716471013739
0.644300690596445
0.583738012373204
0.631388171798493
0.817742185459162
0.582331633450722
0.583367292249054
0.738283156351309
0.740306036702586
0.697568084256915
0.490412934795425
0.611513356664256
0.568072299354068
0.546478995224747
0.672002150811957
0.630866310748084
0.552518066892997
0.700400334268834
0.57076105654806
0.795619658129457
0.597338222341219
0.594304957301687
0.685020108903008
0.642341490862005
0.72711011447178
0.473777773908271
0.676775328713936
0.614210289312412
0.740094909033794
0.599111076818307
0.549037385901622
0.540684308185312
0.61859639662407
0.740666793642341
0.676874393478368
0.612897769323797
0.750425023475053
0.713279709065231
0.446966617407725
0.633061852449241
0.710587136077759
0.709285687282467
0.532537793174254
0.5789987530213
0.584281016393468
0.528488720772721
0.638917396107251
0.739770548359428
0.676117606916654
0.562543172849732
0.554405090228109
0.608672735524775
0.72351890665692
0.700598567510748
0.723937727427945
0.653058035029724
0.686185946768167
0.594515043025834
0.650286526978792
0.786289778838083
0.851819508174387
0.552342506347221
0.719882740180914
0.703778309130317
0.747431734900871
0.68575521325907
0.643449451698246
0.687911483143273
0.669130312676638
0.788322339317063
0.580156044076465
0.75639124304059
0.618155213578407
0.711302188994152
0.615260625980935
0.697916066735899
0.668979744184038
0.527489532487754
0.502494146408423
0.783728110606206
0.593280327967558
0.690404456169287
0.895650882790673
0.820912224915462
0.807911360002164
0.704907466478894
0.740107590514675
0.714717091003968
0.714769968167962
0.716347952017899
0.818199793447916
0.76229073226936
0.779707375020442
0.818631985922546
0.733238598583211
0.747802953182927
0.773998971125371
0.893693656444454
0.880873092886255
0.869342979230641
0.763219096928319
0.83316169451955
0.779541868431631
0.633734992289725
0.709575510615528
0.921803607404686
0.986737730199763
0.590930310823563
0.73224698800794
0.775646021801513
0.808531615930854
0.740246780159608
0.864061808810842
0.891261730964586
0.580186675174981
0.833353240343457
0.888917391037604
0.797301088735401
0.742030757533436
0.825975915929143
0.650932234105221
0.717458068349491
0.824310390383917
0.795501059418052
0.93829009002648
0.949581288795493
0.835419810331767
0.748941773471056
0.932201415573499
0.745222536186365
0.742176745699749
0.990474478799879
0.68242289782213
0.761815577994842
0.80907589826623
0.644138705116647
0.821950969465969
0.842965388672806
0.942667039409582
0.791019618585259
0.76608080915494
0.863648818997777
0.950916794926879
0.888404866293866
0.677014035110899
0.944702513333074
0.872761988037247
0.789267559060577
0.823937817004182
0.754552345993336
0.746623450173717
0.849685543940533
0.94824018725195
0.677642629356123
0.761620364492684
0.934797913337166
0.81832531695321
0.922540412757755
0.956440426207516
0.753688137255183
0.994306716249598
0.904327662648153
0.922594238258657
0.978677758211563
0.861138394866295
0.791505720154879
0.971503617644697
0.837661955988359
1.09230383901623
0.772801708073234
0.999683814646659
0.713860186188188
0.868957600934262
1.01609810875735
0.864279576832894
0.836672283103618
0.877306017802957
0.803616326520134
0.931932531633732
0.770355510397783
1.01758290247457
1.00435491665508
0.948545422672186
0.91480188833178
0.875936813983951
1.03768351502925
1.06032806137682
1.08459009370135
0.85197815466082
1.06769984943204
0.862541395335934
0.98094028913123
0.747245842400563
1.13164231182817
0.991724523706537
1.00375377642443
1.00796357507444
1.00745279681293
0.934354180918488
0.927286691129911
0.949933443995142
0.988676225196802
0.936417215904429
1.01205155675736
0.988886341056488
1.17995101719179
0.868418391522147
1.00248380495028
0.932222674180584
0.965590951208343
0.889259163108739
1.10637216447387
0.940375129532299
1.09916493826182
1.14084427331572
0.917531705625664
1.01629943365924
