-1.14893577684959
-0.801260307659379
-1.0000614267703
-1.03375332634268
-1.06325960049165
-1.02385771196452
-1.05626546677446
-1.12348807974733
-1.09318523360003
-0.812958658714722
-1.07854715950833
-1.09075768724677
-0.89607126414393
-0.968586914219374
-0.997509397825337
-0.967510892531234
-0.947747952391857
-1.09260017878479
-1.00586499706709
-1.05172976381243
-0.884653117617065
-0.979322649779014
-0.754609836881331
-0.935249971793353
-0.908089257427231
-1.00317658618444
-0.939545946984244
-0.970692565928707
-0.985473051118431
-0.970977852240301
-0.746804851998845
-0.991039148777584
-1.05010680815597
-0.892688754115298
-0.837575733109317
-0.864801241125211
-0.881395459966879
-1.00390730184353
-0.917639315285243
-1.10497284656304
-0.742496392434085
-0.944590659157834
-1.01562881179175
-0.903143002172011
-0.97070512405908
-0.966142780661404
-0.879749818055226
-0.820411913807314
-0.860920164299936
-0.892145828749151
-0.847612015065942
-0.982910991908728
-0.724341335480631
-0.826632546033459
-0.882289841098157
-0.890362375015205
-0.956564222563708
-0.846529469573498
-0.795958398895065
-0.855056789823848
-0.930911049183339
-0.93912895987192
-0.755519471333772
-1.01583988134679
-0.748954134513256
-0.916463501961835
-0.882651289955365
-0.942036338638699
-0.726152054347663
-0.817268009389287
-0.848643679754549
-0.743860078479823
-0.889259624254905
-0.765372934696365
-0.837641428893828
-0.852543110603439
-0.886200641227461
-0.914461999408044
-0.7817001664003
-0.7454706694138
-0.869894614370651
-0.76609212767904
-0.783222954634229
-0.875153676786342
-0.911469118642768
-0.79959204759916
-0.858497633225136
-0.861024373928111
-0.836303141373708
-0.866666039992369
-0.855277619272006
-0.842634086230937
-0.894445076632396
-0.783545529312986
-0.799358469210098
-0.802747062624722
-0.768342618868736
-0.886772457818841
-0.821035071072364
-0.722193653086934
-0.831317283971809
-0.859109934392397
-0.847490011557609
-0.676065608618384
-0.692272226078217
-0.968456431719374
-0.919572343565006
-0.583049852557254
-0.849573728801262
-0.699084462970211
-0.754151845893964
-0.879146819738118
-0.790640507669805
-0.622798871093601
-0.739266832053266
-0.85350951427183
-0.763657141866692
-0.73933352194091
-0.925660345288345
-0.754727201581457
-0.63819875107968
-0.835673257792169
-0.876392013351381
-0.75013921107564
-0.63437684889858
-0.858780032446924
-0.801872637888734
-0.595824030569027
-0.713180331295119
-0.616068777193163
-0.819164889972246
-0.779005744987446
-0.790840639745581
-0.704089174155598
-0.718934448961701
-0.696614953204948
-0.645080561452985
-0.557113460933882
-0.521586947653568
-0.765206850625555
-0.777389604219096
-0.703753307499204
-0.784805815860394
-0.751881290525336
-0.668797287482497
-0.756484355022564
-0.740939104318355
-0.800668551613577
-0.784808606317607
-0.554223704859741
-0.679522578921383
-0.781286588875681
-0.750291640019846
-0.771655066589216
-0.584258185798827
-0.648468758597538
-0.772372332844779
-0.740684445587487
-0.84167934871874
-0.650421429156205
-0.724054874850885
-0.63835648577613
-0.790146508276691
-0.582670747415651
-0.63619054942426
-0.661995309817182
-0.698821230787021
-0.549321041834187
-0.769818894448897
-0.810045253601422
-0.756999178271927
-0.57814626659837
-0.638409118992771
-0.559178486436813
-0.56222328678985
-0.623806614507852
-0.854559037611874
-0.590321182958619
-0.559581790535493
-0.745639167663582
-0.565768096109357
-0.457792785391417
-0.512965558478026
-0.743300892799518
-0.486117583087438
-0.548726371363386
-0.537505430471645
-0.627782673564534
-0.670867606406793
-0.571795304055674
-0.59566616769169
-0.629742342089225
-0.565811098574121
-0.602878118970522
-0.546828013930961
-0.638795858947362
-0.730987482287605
-0.603737977132811
-0.676936369948441
-0.53692790031551
-0.670470284436811
-0.471170002015053
-0.747695881883616
-0.511494151161253
-0.543205926651128
-0.55749243843292
-0.6012703910898
-0.478356988988157
-0.478416188016825
-0.587194311235243
-0.593657033788404
-0.675961741219664
-0.46711458694316
-0.510583392449793
-0.639427672213272
-0.526614194328545
-0.491269424323444
-0.706575297416739
-0.544285122937949
-0.559991391489626
-0.505885631372326
-0.576963296203791
-0.51515660553518
-0.647949031939112
-0.611333374169481
-0.557741740477368
-0.628733087102455
-0.705101388512228
-0.569396912819802
-0.555842186386696
-0.617809773973123
-0.737080036267964
-0.489390120871157
-0.462572777986599
-0.438749660987032
-0.443292164945543
-0.451228226738644
-0.578186473875207
-0.533252496684917
-0.585945066650375
-0.7203248282492
-0.296885393692865
-0.451019120009038
-0.595748754445042
-0.441737324995926
-0.46483336839185
-0.540950933919893
-0.505227531651294
-0.456090163492183
-0.429930979319961
-0.50301146426472
-0.505972964695753
-0.434169187054751
-0.640556654466982
-0.501607143801695
-0.517237904822038
-0.405752446414228
-0.468559088158112
-0.49119105223033
-0.441355161229717
-0.655281259068866
-0.369092822347725
-0.558378650720403
-0.451682195649795
-0.435882160031495
-0.606083173156518
-0.513763628205577
-0.486856571645992
-0.37380217032106
-0.453400457223359
-0.512153132654434
-0.477467571399588
-0.418135178092415
-0.312782293311747
-0.559027461186004
-0.432416189248889
-0.557162331484361
-0.496403158223299
-0.520933313499155
-0.372805124835025
-0.300966626650787
-0.421479685433278
-0.446013426499668
-0.420156830321035
-0.397237033064994
-0.316036441627045
-0.416763436598087
-0.300387504783255
-0.578569409011691
-0.361455617280273
-0.505788595088251
-0.574791692029735
-0.429090040902865
-0.34653220564728
-0.575121960795345
-0.395442530952704
-0.464306230190142
-0.349506914928051
-0.292092216742961
-0.323091186993798
-0.393214163356381
-0.398886593560176
-0.322573672925375
-0.36970210184634
-0.390400265251902
-0.471163723428371
-0.427676479045585
-0.378694713485617
-0.402193775500693
-0.399233427466654
-0.241095052142442
-0.288754970351782
-0.372536054795715
-0.438973854121173
-0.403340165263701
-0.501705719643271
-0.229509236553639
-0.464207675783594
-0.309788837915567
-0.373164554316748
-0.320349176669503
-0.383457002241482
-0.35031112897889
-0.392470695230173
-0.299895832326105
-0.329335707079517
-0.413366737041676
-0.378613819124671
-0.414243236937063
-0.424776420714812
-0.308017882693698
-0.3838098191786
-0.216810813250002
-0.181504767594551
-0.334431057806094
-0.314931318138774
-0.233522953230737
-0.300343618024383
-0.23191983308487
-0.272461136301984
-0.363043350389855
-0.278663011889495
-0.266287216218391
-0.35447052226593
-0.301167751468335
-0.270839877406655
-0.441736084973914
-0.463100252045501
-0.312492750358543
-0.251938623595272
-0.351812849258981
-0.320887781698479
-0.391979746656846
-0.337207186358657
-0.396836333244816
-0.325116298633079
-0.195950010023133
-0.318978318310173
-0.359601245316592
-0.233912607231923
-0.246944302563195
-0.229544126277785
-0.310629670212297
-0.203159579479709
-0.16914193228619
-0.156114500208126
-0.171000985242863
-0.315701515752605
-0.208916237956402
-0.289541722057428
-0.39672867255829
-0.238046492228092
-0.150531175996367
-0.162943149623271
-0.32547056329439
-0.377016959193825
-0.28632660611084
-0.37512260891066
-0.298568007579319
-0.311290106828777
-0.274913324377125
-0.326570932565619
-0.183644467991399
-0.228090456642628
-0.211270522844282
-0.224952146346244
-0.259540677756453
-0.21707828424051
-0.238346614820081
-0.181241659330819
-0.169793264407225
-0.273875127105777
-0.260374291173867
-0.197575251015542
-0.18527222005768
-0.185850114820977
-0.318597530246764
-0.241236945041873
-0.181916142767677
-0.133487594963931
-0.236874290930933
-0.102897931894713
-0.156396362907361
-0.214226132616008
-0.266982497791486
-0.148467137832477
-0.194001950863661
-0.245246645226244
-0.151061105076268
-0.0595959052175766
-0.162873507191559
-0.30227275414123
-0.161469157808004
-0.201346922926135
-0.244148148287499
-0.164946803605823
-0.140896191990142
-0.141184788582552
-0.193082044020418
-0.406250472604492
-0.28383314033267
-0.170653601810442
-0.0587296067419642
0.00137858528865613
-0.0624516581739713
-0.300190157141968
-0.066154772625696
-0.226650324976665
0.0158010925004339
-0.0903974387618402
-0.232619035511629
-0.108194424874389
-0.294512663273405
-0.096137080137279
-0.122241725381876
-0.0445451071897664
-0.289726210918097
-0.0778053880278752
-0.196949397626855
-0.216404006867424
-0.0219482820471898
-0.275671025119571
-0.0735348281748461
-0.132618293244105
-0.125219602282259
-0.0916059183138303
-0.212177751719559
-0.256337777097667
-0.074816996807643
-0.288485126212707
-0.11364621669026
0.0836373271690713
0.0173649284374787
-0.116174739086192
-0.0791764804306211
-0.0708454544843591
0.0524312830898392
-0.0167663284677842
-0.0990067062695179
-0.174471159228245
-0.204349227951132
0.0517129234148189
0.0224514464377524
0.16459452712544
-0.0626113719695738
-0.0868900350020608
-0.0853900510885004
-0.206696927043004
-0.182590422900991
-0.176169524696921
-0.0622209214787494
-0.0602342107000131
0.0231555262655587
0.13548761977219
0.119635022828679
0.0997692410242799
-0.0718661680463869
-0.0962475722878171
0.15519240362593
0.044501643793751
-0.150940362031907
-0.0993638296624564
-0.00536568698617686
0.0642611664567482
0.151877744074971
-0.0310464024201702
0.211782528349903
-0.0157478805735594
0.0441317345132211
0.0119452750753718
0.0222569180601607
-0.0609746226503598
0.0529744626262086
-0.00910492557618301
-0.0482829462018359
-0.149268557538816
0.0757903159576862
-0.0313884665787177
-0.0803006424825462
0.0632088924861147
-0.112166635968488
-0.0022087804866172
0.0115627415172398
-0.0729648829530125
-0.0720766368791835
-0.105121033592503
0.0498735040973056
0.0298841839264409
0.0405865586828412
0.000827973927987828
-0.0584316868104169
0.0820915769692114
0.0743270589950508
0.0015870201695393
-0.109558432151725
-0.0338875292281763
0.0496249820584581
-0.124796515027598
0.0416841441356161
-0.105368178337877
0.0896739172067729
0.0974304306715936
0.010606748087232
0.00742773983324703
0.0310468799987733
-0.0664454002674237
0.0774582154437984
0.0671117457910771
0.0592479799718244
0.191157355578281
0.157351873286428
0.0742903536194915
0.112872241418203
0.220171348430001
0.115561360963972
0.0682025983685126
0.0791893051530281
-0.0751272024084027
0.0791116905670747
0.104756575716268
0.10417887073999
0.0819844448399581
-0.0507847402714588
0.0911447625857723
0.228960595025089
-0.0498663733322295
-0.00137495189728953
0.117851752379405
-0.00912517836506958
-0.0243673982116159
0.171661343395238
0.00555583495812808
0.0831796488142806
0.0536703228665555
0.071222133851903
0.0404683846914441
0.135379263017553
0.204297902806357
0.234701085623929
0.0490283773103418
0.196229495729954
0.00873284990182505
0.159504733938249
0.231520272779505
0.168841923390662
-0.0248590176670612
0.281818855694413
0.100725253743742
0.0669305255501197
0.205076000049282
0.0651567559640365
0.220617031252671
0.129118698498564
0.0633461278517323
0.095717199961792
0.151115610348068
0.132022784868667
0.180765654419024
0.0675862323479398
0.206229326783606
0.0341363297883599
0.125700500967081
0.0617303166768111
0.119099123176804
0.154302188056829
0.133322635055862
0.167718503262268
0.0474427415968071
0.130344099407488
0.111818551609504
0.215607535226048
0.0915061626805316
0.154070808566693
0.209834810881256
0.256292980777477
0.230285862951046
0.254020233070172
0.225925156983685
0.15837931249152
0.344637841922085
0.0746356321008694
0.0472583147079252
0.181494143635805
0.196193434005648
0.213237897060537
0.156850194665465
0.251181875072793
0.15002852954797
0.225491657389746
0.190435720230295
0.0957400584402274
0.368418428463247
0.257360639885906
0.261360480056856
0.126376166453008
0.15692665534108
0.232710625211566
0.329721921467768
0.344506218166575
0.350904756921836
0.178169000285972
0.23312668160149
0.295021217224995
0.163327577601345
0.225742853734051
0.301286280365066
0.307191221672151
0.275818345622467
0.293460952911848
0.259208559750373
0.205216849711665
0.220774657037316
0.33176637372779
0.217573894155046
0.169709889786684
0.191130043791596
0.0738563741290291
0.218867018335357
0.220055115291889
0.287915768383326
0.289165369539287
0.362946667297002
0.23990768900566
0.352321710204654
0.297447828516204
0.308519446856519
0.337118961947422
0.0753754147700759
0.238394571013715
0.211212315553381
0.143198415031068
0.370120585039841
0.297811342867519
0.345236763829842
0.318265885597206
0.298926393702748
0.261478435303063
0.333232872695319
0.397760218918916
0.339082404023496
0.265645068138625
0.319629755995789
0.311038957033378
0.332752263184474
0.312671549651011
0.33102730681152
0.276547956519368
0.306190839130548
0.294174473705884
0.333879878848199
0.130489059900502
0.292786494567765
0.416860825860598
0.320151248843039
0.42346314324467
0.287890986342709
0.261575327012147
0.327842884385647
0.298561713391356
0.252191459846165
0.415130501927738
0.249486379089647
0.160771667282923
0.285090639439172
0.372372579379936
0.346317631973292
0.243778387403574
0.377696455117484
0.468291134914272
0.349413906228972
0.176324881027424
0.3529033441828
0.316287856867749
0.494511301755621
0.343356060929659
0.351299215380855
0.362664691743699
0.535045178383425
0.319378748103556
0.396524269105897
0.438055544663399
0.408343173671914
0.402292183366201
0.473265902896836
0.496252120860358
0.410416519725205
0.330929396465869
0.321132571108096
0.446451561897156
0.403463761680319
0.464131572046001
0.491247493792951
0.374867218169289
0.478550327965186
0.420282858445855
0.353880496386661
0.418676194319646
0.358342866665845
0.470115556329696
0.41233612384337
0.354524594722111
0.547294791794115
0.484145203657339
0.346441274426691
0.431358471990681
0.288546046310376
0.547797505150054
0.34111364981277
0.533305890873931
0.397511935344991
0.296834251674529
0.460425800869451
0.514311536319269
0.497485664082443
0.379019629296653
0.449637847043391
0.292904611792091
0.330752714886055
0.492578540702443
0.71459954908512
0.319176006134423
0.516701931230494
0.509185010201679
0.495812030127403
0.712522783370261
0.415431364780904
0.559174329848943
0.623412421761658
0.477349891823559
0.49242957127317
0.469729789914825
0.631564298354479
0.548677250190126
0.529680792482643
0.597763430881939
0.393597334652018
0.586179690952894
0.507914003238348
0.575778903413841
0.518176865488291
0.438607530237347
0.541382183316883
0.438128746468846
0.447617762531284
0.644369928205876
0.48814407637107
0.533108299554496
0.58514085473572
0.541400571189107
0.52577667616626
0.48704908993128
0.698063674603246
0.557465010664681
0.454617254195645
0.676521072429583
0.484322076545167
0.567049079196753
0.600597984047412
0.636774719863704
0.449301914722769
0.553984594079888
0.577746268483458
0.566987697933985
0.523415217284786
0.409039572170842
0.610201530105298
0.609145751315075
0.588059270722472
0.488261224539613
0.70311288219925
0.5754435211806
0.565768992144138
0.614904986318683
0.688850620809619
0.559451323178581
0.522275201632663
0.627472714705894
0.604624508724562
0.654684401666444
0.49165475984112
0.522941226254328
0.74536254380695
0.643092018992022
0.590404240788856
0.660361134813351
0.53043958910189
0.564699122005553
0.552893321531959
0.700519461711818
0.645791842632803
0.50275414440066
0.635752594970556
0.462649113757772
0.40914228852023
0.641682566734046
0.744505269456033
0.642596261194414
0.675203491971672
0.600893262804487
0.788595630228756
0.467602056471016
0.760296255231032
0.581722671982144
0.746512542087759
0.519930147801991
0.541192957356088
0.501415263923604
0.553113132029254
0.733758196802069
0.704932611734308
0.704911228821589
0.514406196538522
0.684360064734976
0.757891855357638
0.651422539670116
0.552499139036983
0.666858396402176
0.779478881523961
0.568320644415364
0.610296907040327
0.634390994554448
0.605024653443008
0.694242767672502
0.771597745558158
0.534094221427357
0.655074874795061
0.676413177186969
0.634786290115662
0.747717909301104
0.77839306441934
0.621935693381699
0.734711245012705
0.635061539582477
0.581519472383868
0.694202475508898
0.850520126668655
0.653035135831325
0.831062320999146
0.747855865996289
0.796906064264742
0.673374708485721
0.65940697645846
0.608491144384206
0.764915752297199
0.635103557762506
0.869287806307706
0.715490419400322
0.713075995743548
0.805105045267209
0.809268698537185
0.859223280456803
0.859876246227538
0.797598378762556
0.736357323047774
0.74207146795736
0.894747020469143
0.860041988796758
0.722341692843058
0.787338680430165
0.758544869619524
0.844752272897537
0.79756534257925
0.812897982669943
0.649193389274241
0.857536710112676
0.868901168310881
0.632339477763027
0.613484292465634
0.79821679557621
0.749890783710423
0.806489120376734
0.740710052990719
0.764367876726073
0.930310609630349
0.690748486659731
0.820531674200798
0.722164137047789
0.853431591310915
0.753745691327004
0.862967190007437
0.989089979440375
0.687085491084876
0.818245442554812
0.790877016058576
0.947454365840123
0.723897300570306
0.85760035480821
0.942289613604621
0.767515644573372
0.935458674166653
0.80523868373175
0.831063758018356
0.859969209742595
0.897075244893192
0.742712730421983
0.724430458317647
0.828732557715358
0.863845646444311
0.878227428350309
0.635066270692778
0.717958604758968
0.811552931228348
0.820327988521985
0.834394828774796
0.950676434868483
0.825477851178854
0.729599821479327
0.76159698069102
0.981516205050012
0.907655298800115
0.791764636923865
0.926504740979012
0.800089626612181
0.93738247538134
0.820569960839372
0.93419973153
0.876588676702557
0.947986487020801
0.806126431850818
0.862790318995551
0.895082197298092
0.872596305497602
0.889242818231606
0.924954420200189
0.898533047525532
0.673828939913032
0.875302910113312
0.792480972407457
0.949157475835743
0.841736733341625
0.833108756248303
0.885608466834081
0.816810667539465
0.921891798651709
0.882710373216891
0.895034939136178
0.906012337270565
0.880230251123354
0.997110421796998
0.860350114534244
1.01931941817872
0.931526718726076
0.84522461723743
0.825202295161334
0.902781430778357
0.99957783069883
0.994034264322188
0.915727641963262
0.781103715644419
0.85253776194959
0.915755203931004
1.00154509988979
0.850673887914374
0.907369732879672
0.967313988299737
0.881734949712297
0.923263172414812
1.00109626379205
1.0072108287589
0.990044055949388
0.858726550012152
1.03476399484455
1.07167111228428
0.919059156060074
0.962403973746941
0.968415688769152
1.0482107859747
0.952119820572269
0.984061139944866
1.06640454109142
1.05676430532586
0.912791382027433
0.989660873869813
0.9837606383951
0.995882114585385
0.821252110395397
1.02847512982123
1.06139176151709
1.0028603478626
1.07172869166476
