-1.06615215977999
-0.992160967820897
-0.996147365419117
-0.914052255426148
-0.902285205566221
-1.13330278950505
-1.05053904956724
-1.11818205892127
-1.07706257527209
-1.08825616728008
-0.927190170757809
-1.03402576407378
-0.941569059515176
-0.958336251548688
-1.03111551879173
-1.00456965996548
-1.05726054519952
-0.971108884741631
-0.806792720187325
-1.07304859238427
-0.868383828632069
-0.932500992039088
-0.986204719747159
-0.916077468615511
-0.888355035730039
-0.88108070869392
-0.935624601636969
-0.845835459834862
-0.982697509229425
-0.84750805880151
-0.954574955054366
-0.785250842139627
-0.999951004189227
-0.732166174682358
-0.982606147529053
-1.0172523259956
-0.899372781197973
-0.89569151171595
-0.75345908046207
-0.835055185139599
-0.87788742367858
-1.03248642094415
-1.02513500634719
-0.720756136222041
-0.807445723344297
-1.04295737885384
-0.921822719609021
-0.783940984113431
-0.773128326599783
-0.930605758559904
-0.961977610769996
-0.97663644811802
-0.95607722501231
-0.921186996655086
-0.986036957711021
-0.962144234458326
-0.85922827284301
-1.0164190171659
-0.834820085085493
-0.910209872673198
-0.892574736201565
-0.81140245444063
-0.94394188612244
-0.895561852577374
-0.859055858070198
-0.767925234695964
-0.917646809575039
-0.877292134892782
-0.849816583334631
-0.902982255357744
-0.942677501070148
-0.828969438072564
-0.785952399902621
-0.799145412478597
-0.679645499612322
-0.809370470729022
-0.801001119770294
-0.828603276404098
-1.03543066785274
-0.878527563630679
-0.805797609971371
-0.874399947986051
-0.752787287906237
-0.761860222859579
-0.865090890089348
-0.957456571301105
-0.742606206448804
-1.00501398289346
-0.799598596512561
-0.801628485974527
-0.93829377452678
-0.908360992514053
-0.77997549177051
-0.881784327086226
-0.933674962139236
-0.830003022385747
-0.741727869553009
-0.917635883968513
-0.686088141374341
-0.794646900418264
-0.801131183886799
-0.719249435276065
-0.829030785024602
-0.890859472001362
-0.932579092813033
-0.773852444746127
-0.863753066286591
-0.766536512057425
-0.780760968790763
-0.9005618520005
-0.687679709293994
-0.753516449399031
-0.816831906493354
-0.785642279009559
-0.777190711592155
-0.737588702289811
-0.729778443947438
-0.791140238940814
-0.708637311048972
-0.793202737171212
-0.826433066900692
-0.860008433266173
-0.672041823480841
-0.732971063296216
-0.658771134351082
-0.689729830182918
-0.837593432052227
-0.895009313280759
-0.8064005137823
-0.753174926734753
-0.82747026930664
-0.667219520309544
-0.640816385895758
-0.790500776282016
-0.686269428982875
-0.682265384786873
-0.841068530932242
-0.82507191212708
-0.701379788987621
-0.664478563730716
-0.796724225922554
-0.765078014453307
-0.742161060127413
-0.80199334530185
-0.749444774902748
-0.857842936765607
-0.683343344859368
-0.738635328229917
-0.750479127371228
-0.72254070073723
-0.748083672563908
-0.725164302376264
-0.571462230870615
-0.647421936112714
-0.579946539067627
-0.607328522934807
-0.613971453889522
-0.671015439302063
-0.75437555596513
-0.665837370763655
-0.709001813432337
-0.843949689802671
-0.732844006260375
-0.587213642542564
-0.602580731857855
-0.657543199542464
-0.586295396097424
-0.874412928724428
-0.603605468951805
-0.668609190579188
-0.726339971209439
-0.721898253353613
-0.685783989967844
-0.770871472383274
-0.564155252683201
-0.589548327499274
-0.59991131557016
-0.754389207231889
-0.627291509382481
-0.497112067961876
-0.488106077800896
-0.679830376102988
-0.74674036602131
-0.490994100962581
-0.648863537678389
-0.581850410803858
-0.774148738451529
-0.653265360357885
-0.712247927956942
-0.639582826966151
-0.667568042229137
-0.594169324654519
-0.488159885677253
-0.753919882325634
-0.659463279128845
-0.59111400938192
-0.708270583016627
-0.718074821057469
-0.60241681813338
-0.731230457874826
-0.610109088033098
-0.684763729278567
-0.500651590000455
-0.650210521711105
-0.668492403818079
-0.635824645270455
-0.448448909609201
-0.617562522794158
-0.696747078992545
-0.673860556073494
-0.628020737465169
-0.56681563808267
-0.53052043521215
-0.550466795274131
-0.623595576254218
-0.635638073196303
-0.585530100619056
-0.50735574500572
-0.465450585192516
-0.609726893223354
-0.610425748772535
-0.727240241589273
-0.406515472485112
-0.481077930156142
-0.534231330967887
-0.58253602438192
-0.564272303176129
-0.57432269932074
-0.425848415047012
-0.674820891495464
-0.659753195408567
-0.536944221382245
-0.475281143789941
-0.434233369145575
-0.416075027074338
-0.670575793930818
-0.292402462217002
-0.516395800289939
-0.492606968614033
-0.487527267846811
-0.518199673923175
-0.546892705282763
-0.403637435215674
-0.471129085345365
-0.528997317289557
-0.469943697943348
-0.537377057079652
-0.425757304596212
-0.357501931354955
-0.613487264195588
-0.555572715364537
-0.556243356117846
-0.531903651568913
-0.57253563168997
-0.490924726601878
-0.363853056316719
-0.541164307866032
-0.439013642584439
-0.587196986254812
-0.614772221423048
-0.265346753035523
-0.42522519407418
-0.42197171566289
-0.641232469833577
-0.432008651441835
-0.315831702426244
-0.435956641704954
-0.412900892553057
-0.468834762126256
-0.46298664894492
-0.531227201696324
-0.372375171409159
-0.503241882650002
-0.477415399401107
-0.429280380536693
-0.402012872548023
-0.519967504958698
-0.358426511265542
-0.508122127884655
-0.4564884508175
-0.397656375587261
-0.48138263954145
-0.582459568394168
-0.481965846177908
-0.213947389254383
-0.372894804519154
-0.402014142033577
-0.371952340393559
-0.537660402554106
-0.319636057410323
-0.550795718821649
-0.381159313405932
-0.38197836344726
-0.167026420459523
-0.439625190245241
-0.415292154792014
-0.363211505564359
-0.508551751464758
-0.444762309086868
-0.473893758259665
-0.323435717761871
-0.524321561863585
-0.495182312892762
-0.391418444805243
-0.473160199385985
-0.35641876472328
-0.432797955992628
-0.304752990998182
-0.476703598736444
-0.389570233002646
-0.491198043308173
-0.356884300871835
-0.374545872364485
-0.245986665252016
-0.457476755636849
-0.219715513838488
-0.567061734757837
-0.178592383969049
-0.289802492572106
-0.313725299746736
-0.363156098487354
-0.285092355485077
-0.248882313569773
-0.494475393698363
-0.290807035528858
-0.341102981405438
-0.299334232243098
-0.489109342371149
-0.248888603954938
-0.492727635556364
-0.328707235971873
-0.410768092687272
-0.328233318112901
-0.513782671672281
-0.233285984065924
-0.283815990831678
-0.178767913530022
-0.357274624403605
-0.229808151458259
-0.317371845388979
-0.26805847473917
-0.236766882056539
-0.313979917982707
-0.363098863736576
-0.216237247808229
-0.163702391819517
-0.314368203459337
-0.342605957222096
-0.356735373606914
-0.32762347572791
-0.191360378301262
-0.200626127886751
-0.245937973391542
-0.316988990091309
-0.163448368316348
-0.297964308165659
-0.244290119737199
-0.258666353770129
-0.284395811818093
-0.249504878676049
-0.228276117143754
-0.386749719221776
-0.235070927908291
-0.36061035199285
-0.317048543239444
-0.27814665366063
-0.343041656623155
-0.177846973032853
-0.296114459414973
-0.314093828037316
-0.162685681793284
-0.155928078093583
-0.379946367238267
-0.22235374109831
-0.259813784497804
-0.246404360974344
-0.274078162362497
-0.237133616592479
-0.295093447273094
-0.277590105077787
-0.150746236490375
-0.209136401307787
-0.377724991161372
-0.173045797027332
-0.220127552859042
-0.139374300334419
-0.192620090161058
-0.30353144354138
-0.162803861072762
-0.31833142819125
-0.174498811756618
-0.195209096216925
-0.346331473115431
-0.250117854036662
-0.249131697516015
-0.122675080003066
-0.260435388072966
-0.263561130147553
-0.310446952939686
-0.116746070260744
-0.0871684191422617
-0.0194942503529944
-0.176821239231253
-0.163625314872942
-0.326590164448222
-0.313765778672738
-0.155697370109467
-0.124864608558027
-0.0990514306962852
-0.242161474089468
-0.17850385603056
-0.070738800581978
-0.118382128508429
-0.299268042328175
-0.146883106790505
-0.228921124410306
-0.110710495671934
-0.00101578899787939
-0.108980388146436
-0.151857166572791
-0.0833325966068378
-0.137446177713707
-0.090566374238486
-0.137545395517473
-0.114706385005678
-0.161701466381232
-0.017733690852743
-0.123449751177267
-0.103386656894763
-0.270066227609836
-0.0330616740867483
-0.169507282309646
-0.147734595825407
-0.178812238399987
-0.109931017628764
-0.172288662556113
-0.308329321358921
-0.109113120943153
-0.0107930344877688
-0.223867343130776
-0.203052031872007
-0.188342909411066
-0.0869404488685596
-0.0462517978436515
-0.246960913103743
0.0266182914428219
-0.0521684228596099
-0.00179031818568876
-0.246981829333148
-0.0916479372185279
-0.227296116957492
-0.110772047750079
-0.236483480519624
-0.112097899354001
0.00635578906669314
-0.0907609220014687
-0.248494696125775
-0.0869118648984075
-0.0141881309345313
-0.0243572775685118
-0.141244190308514
-0.152926026129848
0.00810529426024645
-0.135784925974219
-0.140403624144393
-0.113466554734426
0.0336049450351714
-0.0933652307705903
-0.0568356556490322
-0.112217949359215
-0.040819302516635
-0.208415000690253
0.02668774430884
-0.00824410696742249
0.0371167501561002
-0.08526520265118
-0.178751647214459
-0.0137082926885682
0.00759850743723568
-0.0672390126841004
-0.160290990385446
0.175295871283225
-0.0821078909927249
0.00789997792449266
-0.168466853200147
-0.0617251978487371
0.0960832660227576
0.029808072569509
-0.0654009913416273
-0.050266597579058
-0.00887449568769477
0.022723940943647
0.0488563497089978
0.0272896405896345
-0.0879647372713973
-0.00766562826381383
-0.0223925801022899
0.0679015382793862
-0.0669099668084434
0.0180296560000127
0.0295526149109923
-0.0783396642172719
0.103122023622021
-0.034592380754345
0.130207807226808
0.121093364924431
-0.0483343389472129
0.0783488250684293
0.118260542711291
0.0509510644005368
-0.0157218846159294
0.0294844592522845
0.0395101372005448
0.110755423412046
-0.108256863988555
-0.0194729689587721
0.0570306264035071
0.0901492915966016
-0.00847189343841181
0.0890375656939356
0.0590245846528398
0.146284911871942
-0.0650971515764477
0.081355616472553
0.00519399430146808
0.134081391637475
0.134054967263414
0.066578741004953
0.058353683346263
-0.0865360904175662
0.139676907181617
0.0387269172002695
0.168322489564483
0.0910553740965464
0.106047449356621
0.0609059468120677
-0.00859928092152608
0.172702165532707
0.204734896894195
0.114976906584355
0.102480949481613
0.085126829798417
0.244196027651483
-0.00143841712337811
0.163620655022512
0.168361395467343
0.113407996150472
0.254909149166017
0.0549369115682566
0.241766779616418
0.110385403717099
-0.00527880029781397
0.213575400147623
0.0930071878164749
0.140964678861234
0.333324603626145
0.044728376825681
0.126348856718267
0.277094627401133
0.0239974397608985
-0.0218402240887433
0.117664930216826
-0.0145177170290678
0.218449730041216
0.229053790737859
0.132177812870101
0.0505981489287728
0.241512126189263
0.173498100540751
0.114422807254361
0.187590890492986
0.199460171612911
-0.0342531315574737
0.166863640562291
-0.109798019021129
0.0737694782224723
0.194618554292871
0.197688132507834
0.243485943405671
0.323043101806654
0.176412672464968
0.332308967470922
0.210852471687222
0.197247533434199
0.190914245630225
0.211742758524472
0.123332430598561
0.130065421967935
0.166604258680262
0.200692514728694
0.204546986736563
0.248797260298925
0.193904870561316
0.184170039546731
0.239811834970738
0.0947174632220208
0.261828364067386
0.251502685614738
0.291276470112466
0.252401025269925
0.170903989818102
0.361257156164332
0.158715862601719
0.39092832719522
0.310544516715646
0.118092745459525
0.209043774368423
0.412536055090469
0.200735381164059
0.373987228015492
0.0911978716583914
0.1845840821907
0.366550141387511
0.23881374249123
0.221460578587979
0.334978285094057
0.229212300570832
0.232521492079661
0.317658858397926
0.212763345857088
0.221073359399694
0.31205664511557
0.374980479310506
0.320002970601117
0.203189506240966
0.186946982831487
0.273047499942309
0.268990467574934
0.33149718865074
0.236980737621362
0.313826382758176
0.216554884373124
0.220998558001426
0.174664120570701
0.32642603626759
0.329123270626571
0.330025845247013
0.248058462340615
0.134502745723901
0.299356383169605
0.358011705315004
0.21988171190863
0.43794487191467
0.293136325378668
0.382483620294485
0.269160721781495
0.268340444962171
0.275633348349438
0.280584003788673
0.316663174450639
0.161246586939195
0.2207729814211
0.535956737984651
0.358585184218059
0.309511404627832
0.415318516826004
0.275139651228025
0.363632334675233
0.181655549421892
0.242743219174996
0.44162489230672
0.328149594572256
0.195866014268474
0.369227417910246
0.211229083963568
0.291447135901356
0.319383629334608
0.331472408986245
0.31845602787224
0.307302075386435
0.274014296435341
0.266784072474551
0.271837869487154
0.297063765213261
0.369287279158089
0.32617220619448
0.339424794329391
0.18537214722025
0.383312580387344
0.301233387907081
0.442317007624814
0.35854270861245
0.296354577672644
0.366523459403295
0.341239018045502
0.298542592880761
0.369668507996316
0.469784374243775
0.438028429738823
0.53596879394495
0.34283695196494
0.28369966880881
0.623860458347873
0.351061542895061
0.315807330981888
0.513223671102164
0.407768871855825
0.336546510523227
0.364506893381829
0.410190453743454
0.466159250478346
0.388403013978034
0.418828492966279
0.320108132632453
0.197391226285778
0.398224082193623
0.400448012367644
0.32527673514091
0.572405538474498
0.396179150374518
0.470382653011693
0.462038412203548
0.439610061060815
0.48727406369032
0.390001677937399
0.478342400716062
0.361669257871035
0.344526105400237
0.379492741788485
0.405177618695846
0.360554076781299
0.467594637002103
0.440684869081838
0.451165518087553
0.452606607128249
0.341283359886032
0.253302255603467
0.6033931127477
0.453792844337801
0.53434939212101
0.462827247597402
0.483906086639492
0.479184524621339
0.428413909215462
0.479466698230564
0.454791835169391
0.398411125567436
0.444058931686234
0.496807281058704
0.428931444205018
0.470756380423586
0.464530531175607
0.490945535509173
0.552133565450924
0.511386335020823
0.5097198596673
0.574161469153383
0.471392888909129
0.604167640551952
0.321779695985306
0.430108012353221
0.680422393924975
0.553628463097832
0.489289654714773
0.44869998464551
0.587432629881819
0.521881458925043
0.460076230236586
0.478989223201165
0.540267027515799
0.615024750983319
0.513093819128419
0.425755346588935
0.557669307406245
0.497799266867661
0.485172497644605
0.750890559061218
0.443282491081964
0.600452222005313
0.61327631352522
0.543799648601472
0.57106535183175
0.617272991725324
0.623076828190429
0.63401180994203
0.712479771605343
0.555712701216542
0.581925367567124
0.59765029327282
0.474580840978477
0.521941835831689
0.59855187312559
0.718290099091334
0.524483927075267
0.619053598921054
0.599620701563928
0.455302398391546
0.55932714373834
0.531548414629188
0.650899449044604
0.636003947033282
0.545609703046431
0.464228609455476
0.685949533723147
0.666344096700786
0.617976770601895
0.680185306158829
0.734812616308162
0.60848485728013
0.586773269658388
0.693943190115881
0.675519105615225
0.600166296976676
0.606400019960933
0.629640076623986
0.567679452512609
0.577245426390132
0.633863258660384
0.570767108724328
0.659158411920911
0.534302204634137
0.517899688473194
0.70257995469436
0.567627328262527
0.546626170751469
0.759729689465757
0.44084739836049
0.577973941473322
0.64919685181324
0.690558436856608
0.594545538719954
0.645474404998771
0.676472991937498
0.549771626419025
0.688179664173558
0.633931390759571
0.750715627241092
0.624846299908022
0.568574381102432
0.737363585200481
0.7375100332049
0.638462776197479
0.730624138008062
0.734602919084388
0.521124357490975
0.832903818749824
0.655876367464271
0.750601276500884
0.774795505369136
0.599715575529529
0.800973413056304
0.769555344065208
0.654492140253498
0.787592592161018
0.654283829164022
0.525529170054021
0.69556463928673
0.605063204347741
0.805131610965883
0.73756567932197
0.582267522746947
0.617097204633933
0.613958683917378
0.824452290219465
0.799227284865334
0.73568181920655
0.607800273213284
0.671906215858168
0.555611045939067
0.688563396484614
0.636007373395546
0.579270151688259
0.742091378312642
0.756643346344322
0.763530219772425
0.636413023258333
0.566200113838961
0.874072181204116
0.686455191704332
0.751208477623878
0.707457162560622
0.710136880293521
0.74677400908895
0.584037884213331
0.722325668460697
0.916238892016588
0.857388419285795
0.688405459579618
0.901317856285425
0.811817593576869
0.678307717032929
0.738335960295331
0.844303527491229
0.778161071286851
0.812971758237021
0.693401694332915
0.726892411548187
0.784024234643423
0.680630445162128
0.907608117656553
0.785573260434103
0.614932473538215
0.683369438295265
0.734641475274035
0.883052003169663
0.753119947426883
0.81454550918348
0.853816323608355
0.798169625525394
0.623839063330665
0.857443112314126
0.804359502649669
0.727725323205379
0.767264967157269
0.746402423844122
0.952015851043633
0.785156230823992
0.902922366917792
0.754537554456736
0.667288686219877
0.766643699258479
0.809955583297186
0.761287930668702
0.796705780625364
0.747033145947287
0.757088194730383
0.921598486121195
0.916966585421482
0.932242937428855
0.793982575185012
0.91728235863201
0.90173104518998
0.877222579808081
0.94691394744606
0.769070382162216
0.976644533392598
0.875004891896587
0.738862164804002
0.856866423101215
0.807276103917701
0.804711518924005
0.848694615882374
0.918054212033065
0.87670663453062
0.883959820268667
0.94369751678834
0.778877558329219
0.861198367085422
0.782517127747191
1.03994991474179
0.800733747895059
0.810005255445292
0.941149656931324
1.05587507218799
0.777595061775698
0.89252507939826
0.710804079690232
0.979686538649727
0.874125483376133
0.982185796909736
0.832881124353847
0.850431095104405
1.0410401963622
0.908562228521585
0.914478201547633
0.665083424247299
0.936780593645999
0.904406885096513
0.888995406090661
1.0605188695458
1.05352255052592
0.806802075716584
0.917318569586878
0.932945217795916
0.931647108827752
1.07160471743392
0.995495454770045
1.08479718194827
0.95558088314634
0.955749521469456
0.831238455823801
1.01900326877617
0.952828988215267
0.891449808373817
0.998256446512278
0.97032060226635
0.831697210496189
0.958281520151922
0.880778726897269
0.827587823371512
1.11792662962914
0.833588475773718
0.877256356565852
1.01162082800884
0.945309532035391
0.852908085715653
0.898936827416366
0.980278838698748
0.993657274897292
0.829154792732323
0.973808725720486
0.870373884290024
0.930004215985802
1.00494399254887
0.913838184495946
0.869683656038799
0.954897177124644
0.930644509561177
0.985286428744552
1.037288618707
