-1.16845154536916
-0.802916606239111
-1.02173527782736
-1.0382006403561
-1.05698474780703
-1.03590591363335
-1.05018838791892
-1.13598487470801
-1.08844542264824
-0.811749082008512
-1.0806117881147
-1.09048746718191
-0.88462057626182
-0.951173277166972
-1.01008618021342
-0.997483610649731
-0.935747035106803
-1.06384016349173
-0.989047618761576
-1.06594552578303
-0.903970876334762
-0.957745557527131
-0.737881896542412
-0.909847808169849
-0.893262892329385
-1.00079714688698
-0.941650163057654
-0.968331332629501
-0.997256578287321
-0.96874683604862
-0.763110837503956
-0.974042897739271
-1.03091725943954
-0.878123918341584
-0.844133739191226
-0.838797495318908
-0.87080758254862
-0.996968276676652
-0.924348368352698
-1.11209340973117
-0.723322916457256
-0.941122349704773
-1.01937307848679
-0.910767155755131
-0.954423913804845
-0.975453970379924
-0.874504876952363
-0.812561720157775
-0.846490125344205
-0.897248963130653
-0.854652478473752
-0.962523496047861
-0.736449210720032
-0.83372809829726
-0.89014830010465
-0.897682999474056
-0.93878023518403
-0.86139574694349
-0.773268315774519
-0.869304518184209
-0.920055891571507
-0.911199826120227
-0.745709360578176
-0.988482977273793
-0.762170053267618
-0.929341156288821
-0.885116702718284
-0.967858944174899
-0.748890738963189
-0.818621172667274
-0.839660122225058
-0.756764556954245
-0.896413428444286
-0.743776732789282
-0.832954042266429
-0.873473972741319
-0.873669311356172
-0.934448312113352
-0.81051446772427
-0.727186352988371
-0.89529695450318
-0.75116957897017
-0.796281088619064
-0.88744524087881
-0.926017459438754
-0.776845170780382
-0.836035358845044
-0.849130027016169
-0.822977266613577
-0.875454289243402
-0.868588194695601
-0.851444212739038
-0.891085986877341
-0.798011773828574
-0.791629535543128
-0.817964683171774
-0.758747129819458
-0.887318513801145
-0.825091816187618
-0.707364351924731
-0.827232130110785
-0.858443581532499
-0.840866704997759
-0.649058011520904
-0.687049533625896
-0.978038741900057
-0.923960320347207
-0.574444629669688
-0.841447402310909
-0.709562180058552
-0.744591138356223
-0.860644801876931
-0.784524888953607
-0.612378665745437
-0.715491459783058
-0.850075413280115
-0.759401125100807
-0.73320911395867
-0.934772126826793
-0.754878229842708
-0.645808308892827
-0.841664604784199
-0.870609687434458
-0.729849089072833
-0.626880285387863
-0.831524023034302
-0.803454639013487
-0.580065890329552
-0.722652131771522
-0.610801342666718
-0.812226415841754
-0.758635457857612
-0.777832899297541
-0.715188895167459
-0.730684461725639
-0.709195536403718
-0.658578013806702
-0.58757406904821
-0.529176970870497
-0.786725841317014
-0.76494721858149
-0.689408316804043
-0.775848900212791
-0.753045316410186
-0.691520824259813
-0.757951554194785
-0.732864235117255
-0.826049651338823
-0.755100233894447
-0.577018544630635
-0.690872373512033
-0.791191144705391
-0.731631786328209
-0.767254624217815
-0.582715925072574
-0.660269433915579
-0.770650031491102
-0.749589764943385
-0.840274778778142
-0.672406913893496
-0.722467877066276
-0.631803338941684
-0.783781296604342
-0.576882564927548
-0.648083575394794
-0.668290917003414
-0.70175318332977
-0.536709534764358
-0.764569985952689
-0.81281241186513
-0.734059444322385
-0.592177019762222
-0.625925257235358
-0.552822446863176
-0.568546163396938
-0.611817123795393
-0.868462608355303
-0.590036130447163
-0.576641901336339
-0.734685955421544
-0.553899042671958
-0.439872307510325
-0.522914693804208
-0.733959771703514
-0.466210030725622
-0.537873703910148
-0.534299988781194
-0.603506068019598
-0.685074685068531
-0.56741975370589
-0.603570901026508
-0.584324647644266
-0.566939315807547
-0.595588151703263
-0.530907828612452
-0.605365363072521
-0.745009368556345
-0.602688529088578
-0.671676991300819
-0.545311549005191
-0.66015151461033
-0.468844342663179
-0.731035381123159
-0.531816354885463
-0.568103186484774
-0.552616890830013
-0.609904435881982
-0.481912001324006
-0.469689424893872
-0.581248937176164
-0.617002763094442
-0.646365636016009
-0.475202497055514
-0.528408032136305
-0.665459191283314
-0.507243935798961
-0.50072415589441
-0.680318425196494
-0.530939232445274
-0.550879106906884
-0.488281741910439
-0.581053226520967
-0.527090518879032
-0.657814453141802
-0.611292765635646
-0.553120157240305
-0.615531731693859
-0.703525826304743
-0.568148550389365
-0.548595388413876
-0.594528272687703
-0.72915038732075
-0.473881054692014
-0.436810299723869
-0.459805917487716
-0.464513485975485
-0.427690360433911
-0.58284310416341
-0.554402202993947
-0.578184382035563
-0.717568285832739
-0.305173892141816
-0.46589881609936
-0.581964772983604
-0.446810754425737
-0.435865967118453
-0.536331040234061
-0.484863216498353
-0.480537322740401
-0.449266270662117
-0.509955357904383
-0.496884382353253
-0.44069745005029
-0.631482815975229
-0.511511488245095
-0.496281358455557
-0.401640685039424
-0.455597485180504
-0.50046497512302
-0.446534777275367
-0.65155394213856
-0.358639373310793
-0.536613794942127
-0.432068395538305
-0.429941604590691
-0.587907298751286
-0.534395945573348
-0.481974477027219
-0.37052312997704
-0.447786364236157
-0.503931133483285
-0.482136410102966
-0.429646739195749
-0.308379609862195
-0.563098815761537
-0.435902360188961
-0.592101528944318
-0.514094941278344
-0.510463759913473
-0.362262269994055
-0.306632383894188
-0.441905030957195
-0.441382700603199
-0.423430542052738
-0.399965067770796
-0.342025004025085
-0.431336944678948
-0.308548936766096
-0.578623624968431
-0.385569654635
-0.501050592268812
-0.589630872230326
-0.414685760040998
-0.349311436216177
-0.567681119801327
-0.395462461556854
-0.469049214699433
-0.344324157042268
-0.287738614135885
-0.332259670022414
-0.397012315206658
-0.403744296514581
-0.306773926716575
-0.38556894809677
-0.406846897265577
-0.461795448716389
-0.418736460379099
-0.361215418177758
-0.411227821821427
-0.439260166946848
-0.235958018076284
-0.280565258654332
-0.368065486939403
-0.436676139917292
-0.422980348241271
-0.496881768848671
-0.235403563157027
-0.44389933931219
-0.320421844583721
-0.363692538606436
-0.314346026029942
-0.384799240920608
-0.351063329587114
-0.382362603587376
-0.307844392615227
-0.349487056660404
-0.433358286316449
-0.362981882546763
-0.406194310712894
-0.408510981327086
-0.324856463247282
-0.366349595085862
-0.220993834881552
-0.190206916026721
-0.336584347357177
-0.326343350823566
-0.242789160365249
-0.315981927233287
-0.232645141438848
-0.274059299802854
-0.348116468815581
-0.258067226256029
-0.267942070383312
-0.344650983649536
-0.306663670852542
-0.286859168626556
-0.450095105168632
-0.453969893438457
-0.307161379234053
-0.252377519515919
-0.379458169879586
-0.312636093902703
-0.380152363224286
-0.331461645362334
-0.363718908733604
-0.341288847647996
-0.208658437026825
-0.315176368836081
-0.376831285263209
-0.269645784401615
-0.23744082841185
-0.204319982754463
-0.306153035407233
-0.197169430244685
-0.184449726223088
-0.162964423188395
-0.17810933566356
-0.301508011827167
-0.184388622195848
-0.285659426177519
-0.396256494989801
-0.220512883226976
-0.134523359801182
-0.158300768466058
-0.324508800082799
-0.377802235931496
-0.295257262782094
-0.371123746457338
-0.297935262456429
-0.316500430024839
-0.259643808248291
-0.314087540261673
-0.2076414079931
-0.224542548108079
-0.204442964697163
-0.229371687590884
-0.241141753495037
-0.220971046100228
-0.225924478936286
-0.200065396667534
-0.148780239424295
-0.254395275278532
-0.271277653488942
-0.173256930066698
-0.22568500597293
-0.176904610298257
-0.32049726460807
-0.215168066899308
-0.187754885820946
-0.154701936667771
-0.22949936713481
-0.120451872584218
-0.156204611168756
-0.210438483036837
-0.256864990739738
-0.149678731712545
-0.189119005957534
-0.261938960725433
-0.137464006409913
-0.0575725795731951
-0.178598526034473
-0.31050371607878
-0.167375911807249
-0.205490557357793
-0.230680689282078
-0.159274178304598
-0.155775337877962
-0.149825027221032
-0.200816778890687
-0.418618108170285
-0.317626010880013
-0.193756629917734
-0.0814266139311266
0.00128480436599715
-0.0648475872296497
-0.306542454081343
-0.0578185598039979
-0.24540146464003
0.00537777196173594
-0.106560914463315
-0.23533959254284
-0.106826642494429
-0.285258161221002
-0.094833091879497
-0.113198458443786
-0.0459626427684782
-0.274284901824992
-0.079965582095762
-0.155101466226945
-0.228372232042351
-0.00136995711773849
-0.254844169640774
-0.0800639167792624
-0.139977323006062
-0.128062889067599
-0.0648880054710492
-0.214184647301759
-0.23864245808673
-0.0721411808736737
-0.269916567632543
-0.118300829295826
0.0708035737287469
0.0372982829098136
-0.129894297898665
-0.0851077735208778
-0.0630512598740219
0.0603936664567088
-0.0144258860204158
-0.107664162160882
-0.16798581572876
-0.203218054754159
0.0343850939627365
0.00120192526626126
0.125960183137256
-0.0783050789313474
-0.0847285791818628
-0.0985538597076924
-0.196982736335274
-0.186940018376567
-0.178450598169522
-0.0735642925662135
-0.0663021645580251
0.0362688045103266
0.116972088711547
0.119764451870338
0.0842089975192975
-0.0764526843297182
-0.0959348977266263
0.130875344673452
0.0456644934754706
-0.142790679194292
-0.114374448122202
0.00720101708142222
0.0672484020023661
0.169285899570285
-0.021188223655603
0.208106433197824
-0.0177808496059361
0.0534147501446577
0.0278841325715808
0.0403195610077726
-0.0483842633645906
0.0536673353139563
-0.0105516438815525
-0.0679193966038412
-0.128365533926175
0.0852818390227587
-0.034008838917831
-0.0623953549051443
0.0652564568025276
-0.116156805285227
-0.00133122165717966
0.00982973803151253
-0.0724341397284526
-0.0857749336834459
-0.132452330114705
0.0588054469926998
0.025376401686206
0.0515170937512124
-0.00983906918117963
-0.046013188902355
0.0905424049646588
0.0803193859254613
-0.0117418818350288
-0.082285671026586
-0.0434758498358035
0.055488326686117
-0.152297931552439
0.0294503930865296
-0.0951675743523833
0.0667740035347655
0.11999616102395
0.0301948359957625
0.00875422486809974
0.0250961249649284
-0.0551009122264965
0.0835695815717168
0.0741859702038617
0.0672724969461146
0.1980058134274
0.139595999598208
0.0706379466290792
0.129680116260347
0.237847112259452
0.133202370327194
0.0526969767057661
0.0656608356522385
-0.0733205026340022
0.0908165728352267
0.0980114415133277
0.0906896553487171
0.0588940892733477
-0.0210767165661521
0.101828199401904
0.213970694787327
-0.0419410693135932
0.00340679252387121
0.0801288442714979
-0.00788828186394407
-0.026954890150577
0.166260392137881
0.0083657286816694
0.0733134433245521
0.0334454648516684
0.0750459147177518
0.0195870264111726
0.13849841301991
0.231196175238377
0.261218937434086
0.0544445394159401
0.206661253414833
0.0116609023304857
0.162409563257358
0.214107706724868
0.163593556827341
-0.0267153930371809
0.27742906942323
0.101304349531321
0.0759464723312852
0.211249281046439
0.0376956274513403
0.233551520444658
0.151164835581081
0.0692440720650843
0.0794962376765486
0.164084617073512
0.132017830987527
0.18169388229407
0.0810921822067404
0.193778890216784
0.0347146676811627
0.116545808398555
0.0811599658919261
0.142588593361174
0.16175701623755
0.114531288011098
0.166960248628126
0.0586967981466703
0.138824212430968
0.102256723557869
0.188608853319362
0.117076710401357
0.15726597036408
0.211818704801877
0.250632926004984
0.237305963629247
0.236567165582774
0.221481736780667
0.151174907585434
0.314497130041103
0.0893256431846735
0.0561969369263995
0.210748042389964
0.188947541079508
0.208201377165349
0.141119937706207
0.25309278815932
0.153590027703064
0.213916500538162
0.19255061825308
0.10423500168418
0.357877417987528
0.244289542585811
0.24383288429501
0.122413533662943
0.146446251349436
0.237196633525225
0.360483546981421
0.357575512532561
0.345354765399516
0.176177600733817
0.237033349417568
0.268272844879736
0.157288636933117
0.23744147736752
0.292802540815761
0.319062070065995
0.299276103600557
0.292027590090039
0.249440643432506
0.205713027266582
0.201535428555655
0.34351788350657
0.186563284089196
0.166910202591399
0.183551157075827
0.0832572031108717
0.214628751810131
0.221611873081628
0.256091348968536
0.285087318912567
0.35750728874809
0.241949936987812
0.357938424252174
0.279525511852307
0.313212202755117
0.334860361682667
0.0624328305017292
0.246766041134344
0.224979952466391
0.124480716783074
0.371669208652268
0.312430903112761
0.367652911639548
0.314288596467291
0.327041713144664
0.289742513722105
0.337595159050971
0.393027843947776
0.313417551103951
0.291763460564565
0.309104708408188
0.304368687544641
0.333138727569481
0.310696664354108
0.315298263831847
0.272732629260096
0.329808347638836
0.280046713478779
0.329165978677608
0.122652091548735
0.293069558166876
0.408761130338484
0.319485130209349
0.396842059124729
0.30075790412113
0.271740791067659
0.307339952179907
0.306997881192791
0.246316945086199
0.425480994057182
0.236104815424385
0.147793715063919
0.302583583838671
0.370174612345149
0.346308477456935
0.247912979421815
0.389530164601895
0.482301848281975
0.355095848510876
0.180466067173114
0.380368630502726
0.305431408903992
0.486580924117417
0.355020812798121
0.352136065396004
0.347195060512494
0.523301966724989
0.301940913367382
0.425862377537461
0.429681393092855
0.409029703212578
0.400843926229194
0.459167897261088
0.481823095494018
0.394412500127667
0.323377559408235
0.338660994463114
0.450717423341455
0.422365783473374
0.472033645085647
0.485356394070841
0.382381941548998
0.500750522039151
0.389515085677243
0.333017373496986
0.414822430805312
0.364738474192213
0.451571591964818
0.387355427247863
0.347816604757419
0.542868982016614
0.479128276797553
0.368683752122113
0.433598028804578
0.287890476632279
0.526682496980637
0.335398394960014
0.525903900328254
0.417371619793951
0.319909603368299
0.464791836600995
0.534887547859812
0.492147171727577
0.379477337427551
0.479485201830304
0.298371041000446
0.349103214514735
0.486276412176747
0.701866435749932
0.32450938860901
0.485380046082874
0.510694206721936
0.496145312577745
0.714960384690859
0.424406295056827
0.566152818176116
0.626220370017495
0.480760773467938
0.481117101187494
0.466985622439244
0.622799708625301
0.579259627259904
0.50643267279513
0.585232605423634
0.401464773336087
0.626153196698043
0.497365477412431
0.596758210826739
0.520924488148806
0.426358672034235
0.515539588180094
0.458635539874383
0.478896767218825
0.661115605256442
0.500502220429318
0.551796608152859
0.583444346307441
0.565360646020606
0.541774900172293
0.470322494459646
0.699758235273876
0.550579412531893
0.472638676284794
0.678860226091939
0.499445871361862
0.581811602130148
0.617007186745613
0.619334693338408
0.441181952817954
0.563046080696684
0.576681550888069
0.573530492600955
0.518270794184289
0.418202635400312
0.629537016083846
0.597027143373815
0.6004519428526
0.495409487534715
0.703254741989842
0.553176622964194
0.570073871922728
0.617773589166012
0.663166371608024
0.552056260608119
0.516987871589022
0.633679168238225
0.590453280811794
0.660758349785111
0.51915055258231
0.533366074707913
0.765637368227429
0.643991332162389
0.581014152292458
0.655634743649685
0.521381889417475
0.558727327085248
0.538876877811006
0.697762763120001
0.641422985204771
0.521209972888057
0.604583026789883
0.458509737612572
0.425109461735848
0.63968699880985
0.743955445723458
0.64711499835739
0.664863379836498
0.589277920318685
0.781552715376916
0.4898081547761
0.768925106116559
0.620299981473702
0.747139735489938
0.516605849811671
0.552120333835343
0.517486798385593
0.551607600743253
0.742068372904221
0.704004143331342
0.717575864834873
0.49754600187443
0.695697232333276
0.780754990110446
0.652633644134136
0.533831606170728
0.657885753330879
0.77313169453296
0.561225852801264
0.631013683854982
0.650490448293754
0.602007588272072
0.678839029567806
0.777735446729296
0.525836950222161
0.667847932841948
0.694616813618932
0.644075442353688
0.74378784587933
0.794424958479609
0.62496775020301
0.750550655407887
0.653991108914707
0.570775743626702
0.678535352042079
0.833054925479194
0.652018928379377
0.819887582632113
0.739572282645039
0.824710663281057
0.681121526192998
0.659542143545008
0.620569049525903
0.765711694954839
0.640017617722316
0.85928704832964
0.709382644149869
0.697017827016433
0.797841385736548
0.829499016699078
0.877003598600871
0.857476571254158
0.77463783653759
0.720691946644216
0.746994048027164
0.87593841684908
0.873123451859573
0.732230242715762
0.78453612357704
0.758190028087204
0.828458645581397
0.805959079414196
0.828716068692706
0.653529118817248
0.845269625766957
0.847713800676153
0.638267898682867
0.590897167191789
0.791167662638916
0.736189411699697
0.843932137666724
0.727615204921859
0.742259108920348
0.925107039819739
0.701747202967546
0.82851829333163
0.72652673972924
0.863983827746414
0.758239391415903
0.856895169463601
0.982143909704309
0.716864284144888
0.831409585733662
0.788068281362586
0.91843950360824
0.72612030313598
0.832460731499382
0.941952584631159
0.759218969604781
0.95424827542679
0.797596016759188
0.822798277060474
0.839805005751325
0.91512817041845
0.760407365311122
0.722316441367408
0.827443253776947
0.867193566035703
0.904165328432847
0.643412106661696
0.745888732442861
0.809383934949743
0.840484742698067
0.828156653109289
0.943976436051981
0.827429586540541
0.738631882630047
0.761571868962179
0.968832736640288
0.882598725398786
0.789039344366614
0.904294143102848
0.813500754047954
0.938958501222929
0.793434773685806
0.920788048588096
0.898090751444109
0.937210320667785
0.793028102965786
0.875257676383497
0.912580736194064
0.830448019126953
0.910954846198065
0.933621294443608
0.911903362234312
0.671630152622438
0.857317425018202
0.782643597569808
0.942410668348708
0.840484187539555
0.811964216831898
0.885818889671421
0.819999678136209
0.914214679442928
0.902797503774521
0.889490238503806
0.896908510913346
0.901276123828174
1.00386284270622
0.833940388153936
1.02005902792377
0.928832596162906
0.852196145805552
0.827491832762744
0.897243871016558
1.00309032167095
1.02327918666481
0.930606207932608
0.773593326437957
0.878665539102462
0.938863537061508
1.01810023249418
0.831770361808546
0.909999842133784
0.961078501250992
0.898162430685095
0.907402565768092
1.0069490881495
1.02344992601587
0.99226804794789
0.861878901226163
1.01198177699616
1.08499091175321
0.899799101695223
0.970457963924647
0.965962104064423
1.01764981560611
0.936829512565107
0.983493769420112
1.04465514579355
1.05453742172277
0.896128693673409
0.981999531994029
0.952015201493706
1.02133429216893
0.840902915827068
1.04406102675674
1.07149041151455
0.995149188047151
1.07672567704772
