-1.18678095891815
-0.797733583164209
-1.00330515415971
-1.03855683216304
-1.05934822268462
-1.03935989113431
-1.05198883368146
-1.15322038180299
-1.10169260800641
-0.797961174792389
-1.07538843210709
-1.08507078679641
-0.902531598851863
-0.953981971460229
-0.994585743968308
-0.981248445275392
-0.945772613477248
-1.06554805957489
-0.991086049530747
-1.06178352113618
-0.892797730642348
-0.980404179793763
-0.743196681371285
-0.923983409888273
-0.888926647145555
-1.02958464174917
-0.943066212002792
-0.987200476572203
-0.989268877243661
-0.970608201851563
-0.734889792181498
-0.984079134178294
-1.0470900604185
-0.892003086103508
-0.842285281721658
-0.848039753550579
-0.864529641942083
-1.03236625488835
-0.919295544983612
-1.10881224106169
-0.728132323196347
-0.937786769073348
-1.00912811673829
-0.912302104593646
-0.974581650813658
-0.97660810406044
-0.867844015900028
-0.815434649480715
-0.873342288795612
-0.902163740108993
-0.850353984035669
-0.953200237681085
-0.72176783920225
-0.833242494419377
-0.891366892652751
-0.90578160060385
-0.934489771286372
-0.846673846799858
-0.782119912262812
-0.870438240626304
-0.893855643093683
-0.908729462727452
-0.756780816327475
-1.00138200026282
-0.750145335160732
-0.93845749430612
-0.865549772670801
-0.955926668591227
-0.725339773671916
-0.81828314469692
-0.840745636428797
-0.739989273599221
-0.906816086709679
-0.769375344974633
-0.811018690339518
-0.87561710466951
-0.864689311316772
-0.952792458356236
-0.777460218962
-0.735448683710189
-0.885898080016532
-0.759382617606163
-0.786443032450313
-0.874607152498834
-0.906030318424912
-0.779915400063855
-0.857850674106832
-0.853832497079924
-0.85512141627272
-0.863623252068297
-0.855523056564174
-0.866880006429193
-0.889156007880726
-0.80203748545274
-0.816148121466724
-0.815608019418072
-0.765830595044312
-0.883705614964146
-0.827255456862655
-0.707949687171152
-0.824636715457585
-0.866805547076436
-0.852026899108572
-0.6452424306261
-0.673761401218542
-0.970828187943865
-0.932059666936735
-0.570984167230835
-0.828448617169831
-0.719066730493639
-0.729336324742281
-0.861810334372501
-0.785820169939598
-0.613516134302777
-0.728333640757218
-0.877984166332525
-0.759112714699803
-0.715852308717949
-0.91115519819469
-0.763399747971159
-0.638108227648791
-0.845852565982177
-0.882260274697747
-0.730854463526104
-0.59326013639696
-0.862870005721967
-0.821682833889603
-0.59983826659266
-0.736948494334469
-0.623032197961403
-0.796023861412421
-0.751100069218989
-0.774863319227657
-0.715072120476671
-0.738190494229795
-0.694894832061089
-0.650593027019619
-0.560402946606359
-0.545341297902221
-0.773485762480718
-0.766866988598762
-0.694679989548392
-0.778426643672723
-0.771380041441658
-0.683479571579998
-0.764636380897412
-0.743166321966672
-0.807601715640376
-0.760912470462472
-0.560797483184882
-0.6884197732705
-0.79895099757495
-0.758128397242593
-0.781801375884795
-0.570193182625167
-0.650030054893812
-0.757831996216367
-0.769178824207365
-0.847832613116846
-0.665503175237717
-0.745654494286034
-0.640489889400735
-0.794690036182279
-0.568786926950099
-0.653529701171061
-0.656371890390472
-0.71232520314872
-0.541206174210985
-0.777621736252398
-0.818334747081326
-0.733065170050226
-0.592459362958215
-0.618735747030267
-0.575415069385149
-0.564396089220026
-0.603838445203836
-0.869340529931099
-0.5733048338558
-0.542549711644842
-0.753027380887884
-0.563662179092358
-0.448014282654746
-0.513298801091914
-0.733644828330181
-0.476199229171156
-0.5195292376257
-0.539639118946479
-0.596116272910225
-0.696165889554547
-0.581711343614346
-0.617707241365346
-0.603779564340494
-0.551721221806224
-0.603761703139636
-0.540416539847988
-0.612978707939282
-0.743879987216874
-0.601519546839415
-0.663416516873036
-0.532986263178032
-0.678680135521077
-0.454065447835886
-0.734263502288357
-0.527031855141241
-0.566822511439071
-0.554304909689296
-0.603433752377684
-0.471939483295824
-0.468585670917652
-0.607602417072221
-0.592296929680158
-0.642158803264871
-0.474215960116591
-0.511048550169999
-0.65560528139429
-0.517084483457659
-0.510514893311012
-0.702128854252642
-0.537206257715083
-0.5598602848701
-0.501208040525297
-0.597052629694019
-0.530518769884543
-0.651830127725179
-0.612934339817127
-0.571519030706914
-0.605646181815119
-0.687931678078386
-0.537284328875688
-0.555485377647075
-0.61105895475877
-0.75038379895799
-0.500694026185216
-0.467915354160046
-0.445561400336286
-0.426411547267546
-0.444021525842962
-0.584178538703781
-0.564020128741829
-0.553062097867287
-0.705932357124417
-0.290782191953051
-0.453621115100946
-0.585920388531523
-0.431891051272238
-0.445208414304525
-0.537570470828078
-0.47982545729103
-0.47799387638135
-0.44634851985814
-0.541804535851245
-0.521658177557683
-0.457952725622933
-0.639451005939743
-0.52021976482264
-0.500421532669126
-0.392505856708003
-0.448193076552347
-0.496659815956847
-0.445764321495826
-0.662674196162483
-0.359964903969775
-0.544686825212203
-0.448820334505275
-0.43105262882096
-0.603525084810074
-0.520972717027367
-0.476916916444377
-0.36263938251264
-0.452658295038944
-0.497208782988691
-0.490420711579174
-0.416902616396977
-0.312719162188349
-0.548599986742916
-0.413822267324603
-0.598246780820333
-0.502658746152438
-0.496773819805622
-0.371428731682559
-0.309786270231114
-0.437442432468375
-0.444434982122905
-0.432199305077347
-0.385532733341462
-0.331313381044607
-0.419328272006052
-0.312455223546106
-0.583388025103726
-0.361940689503005
-0.523744096765146
-0.563732115568743
-0.427567865325966
-0.346802503900665
-0.57566143645921
-0.389200060867102
-0.456607880659217
-0.334661135967668
-0.31148235006293
-0.331981013517846
-0.398657408658664
-0.387499543190158
-0.329456061942595
-0.37256477547614
-0.406938456986571
-0.48183018009726
-0.435240014581258
-0.348922328262859
-0.400496514514
-0.425091813301711
-0.252041320154279
-0.269859510392544
-0.377999005393803
-0.441055158353974
-0.427512333293484
-0.494688147147997
-0.251187361519632
-0.445419292348049
-0.310879952531692
-0.381867028017643
-0.305496747870492
-0.390142918316887
-0.340336053278935
-0.383025294498643
-0.31432106605073
-0.339075295351625
-0.435208980731014
-0.362896288871025
-0.40650059855691
-0.40661018880627
-0.307956547365838
-0.378223862432344
-0.233605430628675
-0.173706266565926
-0.345507894530035
-0.324146471529447
-0.216569163017991
-0.302863416705343
-0.223173527673015
-0.290505255055484
-0.360516021157043
-0.267737082323243
-0.281139252131011
-0.339205277715629
-0.298286501441371
-0.298005825459912
-0.452700716124988
-0.468017222894441
-0.304094884236216
-0.263701993171153
-0.371664470691945
-0.318265418147182
-0.366488025640029
-0.3339631198729
-0.370931939638824
-0.35514095139089
-0.220139956906511
-0.312002533572979
-0.356490632687609
-0.24809224676198
-0.230379138224689
-0.201962483495956
-0.30818453484686
-0.213249606724552
-0.182188465822913
-0.172996070657223
-0.188340544460788
-0.312572171501542
-0.209805582357722
-0.281105836220296
-0.396162907682273
-0.216333333432706
-0.14537737258808
-0.15229512301145
-0.347000590562972
-0.366384479087763
-0.286184293266612
-0.365307080263077
-0.297487210399305
-0.315162579328222
-0.258527243886889
-0.329916202924343
-0.194979648151736
-0.228621021219118
-0.215700034628767
-0.239754077503449
-0.266851061217223
-0.232873318006011
-0.240934771547045
-0.196999073174575
-0.16761176616884
-0.250863337938826
-0.252379654330446
-0.171000023878262
-0.198616197132081
-0.180463602956331
-0.314729646011131
-0.232304552839942
-0.190265396502106
-0.146723233284464
-0.245806631698755
-0.114743851006396
-0.162850895671301
-0.200026321811686
-0.259921988418774
-0.151345976410806
-0.209529278118969
-0.241737583355389
-0.144993406402888
-0.0573591279433936
-0.169132304361072
-0.313748882326427
-0.163590664608871
-0.215636133795191
-0.243410125570797
-0.169738931936706
-0.151436344416983
-0.166597419591797
-0.19853630365275
-0.388910242419721
-0.307711493983031
-0.194785733957664
-0.0898255297703557
0.0266466817993185
-0.0695132219031509
-0.303727255808521
-0.0496337212701767
-0.240245776822939
0.00790051802464713
-0.0968098506497468
-0.237114580133182
-0.0854909187648777
-0.273707640219406
-0.0876543880654301
-0.128441357714812
-0.0492046458346417
-0.291105153973191
-0.102266066583083
-0.178804025938984
-0.228348811022279
-0.00916320799151559
-0.250769669989166
-0.105696982416986
-0.144676929871568
-0.12525215963385
-0.0764489178113552
-0.226398040951598
-0.23502162404133
-0.0413920887500174
-0.285302370664487
-0.113909512207482
0.0817524966734867
0.0362044320532994
-0.120452125199062
-0.0840729847146412
-0.0713006705138278
0.0608555974995467
-0.0228048066779025
-0.0991662790715573
-0.177201037912007
-0.195022153810822
0.0454585001238969
0.0260861408392967
0.134522994272792
-0.0719190427631866
-0.124404523606376
-0.0828182714391466
-0.204245338696062
-0.179073681907078
-0.188174344143138
-0.0801043704513893
-0.0704808228809292
0.0217735659973998
0.121839101112111
0.122134425813483
0.109084318521435
-0.0657988238468754
-0.10251354864916
0.123017940199334
0.0610987468040118
-0.143039090843488
-0.0977963590584744
0.00316203052066687
0.0521577659864379
0.14656330700546
-0.0177810208376372
0.211620433717352
-0.0225260919173564
0.0399837163833403
0.0265185778846444
0.0334013185981054
-0.049385860404091
0.044234679528631
0.00584054484523798
-0.0517209325656067
-0.131431548295143
0.103084780324612
-0.0425416400206744
-0.0811129630362366
0.0658222242650496
-0.122932486152487
-0.00275577090304781
0.00927035681266672
-0.0599842234487267
-0.0455584024435883
-0.123200213240199
0.0429606206484342
0.00864841884352538
0.0642973943022769
-0.00427866371438999
-0.0673015523974993
0.0979425400364621
0.0723193740694589
-0.00139678349418411
-0.0836360331451502
-0.059548676186539
0.04414533745419
-0.109742866314226
0.0230117627727607
-0.086011442028783
0.0500321466960549
0.123504134612566
0.0184789639179779
0.0224414438216655
0.0270569801177599
-0.0536127672149688
0.0598060204097711
0.0667515853534097
0.0541689151606867
0.187322601556631
0.157605857350722
0.0779704500064671
0.12837013135334
0.22625590126147
0.128142134375386
0.0572854089726598
0.0828446424775607
-0.0745896718574713
0.0827788485909317
0.0819420582423535
0.0924141562504808
0.085264867560669
-0.015599026423632
0.0786488018709623
0.238708181718304
-0.0368400088610761
-0.00664678465759604
0.0938770815822875
-0.00703998272185975
-0.0219573295745166
0.144632224400623
-0.00118992648753974
0.0877806129568384
0.0540500479242181
0.0687938017645343
0.0272990214719467
0.131669600513675
0.200263376814965
0.249608797733067
0.0641390387394188
0.185220238948496
0.0157225348380241
0.155660404435919
0.233242084405903
0.169637446685485
-0.0385674366243692
0.297445978548173
0.120946117767539
0.0585487057231834
0.198367764777758
0.0520573619580341
0.207806630948567
0.144183464995789
0.0755646733746004
0.0662229935790895
0.148503240443848
0.115256732751116
0.210877987394507
0.0778402219307067
0.187702745175789
0.0235051664154635
0.118778898919429
0.0699404176369454
0.127672264134982
0.16246616205429
0.119083704598687
0.177466260871547
0.0390167394387361
0.154705168192792
0.106966731497682
0.202378114441236
0.103791770168489
0.152247389464485
0.213180773182456
0.266622275468956
0.236217220114153
0.250569333207831
0.217412830136949
0.150025087300868
0.333247503668616
0.0893426191989792
0.0416611137209134
0.207214280277094
0.200066977775525
0.199816368921277
0.172784785403375
0.265007845586215
0.139766882820129
0.207102304986783
0.180034296527072
0.0930295407608802
0.359910764969412
0.285638019117824
0.21478688088202
0.12048161495302
0.158416174986607
0.219035316484346
0.362771482799128
0.347244856004646
0.371760672882772
0.173999732265556
0.25529406558864
0.275981431021331
0.129539290561529
0.227517901956481
0.301663338058718
0.308436219882295
0.282162743659388
0.269139364778945
0.239761341650758
0.201007281383911
0.218789730140715
0.338743030732941
0.196597178022678
0.172438877330223
0.19326694022386
0.0851819487394576
0.206826272201253
0.216653731079571
0.264899027910401
0.288981165533102
0.354039202211172
0.246683323033365
0.354590853377911
0.280768256645889
0.292674983749195
0.347643984207039
0.0913263871698309
0.235663318067089
0.190920546526661
0.12787028332107
0.359875242644377
0.317658219047027
0.350811980028932
0.309627155503955
0.327187937876597
0.269270679233455
0.341253015567976
0.379523560995262
0.317043211489047
0.272920040848289
0.312232741879959
0.304232199916584
0.324975439053201
0.286192943755747
0.328014222563356
0.286958441455188
0.32257498480648
0.279936038227925
0.314497411961097
0.121728414533714
0.295067804423101
0.399388170106651
0.297600352591478
0.416444784522389
0.303900987529119
0.279969793283676
0.325823810627928
0.315081908876865
0.248144517025253
0.410491409513754
0.248316482979827
0.188733553071301
0.269107954223669
0.363151208911228
0.33703802920675
0.262317920213691
0.383590047630012
0.471899770941601
0.341996041953334
0.185901702427972
0.396289134994962
0.297966701319507
0.500794232461399
0.375874346525799
0.350893997597913
0.363470575790697
0.537577308909731
0.306695801156024
0.380498039288582
0.431376431027688
0.423314286715365
0.414493926647758
0.468969760326719
0.489833327113728
0.417550459194222
0.336992229372557
0.330968416901672
0.443858805371016
0.429942479291604
0.476187627590466
0.476132821545477
0.371436209301227
0.497387358408363
0.405519553473176
0.348465430938242
0.435271622592902
0.372236670256269
0.450303539355217
0.390917394383419
0.343352219107982
0.528407717653023
0.494495346832617
0.359091952563607
0.443253993789291
0.289743254734408
0.513455888363516
0.343467588098763
0.533857315622439
0.429517740334286
0.327269910316814
0.447496864175952
0.508008257193235
0.495454670417301
0.346883676220309
0.463079065366288
0.285557560231366
0.328941226518208
0.499307947596428
0.71597870683204
0.31808067884474
0.489458690991393
0.500657546126954
0.47865113685298
0.69157180120254
0.439425422811687
0.563219566171507
0.617672849592452
0.479047662981222
0.498019514396621
0.449828964258024
0.638501134290271
0.546123311073076
0.491411456456342
0.589302473407665
0.38808369530398
0.609243488550948
0.482354624703826
0.586311859841116
0.516999525264054
0.441284588310687
0.536177777161922
0.443705357655232
0.444121616770721
0.633837363719324
0.507424310018965
0.538776579914532
0.560703124159743
0.551943293898345
0.553316903372934
0.477107041202316
0.671993128683455
0.548624764097842
0.465422139295758
0.664999525234587
0.492709397575015
0.574416106957234
0.601519039885
0.606996199571
0.449884679931936
0.572202394636597
0.570816485866505
0.586430284932537
0.522563557378868
0.386389788439363
0.617409015403759
0.611162987114665
0.581397559842468
0.484516676221355
0.701310943186603
0.541160754250055
0.550229823500238
0.627008839141196
0.680060362675946
0.563636137700059
0.552900710360996
0.618386802045598
0.612746105590961
0.660509278041629
0.512852163362805
0.515638673455404
0.756078085916655
0.654493661575215
0.593255712627124
0.646368166258626
0.537557780439931
0.559358736915488
0.55005283156661
0.692737598382366
0.638207647480651
0.516027789020114
0.615521921809642
0.457113513017295
0.452358175432952
0.642588078433659
0.756103603881554
0.640497412171211
0.659215020727824
0.583796519501765
0.780943373213275
0.47679497989864
0.756084405258548
0.575042986446315
0.763917456865015
0.510397184090566
0.529464732950419
0.528696422472667
0.544262328543113
0.741565137732858
0.707681873228001
0.695425209737604
0.509389586249626
0.693262085256508
0.752529568637986
0.634148928347539
0.550119033186483
0.671088529142901
0.772518176119467
0.559651692580457
0.627926753105733
0.664632188123749
0.619512862715886
0.678819862226181
0.767663354468785
0.517573190475572
0.676436972410094
0.688293952605312
0.67392883499877
0.742348511237858
0.789174214891109
0.638269123063172
0.732713339980325
0.649037179718599
0.586877914169406
0.696597700109664
0.851884726098646
0.667581100821589
0.827687463560483
0.730714810390923
0.80749961166773
0.690066646810162
0.658621796119114
0.633704015875401
0.759112132899993
0.628151351993716
0.863271003336518
0.721372795366793
0.693780057816871
0.80443082796849
0.828386418927803
0.846876812806599
0.870050640213531
0.76778620627752
0.729064810002651
0.719793984497865
0.8881643397345
0.87884895765941
0.733088322496726
0.775694986378022
0.749598837860352
0.830623341480183
0.789126097822421
0.831445115904389
0.660361218836207
0.844473494838011
0.853957820918715
0.639910401361562
0.609389142837688
0.807674226575152
0.743088903877014
0.813220576538555
0.748121380707229
0.77094201121543
0.919981438272073
0.697827838458359
0.818952141450224
0.724044005809145
0.878516054242174
0.760468842841246
0.876329945016738
0.982876014003372
0.698765922343963
0.825326622797676
0.772118277057197
0.94212914731046
0.751920120636279
0.85069785198028
0.93383447501359
0.757424935312214
0.95377808781541
0.791732700691283
0.825753238919507
0.861603619341371
0.895372671436028
0.757084010185779
0.724910434984403
0.831606816501404
0.854569933569016
0.895215345402956
0.63758832464001
0.724424190826294
0.791641723441694
0.830936344119736
0.821076297853446
0.926570651565266
0.810825622659702
0.744028030467562
0.759757802435119
0.955429343183971
0.886195570943996
0.7958743449957
0.91386228507334
0.808856878452738
0.927878060387907
0.79615409688353
0.925825964750096
0.881976242346715
0.923789023466308
0.811642288341194
0.872257640007872
0.8910185349473
0.833631118863401
0.892367742892916
0.922792791971541
0.895572742651038
0.671337181349984
0.856412139126346
0.775240646429266
0.937607630782789
0.85833083075265
0.822010496018743
0.887963257661496
0.827537478150196
0.924502987728695
0.887254836286577
0.890112161372409
0.902774789044075
0.883076847146506
1.03179674265605
0.835224209362911
1.02440092808533
0.936666006153343
0.84223311773582
0.820556489340023
0.907412021168555
0.998472892489642
1.02055081096785
0.904802443171788
0.765066859625951
0.854717076715428
0.925932407645204
1.02418371682809
0.85039604179288
0.897948616033726
0.940860894130448
0.869840662240809
0.908710413932471
0.981366381415824
1.01271783023243
0.98583246992412
0.865237919335211
1.03492636816479
1.0794923311283
0.906974220489906
0.961353170151154
0.952747874569611
1.02200406473165
0.943305345725847
0.970532747070046
1.057315364882
1.06193425014051
0.907801165803275
0.985004852040296
0.97685363884815
1.00109165894097
0.833009748792526
1.04583375048532
1.05620045432792
0.986145975987434
1.07973479151941
