-1.16182721167674
-0.797711283530106
-1.02055614956302
-1.05520423160526
-1.07206105366648
-1.03617369860967
-1.06034819461009
-1.14464810628049
-1.07559015449273
-0.795978683040488
-1.09131442152371
-1.0815010834146
-0.900856110825377
-0.954716448525182
-0.999463675892837
-0.987164005689287
-0.954564634329033
-1.06462245673496
-0.9957706772909
-1.05584585350853
-0.896433705814983
-0.956121871776125
-0.73280029485722
-0.930487966862625
-0.899789908596138
-1.01617569785675
-0.939331368293442
-0.970357838607584
-1.00147942953891
-0.953653495859072
-0.741305811944789
-0.977249381183936
-1.01268375699425
-0.894648632115267
-0.838455522126701
-0.853449866172831
-0.859193300184495
-1.03132364959783
-0.930363054440382
-1.1028748828283
-0.722029230007419
-0.935856291637842
-1.03745465346015
-0.906453285069049
-0.973533075460775
-0.988894660814613
-0.898062544127602
-0.812028467265512
-0.883275961529387
-0.912928384449742
-0.85059226704524
-0.962254481013807
-0.723535550624988
-0.825440956498416
-0.905072613488783
-0.916408010042403
-0.937645080259924
-0.836402592406679
-0.789974946046787
-0.867918732884383
-0.917187090969537
-0.92625352345469
-0.76023126206055
-0.990822080773072
-0.761030430801351
-0.92891496895755
-0.865128644487516
-0.943870354810421
-0.724858477059318
-0.828449264649718
-0.838114816341031
-0.754539713089728
-0.913475718861494
-0.753072838399431
-0.826258443750002
-0.868438323041013
-0.872834128381206
-0.938257143091066
-0.8072752290128
-0.735251372677824
-0.86933661287245
-0.770778074417312
-0.808313359509159
-0.889761163495007
-0.90960789300897
-0.795187451309953
-0.83197009054355
-0.869433961826502
-0.835915625761583
-0.872060174051137
-0.85846303118788
-0.863706313060977
-0.893893235107849
-0.806291676767195
-0.798816455975347
-0.827076988884213
-0.752494526897839
-0.88079217902293
-0.841038039710819
-0.709111072570117
-0.838136697675252
-0.872876422788515
-0.835050747905893
-0.669433796945109
-0.698560779360876
-0.964630349464
-0.921089900288197
-0.597163919145928
-0.836658145427065
-0.725180264249433
-0.738471764484219
-0.885753282323455
-0.791704249733426
-0.620395827885449
-0.726082565507034
-0.846804048588412
-0.750703445761967
-0.742678600599815
-0.922064194331706
-0.757685339187903
-0.637678443438976
-0.849843717508301
-0.875114257714438
-0.739297499317199
-0.607285720206564
-0.837475230669223
-0.818411427232378
-0.595625886575462
-0.71225591776179
-0.625029016456002
-0.80750376411021
-0.751943315956757
-0.768230994966401
-0.680649240226022
-0.745968633980854
-0.706203952441234
-0.641721090279271
-0.561033695767092
-0.541421647355666
-0.779735622948178
-0.782106232499707
-0.686851707325851
-0.77088318898378
-0.758656612499792
-0.666183066114595
-0.76328873056984
-0.740509925498488
-0.805890203439876
-0.780844685256524
-0.591866313469748
-0.673991164132349
-0.789200561398172
-0.758020933027827
-0.765393013429366
-0.563553792495648
-0.637751742837626
-0.780699818952995
-0.754842853703349
-0.849136394351801
-0.670363291848197
-0.751189966663347
-0.660127429101144
-0.780591553056215
-0.582629182009992
-0.648096981053246
-0.664247131332979
-0.702761599063058
-0.549976978812379
-0.782641314255469
-0.80608137647134
-0.73747003666739
-0.591831281310181
-0.641285848333897
-0.558568268749067
-0.546407060238128
-0.61577468349187
-0.869545861320005
-0.573414565574783
-0.555396530807707
-0.738710329740875
-0.581624742789619
-0.458946779236792
-0.514889188990111
-0.727863634756833
-0.474333870767476
-0.544448173474665
-0.533094417436061
-0.648995392126141
-0.698176536544346
-0.586616234905487
-0.59007099025754
-0.589150972334999
-0.575325205726604
-0.607171321031559
-0.541637151716783
-0.612918208472135
-0.735530039620227
-0.624509349906109
-0.693922408348564
-0.543595068079104
-0.669984101035752
-0.483628087525726
-0.732961761970355
-0.507192364901105
-0.557748189504884
-0.536296536740078
-0.60002203566253
-0.486730394673187
-0.473527397477237
-0.590652503340351
-0.609475175221668
-0.664396444450756
-0.481015191713995
-0.51967113686571
-0.654764600774671
-0.516496656841501
-0.488724758011051
-0.682666888594269
-0.536756928509108
-0.569017445744613
-0.500998516272953
-0.578645715968929
-0.543647791034815
-0.649010658966072
-0.607313338079634
-0.547968058977129
-0.615720068567083
-0.690592940005835
-0.589536399913003
-0.575384846181605
-0.614862205445467
-0.748054060382355
-0.501838195275723
-0.451513558173913
-0.447395438575996
-0.459436859774141
-0.420091470898527
-0.584340006624051
-0.540030769038547
-0.569886999840268
-0.730577890110236
-0.290347915099582
-0.462771839125446
-0.594739199472662
-0.44688748369118
-0.457757067825978
-0.531208659592733
-0.478719180628204
-0.451773661215283
-0.447813427520237
-0.528882757997855
-0.504463501967576
-0.457441291398433
-0.625245091396375
-0.517903586868342
-0.491973539675899
-0.410537962616986
-0.46068989559567
-0.500484635849494
-0.449602636536328
-0.6442258735155
-0.342729138551136
-0.547352886450557
-0.443594843554364
-0.438054200676849
-0.596256882369718
-0.532165909867337
-0.490960520399763
-0.376071902797146
-0.445556625998159
-0.517070145203416
-0.492331608022258
-0.42381428607763
-0.313348918583828
-0.534874676228579
-0.426692496296313
-0.58886516597126
-0.511402482788683
-0.514121163551519
-0.368794532866742
-0.300290829004237
-0.436543575640305
-0.425899711344741
-0.405471055762855
-0.37281655556144
-0.342401301652353
-0.417927829938281
-0.301620487776908
-0.577770211130878
-0.379024002872187
-0.512090636164848
-0.583087081289996
-0.410949371717357
-0.333057456969127
-0.577205371795958
-0.397166985017336
-0.463359700075853
-0.345609589733124
-0.285980191584835
-0.343916330822597
-0.395092293472291
-0.380186795041254
-0.317660717682515
-0.386949759308171
-0.412177187414939
-0.448140699332101
-0.419182655337144
-0.382034972300691
-0.40152876385158
-0.408961293095088
-0.222977274759468
-0.258006891107612
-0.37846232621609
-0.431973215855607
-0.436457455561671
-0.507146862884364
-0.247090291480367
-0.444282147591591
-0.308865720064723
-0.364828116491385
-0.309593509113722
-0.38295982955862
-0.363913146551085
-0.37059388345159
-0.301036546402176
-0.350291755998326
-0.427357975930221
-0.356580240670669
-0.420370931210765
-0.405411193388836
-0.314465688170064
-0.380753927465892
-0.224607213130155
-0.196322270613129
-0.354861690877473
-0.320065637427372
-0.245971218287696
-0.298511082865919
-0.235026073336839
-0.278406010137928
-0.380441486735375
-0.276362935132128
-0.257027703333781
-0.340551147669797
-0.296750374775941
-0.275866708209165
-0.462344571817202
-0.428463267932968
-0.306053939245126
-0.23101475223762
-0.37004795472475
-0.325080771193735
-0.387397159866757
-0.336017362316622
-0.374635957963428
-0.356546461083867
-0.207856239733545
-0.312189268152742
-0.369259277875527
-0.245733472927566
-0.244806677141485
-0.212158585749757
-0.307078568346442
-0.202062512475068
-0.183008457105823
-0.172437073602861
-0.161689112773981
-0.292833080312487
-0.224838320831241
-0.287081562299514
-0.393636656163341
-0.214375172097259
-0.150981082767437
-0.156231679749433
-0.335357988095888
-0.387225196279565
-0.280344022936881
-0.367180891816529
-0.290437719459144
-0.296075549857821
-0.267681688718158
-0.330092452210937
-0.179773870381919
-0.232985403934204
-0.214769842120078
-0.252301325438207
-0.253928522954663
-0.221729853094092
-0.236533564335601
-0.181802023454729
-0.161557655303361
-0.263228220910015
-0.285543283042887
-0.177648855298224
-0.182023914153912
-0.161558868755847
-0.317632050497631
-0.220825810766278
-0.208528932592882
-0.140748774129327
-0.251882642830971
-0.130005092328747
-0.161508969504997
-0.194507368838364
-0.256894437798165
-0.161780267191304
-0.202579286353337
-0.259364925594995
-0.14266960345322
-0.0598659746532503
-0.18872545774945
-0.319453706935638
-0.173608753086892
-0.199501972788423
-0.253158456580411
-0.157120801675031
-0.131225597860373
-0.165663059593556
-0.200199600338535
-0.401515056051494
-0.303432395096375
-0.202681659651799
-0.0799425143739397
0.0105624176320337
-0.0654677225010862
-0.315826575656644
-0.0464302375318357
-0.226104460597119
0.00927535311698246
-0.092093685867968
-0.246398277475868
-0.0864601996239133
-0.271418760708245
-0.0889145501061343
-0.116467187061449
-0.0671771809906638
-0.283385285142112
-0.0919849121217081
-0.17629401903489
-0.224881103220941
-0.000121942451756105
-0.264235539773658
-0.071404865367033
-0.14541586642354
-0.117698908274764
-0.0667425126389792
-0.209336518090196
-0.240106991558482
-0.074851931977855
-0.274781418480529
-0.120461134891654
0.0726007094821081
0.0251313475022279
-0.124315870806556
-0.0725912516648457
-0.0688061153616201
0.064557891446083
-0.0295282384480874
-0.0965286109048182
-0.174737144791716
-0.197675551082644
0.0470611161383057
0.0173364679802385
0.129806866429418
-0.0702517346542796
-0.0845364030337583
-0.0813315301796127
-0.198092778006839
-0.175986401660096
-0.197559398956938
-0.0656169677701489
-0.0785036545699362
0.0392958306282336
0.124169392442896
0.108714052866365
0.110579131223295
-0.0754576664516673
-0.117608260666509
0.140862927815391
0.0336560725879008
-0.150030325188966
-0.100611580731309
0.0222274441336236
0.0506653602613515
0.137431856779612
-0.00857276184669531
0.200459245452743
-0.0127820151472653
0.0646464033547088
0.0242729695596216
0.052055941316763
-0.0428847690713037
0.0583353335433058
0.0109863164445308
-0.0734810996927035
-0.125410356234538
0.0764777375941987
-0.0303998123105135
-0.0751017137165344
0.0735510376425686
-0.12064303832255
-0.0162670376264694
0.0185299969103269
-0.0823444359013648
-0.0906702439088098
-0.108328019948548
0.0329070478678101
0.03086992906609
0.0519849608947916
-0.010121861267105
-0.0630644051231337
0.0931175616478048
0.0851957957260808
-0.00485104696916836
-0.0842796907795884
-0.024451494754307
0.0541717035877645
-0.12145393888318
0.0436491486269144
-0.0921347790381557
0.0614423876802795
0.097771487770476
0.0447346822332275
0.0199030513471191
0.0139585719497057
-0.0662855795048867
0.0709397597237671
0.0604208080719225
0.0696550052350158
0.193269875820709
0.146306197991084
0.0660708987589199
0.129004348331996
0.238142839414749
0.134178276986277
0.0424716063725513
0.0670626837725214
-0.0577468030139453
0.0807964775297925
0.0899664185122535
0.0996016263583344
0.0838427994127815
-0.0294903258490101
0.079624798263641
0.237828377605088
-0.0358014735185951
-0.00434693753357888
0.0754034084128976
-0.00468152625126963
-0.0173513278140788
0.157077044503495
-0.00295487049403897
0.0764282834636975
0.0337329149724409
0.0493554415225177
0.0331213268523336
0.127386613098186
0.200362615319691
0.244376887072775
0.0507956380559396
0.189338193902126
0.0261801225072968
0.163746293199726
0.218744224814404
0.158883727512447
-0.0395641600321468
0.285368332178635
0.0976601654589598
0.0606024234352386
0.213107014427289
0.0401838874810372
0.221455416310274
0.145841891952666
0.069082898847838
0.0852886907768923
0.162760058188377
0.127970278252439
0.181235510659798
0.0614226559868616
0.2041531836498
0.0409102120706872
0.132988746499382
0.0807648708950718
0.128275551983522
0.17177951323134
0.125095463163195
0.165093104122809
0.0439243314325914
0.150509766768447
0.0919728858193506
0.187147742219313
0.1073420281109
0.14250881044482
0.219813405013145
0.256761735336817
0.243593699940623
0.250100219793328
0.216558109994041
0.15193720305974
0.347596620947118
0.0844522882156099
0.0496747354811736
0.191723333486513
0.193826560312776
0.210052009164529
0.142173500415693
0.253240031232448
0.141285457876144
0.204300969925199
0.197202556060619
0.082914743494948
0.373680252238815
0.255530521166329
0.246905485957063
0.130437643640115
0.169816147137284
0.233431840802903
0.337981063359652
0.338793210626551
0.35529201224286
0.178107874479717
0.259317299083945
0.27440633588178
0.160135108842027
0.214813865392875
0.304758309870053
0.307534319409797
0.281132191922184
0.292791801327573
0.26369231974213
0.202191398198623
0.208254568686808
0.345783876622093
0.192084594912762
0.179500317282981
0.182505401347059
0.0726044348683466
0.207375250722045
0.223495443851411
0.282334317394783
0.292682022245088
0.35373922826605
0.254310807170892
0.359385650241395
0.27652607179234
0.300683295628046
0.317743593310588
0.0949754837766888
0.249181195321866
0.21834197031464
0.142756486479237
0.374599874300762
0.305800365513913
0.343816604519773
0.315060984453065
0.304075316747987
0.274902918900421
0.346781812160023
0.3926874139409
0.331884249247859
0.275884760271437
0.280459476044642
0.328175070516388
0.341010409653713
0.289020219445984
0.330966427630546
0.281170847435409
0.344892365580883
0.289946349514148
0.309663316536449
0.149149563908537
0.292649239038737
0.411840861726392
0.307628844526391
0.40874627517737
0.302035634120528
0.286015218442476
0.312961539958549
0.31054961258691
0.26999197700432
0.42142656931551
0.252792831832881
0.142651812097705
0.281302757448418
0.373519999319832
0.350717759906255
0.264184513881727
0.375371648708785
0.474544372774844
0.360376612367863
0.165989338830091
0.369468705452806
0.307125241135925
0.482904673278336
0.342133422878463
0.351695802417904
0.345631782027188
0.540272740394304
0.314571114882987
0.39559782012993
0.427766409593452
0.409030940280062
0.390203181216531
0.4773862118287
0.477229322209934
0.422997648082922
0.331544436237245
0.326244774387982
0.446916918246863
0.4224554007498
0.449137638064799
0.489111149356261
0.379769749950863
0.517421562592373
0.405358989681386
0.332765142009666
0.425220351010196
0.363491937249636
0.470955779847394
0.415507642509674
0.352910485533215
0.532129836431613
0.515024894679798
0.358440817359373
0.465001557722562
0.270971010223602
0.538608903370664
0.336354735826308
0.520487342269014
0.413143317295597
0.326538367091636
0.456872493775249
0.511384497685788
0.496085311366401
0.357772906832687
0.485837832953738
0.287867111243206
0.361558171972471
0.504950351018229
0.67335184456461
0.314894646272074
0.505893220676333
0.524341842454785
0.475033843036521
0.693595316189976
0.43287306473634
0.566486864181095
0.610440325592158
0.486484865982979
0.489958557724346
0.464466017425089
0.614047782151462
0.56606623306233
0.505129788924052
0.610598623645346
0.412153335213381
0.626147881535962
0.506529627726277
0.595370909226552
0.526336652966485
0.442673322026748
0.533338693293902
0.441150610869558
0.436695583149761
0.65247650089396
0.481850950527423
0.541346707516053
0.569401773108507
0.544353668218835
0.531648423745508
0.483802186892995
0.703711421658502
0.55426373170256
0.478098142582537
0.665979517483135
0.510773267216106
0.546355374964894
0.596445431476813
0.60431886331704
0.46597470822523
0.576836796534187
0.562727874540662
0.578382581764353
0.522744604751364
0.403117692139545
0.637451919392948
0.59792423312898
0.60650214669968
0.496680613763929
0.700709896963394
0.538309817146719
0.56088302060322
0.59529102845504
0.687717691956528
0.57201276092363
0.533172038675471
0.610729638756952
0.606488482032797
0.661219194794966
0.524137903293627
0.518921460858483
0.764099808427312
0.651307544674631
0.588244333026663
0.656612179122953
0.531734368228708
0.546630331680058
0.544871434558012
0.687892124058078
0.63944055250429
0.503633715304518
0.624830850789152
0.463534173071029
0.429452738702948
0.634268823144046
0.756637670544197
0.64019049133651
0.649614186978081
0.5948757502262
0.784995309643847
0.48001629846416
0.760100009904712
0.594950528496117
0.755634966338656
0.529148448626598
0.556024640897118
0.496476139263643
0.545951331603109
0.743969461210191
0.689711292818129
0.712846355668622
0.52400897053442
0.67610595019871
0.745375667192797
0.633160022217605
0.550203886152632
0.672981026752151
0.785624387444801
0.564995662078391
0.627763845432169
0.670967994836358
0.606664871873128
0.690699436412152
0.783750776781554
0.539244570981032
0.673825408618106
0.683160284039323
0.637228570724423
0.766563279996551
0.810283107351875
0.614880688145224
0.727994743673166
0.637667615312026
0.585779404361338
0.68211379912367
0.863585993722084
0.650184434157151
0.811370467603924
0.73514385497972
0.81802432380705
0.678614899267731
0.648668896111568
0.612519702429315
0.764684389364541
0.639222095015309
0.869680425639476
0.70366310230093
0.7211533983248
0.794721402633956
0.829592446372356
0.868683937808322
0.884297871989311
0.789881562631715
0.719341585488524
0.735889119930036
0.875786208758824
0.888162074972798
0.727441930922544
0.779907872562789
0.755551286731278
0.830328944047924
0.801315694768591
0.837687103513332
0.644019739609224
0.850346154503322
0.839054917684181
0.62607649684273
0.6016314383643
0.801158671573623
0.74523723631477
0.816983551284423
0.727915052540881
0.735711562159992
0.934683100737739
0.712066079476228
0.83655521307721
0.709108636918604
0.868356433457126
0.766832414210907
0.879095850254294
0.99887150946446
0.703878386836485
0.839510141767188
0.77719098659803
0.944173872415346
0.765033958737352
0.846669319481474
0.966473823009247
0.754786721741421
0.964304606787541
0.804918878822616
0.821748539025606
0.86531938195551
0.917758357049925
0.755284381845154
0.726020468078223
0.811727160558246
0.869795258408134
0.903515835773582
0.631115727184546
0.738104041501467
0.805661243871395
0.838424761087326
0.820904365303348
0.930334301523319
0.825651699782055
0.725239472186113
0.757919266732648
0.97281056691978
0.893018955512128
0.787164429611022
0.901059626079712
0.810483237528896
0.939787591383486
0.796925069357762
0.94253191792097
0.894677987655753
0.917119927449169
0.817687949693402
0.880906349796728
0.903722586225522
0.830099213139722
0.872391503513341
0.923130981193728
0.897184784239183
0.65993891984434
0.866364702380656
0.784092444003602
0.959181076700296
0.855629828608754
0.811041089266301
0.893220180298653
0.827810793347197
0.920539576401774
0.870739795032343
0.892741034680029
0.905179339307532
0.883373470476114
1.00301745806623
0.853847185365715
1.03969333993834
0.935284814923534
0.823701388236583
0.840311755834832
0.883768658665538
0.992598015114572
1.01564396408938
0.917477846206097
0.770906029206133
0.874282680711683
0.896866519849031
1.03698109080989
0.850017242475021
0.91493163791892
0.958269762204723
0.883424279983043
0.903933735613176
0.987639101828405
1.02279122080269
1.00481138755856
0.872621060738133
1.03122237767779
1.07333370173802
0.895358112574018
0.954411493114113
0.944199648230134
1.02898746340481
0.94321057850092
0.967767899685943
1.05718021680906
1.05220814029789
0.909395440181311
0.984127354667837
0.972575105214292
1.00594535673612
0.830598612385078
1.0404546941588
1.07100891814887
0.999681130811051
1.08689374109911
