-1.09007654576639
-0.939825634701441
-0.882833012977647
-0.967618947517948
-0.943608415008699
-1.07702292714115
-0.981782792146954
-0.996222746452845
-1.11383647351446
-0.877118771706829
-0.915438833372349
-1.05896548687718
-1.08015061890701
-0.949495961857243
-1.00544176037434
-1.03570851967715
-1.02778383648145
-0.940574565020101
-0.877895653614454
-0.999354633024158
-0.840684774859158
-0.933757225987784
-0.874345700115949
-0.895464872102734
-0.893700194987619
-1.00151068764959
-0.899332142185667
-1.05490437230419
-0.974249158623567
-0.953062357845609
-0.839704233576194
-0.861541280989035
-1.18449180857568
-0.889745194110753
-1.03604017080223
-0.89748236315484
-0.97626044713522
-0.903609482476512
-1.12051542391087
-0.91889023489837
-0.783870381901232
-0.96409741239754
-0.940390833420378
-1.02552187956221
-0.86778774095194
-0.907674823418651
-0.870958710831018
-0.932655123103726
-0.902310608660419
-0.933028757372108
-0.967616032482184
-0.843195521561453
-0.848615913605837
-0.807470857868044
-0.775096946196224
-0.792478384111502
-1.05132352890196
-0.777010613224367
-0.783640735829084
-0.746878612862412
-0.992349630242488
-0.796453320742449
-0.909338258323681
-0.791214308771826
-0.888537077310303
-1.03456220903084
-0.768353756689771
-0.828912590918481
-0.764115867848756
-0.684698830726689
-0.682664531543631
-0.743848674812199
-0.836103831831454
-0.980590767290083
-0.777080974894356
-0.922759316584595
-0.821495947691935
-0.96574556600087
-0.786319395252229
-0.864627348199636
-0.791847066489391
-0.834287065225637
-0.962071938785386
-0.804030919932221
-0.791761929308679
-0.770946234015433
-1.03588261806721
-0.881833716156087
-0.88458540808414
-0.755503078172565
-0.639890257280166
-0.672192197514012
-0.7807599935759
-0.919909532959751
-0.775142122441546
-0.784141826148606
-0.893153949889398
-0.885169313437327
-0.803388214180089
-0.801631214083387
-0.847864974792837
-0.828051779553188
-0.814910347333796
-0.862428939315951
-0.785314414921757
-0.715696116543039
-0.875718062218517
-0.723356003102229
-0.746955352405316
-0.812117090030729
-0.615170486529336
-0.969538944656863
-0.702704322434946
-0.826704261422633
-0.762789313551302
-0.772019377788966
-0.883906821031719
-0.693276760740935
-0.733894880200545
-0.708453472063783
-0.77539688948989
-0.766925354607082
-0.792401750650569
-0.625507025419954
-0.726699825967555
-0.804506392599731
-0.568620492856053
-0.710829163596674
-0.801807524421085
-0.727505947472473
-0.527530432107896
-0.676684426579437
-0.778933513421683
-0.778399865641998
-0.660516799143889
-0.738843378434439
-0.677045411051462
-0.598272159100769
-0.711114122487066
-0.866314615178362
-0.72303299343156
-0.70673752364071
-0.607498955658006
-0.668182691213018
-0.680170216536291
-0.664279600401492
-0.610109270696183
-0.678249523861934
-0.816642251405293
-0.682147003414763
-0.779058836814699
-0.724111901567413
-0.655982486920551
-0.764616551876816
-0.527375790050468
-0.632803490471616
-0.752005444990293
-0.689613813642896
-0.644470079684067
-0.733763462132848
-0.777062897927746
-0.554068561929327
-0.679639842739275
-0.598211141264742
-0.828879350292124
-0.680513584300306
-0.663544146714662
-0.620704571597378
-0.637455986567029
-0.760491935109822
-0.739643117933438
-0.563293313900276
-0.672846370134164
-0.642082758001129
-0.453652563624305
-0.726272454214881
-0.580609575279447
-0.717284397905966
-0.553783954088889
-0.519439567660923
-0.580693454081634
-0.742875156979556
-0.522887221712913
-0.575934007223382
-0.616424282571273
-0.534758787101393
-0.720246755566295
-0.711999779995691
-0.678820163616903
-0.740692993411078
-0.651068527505736
-0.763842912690768
-0.593209711333349
-0.629710924536035
-0.43187015918198
-0.540520860262581
-0.607737590258274
-0.594413907700309
-0.568591080104314
-0.625127800403182
-0.596147009743016
-0.623957452481334
-0.648674130657289
-0.501782035886836
-0.432112586120772
-0.523326309233622
-0.673383420270511
-0.456777791606664
-0.567346523738711
-0.488387012916929
-0.57153031307205
-0.680111742435537
-0.581622018507872
-0.534476390782781
-0.602731510575624
-0.43789406674046
-0.448714417940305
-0.533975466857762
-0.636978507213501
-0.646606562356098
-0.645869652070475
-0.596376555674358
-0.618967466098894
-0.635664048210013
-0.573891090985219
-0.544671218944013
-0.660427119455318
-0.616665264363266
-0.593996414972552
-0.595476097009734
-0.66647439465393
-0.574635598174994
-0.53767495216027
-0.376864752279829
-0.593031181439806
-0.55604544217626
-0.27333520184011
-0.544140639420082
-0.483670149297072
-0.579078108434583
-0.608648361242291
-0.825182258507062
-0.521847635157478
-0.514495437589393
-0.527548493490982
-0.599107750779585
-0.500991693122536
-0.501312860198208
-0.507925902536904
-0.524334822239835
-0.438183045449611
-0.369366981987624
-0.582412999288737
-0.522967679181274
-0.381377179398984
-0.438983219253429
-0.477803271441604
-0.385516601011392
-0.450263663309931
-0.56098493122778
-0.462543350323067
-0.583821941322245
-0.494405944590436
-0.438742286052104
-0.452108222543984
-0.40733035885412
-0.564472030882894
-0.611777474893664
-0.348373409995356
-0.403971010553829
-0.394858139574626
-0.345493662409798
-0.412596834106704
-0.443872160406364
-0.373020982331428
-0.504270836812387
-0.418987534739635
-0.660131646265307
-0.500745623219031
-0.535320027880021
-0.457867818585872
-0.442545454037577
-0.418854891695813
-0.443291740430442
-0.469146270113654
-0.263648330799457
-0.350639932198029
-0.45089922501568
-0.438703890158574
-0.310534336440242
-0.392791817072909
-0.475242905773181
-0.293025184097491
-0.468399486133096
-0.393665194197622
-0.314953510612257
-0.417739190627705
-0.322568027928599
-0.412922116289093
-0.321219076471265
-0.389103138353048
-0.444839647202473
-0.351733848063549
-0.226971017114713
-0.200971213074929
-0.41493071980077
-0.371035036650883
-0.374209030701117
-0.410851934517832
-0.437985105973076
-0.322398850593597
-0.416937564959931
-0.151411082564249
-0.352578677898277
-0.261678516160335
-0.537539517836411
-0.359223647943135
-0.327172989458406
-0.452374409129948
-0.254749534363385
-0.384876005107183
-0.34699539705914
-0.339895417147676
-0.33662116380945
-0.341863555883724
-0.440828610262565
-0.352697994751133
-0.409024075895099
-0.324058744015013
-0.301988727675659
-0.382774118817049
-0.443248920093231
-0.362272824573783
-0.385573792035392
-0.345476905914056
-0.325914530386657
-0.418153162209665
-0.284914693158006
-0.272949824866201
-0.272264726396458
-0.337867562790437
-0.341122026950019
-0.417343633161334
-0.389927014356466
-0.393254331565332
-0.290557417002601
-0.376570181691985
-0.204601017319091
-0.229432678762309
-0.240576069010897
-0.356480727404923
-0.22126718511501
-0.188318617820774
-0.351760833270034
-0.317053526610028
-0.160931559128211
-0.217304850207551
-0.209507570480967
-0.426287674716093
-0.19996639576442
-0.221396254079957
-0.315677918222083
-0.225755632685361
-0.149208165320997
-0.312110388401921
-0.274626554894473
-0.211432295754253
-0.187688534926363
-0.384005365400964
-0.285086131349146
-0.239230735271186
-0.42020745332868
-0.322623517103305
-0.245397769418873
-0.408228122261802
-0.151299068632278
-0.254342393271285
-0.142128987511717
-0.197519087443526
-0.345801103921042
-0.30250958472834
-0.237494044016763
-0.325822094522827
-0.298849160056469
-0.207708381927508
-0.229326916820185
-0.290861734515973
-0.205189055597911
-0.294168930376788
-0.133278352865724
-0.230487692199605
-0.223299395041713
-0.177788644961973
-0.0832962035810534
-0.0833892381663094
-0.0841363796281042
-0.0918551480013405
-0.300290991340297
-0.184462074255958
-0.30490100138603
-0.33397760800645
-0.107207321146005
-0.293728398900811
-0.0982126337167644
-0.152274616343511
-0.206386928917591
-0.179215160024605
-0.118379989625549
-0.123986289204755
-0.276201494642823
-0.207771011337386
-0.123287939707626
-0.0791245552911577
-0.160797723389839
-0.18706706029278
-0.0990435397713682
-0.189478937062305
-0.276297935571602
-0.174164257440883
-0.162357405371594
-0.13712016290585
-0.200759941166938
-0.13079087179622
-0.14684213895796
-0.263433403019964
-0.0741127663181914
-0.133710077006522
-0.220918116128166
-0.181218290826694
-0.156481234834585
-0.133197653632765
-0.201970796382601
-0.123378265354291
-0.19641438865303
-0.196107524853679
-0.0495289000959627
0.00773504412492629
-0.108070007581268
-0.0386985475501099
-0.257917424056349
-0.169714642278082
-0.231256764209012
-0.139702830712537
-0.104301415187325
-0.23284877231601
-0.0442163915375551
-0.0171405706069584
-0.227220421185915
-0.242847087267495
-0.30129799415596
-0.110187848070128
-0.0995098398896712
-0.204045291082766
0.0114093731309351
-0.0581460246826898
-0.106406310951121
-0.0811838906057172
-0.014307627728775
-0.134171091590785
-0.156468003015789
-0.0867191304569051
0.00132001187156887
-0.0464535416995873
-0.0693925402307459
-0.0770563493462957
-0.0231713908306723
-0.0370540982015045
0.0969740545325189
-0.226836269809371
-0.196995147340435
-0.0983530519836285
0.0377862545375614
-0.132902945345089
-0.0494773403037741
-0.085909030927128
-0.0701671374928225
-0.0684475080657219
-0.00941410344693198
0.0635337542330276
-0.188939913575102
0.0598816320428952
-0.175985449533345
-0.0953023939186549
-0.206551766482414
-0.048416145857557
0.067635555657822
-0.0918545856070174
-0.0824072176466397
0.0124573785070138
-0.0345723234746235
-0.033631446544466
-0.0412378678569584
-0.108805252997902
-0.0186052410626777
0.10343723473151
0.160579230315825
-0.132758167290908
0.0182830991382677
-0.0151891413492433
0.130954862446289
0.0415091238894916
-0.00814410450363066
-0.133443305441351
0.0763917505891743
-0.0228813212754528
0.0587371835826251
-0.0352752368616082
-0.00716460942072896
-0.0612286495902465
-0.0440748794890386
-0.150061595901025
-0.149875775781289
-0.0253621153575185
0.0227289916759641
0.0850387366865891
-0.0415553961255185
0.0256220753087953
0.151973842068901
0.109749329166026
-0.0163689014436531
0.0380846111828032
0.0858507649544538
0.0443003169984347
0.0931173808060645
0.131581195809219
-0.0109198841264843
0.0378146567267831
0.0713052044807242
0.0955478002023064
0.0724469783332273
0.0229373572326294
0.162765472016611
0.22064720398574
0.144019542753989
0.149312106860689
-0.00145659996142365
0.169058646465807
-0.04837885098283
0.0759761587964726
0.17108244795399
0.0360517028921356
-0.107918272361468
-0.118675465757858
0.0526511675975758
0.0621331898534041
0.227094383991652
-0.0220763183044406
0.0398690608978968
0.132335715325906
0.160730702622115
0.134181177546769
0.0727315078524904
0.118954992529177
0.211844100337812
0.0181364933389096
0.0265682524534984
0.260544757802992
-0.0664216446261927
0.135855715959792
0.211139473724229
0.0981833793704912
0.126259730620789
0.22181718868977
0.248621980094412
0.166467527742595
0.0905348373133303
0.141733455358
0.0859978562746131
0.233061532391395
0.165284747392973
0.0695166677294054
0.280862493521797
0.0340646747904848
0.0808408741572922
0.182354814894183
0.102564869407237
0.150886119572373
0.088973365641428
0.0588310396244795
0.143655267687002
0.127956016946721
0.0440113134948224
0.315478414337872
0.200172677211061
0.246840207955185
0.0273011380555612
0.0178931828076103
0.233975404314994
-0.0144927390615823
0.323943053396299
0.167904293743729
0.204174216167555
0.206767834527772
0.277483637774014
0.250190744526089
0.165773776943521
0.179811179919695
0.15443615224696
0.236212449826338
0.314636898195178
0.273170336422592
0.129217933185695
0.153929008272025
0.165743733161479
0.262235443713787
0.32961643834336
0.200479297560942
0.182386897188935
0.156947543029918
0.26810273722116
0.301811574835176
0.224030372415661
0.232536937541719
0.153577839989818
0.266197775571257
0.264121852052791
0.167087867821666
0.13951982540825
0.260919309200024
0.249629239560611
0.210557217794873
0.263926830656873
0.223344788190769
0.207513136790507
0.231116149493204
0.183896558546096
0.169069453430305
0.297860370693037
0.352673447896179
0.29807194553802
0.358195349686752
0.257854152639644
0.318570011823022
0.258463740540082
0.0348730189099376
0.155824533793864
0.382485950127613
0.0459609787048589
0.259590405149748
0.228873713373975
0.246009339881059
0.447851120259972
0.356168809760409
0.417120875194767
0.315586477936038
0.266945056896367
0.270340473137703
0.270948951841022
0.287933887112044
0.346068877137651
0.508328859908935
0.449350544713312
0.294812154493823
0.180423561824712
0.233018951251194
0.206948844924766
0.428724490730798
0.287747462748168
0.254877200418331
0.266871091937254
0.355869836359507
0.31136020154125
0.37390791968787
0.367879146053157
0.273126137795555
0.284141243872589
0.32734717644581
0.330279593037303
0.304264267944116
0.182150986427423
0.227424842505663
0.361792086929044
0.363274902398767
0.214218549523015
0.526754040371634
0.306688209521092
0.286041701471344
0.368933685849671
0.33425555896423
0.354326091749602
0.449453142160955
0.389916304669105
0.424871626660026
0.104597591399252
0.349730562773096
0.482928419230319
0.277669111784155
0.408451437310503
0.482695058118302
0.385149777717662
0.433606962708433
0.263544006046259
0.362440519307377
0.259913732494229
0.417809960760785
0.534561943451543
0.241875547874804
0.254479580431892
0.369336619613188
0.39834451555953
0.409666457159278
0.371163753036835
0.369428695503662
0.425904614214745
0.276819602995203
0.478664446535159
0.400178483318949
0.414946409198391
0.307411984697216
0.413262150209653
0.347830227367359
0.393292812951852
0.432293838862067
0.442451325629193
0.471958641910017
0.442742544008991
0.3949445130435
0.460424274979071
0.664205078844972
0.563067497190104
0.392647545000574
0.393225139909132
0.45970474441276
0.497869234354452
0.467671219559735
0.431109122305732
0.36492095715223
0.333597606559691
0.628070379381531
0.499733605708053
0.596996405116387
0.299661774196509
0.53658380410676
0.461583645985537
0.357536682299677
0.534511781013578
0.479926633926535
0.423833484617844
0.4242378040464
0.447563312468754
0.566079953757556
0.504537730603125
0.479651238243625
0.573531440497736
0.381682903204622
0.458953089905116
0.412891038229829
0.540242445134441
0.404202086580665
0.417366280462824
0.445301749550005
0.421373787573466
0.437272228656792
0.494493140339708
0.351469329565015
0.517753692220221
0.617245731853125
0.57061248409793
0.585663900024547
0.491354136202398
0.555009272381108
0.468932303112722
0.497512840419894
0.517254362532613
0.719127024830095
0.518756589650558
0.514539514699272
0.463017782053034
0.56188004460837
0.563418240403197
0.511165107851634
0.535655532300355
0.604438331651025
0.592233074354024
0.733797103632487
0.641302091599073
0.457417979624652
0.433836334990264
0.724947744716485
0.469026697641501
0.466992609273151
0.601087563757441
0.505404151356497
0.612006640344407
0.552477785485576
0.618032497866919
0.628276711710879
0.633840803798544
0.681612297104643
0.613205926358548
0.549421151110418
0.609281901742565
0.574822694419147
0.474229795834813
0.67198507075828
0.625509486229932
0.618805346632753
0.686899498505665
0.623770967004688
0.487491908517136
0.537467827424523
0.630870195762032
0.5522356422735
0.508241760223571
0.535654459320639
0.619664610759451
0.640128225226619
0.689574325961157
0.578178234329696
0.56114622467335
0.798901964991253
0.617945782795385
0.709666103070428
0.709387730308384
0.721594562450659
0.628634525854525
0.684435578223173
0.482899321356188
0.682673690068586
0.596723556272472
0.461583967854725
0.628992678049853
0.425337563503477
0.48594526514277
0.827893624496397
0.561077238188666
0.783214940044061
0.733800062417462
0.589975995756113
0.560113425687367
0.585433256594306
0.710581251482911
0.763133673881565
0.554850078529343
0.704087491579812
0.428401529766423
0.714834191233422
0.700608755340744
0.688269919863952
0.672677310892391
0.807634042362936
0.630880827307969
0.79496559684785
0.683128623069079
0.588067810165087
0.627279565166826
0.726880019766252
0.73855905258933
0.683316565682632
0.768527064391638
0.591932765081956
0.605871785226251
0.661945487329604
0.653862938205353
0.537222946312528
0.691563589247266
0.65934111042221
0.78267465118748
0.680317419862153
0.694347769290073
0.738531227839652
0.800491218620131
0.707676965017495
0.564758259816773
0.666754359663581
0.744514095851164
0.616987329168947
0.581793123436496
0.681131325684446
0.789412991575697
0.884039286995077
0.699382289114622
0.669356063424026
0.739122822297066
0.689299532456242
0.653310125648362
0.743340411663975
0.759223873612876
0.76544659733367
0.733665286429507
0.964344247409314
0.727772053703692
0.883487286652584
0.84004119069067
0.489781660716773
0.701375138847402
0.857237602072857
0.772974629678956
0.781334189902888
0.8368256582891
0.610667473409145
0.701349623663437
0.810630256504923
0.693479914784851
0.802714463079367
0.872379071584901
0.84122003199871
0.767907930544791
0.710053701598499
0.945416398816683
0.991160650784439
0.659537214430062
0.973702626822142
0.922057833287156
0.752510313951558
0.756117220052049
0.821929693534107
0.973077440188859
0.784086495084131
0.875583430659891
0.886322293247295
0.916638774739537
0.893906914027247
0.916481996317918
0.751157566969602
0.7958203251429
0.916383026975387
0.912951920710311
0.844810392474547
0.899737633316747
0.818223312224228
0.704096087954468
0.842497606704003
0.783164846699872
0.926686957155058
0.786591556296987
0.742203991921311
0.78155618411655
0.89006756789235
0.94519916372373
0.855098347031179
0.736835392986331
0.939443533738162
0.860833759903097
0.953256498680126
0.957025926947515
0.890369764056928
0.810555255717755
0.936850841651783
0.771326064009787
0.683139763246897
1.00348033062826
0.963531694402245
0.842933813359233
0.79753048834743
1.05680631482339
0.911241934499864
0.904099839372033
0.929548325170061
0.847690923695404
0.866628760516218
0.967677958484341
0.937680375923594
0.944096397299327
0.771156471090369
0.906319545346621
0.872966720022629
0.85664976615327
1.08495592852132
0.893749336209617
0.900926981299534
0.869032255865342
1.06030692701061
0.917351005253406
0.898609514426571
1.00754182631075
1.00284438567857
0.996215065848362
0.844351306309132
0.922715366641279
0.755249752015664
0.948072436959977
0.861109080047367
0.959668752509146
0.914514620749439
0.819540549223644
1.07874282296507
1.07700908165262
0.906973255941002
0.853260953741854
0.785167729844372
1.09721199446622
1.04772604859407
1.00747908172334
1.0594124216893
1.02321577926368
0.857311859557637
0.977403012192449
0.859921669582272
1.00743529379463
0.87251666956019
0.970309155784598
0.944854141993417
0.931696222944672
0.932384844499046
1.06836355048565
0.984524407393412
1.0132058957122
1.03734460478676
0.973243704224903
