-1.04944564963546
-0.994641315559399
-1.0178978657046
-0.929647909356825
-0.928662882794813
-1.11527050218214
-1.05525283827723
-1.12523080825118
-1.09267154976074
-1.09626660772569
-0.92044994480746
-1.04978397868736
-0.943326408835117
-0.95439073447288
-1.02641828186682
-1.01281595656796
-1.04344188515835
-0.971631312930371
-0.811566448107575
-1.06914215362821
-0.873243132266068
-0.968193218148179
-1.00038246265308
-0.908709063272864
-0.921361199820249
-0.895019593588161
-0.936621107793017
-0.832352621137705
-1.00007260673058
-0.825908554146097
-0.969188816995055
-0.776414819602918
-0.998703042483295
-0.736941386300247
-0.982520128208018
-1.01776409874691
-0.902340656334305
-0.915956057496698
-0.74622269813367
-0.836824309291597
-0.879183049874957
-1.04227411275378
-0.995019867739874
-0.725877349226244
-0.829139041451233
-1.05928145235355
-0.894394313824352
-0.79629290883539
-0.776587300486949
-0.909136830071461
-0.956632924806181
-0.963368850241089
-0.95922923163267
-0.926482978595837
-0.981677504508373
-0.967967670554774
-0.865837947570733
-1.03045490846573
-0.844724212717156
-0.909473865995761
-0.905466508952956
-0.808285962878038
-0.947519360536567
-0.884776225059196
-0.873832891554854
-0.762324764571668
-0.911668111355107
-0.882002383632708
-0.845047726149532
-0.900305149936257
-0.949974948248372
-0.8549971964654
-0.793982199591508
-0.78216324046917
-0.697743797508792
-0.791675108426266
-0.782363134402015
-0.817033065249063
-1.01099636796356
-0.882787478027428
-0.80830928506317
-0.877298804330773
-0.757472678739909
-0.765418372785138
-0.863494618982921
-0.948786376636839
-0.717549421628265
-1.00830737888733
-0.808369219374853
-0.805080572803329
-0.953287207136485
-0.889386095502159
-0.766680304321492
-0.876165649411311
-0.914259492900613
-0.831614333382893
-0.770358568215795
-0.907065837698856
-0.703076111880783
-0.788637534670523
-0.779482751684812
-0.732534349057689
-0.809567981277199
-0.917053587396159
-0.908481304618837
-0.767781565183862
-0.901277778278078
-0.785353656793359
-0.752081407957317
-0.907738727679719
-0.688696225314558
-0.715237774227487
-0.811409251172838
-0.779192671739856
-0.782503158117102
-0.73656738322187
-0.703899955648073
-0.795932647244485
-0.690752568991145
-0.79457689332287
-0.816574749602291
-0.875613585772833
-0.654458841174381
-0.733196332303969
-0.683693679030757
-0.68824117922374
-0.839426924434483
-0.898912623313053
-0.792149713993902
-0.75085279211857
-0.821004736399201
-0.687379134007617
-0.644010533735526
-0.781422201483119
-0.66739935164723
-0.697979221739659
-0.822750617692109
-0.813888348252915
-0.698552162355516
-0.659530622341146
-0.786569675414559
-0.788471808186677
-0.719985459434403
-0.787379294186419
-0.727017612877771
-0.855173991809535
-0.672917756519489
-0.750510526861567
-0.7264984656091
-0.712755589878258
-0.747579601731895
-0.71190960258262
-0.563426470196314
-0.630842724963224
-0.590937486856333
-0.617808261351656
-0.615059068980103
-0.660733051472738
-0.735995905242598
-0.684275149214835
-0.712166187644769
-0.838190551158483
-0.700498000326529
-0.619982107439415
-0.599492954302277
-0.663722601442417
-0.563103973960237
-0.851092810944036
-0.608244015527268
-0.64716621396647
-0.719268633620752
-0.735480374530106
-0.685724368199884
-0.772677699211223
-0.566449187993228
-0.597320601153944
-0.59934823410177
-0.743766537137198
-0.673917919050356
-0.494356958422721
-0.467868033197213
-0.70340633569854
-0.745998408803244
-0.514707154758036
-0.652019898771604
-0.577453857789089
-0.763671676483366
-0.657810966549884
-0.708577275886925
-0.650553585780752
-0.673207532113263
-0.59228031000776
-0.499228475646606
-0.755313992581034
-0.679114634189422
-0.600305486506688
-0.707552768572126
-0.717563285490407
-0.608053442831521
-0.724059390566817
-0.618089382162713
-0.665710860560464
-0.482116860622073
-0.654435770588072
-0.665594771461682
-0.6251757268588
-0.449660959930687
-0.606893013972463
-0.687035489305259
-0.651775859008155
-0.621675642530442
-0.558577992854192
-0.540864753692344
-0.548855382696494
-0.617360882459401
-0.621582793752462
-0.602453232614833
-0.51816087965687
-0.452275409471203
-0.588463876186111
-0.621191257492375
-0.710217435969763
-0.404140895525165
-0.470335881303402
-0.524678651917689
-0.571242142049512
-0.54486519432804
-0.576361120761099
-0.427920677194529
-0.697827411394609
-0.6313302364892
-0.537113469073404
-0.443749655843396
-0.415874744244128
-0.422876859905755
-0.669385630483395
-0.299153623951396
-0.53270946180819
-0.490447694561216
-0.483731910094297
-0.535003337075268
-0.569067056572051
-0.410102928455897
-0.472891731800096
-0.517479289835753
-0.458717144093084
-0.532179466440927
-0.434906578875276
-0.369365321434898
-0.604563439507981
-0.568758397987136
-0.556570636308195
-0.504431727570712
-0.540733590546115
-0.490247578699341
-0.360567625528147
-0.547401248291091
-0.451496490264279
-0.560829324525204
-0.59129866149245
-0.269697588490659
-0.417496769419093
-0.426354807732591
-0.627684878247352
-0.445676399549564
-0.336042922321211
-0.455699656115427
-0.389483006060623
-0.493036405334192
-0.469815192732334
-0.544549321496012
-0.40756561320148
-0.51234714142382
-0.484241579425161
-0.415932723992683
-0.415612048618319
-0.548312587870385
-0.344030758927946
-0.498555633854292
-0.462526809777188
-0.422940523477916
-0.486391995182457
-0.581975251093008
-0.467576678105331
-0.224984615958056
-0.378539819532959
-0.398292452681932
-0.375087567300965
-0.503928903982426
-0.302502731649012
-0.55615430394834
-0.38069308565598
-0.400527336865776
-0.163199646965513
-0.422815983442157
-0.400483142344749
-0.369941300411367
-0.497656837357741
-0.434304323410487
-0.490829124269268
-0.348413017931326
-0.519908824633936
-0.500020282723186
-0.374948401725934
-0.453157480600581
-0.334352148545374
-0.451761279061961
-0.303170815424757
-0.486816709229511
-0.39080717482692
-0.516519745986424
-0.355681753573324
-0.398831643576831
-0.250795157911815
-0.430178719124655
-0.22384251222085
-0.546108309975769
-0.164456491922421
-0.277092315073601
-0.326392826105838
-0.367271968664947
-0.283781794755244
-0.284942050323041
-0.495250940537223
-0.273380456626134
-0.340616257133135
-0.304987677191849
-0.471293263384283
-0.249111309991221
-0.484180022734783
-0.317582785263591
-0.409225818572273
-0.310561224826117
-0.51556500361367
-0.203585072245692
-0.30200381304602
-0.166571005866648
-0.37281550346588
-0.243226268643314
-0.323352390579373
-0.269086043103396
-0.220586621081841
-0.285552937390724
-0.355923826554127
-0.21029563890237
-0.153818171473648
-0.330897986848914
-0.362902834557135
-0.354787443275882
-0.307980981772736
-0.21572880062527
-0.205763195847836
-0.228795802582997
-0.320824461906176
-0.144750083292897
-0.330392168728038
-0.272986978092111
-0.275288204016052
-0.277052878248845
-0.25651615843374
-0.23780716566519
-0.387446270301532
-0.252694990764772
-0.362807676277048
-0.309368411703882
-0.255678255879116
-0.328704096808164
-0.148174532428287
-0.30855980914922
-0.308141625241039
-0.1724844813035
-0.125923749547685
-0.37269767333956
-0.196121521284732
-0.239698084120608
-0.22103458122088
-0.253028030772941
-0.261156296558529
-0.282661942876578
-0.278318348455702
-0.146007716525848
-0.200202081347907
-0.38274091224199
-0.160920078277423
-0.204789731394982
-0.156600407808152
-0.21058423664108
-0.308277805273137
-0.165849695676912
-0.317803605828219
-0.17123419676218
-0.22449548570763
-0.331561904839655
-0.245903611459752
-0.243693592866644
-0.117055489580966
-0.25494478463152
-0.253648108562247
-0.349128916513117
-0.138503017001148
-0.0801308202423423
-0.0259701068053872
-0.184091018781111
-0.133925809308624
-0.300609194757099
-0.311403529040679
-0.152936878642251
-0.142002239792506
-0.10481089482586
-0.23674126790753
-0.192476464325956
-0.0841706144829162
-0.143212926802859
-0.292457433086194
-0.136843797269235
-0.253187381668492
-0.126304061607398
0.0029485101173996
-0.0973581768931975
-0.1467224077373
-0.111902996426796
-0.128010648117273
-0.0606139333597614
-0.147282560487605
-0.108420444936371
-0.174024658241233
-0.0338828341116804
-0.123398741568854
-0.130054638406343
-0.243550719619823
-0.0438157206786607
-0.169359602492818
-0.164386202811842
-0.164053753158303
-0.101336917465893
-0.178977349765956
-0.286664462611961
-0.108044457268116
-0.0457440699571544
-0.21125134589502
-0.204422688514143
-0.191847809928191
-0.0908010462801595
-0.0603030520528858
-0.233427267355735
0.0159241102832849
-0.058419396057875
0.000486911599708001
-0.252275937679936
-0.0844857810377163
-0.205767004872653
-0.0980266421297165
-0.231790575873893
-0.112822264550433
-0.016587284811399
-0.109313363800307
-0.254212306435401
-0.0657661970253722
-0.0147993396979975
-0.0320189261491939
-0.146621992440834
-0.161146244739337
-0.0060167168142082
-0.145154084130007
-0.149243846904267
-0.104352246299886
0.0396927946122354
-0.0898311974175196
-0.0845615293229279
-0.130654515208889
-0.0397599980914912
-0.201949038949876
0.0153606910423432
0.00691220841624253
0.0246795594605795
-0.0679916173023404
-0.174275679226014
0.00246435744679427
0.0298944949200067
-0.0669260317590639
-0.141111375332409
0.187528023668673
-0.0863082480445103
-0.000394220827784429
-0.155357896027381
-0.0502615452923025
0.07112980946158
0.0466362947490952
-0.0608541853231292
-0.0813663095745926
0.00730636422065384
0.0289058050603828
0.056722425367773
0.00242999353568006
-0.108791016624122
-0.00335128361559572
-0.00719164779907615
0.0718744142260652
-0.0541983908603703
0.0154357996586511
0.0486291688097635
-0.0935977643785034
0.109468840971944
-0.0384588724316392
0.119775595730322
0.128143928363257
-0.0467947662862855
0.053169568057802
0.104505419609862
0.0675648130835953
-0.0121610104606041
0.0171220596603698
0.0448531260489716
0.119199441709132
-0.112134686242534
-0.0417425442432748
0.055766589685773
0.0695450753937382
-0.0166611536657264
0.0919755738731753
0.0565536972359774
0.140099493485642
-0.0632822679789402
0.0763553043230036
0.0134228316594391
0.134796440824142
0.153603209554061
0.0688303101075425
0.049112388673726
-0.091520696546241
0.155873437377973
0.0274151357238274
0.159532577596497
0.0994024684401966
0.115043890485901
0.0652750792394232
0.000116252040428669
0.16750818086326
0.204967970886195
0.110939316393702
0.125760974088486
0.0982743319368054
0.245010833578559
-0.0018779504389998
0.185985349930104
0.170715625486971
0.121478649184982
0.24621162799454
0.0740441334168799
0.244780660599479
0.117985572659232
0.016471652665933
0.197085030267038
0.102788970538745
0.147960034802189
0.334401945877127
0.0299797763548692
0.132274111387854
0.263494399560457
0.0225642474193119
0.00508445010717621
0.113589097770925
-0.0213949185482906
0.225659825901403
0.198295607840697
0.156312990903345
0.0289645338006329
0.244668521279447
0.181622061018654
0.106746788475664
0.179426972000385
0.205181424548978
-0.0630410776461972
0.166513871237356
-0.104035876608242
0.0756013205157463
0.211883367591625
0.210661254366124
0.244267876407064
0.319654783558867
0.166482194782295
0.325875482353946
0.204134538007816
0.206967316981577
0.185383033418579
0.186192385280435
0.130642401711168
0.116929792438139
0.159502624009615
0.186615519797847
0.197784474826417
0.2691022202113
0.200340676691711
0.180204086718786
0.259611665756063
0.0991927010164154
0.281191959676237
0.248458573826058
0.285749525324974
0.274514265997508
0.172959206533534
0.360566324267702
0.169508735358029
0.359764349191518
0.320618435226203
0.084089712194284
0.201167449088983
0.432009519687236
0.215190372946782
0.376352361823496
0.109119334996863
0.179710538418443
0.346899000970364
0.237197152941629
0.226213261914981
0.334153411793278
0.215898257363426
0.22681752776789
0.30427349887761
0.213916377799272
0.188177944006554
0.279596007748242
0.397156407612635
0.327789508184388
0.211929664608979
0.183736515891878
0.272320826477879
0.265788853835129
0.324704385204136
0.229645114860308
0.305169575033595
0.195725141258443
0.221904823498845
0.176995529170016
0.314765123687765
0.322841514875447
0.314908632410296
0.254286210919397
0.122301619069209
0.30204779897246
0.367478219091194
0.228787386090588
0.430232118707229
0.292631815377077
0.35399482781746
0.26263998851332
0.284001513246695
0.282429937975318
0.289913881881914
0.325237677190799
0.159656868650841
0.204939822166115
0.524376635465848
0.354592246444557
0.320284544223188
0.414052115876487
0.283444311791835
0.368099002975733
0.172919742923024
0.27823521482271
0.444637533330619
0.318418543493917
0.192648233109718
0.365595037728679
0.221748386813418
0.294303117021196
0.323795555845093
0.321378107607774
0.308259442655963
0.310284163982443
0.299912758616495
0.261295659351324
0.309884975215185
0.30964671047734
0.377586023575867
0.331469452249109
0.339090638364127
0.189812369668327
0.381580458505768
0.295747797996827
0.442593346083035
0.347886006270659
0.293853114952234
0.362110791985205
0.339362938010164
0.276016346686824
0.383532349266151
0.480533096411684
0.438966505590634
0.523427983035833
0.348190158271514
0.292336444389191
0.620912052110658
0.342626633919562
0.313733267617761
0.508272966405417
0.403104402855358
0.35955681753096
0.354362420188122
0.390385907044073
0.467070747692507
0.3943252784631
0.396429888807166
0.308812291726234
0.222866437778322
0.390450558232902
0.423489731701253
0.323884622829265
0.568020041201469
0.381890147751391
0.442825677980213
0.474480147639936
0.456984255088968
0.480271143439465
0.356509018918835
0.472370012509808
0.36193967648184
0.366473268860958
0.366193053972214
0.41936381681358
0.333247216963849
0.450672598056199
0.477957104310712
0.464960689989871
0.450579377980745
0.360163814441432
0.239587347640688
0.586945593833771
0.459570748253894
0.540052374287791
0.467603809392992
0.48119333704612
0.484616948889591
0.439204238069981
0.47516600613799
0.457130567261376
0.364354485161615
0.433397801463717
0.478087665556558
0.40849672742852
0.465771841302814
0.446581365860783
0.490259681412274
0.559773832298894
0.475603198520482
0.499732008216708
0.569834683646412
0.457673892362765
0.612966376380965
0.33157681565842
0.440732950713808
0.670816588466747
0.547960936136007
0.49289635540117
0.440179282479348
0.60143734023792
0.50648428795062
0.429038519606871
0.463468774919771
0.537567832945257
0.610417285429247
0.529064446814949
0.433753665597373
0.544299628400156
0.517031324258252
0.471566053223207
0.760913489513723
0.462157839011165
0.580831513290103
0.59011786475125
0.531032269489609
0.573167904098655
0.599333525469134
0.66790877083714
0.608880038989176
0.716333138056364
0.550398341331705
0.574083735233219
0.584914228882548
0.456972059055074
0.509852127546842
0.61146504295586
0.729920058170088
0.51509882153814
0.632110416999148
0.613756462219258
0.458692089470727
0.556265663432866
0.532246414908254
0.634818469027819
0.618689069332977
0.565261283158117
0.481419666007102
0.665849051491856
0.653018023994939
0.590956487306419
0.662381495493176
0.744832306908309
0.611911010530509
0.59561170457162
0.700209679867964
0.681077902709844
0.616943947481357
0.592489484840261
0.61619301723368
0.549383989368094
0.555584513540624
0.640320163247413
0.569858143551665
0.653684542118501
0.538093819275538
0.546038611500143
0.692712832102297
0.575900286736492
0.560132382190609
0.790186922805181
0.417690596116178
0.581817500138664
0.636888749528048
0.72336313346816
0.598603604346716
0.651490813453837
0.657995649334744
0.57303204971358
0.712321313189645
0.630718068216338
0.781271016701582
0.612828896384498
0.57263800205574
0.731065627299649
0.724524316084256
0.613922042770555
0.737040664627308
0.71885878892305
0.504620003659937
0.815860029575277
0.659868780144835
0.753005645041357
0.763778549125835
0.613190869610658
0.775310798403436
0.767715962149912
0.666823370900143
0.791856139601287
0.646034875870262
0.525715711726168
0.683853649249996
0.614150069402423
0.784458036755113
0.722302131221448
0.577782585339461
0.636950175890044
0.613600600111632
0.822994311098278
0.826329478824
0.736398605665004
0.607420715131237
0.663486476312425
0.588869289795369
0.685072257446054
0.648037417257055
0.597815574660485
0.748483820144933
0.752507700769927
0.741131755225041
0.631639674125216
0.557704864839553
0.871455920781581
0.682333975502432
0.768382088695516
0.728360171505208
0.704804025397672
0.769616722659172
0.572637836037842
0.714976560869542
0.905295033065522
0.862304382957865
0.706908947766293
0.896884209102872
0.807426168267654
0.670814902876923
0.752268234655426
0.833506601861444
0.800741326246077
0.826596788473217
0.684504299952743
0.73345397938064
0.772097368631758
0.663570537304795
0.907229794034146
0.818599161533617
0.616884885928901
0.701401576498981
0.747382778408354
0.871403098841873
0.745628979953005
0.831653253423318
0.844489660485999
0.768210276230559
0.626384460219
0.878346193147144
0.79393902873786
0.722616206785545
0.792672228686613
0.725532427820831
0.941263658619358
0.784699589445978
0.898626724721269
0.759177538364231
0.65574552762108
0.755791134936721
0.77511021538623
0.756947868196063
0.798379295012291
0.751673077430134
0.755638332930146
0.907890900469773
0.923372462792875
0.919181143224448
0.802491507685922
0.915550734084911
0.879383362159578
0.893578713630269
0.956420836262362
0.778702827650479
0.973974210029613
0.878127274226357
0.746750522131807
0.866914532094176
0.811461963112904
0.829443089567054
0.859730620232969
0.922147253284382
0.887675464561488
0.876946921341384
0.943287592238794
0.790765743044305
0.85433947948087
0.78872410878172
1.04563065202395
0.816203647229484
0.828215654817677
0.916048468954112
1.04677832813455
0.785464641474116
0.904355690524577
0.701436968495395
0.965245038853772
0.872422084582423
0.962116979970785
0.848497519669539
0.842481052469064
1.05845800918895
0.948675357494249
0.928806611516756
0.665612028083807
0.926753701840363
0.941694465520674
0.902252642695103
1.06313523874418
1.02872790833917
0.807599484958882
0.919349738875173
0.916442497716892
0.923142978846834
1.06534059435117
0.975448662558709
1.05055705834569
0.960438401016325
0.937834451569926
0.825116151818286
1.01361140334963
0.944628418119769
0.914225426881599
0.999196142527481
0.969198973300606
0.829613670776278
0.985118944759174
0.876662652804998
0.84980449083479
1.10539730535584
0.848647317214072
0.85920299144972
1.01756246688452
0.971533289856487
0.840182074344866
0.903320875110672
1.0066531845986
0.985684089296062
0.847401076870471
0.946960761786627
0.873192492092761
0.948555947607061
1.01517867388819
0.937088136704286
0.881590158937715
0.9489773966864
0.940237125505842
0.977390734980287
1.05251792527962
