-0.988826877156301
-0.94301154279717
-0.913695060723582
-1.21104595292798
-1.0772022385467
-0.914447489444053
-0.756389272256667
-0.902437894298571
-0.961959564443357
-1.04763220583503
-0.92452022236175
-1.06364947318674
-1.02784055493376
-0.998536077917905
-0.879263695631736
-1.18002086960532
-0.964816515975986
-0.949710856879521
-0.990202650508865
-0.859277152455459
-0.885104377104882
-0.860641847020577
-1.10447547180641
-0.894270284945663
-1.00147208913994
-0.952040643581431
-0.919518716671944
-0.944666142702739
-0.97659234201996
-0.911302766471341
-0.909225764591225
-0.915360912672832
-1.06914055592525
-0.753514011352895
-0.965992911911782
-1.07975064818585
-0.916676619120511
-1.03546012148655
-0.893524275586655
-0.97672389358092
-0.825578749990735
-0.98041658060978
-0.915771236380564
-0.867769309602749
-0.75999294616403
-0.845268352175667
-0.988118391722184
-0.93648739087025
-0.738392935085685
-0.933795552264921
-0.83979147594456
-0.878076328159172
-0.795867637545141
-0.970639603453983
-0.784695700537795
-0.955475897197192
-0.983772412111683
-0.923618516823687
-0.825960758979569
-0.98125032411613
-0.913003823036406
-0.939340271879767
-0.972610491841461
-0.943983432356116
-0.897819366220261
-0.63752850159814
-0.827490541533565
-0.91050590524644
-0.89465619329942
-0.889611556069953
-0.939127299932174
-0.809563173457381
-1.00313120062921
-0.880325940385205
-0.900954454885753
-0.853250782570554
-0.809585920092907
-0.868474865540125
-0.869886904582531
-0.81557866340252
-0.827868593396102
-0.770827191795036
-1.02389135511222
-0.766654192191305
-0.728461200500817
-0.906455030891821
-0.761293451413441
-0.73816777334773
-0.855179341498446
-0.914046213228573
-0.858660684146677
-0.718502557154288
-0.918093905436771
-0.714409344463062
-0.800559811265711
-0.74525425502234
-0.781877445004195
-0.768248224800551
-0.789585428658781
-0.772516037893279
-0.803234403339434
-0.736649077047262
-0.947374419569262
-0.868575274149821
-0.764438843582337
-0.843294076648847
-0.825491800169911
-0.801461048837824
-0.841239025167492
-0.650172146109337
-0.766176990154323
-0.69496687923001
-0.701727271772887
-0.720273147623343
-0.91853236839919
-0.776426902086697
-0.871471084484298
-0.681976602583297
-0.723700314949829
-0.620479544420096
-0.779884932045383
-0.753898425340759
-0.676772944980492
-0.711524950221595
-0.626392968412061
-0.635019209879805
-0.803085646019907
-0.694037186094745
-0.813452916920091
-0.72731057415422
-0.694404112201074
-0.847447327359917
-0.689669142516736
-0.662024682541987
-0.531996847288251
-0.66132200670039
-0.61973155190084
-0.635868249494676
-0.663373066260959
-0.660753650422803
-0.692889358520705
-0.732687217427651
-0.811466829455648
-0.702567686588887
-0.788911661828859
-0.733191811976662
-0.632247188661218
-0.740176862057756
-0.523434737504347
-0.749509009189625
-0.680140191954254
-0.872588925730768
-0.696452041263999
-0.663497957035095
-0.778185963637795
-0.688825798721039
-0.715042645033647
-0.774838990310539
-0.616469423528479
-0.709008799259313
-0.664661906845583
-0.745724651920776
-0.698559439763168
-0.60776608082958
-0.586580894359362
-0.748786374812732
-0.486990187418085
-0.855838255927876
-0.733237321965062
-0.636314511664243
-0.697424963773315
-0.72953083207647
-0.683844246337153
-0.852685457475133
-0.668721930988299
-0.518070937091131
-0.73811480305306
-0.714260113073603
-0.70371658285111
-0.649372411788647
-0.528242040718938
-0.551310521266815
-0.698642995939523
-0.649974565979943
-0.619529527083294
-0.659476132575646
-0.566492367991365
-0.757614167434837
-0.612425993243414
-0.709057278292019
-0.615549982597594
-0.675473364764759
-0.625872232539962
-0.612869216614361
-0.620156317766996
-0.630411363647767
-0.611797895274224
-0.7090748335156
-0.787050199019408
-0.687478506694905
-0.586832285847028
-0.686559141100208
-0.578510033505528
-0.480836925750377
-0.521647814419512
-0.583051526611834
-0.649823102664234
-0.75171980163936
-0.548057302730292
-0.648279805761803
-0.5489022815501
-0.501545365674303
-0.45249136560692
-0.780060804835588
-0.683965950418365
-0.605225518417566
-0.347387145305621
-0.562189199453193
-0.540467179945607
-0.649474005008271
-0.625898137904422
-0.510241053763129
-0.533498767106227
-0.500503089557383
-0.554412202689965
-0.412135835925128
-0.642703156093699
-0.593540840341827
-0.574364177828914
-0.601458596202859
-0.659601960220524
-0.646053592798397
-0.415453629293454
-0.572879856343714
-0.531262749544114
-0.547284613359346
-0.449234827479394
-0.751427052604368
-0.487147646537682
-0.577573806625687
-0.554914538257309
-0.537739467176617
-0.42244786926616
-0.392950481480686
-0.574706252161337
-0.391707485451182
-0.579904823022048
-0.456618113845706
-0.60891942074426
-0.446330327230855
-0.42775270031136
-0.434407785144586
-0.435436811633942
-0.356856845877003
-0.557427433122371
-0.622706614977359
-0.404618851764121
-0.339435437025257
-0.511539509759514
-0.542697781203211
-0.481071866173518
-0.395802604378481
-0.618824155380252
-0.469804536930135
-0.548044726544765
-0.501894844219274
-0.251714081652147
-0.549195266366218
-0.382398831733902
-0.518131968841086
-0.392031815107966
-0.389006792025381
-0.317979256573606
-0.28580343587348
-0.635300087504794
-0.330880586113778
-0.466466518431033
-0.524356035144107
-0.343937102580179
-0.475370751012388
-0.507924274831648
-0.434862774085433
-0.488387386558622
-0.357964937592189
-0.461366486098243
-0.450604484420388
-0.151329322447784
-0.504378402125195
-0.419488852435582
-0.327335112580525
-0.433703837614075
-0.440035740747624
-0.495821286112816
-0.266887319481789
-0.371535447377853
-0.348821262317322
-0.472159302679898
-0.328086239715714
-0.33026698180501
-0.34452937081411
-0.438621274070474
-0.385097254411093
-0.317360651349721
-0.372292820409528
-0.332102367017648
-0.291623731988512
-0.456580261573397
-0.40441999100308
-0.366263309999601
-0.351399721564179
-0.409705142298781
-0.491826122604901
-0.415392820229336
-0.395074853417797
-0.40254942929313
-0.569085325148865
-0.435675807350479
-0.32291494496086
-0.341881360596168
-0.378665424845881
-0.34378704589031
-0.355234742291009
-0.45216762894655
-0.32054183032861
-0.192172674589924
-0.423914066701128
-0.41133468636663
-0.241082885295288
-0.247732866235934
-0.354863179537515
-0.519940390634177
-0.419314491942205
-0.235093080242728
-0.374002618589656
-0.37851427273354
-0.30350434174929
-0.34030550468353
-0.341332466644911
-0.383539825141949
-0.318543882455227
-0.283695669720978
-0.515461423020988
-0.1736159123063
-0.289480327178548
-0.140637621606939
-0.281653536947316
-0.256238193779698
-0.285119999195185
-0.284700917560225
-0.228641263479954
-0.336083112968573
-0.28584193739221
-0.276382209556555
-0.277342167465857
-0.437419889575457
-0.273031510489839
-0.357588192743104
-0.2646809092469
-0.445745335109691
-0.360554936155894
-0.271760700412991
-0.348493036872904
-0.349836977071421
-0.130214420408982
-0.332036578943864
-0.244879638046918
-0.194552166901084
-0.345355716885264
-0.421803691895512
-0.307818052563102
-0.103760970446565
-0.357650841965683
-0.226621201361581
-0.285363173961828
-0.27951476993698
-0.2689309581723
-0.0978102478476822
-0.335724391519121
-0.279821094230885
-0.230245178350675
-0.207170895607141
-0.148734529436648
-0.324113799104784
-0.333339363411042
-0.241795303528068
-0.25887178535106
-0.32351601885983
-0.202513372940486
-0.278049600698916
-0.311643245283674
-0.390017331809946
-0.293486764844977
-0.208452466757206
-0.179631782499599
-0.252130223215831
-0.229176729861566
-0.319713966129727
-0.213793124996645
-0.0515971205682014
-0.127958398876578
-0.229623536183963
-0.229987773876016
-0.189444159701838
-0.263582866260809
-0.325556287405208
-0.155066453081847
-0.268030329620947
-0.158114400347246
-0.172296624159031
-0.235092499457399
-0.213738880686012
-0.150579025814796
-0.233462029295321
-0.233975558311112
0.000724773134077438
-0.23502798074499
-0.228233958857456
0.0168665745647459
-0.258932200908946
-0.175614825442939
-0.101206299765202
-0.185258534731477
-0.166422076596043
-0.0414401821056587
0.0681648737750033
-0.0597606141558781
-0.103031660700882
-0.0540307264259531
-0.285396205312674
-0.0745622428622847
-0.287908563223955
-0.137262327754526
-0.189814226144364
-0.0339938861312766
-0.0740320346337419
-0.144484850146062
-0.175946628629526
-0.0896397007258348
-0.127820721154994
-0.102329763652313
-0.227096451357393
-0.076027252875418
-0.0293184503547106
-0.201686066980142
-0.311753440446676
0.021467163683461
-0.158548486531906
0.0147673072284064
-0.111939784062747
-0.12135447078307
-0.144874618507057
-0.0863271718606439
-0.161506820864093
-0.145524655452702
-0.0870739406801296
-0.0836398184478339
-0.00963228239487769
-0.0341721315491405
-0.0682053610939979
-0.118417154483027
0.00851845016948197
0.0360119814161067
-0.116694294639071
-0.049485928237932
-0.0453006640629449
-0.104491920911645
-0.0204329012446668
-0.0217492698057195
-0.00161913276270616
-0.035011047178923
0.0304861261775867
-0.095933374112202
-0.103955794438807
0.0406089189927779
-0.0500819354870662
-0.143192454193665
-0.0441780841089938
-0.121514634123145
-0.0480063504598597
0.109600949001418
-0.0497526330327671
-0.0545402044477829
-0.0176773297416417
-0.0221179866379626
-0.110426678522103
-0.08817305808311
0.22842444362876
0.143398807948965
-0.00773334435820516
-0.127800700559061
0.0474516108541575
0.0332829428801693
-0.0701587186510786
0.145105108672887
-0.0375979840526572
-0.0267901805404336
-0.0313993644997864
-0.02857746974588
-0.196555626861157
-0.0555849298385504
-0.0490670731964189
-0.0650745539086593
0.064860877578167
0.0628777433209947
0.126834630104788
0.0701979427399247
-0.0384456897561446
-0.0634913871990054
-0.0169261543534413
0.0577623634354488
-0.0016393149738136
0.133374885986992
0.0678344305547665
-0.0532777145765607
0.0394800939126244
0.0675432394495191
0.052749583164906
-0.0124315874198128
-0.0722714181705412
-0.0402420028137006
0.00967007129414619
0.0355871040875226
0.0389483527185203
0.0691588163336765
0.0754485683182425
-0.106285791665509
0.253779435671835
-0.119693173663709
-0.0328476227339129
-0.00969111030659699
0.105032865677159
0.0696872836728131
-0.0555533029154687
0.0784945685914505
0.166958732136371
0.0845214509066278
0.0976892860672867
0.0367918539498727
0.0390754727641262
0.149716740470977
0.00456751395786828
0.204276851372976
0.262988994113459
0.0418481175436774
0.0680909674446372
0.00014142688011872
0.144110438160093
0.0200123785855045
0.107618944677528
0.0768694718453271
0.015542186146619
0.0808519767309847
0.00251809324720696
0.10012776782809
0.0557706480822961
0.160884347270259
0.142956158455724
0.165620070502739
0.133451397997414
0.118749352729546
0.163272938738109
0.0103246866663586
0.071624490847873
0.108321853624287
0.161343631494406
0.231426356026219
0.220296897146286
0.204653099171052
0.0956295465187003
0.131994083324287
0.146704871995394
0.0394867307234297
0.133020336025304
0.171355773011276
0.173327522180827
-0.0363035789843969
0.243934380541081
0.133456400719143
0.142921571851673
0.223686490359209
0.310925240774898
0.139668224544773
0.155235763438292
0.0933808055178663
0.134463335469052
-0.00836517521151748
0.277709286277615
0.420635297776544
0.136006732283765
0.241283569573748
0.0904798165309671
0.100845450766612
0.139394353226799
0.310692983764251
0.301020099533879
0.402861925576223
0.0698410268983013
0.25758434384641
0.251708498934026
0.12065993184711
0.136759403349427
0.230960836083913
0.227784601112719
0.182818291478441
0.128248307307262
0.24830039323906
0.329266273285083
0.293040790364261
0.241308277402833
0.244568175670298
0.21117727941408
0.205635425130734
0.127350237891052
0.328852547236327
0.283561103878815
0.284888109277523
0.376927582815919
0.293452885554611
0.113628234795803
0.24940418629695
0.220530643354925
0.291328447769844
0.28626324808346
0.434142257115144
0.178855558688725
0.299646266796119
0.193853263114703
0.155780482606747
0.213272548743403
0.193516864946452
0.292647885031357
0.248903044273618
0.311626273139749
0.447034890521123
0.351792208050149
0.321655517802657
0.222965063788215
0.351779759802235
0.290729160579236
0.295435696491042
0.189945237692621
0.348685317783868
0.283397528434235
0.31752705825689
0.308159900277257
0.15535579445159
0.250298098770437
0.350251050650033
0.474077401201472
0.297341079283305
0.360370606989522
0.216948620257042
0.307214619915656
0.213106141256078
0.269232768059494
0.326483811045784
0.290904657841695
0.254961651835214
0.387886077364091
0.459909261621224
0.322306956225226
0.300880916363601
0.440685755046289
0.357766004864901
0.391572414751318
0.397231985272445
0.342737094347525
0.269711308801161
0.175840533227781
0.392403606510138
0.488059869105326
0.320139848593765
0.437581675343928
0.476390234957237
0.342024662424648
0.340419282452469
0.352624035244674
0.305240657110759
0.283122586280502
0.517602502505158
0.364226984681457
0.566718300084268
0.42454068580044
0.310943126910389
0.227867193530041
0.352138940278522
0.479635154818475
0.337257415929597
0.40351403208928
0.315971670531371
0.295380302964947
0.532770963060559
0.493382490118342
0.475714609782567
0.361084947940916
0.421999409860006
0.387298346387535
0.574128229250829
0.366033442209086
0.399711666965865
0.397611326334992
0.448462153929325
0.500298531290547
0.420508126013349
0.334557002090796
0.436248927838101
0.304534647575292
0.364207384417187
0.450523536761497
0.42965475963427
0.376677270729418
0.498657524574272
0.42339836767985
0.412469659477135
0.281433541005549
0.366173126558506
0.366684649630762
0.375569456935996
0.452694098432656
0.456219291186261
0.466756781086672
0.350405703302575
0.313656178801091
0.37403031213524
0.498733956866645
0.574268448218293
0.459188867091379
0.54176512662002
0.467070348512841
0.503419714934692
0.482725878457083
0.40334046843809
0.566989240915623
0.406173598736934
0.532445698407486
0.503551551127287
0.504915400893908
0.599280393052823
0.571861095052163
0.496249353493177
0.47832633395314
0.40402976670663
0.400574570580358
0.530124665084503
0.533271176179925
0.540640194487635
0.519613777831462
0.55418381488438
0.535186114313517
0.479733793293773
0.582288229522386
0.466324997861648
0.398117375496982
0.41945956365252
0.521042202022824
0.638370763359584
0.53136275219951
0.445840837353817
0.550179078439477
0.626896007162524
0.506376633714607
0.416838174959044
0.381341147765447
0.513250650818519
0.598190012403814
0.554854270309742
0.494528910314352
0.480147062157138
0.442974058470659
0.426802398418366
0.361053689535575
0.535363730315012
0.46998340594807
0.710029306036931
0.647151454473922
0.582542733259626
0.635295081916159
0.52811831059299
0.582784555270045
0.491395223387867
0.513487322801361
0.546457385344675
0.377150867673125
0.768909330874567
0.64425718731544
0.592351579201413
0.623759538815496
0.792718373380945
0.588293648477473
0.593889349690432
0.750607499487518
0.762144019074372
0.680804687480793
0.494364610560436
0.609624770180125
0.589478103607504
0.545318866261181
0.679211154931811
0.635034088483176
0.555074464905364
0.694025014756958
0.55064006905003
0.790644169454985
0.597976159124762
0.58021825502051
0.689436437834104
0.635355798152878
0.719571506658814
0.434196861450176
0.677722438609496
0.58895501426041
0.759432048242621
0.603079119468672
0.557700770527644
0.560394743887874
0.631069339910939
0.756590545592721
0.698847119762253
0.601839293562956
0.759794664110585
0.726240023523648
0.446912937402903
0.628018179259793
0.703140524282301
0.732143931528652
0.552614366130406
0.579480508617445
0.609286650079239
0.52991412838153
0.649598209534086
0.738300065411965
0.682353893714682
0.577845477851619
0.549784133831163
0.616612056375223
0.760275006062769
0.704470241865288
0.712977837101828
0.649984413859449
0.691589701046931
0.582741247715771
0.647223397391613
0.772627343373171
0.825173136851472
0.574418120532036
0.73538571592691
0.715223310009293
0.737744797357386
0.676333263625795
0.648974608301451
0.693724064558426
0.661795862997009
0.801142655022735
0.571046072694695
0.75518221181839
0.606968536674126
0.711442666197362
0.592186987092447
0.706066843252923
0.667995943428308
0.545534278898467
0.51148463098472
0.802115238411688
0.594538115297702
0.708093349252335
0.901539909126457
0.807764647324535
0.787656331083256
0.679227932504446
0.762188661393537
0.726972661900482
0.724611489159028
0.737165852839946
0.818103011288105
0.751070774037485
0.760447491793502
0.80012773691491
0.749508845095955
0.767201483879573
0.766404908239458
0.8883336686753
0.895570722179564
0.874181383554409
0.754170513540152
0.834971691724914
0.796067631267063
0.647542160053675
0.720415614487324
0.91050568287575
0.993650531999291
0.574736703533498
0.739564032118915
0.764068395153256
0.80401776774741
0.742609126644756
0.877239829698454
0.88618224714898
0.597954951988988
0.852407547709716
0.89760126532946
0.791527611686467
0.749773398170572
0.826222338139421
0.696882727349506
0.727442396752546
0.836838684757106
0.790319606121433
0.928964969251132
0.952263581311253
0.822751868217103
0.759009413321675
0.921460322828513
0.768906936236009
0.721037325648635
0.978190899629614
0.703873549213424
0.753115554371185
0.798215909326577
0.630705279043947
0.830044291650174
0.853332114095815
0.951028585142928
0.802860726254708
0.757987828326581
0.864134829390793
0.946213998443551
0.88860076631069
0.690569022773911
0.940597617749003
0.875728364857845
0.787743081937045
0.82397332489155
0.750777036499979
0.72755003041288
0.860021116828762
0.941706549714358
0.679186651200997
0.755866141897007
0.948925033912924
0.831273175444428
0.916459103009482
0.964098833859642
0.747733559027866
1.00665390816998
0.901896438846772
0.894339954894831
0.989218720127025
0.848234030560778
0.779402952505331
0.968981099339274
0.862878262696481
1.09685779416553
0.762267206958797
1.01206747626652
0.69680538934236
0.849295245421268
0.999448027381075
0.871830843413902
0.832355572016333
0.849058793970328
0.795741630760019
0.966744369852537
0.763156589591264
1.00912803144081
0.986126981899834
0.954443916740991
0.911432697334023
0.901651982159347
1.04900641737624
1.06762175708358
1.06336657927095
0.840449829042117
1.03383892854635
0.822199733364875
0.981923731216923
0.767797594317876
1.13262330484306
0.997643818306553
1.00857480798463
0.989976497151976
1.02842917602218
0.93508442126703
0.921100158446774
0.981697846281231
0.974615966574638
0.928102272889703
1.01710599972017
0.988217972385963
1.19913129049469
0.863126046520187
1.02558295614184
0.928842966709617
0.976191732138424
0.896532263174282
1.12701446715296
0.909676074364717
1.12391410096034
1.16194078219084
0.926353946956626
0.996965012149953
