-0.817637799039686
-0.947118128375486
-1.10340092465499
-0.932568680485965
-1.09257123098477
-0.964661291092203
-0.993880221421927
-0.99739474437999
-1.06092887419671
-0.879042323422932
-0.897874581509045
-1.17261819897293
-0.971400199509802
-0.907514814461862
-1.03724902961017
-0.97296657401522
-0.96651182463441
-0.923825232389095
-1.02310386349602
-0.967163885567608
-0.959262905469462
-0.925181126304004
-0.818627951702471
-0.855406514969291
-0.964263648168899
-0.92437297715336
-0.878901634010347
-1.04561638181566
-0.917569022268856
-0.895808747040391
-0.904478030496311
-1.06060095849072
-0.752464264445878
-1.08338349809011
-0.911745048418042
-0.863718805232824
-0.930412228612893
-1.03971092392089
-1.05725014249713
-0.861593147669965
-0.941294248136312
-0.832647291745283
-0.938472882475291
-1.01855992205918
-0.845918510541026
-0.863423486186745
-0.931846922438562
-0.924251402420872
-1.00273769631644
-0.82614461612391
-0.920753322154704
-0.890860752558478
-0.864036864272057
-0.854271995709825
-0.727992543659663
-0.913147408420385
-0.891766976113077
-0.862030676974488
-0.882732500516998
-0.902391269946086
-0.778046597951948
-0.941046725821329
-0.942704005808509
-0.954430624067493
-0.998407596378157
-0.835367481583272
-0.919610131074942
-0.811199390114814
-0.852725939815947
-0.909788965056895
-0.927933876316703
-0.885637727419117
-0.982850886104127
-0.920357261196742
-0.845079934815191
-0.885305295655726
-0.846793089102352
-0.948456609636746
-0.86153449453177
-0.861230390234365
-1.00650135519161
-0.735983668195156
-0.859978361062275
-0.781140311469243
-0.832526718361715
-0.729090830831656
-0.806978991745639
-0.846759049766396
-0.818064964469246
-0.874792823140054
-0.767161739771095
-0.827784990526255
-0.687750866552801
-0.906553804221454
-0.767945291907647
-0.729505109541546
-0.784999493522621
-0.869709989450613
-0.881853638490681
-0.792124723697462
-0.695556509567942
-0.716015825518228
-0.717438857353043
-0.743045420361364
-0.791143962016195
-0.681397863377235
-0.76799705705265
-0.75247631757383
-0.717633714757821
-0.785253436169407
-0.660111013851913
-0.693691539982623
-0.861183982257308
-0.642497113736902
-0.849646097119148
-0.590225105577925
-0.78161954792115
-0.766583622670973
-0.602669733821775
-0.810884736137066
-0.748038606010232
-0.735966795321151
-0.769473319130053
-0.739205887523542
-0.583091268070766
-0.533807499422572
-0.823249511206036
-0.663901681345166
-0.752398781290107
-0.582496126841191
-0.735173504766878
-0.617298329620636
-0.647253615807567
-0.720972902211542
-0.868899304556043
-0.750695787856384
-0.837311288959977
-0.507094610135948
-0.68286329635093
-0.844297022284366
-0.705704264226445
-0.6109397216709
-0.663133363259265
-0.695726663988725
-0.809545613250924
-0.7798530805758
-0.722937160837364
-0.751065664219781
-0.664094304217226
-0.762775310881228
-0.616851455122852
-0.914513327788186
-0.752259210583244
-0.692332029041402
-0.645801119739441
-0.751558709020431
-0.523300744724643
-0.504731035682933
-0.704485134645173
-0.667281319325631
-0.735721327000387
-0.648003063066351
-0.675876216223624
-0.591641600962363
-0.70703550786677
-0.546270916909296
-0.588294570103733
-0.545873512294864
-0.683833083297681
-0.562919017294453
-0.808748513623808
-0.643681151559551
-0.762485638505204
-0.633191842685662
-0.614313187282687
-0.345358003067068
-0.71720932149015
-0.535456136573164
-0.551652387374511
-0.62864314879461
-0.814121664699718
-0.596392551055615
-0.676161651406756
-0.566267600619108
-0.691408964399168
-0.66048912969403
-0.518972795328091
-0.63414578642391
-0.654544695637647
-0.646582440944006
-0.510995348245755
-0.587458817671143
-0.577418127225594
-0.761034456819794
-0.706430007907811
-0.5865829876535
-0.711621233891627
-0.604787522189678
-0.432859296058551
-0.620895680777061
-0.59274822444007
-0.633870338829189
-0.579256720588035
-0.454887928292871
-0.658007659993953
-0.574011440517781
-0.633157081295247
-0.642981931365134
-0.603448776806568
-0.566726066976574
-0.402184993127012
-0.654264481747967
-0.604252304117898
-0.357726061316435
-0.554594128916115
-0.629801092171243
-0.639843789059637
-0.600782957860718
-0.623420454201948
-0.633762543810164
-0.549857502642764
-0.442889774664715
-0.457022524847646
-0.488204328085919
-0.546990009876013
-0.606246950919546
-0.555523350011707
-0.50065318805227
-0.542151388052743
-0.638606345216287
-0.495976660032252
-0.432180538090569
-0.52639671555854
-0.235068893738972
-0.448391357424866
-0.602563989503215
-0.430151952984831
-0.521438131720401
-0.618808407123852
-0.451004366955678
-0.471081966900555
-0.624623596097044
-0.703163437614212
-0.532993019632457
-0.503041479810963
-0.527880838687149
-0.556577121868301
-0.518556457863719
-0.541193259634254
-0.349075529800411
-0.451531588203704
-0.513080923810295
-0.575185767718362
-0.516139819706217
-0.523521723176453
-0.334546499577603
-0.506994755229875
-0.489385150438303
-0.619638752063766
-0.472155094891989
-0.428545679774162
-0.449441395068601
-0.445813690501816
-0.489370676197964
-0.453947597519717
-0.480959231773585
-0.564036035547507
-0.417256988494157
-0.442799394365934
-0.360591168517602
-0.537495304654554
-0.50026221176036
-0.399210117060006
-0.438910692603589
-0.402467170809174
-0.288058108488504
-0.322867115894599
-0.658134657874011
-0.373875041119883
-0.439875983028194
-0.321633848739047
-0.549591096091141
-0.43441589613026
-0.496872980706206
-0.372126618798306
-0.520524907294284
-0.289373880642441
-0.517569996168766
-0.524289635606546
-0.549880784180995
-0.349633068646336
-0.39732628100159
-0.492701203108007
-0.279864654109242
-0.458490942530804
-0.411249529836288
-0.393259790382676
-0.346019600394689
-0.309439522733398
-0.32127594582506
-0.421959834672262
-0.38489977029686
-0.354140902769945
-0.220930391715977
-0.381094189030482
-0.410801194266905
-0.356019879218187
-0.397272061737576
-0.398866407496478
-0.451435436628812
-0.320789888144771
-0.320790883108222
-0.351676710000614
-0.323294940930298
-0.461917320618396
-0.438656903768245
-0.385839962746972
-0.310357926469671
-0.339974374154789
-0.307966522644096
-0.217409127635259
-0.430311720884328
-0.542253329632408
-0.430495277711737
-0.261097272983852
-0.406469626301106
-0.367219404252722
-0.379618087032992
-0.332113447897608
-0.394394050469035
-0.380771084568594
-0.253790638729186
-0.258209750588549
-0.324544178382084
-0.369181444778002
-0.330617935038695
-0.219014674331934
-0.419053495093555
-0.291994270252123
-0.338844348393339
-0.293292680195557
-0.29385441364779
-0.258689710913252
-0.295438001541947
-0.20373542509071
-0.198329849521694
-0.166667993558725
-0.348191409065693
-0.306490006974851
-0.242842015282887
-0.3794235433691
-0.242259464246265
-0.263742568036767
-0.336493810558591
-0.217295247364297
-0.188368682413177
-0.147089446455192
-0.335139426651614
-0.172553320262672
-0.186209477843789
-0.160943283478134
-0.311721634579434
-0.345404516809935
-0.323219947765304
-0.257120616327747
-0.326953453539437
-0.29676301994874
-0.130517093710137
-0.0934156408432139
-0.335164134870333
-0.253027514988766
-0.0451597464094528
-0.268812483350957
-0.251774036501039
-0.134928355973856
-0.313058105392783
-0.245018252680666
-0.358585672152355
-0.285510108983672
-0.128595211892481
-0.293223653885123
-0.277097623176603
-0.169998301421108
-0.152070420151349
-0.0628198899328454
0.0533105368049661
-0.317801526892687
-0.23674938910422
-0.174204988575311
-0.144805123495491
-0.253455953289024
-0.102351291247851
-0.279945149232108
-0.312771899269889
-0.0933655514484124
-0.203543892770592
-0.122982689588147
-0.169652230033379
-0.421443401265769
0.0227390880964976
-0.218701590231964
-0.119812896603184
-0.220637480521232
-0.267561761166372
-0.170401887145849
-0.303115433988118
-0.159591830353936
-0.136432113932154
-0.22127565639778
-0.261762627814191
-0.407234989351989
-0.214203703782444
-0.15631907543922
-0.191917163951097
-0.127627848879861
-0.17680797873925
-0.136653086991095
-0.118328475751111
-0.0574497995917206
-0.23207560418963
-0.22644859941959
-0.0516017229074994
-0.194637810626643
-0.0367797158234043
-0.118737819524109
-0.0968087478613019
-0.1006555360757
-0.105462838323061
0.0702078967457057
-0.144730842298692
-0.308277234127222
-0.19863237463474
-0.104913795443272
-0.133488266899922
-0.00327088797799379
-0.0797791488890988
-0.233804784952027
-0.113537427641113
-0.145093197890309
-0.0991950981109633
-0.160689725085251
-0.113039255264912
0.00778434721505263
-0.104698973080872
-0.0927125661777725
-0.108211905041798
0.0520642242573567
-0.145868306218828
-0.0910546180804769
0.0413776214231747
-0.05260873290601
0.0660323570283524
-0.0101827329164988
-0.13394281408053
-0.128979421661013
-0.082792461663872
-0.152691844851729
-0.0375525813057729
-0.12922397262217
0.137132590060007
-0.0521370342232542
-0.171558335244595
-0.145359555085742
-0.186187313360445
-0.0227587494504673
-0.0330261793510231
0.00479928084596237
0.0046303287370826
-0.0838532456908277
-0.142493458089163
-0.0904538279111101
-0.0654908964410168
-0.0803493210211884
-0.0381242400463148
-0.120264456094376
-0.103477802927281
-0.0188929365640716
-0.11343036629419
-0.0353338011369753
-0.0889112249531639
-0.208116383798624
0.0682244843851766
0.0535217599224184
0.0596801876331426
-0.0504990871403235
-0.166862472543412
0.0666708868104624
-0.11384795073502
-0.0691140538331156
0.00124904874507279
-0.133511725878966
0.131651073521048
-0.0120498685978674
-0.00481398058101594
-0.128125316470614
-0.0302207430103978
-0.105287266935401
0.000737083676039117
0.0424221311206634
-0.00311461613529607
0.212547154332147
-0.242008326152718
0.0724340726114371
0.0194770587706751
0.129152444731431
-0.0276149667912267
0.128901103602456
-0.119368440904298
0.086790879290549
0.043791345533502
0.0893626281320595
0.0770067594310175
-0.0854125779387943
-0.111266393655827
-0.0585487507911621
0.100342550617913
-0.137019136862639
0.113785002267913
0.0488553989957113
0.00884532856591642
0.0428315693098083
0.0415571332598692
0.0625583435013797
0.149768745073567
-0.155717022747489
-0.0474645684151294
0.152877434000875
0.0562392951993639
0.0487702171067534
-0.12503813148444
0.0593412791473046
0.172326051469697
0.068215465136757
-0.119023682790065
0.0265165387674013
0.109053446273417
-0.00707010825296018
0.0558242465809738
0.0817147635503822
0.1195242876103
0.174625024831082
0.146668478940781
0.0850799705338583
0.129382824015889
0.110313335529378
-0.0781753923506452
0.217836415561877
0.0731230706406479
0.0176808226238133
0.0698660933799045
0.197821164990234
0.0923538268202875
0.129091936521996
0.166211542510817
0.11913004083191
0.211612082939858
0.0524441065779349
0.158405697009396
0.159970854630719
0.249504232195105
0.135647810110618
0.226472311878248
-0.0337302001756919
0.18213392664715
0.112023848306084
0.106935240508451
0.147905040117427
0.0381398167904794
0.0507788202113179
0.225366550170834
0.176527602485046
0.14025542533613
0.23821073607287
0.234118511914621
0.0621973306930809
0.150784984682592
0.1400319004189
0.068418456667795
0.128022205556092
0.230016238788369
0.266904789448973
0.10226519215601
-0.00049252272853812
0.175562874396215
0.0828493177328595
0.115789389405246
0.113377527934726
0.157139039756913
0.161983482742123
0.189336144950987
0.28075419349284
0.0867381173931546
0.195335228258458
0.312323569939592
0.296275431980743
0.192818753229318
0.0483168059904194
0.120028462037013
0.474776162084891
0.263883328603847
0.146962419756903
0.0998636897047118
0.193624860663899
0.13611077291916
0.203806000760189
0.302624530312703
0.155878747216881
0.294882471929994
0.231764755252632
0.29209806880506
0.0776130011769882
0.156982210838236
0.111521963119386
0.201394547754459
0.156494113121123
0.0965436992672605
0.383465473052188
0.290530419168912
0.253310548154058
0.345802577881163
0.200306438666642
0.320648673516637
0.347667850042247
0.253489778677065
0.282620724407708
0.187161491358573
0.228242907386733
0.36899315901397
0.216798853328454
0.324071894025752
0.324631939675889
0.0963396456092643
0.283257145350909
0.246194282369743
0.31968612901039
0.169969854909126
0.235077782608937
0.144625825468916
0.338820206400731
0.159066050000138
0.36073875912943
0.292184028834024
0.372627202775494
0.257444456000803
0.422712750307339
0.42073548410541
0.315960280722064
0.297928515320834
0.210642092744902
0.295382597430492
0.382340674394422
0.163129328691569
0.244846561589876
0.289472732690763
0.302205765505858
0.302282568224559
0.310622317892815
0.144247450410014
0.385232512625659
0.448052838111967
0.244456489896
0.408459381770271
0.186428237085811
0.228339449791351
0.186228315208152
0.374009458321238
0.545513096472636
0.285585953434398
0.243726858466139
0.344236297260081
0.387146093402093
0.361510228618919
0.45980562507248
0.381978087407503
0.443390887300659
0.224041589502707
0.279054674099045
0.446698334679733
0.325065979608928
0.284043451321848
0.483396014741565
0.447315741247421
0.353194995734628
0.311907255997832
0.289592911018356
0.312170277531048
0.419186070518299
0.387695611560836
0.363862642694836
0.332464118632355
0.333440190281211
0.281855879868283
0.364992963964616
0.380194113167317
0.245295150433666
0.340428370421476
0.330922132939281
0.22454095128699
0.510580648171481
0.440379890201831
0.433640834381554
0.475388486875103
0.587072854869122
0.37338583430549
0.212536692225659
0.512551370728298
0.4563593049351
0.329151445189003
0.490179493711879
0.391615264910072
0.589775972750204
0.340219064588689
0.393408200138983
0.475746475694313
0.402029228490058
0.408277619773516
0.449506349668316
0.454529130164066
0.40062756561099
0.358230978631156
0.410675300668836
0.658445901289545
0.428543700419177
0.553322342132415
0.488946977109141
0.41052408936168
0.601142681722688
0.576083124286782
0.42717879996675
0.541377586331898
0.375051162827471
0.292164752281468
0.482529093071887
0.481180218224762
0.574440642529838
0.349937035094732
0.373538429882379
0.418874229799705
0.372348867531376
0.358740258844728
0.547350607351547
0.48386549549666
0.570259272655637
0.488795815250547
0.434419423195737
0.496008248308659
0.557987093189774
0.551965066827262
0.649731225836426
0.510155736484275
0.443103541942614
0.623557233739721
0.581310470022986
0.462520763592702
0.513262631074211
0.465598902375032
0.475321668535224
0.444168055859556
0.581809586997716
0.623823109358876
0.647038981445557
0.607133574321299
0.571898138824055
0.551584285232107
0.608153770697428
0.623232150464454
0.559619929909341
0.55618503747987
0.568633390928846
0.505098148429474
0.578115160128324
0.516934644408427
0.532152165505381
0.501534467619953
0.435932670704432
0.614704613857989
0.559985824357688
0.631311722854451
0.567772120845154
0.588543145264816
0.550768395944665
0.584078973425337
0.495605363667289
0.605151048729982
0.526309083967951
0.603424810181392
0.574409194704291
0.507005214960545
0.591138152093109
0.474977614838077
0.564475429826843
0.512868104591293
0.638110716982877
0.653553424725964
0.613512195375695
0.494764065594953
0.486621940592396
0.538184935773889
0.513750956134077
0.784480352582941
0.660253632558136
0.423997933353372
0.490999810154975
0.683409742066952
0.616840492493843
0.43454241698829
0.63505099101833
0.635886480065284
0.553576221161746
0.557263136623236
0.585409511388393
0.751728964214772
0.583938590349208
0.562966375831558
0.627854405925907
0.642267008839227
0.544981469672184
0.589821175950376
0.751605386415549
0.641592330832395
0.564821771378906
0.695496151032907
0.687026279570834
0.733692122327421
0.585825250435996
0.713857241576624
0.695377919018455
0.50108882809044
0.586488989246257
0.535230872159137
0.586103657526729
0.726874228369442
0.560924730697106
0.746600306840199
0.722035883318374
0.658185041778065
0.83381807762359
0.650714380961735
0.808904428605643
0.626469757683058
0.722648678873813
0.644501718076025
0.872672582690633
0.646483566732503
0.477849667074954
0.71582537025966
0.797633741974613
0.671873960489426
0.734775543187684
0.592148115213798
0.570961252951976
0.808297969185515
0.678662662595849
0.621841714111522
0.698063089957522
0.926185545191723
0.667815326214637
0.772691958111902
0.780700842471456
0.774722688720131
0.886756696022022
0.638356438187822
0.797333961552568
0.783726683782688
0.678591479768417
0.64492865591089
0.736030442945966
0.600055523440296
0.619732640986765
0.73247418608321
0.606267461092728
0.674653520316287
0.827476237727997
0.76162982536534
0.936386549544278
0.789772794890496
0.751462489494623
0.690654694541361
0.916530479257052
0.886444293315327
0.696249146849311
0.814808653143483
0.729178013624437
0.801413281105661
0.76637322626997
0.722782848843465
0.751011789779646
0.860829282563923
0.658830064585526
0.659851087109106
0.896581223774327
0.841612162171446
0.750874982804964
0.824399152706769
0.788865322526238
0.742418379671164
0.89789938310216
0.843580806454341
0.897959295498745
0.787044662766611
0.70631864487709
0.68950240634036
0.780374777754747
0.850870941454253
0.880153504537914
0.971190162586404
0.905276057512606
0.810323950167806
0.807575800826217
0.843946968390486
0.858341317346616
0.782776322072241
0.678249368202904
0.921792398222622
0.934988799630655
0.992593679976697
0.866329827093494
0.943629500067561
0.861902720408543
0.999772616782573
0.769963204849939
0.956459232314277
0.948291687672191
0.885625006737977
0.854261766188157
0.847501497068538
0.807206053890744
0.837348833085908
0.991923253844334
0.870966725860827
0.92199113194683
0.825247579455748
0.835809524795775
0.992973066726857
0.913219912154964
0.836527269180751
0.932105777706898
1.01179074330289
0.883582024471581
0.959392999280856
0.964681224062158
0.831145860994737
0.887344520317581
0.993604220230605
0.911626008354287
0.828672087193702
0.954167410760185
0.881478075842483
0.879760335096504
0.885967495538708
0.96207516825921
0.81114839465056
0.987034856469663
0.895705013334877
0.822761400510122
1.01351276850236
0.90820202554032
0.858840941066323
1.07126674134305
0.897308066483737
0.98615208335624
0.903647333315162
0.882092858024817
0.85980340151983
1.10279021728314
0.992569327540962
0.733572071876421
1.13018413842235
0.990747363020847
1.01187098762875
0.975859323714794
0.913992763571659
0.902277499025203
0.942702847989866
0.858593972697206
0.880348077419985
0.860847790435963
0.990903879764319
1.03471551520669
0.90349930343097
0.796321233140517
0.92703737707841
0.977070160610761
0.891169114826982
0.962523133983328
0.920095788783137
0.973490792792802
0.941052821000973
0.825379510573441
0.950204528830219
1.00720462937418
1.06285710804162
1.05039040418362
1.03379480623552
0.978319201653231
1.04846424044128
1.14174731648185
0.965391957852694
1.02973514789275
1.15312087044405
