-0.825630353561448
-0.925101240850299
-1.13613648468352
-0.92588699211845
-1.08066696075901
-0.962592155092257
-1.00674757842432
-0.990080266171569
-1.05684321827652
-0.871928712194889
-0.908574643674019
-1.19895976581622
-0.953592678573754
-0.886972960064047
-1.03878206450952
-0.973653701930109
-0.969657708999833
-0.939436487286137
-0.989587160062186
-0.982223668838992
-0.953782347313207
-0.931164451729511
-0.814641617810772
-0.856818591647654
-0.948764342275208
-0.927996578054591
-0.874852118847525
-1.0283667871375
-0.940077884034234
-0.897686125405977
-0.899573719519955
-1.07894489225489
-0.767988492519726
-1.09849800556792
-0.939168119702717
-0.850020392814666
-0.912972724560975
-1.05186774290755
-1.07151114038638
-0.858829843476438
-0.944944896096751
-0.844729744818048
-0.93692165323548
-1.00323692049053
-0.83556324864423
-0.870549566057391
-0.950092299073443
-0.896933578463857
-1.03007893743169
-0.842732664033381
-0.912438560003358
-0.890068143644091
-0.871294568368096
-0.862111835459741
-0.722767022599189
-0.921214488491589
-0.895490236146151
-0.865521625023508
-0.877985158794667
-0.88727555292093
-0.804770070649566
-0.972349734495736
-0.957326344194526
-0.958527129617049
-0.978973674097111
-0.86437463869175
-0.926122729499299
-0.808837411663738
-0.843671013228878
-0.925258877282708
-0.935717833206978
-0.866885232158232
-0.981286585659817
-0.906677046904346
-0.846994966297084
-0.880141945430286
-0.838990831287675
-0.963654286851487
-0.852517366365308
-0.874265465008158
-0.988265185233692
-0.744400060744506
-0.866430927556865
-0.780432044713508
-0.856877537611681
-0.729778433017418
-0.780571172524167
-0.836905601367803
-0.817894474341909
-0.87526835129611
-0.758149550631849
-0.832043757199287
-0.707131327109369
-0.937276117343816
-0.779202442606769
-0.707685105889835
-0.790853766911195
-0.874473074437708
-0.878522376537397
-0.764074786005438
-0.708797710173864
-0.710768663380866
-0.709343503206557
-0.75252262714442
-0.788219197012547
-0.698876074355464
-0.775127566333336
-0.750580165421386
-0.730242403287586
-0.759119644494539
-0.652364322765744
-0.692232100889928
-0.849472662282962
-0.658125548701268
-0.840475645406582
-0.601466592048916
-0.781158026438914
-0.753923039567131
-0.626269338765292
-0.813997270661738
-0.73502984364892
-0.739839002959361
-0.780207910116571
-0.728604363536806
-0.583675125958414
-0.540669215732299
-0.834736509133922
-0.658118228729215
-0.746044830820166
-0.56448622025915
-0.763612233297385
-0.614515047830391
-0.642121288848005
-0.716589878828563
-0.879973278682288
-0.76829602668891
-0.848341418657227
-0.530094809801016
-0.675212783782774
-0.855094937758098
-0.724495255164723
-0.622713201411097
-0.670644515862457
-0.694571265133572
-0.81273887764573
-0.779503021926019
-0.697660742384346
-0.75715659518539
-0.660939949819763
-0.781224249215804
-0.600370509001285
-0.925263988732
-0.738282681238253
-0.688090792260781
-0.644301675492463
-0.749609541879944
-0.528090977412043
-0.520736914321168
-0.706252499443201
-0.672840171658588
-0.735162520465589
-0.633870125188904
-0.678489988714759
-0.578835517007988
-0.708916043986765
-0.540850328904881
-0.599745483739363
-0.545940193763533
-0.707630797477173
-0.57956430718311
-0.794829098065337
-0.633207387282178
-0.749515847083673
-0.624548037237411
-0.622349152940372
-0.355993278286193
-0.720387431023679
-0.560039028598586
-0.546897195368326
-0.61963358354056
-0.80623063658542
-0.606596524624883
-0.687252833657931
-0.540407953161893
-0.716698639310877
-0.65754962267858
-0.506338907130494
-0.625858514791574
-0.625804146188307
-0.65573069824143
-0.500227635176224
-0.612842505519943
-0.571857257908347
-0.737131883961915
-0.717553331261667
-0.591880771731913
-0.730755812101676
-0.597497295451681
-0.446685640722366
-0.625042831531712
-0.586115551086831
-0.626170472144594
-0.580014765445364
-0.445161875520042
-0.629934044254971
-0.570881583209073
-0.59785421529513
-0.631579447142259
-0.584968735956847
-0.56526421302429
-0.416753748058739
-0.656865281411282
-0.632807804486735
-0.357673091421944
-0.570720909310078
-0.647757463672409
-0.626581976623081
-0.582179338580963
-0.627773330913862
-0.644310602442268
-0.551303193753807
-0.474398556250508
-0.448471953475089
-0.496152770140311
-0.542844241706307
-0.628199571565333
-0.559197233352281
-0.512469859588931
-0.559144513298652
-0.649991737792517
-0.481632600709754
-0.415123531008744
-0.501536579152615
-0.219958312921424
-0.451588711752706
-0.573452545933296
-0.447212851008794
-0.511299663084137
-0.624759082221045
-0.449455959723015
-0.464614850829022
-0.627197987564909
-0.697491539699483
-0.535744064576888
-0.519981947390024
-0.544639940010309
-0.560110508550662
-0.522050000051136
-0.549328141267224
-0.356623824909113
-0.448593791911002
-0.504975678174109
-0.570608695395786
-0.506930359988254
-0.545258769321283
-0.349678133160857
-0.506035629258395
-0.475024750967123
-0.602018507532921
-0.476978404146411
-0.434776201020725
-0.447126395289647
-0.448165874977108
-0.494434003638091
-0.465246141249639
-0.486937363118083
-0.550906818055265
-0.420218368679302
-0.432786905999418
-0.367227739139912
-0.546883575194138
-0.481274964781895
-0.416801360847696
-0.453338669147993
-0.428985175814701
-0.303640418182467
-0.332027759571247
-0.642866639996956
-0.385932646006672
-0.441601061786258
-0.310294492034804
-0.550518196757181
-0.435098506374458
-0.476531007880525
-0.371276149707756
-0.519136532969211
-0.276634254989839
-0.526340676999541
-0.51177905350173
-0.552396981043298
-0.327017894157354
-0.389078185868854
-0.474920793316479
-0.30832494701388
-0.448090817446476
-0.410623581314646
-0.38495660024615
-0.337446342059768
-0.313352372784694
-0.308172034874089
-0.41871996216588
-0.38743312474734
-0.365221846526104
-0.226121992513778
-0.417866547996891
-0.408290451225974
-0.351514931031959
-0.399448761103701
-0.402372195913207
-0.461267390467074
-0.315442870190241
-0.317820967129478
-0.376424037878404
-0.337405423833336
-0.477443100449579
-0.412252891809204
-0.363866811744832
-0.327259989214299
-0.346529082249161
-0.311357382950262
-0.203266684979034
-0.452345357558082
-0.500606847078645
-0.445911707253652
-0.260501686529542
-0.402057850590031
-0.376103485784724
-0.402011894208992
-0.31204250668587
-0.369646111932396
-0.369908471764432
-0.252390688746066
-0.242957300041336
-0.32243390741084
-0.390671022529731
-0.325963604531409
-0.226454448134362
-0.433030827273806
-0.284022314228184
-0.350289660404363
-0.309247767138779
-0.294513977368606
-0.239706143309557
-0.281919445697289
-0.203301297409444
-0.177868341075951
-0.191745951975089
-0.340268134054599
-0.315087479154939
-0.262927697582841
-0.375812349519165
-0.251177019646905
-0.279569621068906
-0.339151625930944
-0.210382659790759
-0.164989113282051
-0.16661323639564
-0.344744417784947
-0.164901426468554
-0.181215419690364
-0.136464782902175
-0.296274372200615
-0.325991242473371
-0.330293074267507
-0.250501641251707
-0.315781847324126
-0.284620185607391
-0.126187649873827
-0.113871151991678
-0.331186062971445
-0.241497536364336
-0.0592693797329795
-0.265537487930897
-0.266271827662623
-0.136321400931802
-0.304059032712642
-0.243319267367152
-0.362773820098437
-0.304148364013445
-0.140508286086638
-0.295206023716052
-0.295433128402386
-0.153621362865974
-0.138075767065537
-0.0523010477382068
0.041943442240525
-0.313131836161604
-0.195374595956438
-0.17636539607231
-0.137672620432397
-0.259227395181586
-0.132238509659238
-0.269808252119434
-0.335033844734628
-0.0876216933682858
-0.232925137069401
-0.120316066035
-0.193885331763266
-0.415864077452107
0.0310613777144737
-0.216397593655021
-0.112297177335165
-0.221216547304417
-0.269140917463689
-0.17595984158622
-0.328249862255054
-0.138796425952733
-0.154905530183011
-0.211890197534242
-0.240574326185961
-0.387809661238738
-0.200476177176066
-0.150737373003162
-0.183993857056905
-0.108620025840198
-0.189662135392436
-0.167597496643893
-0.153337570935961
-0.0623337075725997
-0.227464547330553
-0.230265323089742
-0.0519980161272839
-0.188135773801604
-0.0320881972122225
-0.1500724011352
-0.0965816642003388
-0.11315743878295
-0.122149540239296
0.0915076550856248
-0.149675483941582
-0.295811439008831
-0.19697624620764
-0.126612615363598
-0.136037437105896
0.0335975591145047
-0.0913466471878689
-0.233887095511207
-0.145773334687496
-0.147276376978774
-0.0873350644137361
-0.16444347765538
-0.126250536538455
0.0150470044105046
-0.0833796427817022
-0.0991572724587107
-0.0935726240408784
0.0155517971861427
-0.164208081717932
-0.0968292281402013
0.0629632903661715
-0.0592562634765954
0.0657754062357308
-0.0100516538148002
-0.140813454625078
-0.120952253395517
-0.0939879128611805
-0.173109185689695
-0.0701635537847255
-0.1332545334464
0.126401379223152
-0.0456435364925999
-0.153430874614994
-0.141337642386348
-0.185130370398122
-0.0273465963228525
-0.00807294150632195
-0.000192114229038266
-0.00217785072222156
-0.072014036151272
-0.135643758047208
-0.105510024406032
-0.0571116363920634
-0.0622124905072274
-0.0236040884437539
-0.127621943161522
-0.0904191177544082
-0.0179124809089263
-0.113244245159403
-0.0207607355087613
-0.0878334260181867
-0.222110599820375
0.051848459359157
0.0268439148525552
0.0451023303365925
-0.052819816199649
-0.191604249055574
0.0627238063360771
-0.129247653101707
-0.0597389745031826
0.0055719775404116
-0.11408909058162
0.128886219499489
-0.0369040786964661
0.00275112419566043
-0.112490756864377
-0.0170078528653459
-0.117288870822819
0.0117979228926383
0.0570838424876496
-0.0180686034838075
0.211271191741906
-0.239556822078847
0.0567327066215859
0.0131956396165721
0.110002948861623
-0.0278570230561239
0.127366890885031
-0.145494139934309
0.0767422988570299
0.0246992131083911
0.0704952539505112
0.0836592158741837
-0.0956613814927898
-0.129247127635337
-0.0574466993114336
0.0975912197992225
-0.137282390427083
0.106944246593622
0.0555003646393742
0.0245387942903141
0.0437397877793955
0.0370046921573837
0.0571783110149308
0.161854396762518
-0.130739121153267
-0.0563209667726579
0.157263427570369
0.0573878874270514
0.0796738613889072
-0.11817341031303
0.0322313431139914
0.165961587532818
0.0648055960336431
-0.111940091352069
0.0278688379272763
0.0963482472348016
0.00119098734009637
0.0504583486586796
0.0786487495380598
0.134297143679826
0.153036606683972
0.144249069053974
0.0995024521606021
0.130948929589245
0.105877420867512
-0.097303162938328
0.222937493569563
0.0760732806404383
0.0378974658473873
0.0841571544710039
0.199789698515859
0.0922042808442923
0.158357018352714
0.174234790074835
0.126423229196899
0.218109683837328
0.0425735302399556
0.146314253828259
0.187932371668611
0.239840016807889
0.162497871749869
0.227961442757345
-0.0380435608908996
0.19871291357928
0.126196461664809
0.118297726043161
0.160645487674743
0.0133486072932481
0.0458062670329257
0.212085409733021
0.190822568726758
0.184131292385627
0.231491915313912
0.251138198817276
0.0530631541912964
0.174369440441554
0.135476530330806
0.0916533662067072
0.120150690740762
0.243303843617911
0.262475908784323
0.107949487493404
0.0115430318800168
0.164489238703802
0.0659051113968966
0.121651047183884
0.103217182417263
0.159764553638238
0.169867752362621
0.181460995066308
0.290830396554351
0.0877481493074337
0.186099380306325
0.292407227923277
0.31857184755337
0.192316981157964
0.0509776066876687
0.127701086801989
0.471044374116997
0.264478908760819
0.139607995752583
0.10266053297807
0.217921907751412
0.136239209496076
0.209092176056683
0.280746558190645
0.152513301313017
0.285492669304292
0.237875453171223
0.311626820318959
0.0691784335479917
0.160247002786604
0.108165921598965
0.163273735205355
0.149378349146714
0.0966573750268415
0.376385294260876
0.306118789207181
0.265283741350425
0.314135005590907
0.235696237584602
0.312960374271785
0.352505740359377
0.263790143316215
0.263488976127271
0.200793839975197
0.218806627645536
0.376130513566087
0.214634893559014
0.333197564770935
0.309709591537819
0.10706966834626
0.304447864524709
0.252594231474065
0.325684787479151
0.152114423420296
0.198971552303761
0.150710807583008
0.351046329859407
0.141752507667584
0.340338176106304
0.29530425057074
0.366049299390028
0.265729607862159
0.457724076543236
0.40803843430762
0.32859161609288
0.279257607319285
0.21177439862375
0.290204404679429
0.369543221788733
0.167173339203788
0.24604138616042
0.296090806670607
0.313489255289549
0.311405271536149
0.288382535685835
0.168982080251828
0.383621642077434
0.435955734503196
0.240457124673268
0.405543424661824
0.191343128646649
0.2336207599572
0.203791199073062
0.384311040845551
0.546695639405223
0.286218357135637
0.218529576827259
0.332106409885021
0.393888475881396
0.366156806371483
0.448259087311455
0.379093514110498
0.415813295655863
0.230181385492526
0.266072414735638
0.444378427386286
0.330575945010086
0.254189853899041
0.463666176246562
0.464549637891633
0.353283391229508
0.303591692850662
0.289492413223994
0.314937854621359
0.437694681309695
0.398615197440242
0.354654285167546
0.322740357467575
0.33834367628519
0.268244960008602
0.370994963714947
0.382382176558275
0.233807224763472
0.350400106371222
0.32751437580707
0.228029043482681
0.516323055280018
0.438586865373792
0.437852109086534
0.465642767193164
0.595786598525559
0.359496079282785
0.231313227366954
0.528722035907813
0.44632735816536
0.366394169584263
0.473794452605509
0.389672614938566
0.6213609289825
0.342355146708915
0.392928796599643
0.476656317761804
0.401488759764765
0.418163772102429
0.450868434203228
0.465667492792185
0.424251288409216
0.376209663724183
0.405307467091695
0.65576470213501
0.434541901296663
0.580756284766419
0.494893362616104
0.370268316863462
0.611153022295766
0.596907550163928
0.431489480541925
0.516661703231041
0.365640334711225
0.293852539631994
0.488940934536996
0.471362608685663
0.588775292865959
0.349440511962388
0.386920610134666
0.401655078715112
0.367836750811904
0.385499144525313
0.546814753059134
0.464173999619393
0.547896750470937
0.482239415183699
0.437218854922086
0.504124169170915
0.570610770177748
0.54511705780079
0.647347794455339
0.483128192337356
0.454547182841282
0.628843711796158
0.567028812107154
0.470157866694431
0.503441470175855
0.470868638113653
0.473427195275307
0.424607548706846
0.590557732952984
0.616542724102842
0.641950817128059
0.613916652323626
0.573775139006587
0.54516374898032
0.607629860894854
0.614594128312642
0.556263328179884
0.579998258393297
0.570347012669565
0.502066358410252
0.550452394778131
0.52068779046592
0.516539914969386
0.519324194957434
0.443095875851819
0.617604715043983
0.561103427873226
0.627427462475188
0.57639349817692
0.602968198277899
0.551381016210005
0.561894342588423
0.489235626797697
0.603781072521666
0.539581887735508
0.602161303444428
0.557142781798751
0.503072886159263
0.564467747521654
0.486150736655721
0.573145995440609
0.544098116591786
0.621075471783611
0.626376870854492
0.606245751827558
0.479172045127643
0.517372976220497
0.543508659421166
0.520741036153597
0.790183122628601
0.676634522023715
0.425460835678844
0.503818472713089
0.677430217234112
0.600171669362267
0.438287508732551
0.625394079918643
0.620414343793337
0.559632779333425
0.560421150340729
0.559163529549084
0.758855667680166
0.591378106342895
0.551922465554989
0.626011812767039
0.651262783806741
0.537059539917632
0.583917277849979
0.740900187435549
0.634899626686575
0.578416941065613
0.701625590591794
0.686688866520656
0.721104942958119
0.592808949956669
0.704237618901372
0.668300695384639
0.478820548431147
0.568529269830623
0.557814056900786
0.588244748004442
0.715816295014305
0.573183880423135
0.74865624073381
0.711578577677889
0.664351336926276
0.844302978852974
0.657963654437376
0.803441310853615
0.639831890956733
0.727976799499671
0.648963383649874
0.86717618486393
0.624212286428738
0.498964441147165
0.739349544558032
0.794055889917497
0.657451483813462
0.748120440961624
0.577855497328873
0.553480517393571
0.81212238559511
0.675405943387971
0.604476419590955
0.697048125247614
0.943295359369442
0.669099530945768
0.774807971096145
0.774705231251766
0.767947175734036
0.871093443264529
0.660571835235197
0.788637773772906
0.783193703604277
0.637036387411184
0.671090273332482
0.74326598860501
0.621295102378941
0.639611742385638
0.718415518596274
0.579741626464102
0.693015055644286
0.828340194674603
0.753215646506977
0.932109666951327
0.801519329009932
0.751616090848826
0.670898582646258
0.913545010427245
0.894782267809853
0.691625604542232
0.804082881590953
0.711085209043929
0.799527334726537
0.784252877616817
0.732340927441344
0.746333616337922
0.87326187806148
0.659834591312234
0.636825755337573
0.899196336661053
0.841179075349263
0.76806401232182
0.827780220731252
0.79656907729943
0.741062302343719
0.892422111630085
0.842697272381079
0.93112182067773
0.793265928475736
0.689219280233312
0.682126667732623
0.792886245119153
0.832473107102484
0.880487305131555
0.992877202963628
0.907460480072339
0.807697133923049
0.807332691414364
0.854674790322676
0.849636597069671
0.774298908368583
0.704555080828226
0.921529717391643
0.983917023804014
0.980761972193887
0.890257392709754
0.945458294888981
0.868533026910038
0.999743458609074
0.774087163749859
0.971704475410105
0.952652413165914
0.883982020359672
0.836922336630188
0.864613142425358
0.805510335059745
0.831635615553361
0.99448744163377
0.86917462333214
0.914387032225914
0.812115044865093
0.815666551253323
0.997294161709493
0.909193830971672
0.858388308310868
0.93607723654481
1.02982071600345
0.878470533603607
0.972301690102138
0.957898597761043
0.862949962027984
0.858982702515048
0.969878333099017
0.941723829457553
0.840183017691511
0.940447092336175
0.887362514007105
0.884181098845003
0.885182423464715
0.970510725285251
0.817187163436062
0.986988155598849
0.889926946918262
0.836552423532749
1.02277926680236
0.896385115217927
0.876494971639405
1.0850792450323
0.897207860317275
0.998601969170274
0.893588237884668
0.885263834295519
0.870382674766157
1.12000004416936
0.981084428078186
0.727232408727559
1.12691658654587
0.984062307799649
0.995660667623404
0.991718263545387
0.914045861513891
0.921679839017336
0.920253331833748
0.855866861769618
0.859581589099525
0.88065791433378
0.99904268977703
1.04284662382612
0.894367727514827
0.811461657694868
0.937966047889421
0.974355422182798
0.885880270668537
0.946943478663213
0.919566994052759
0.989237166968842
0.948909774409072
0.824974719202412
0.96725115611479
1.00329454503902
1.07067797202964
1.05242269352189
1.04738593247652
0.978633544742237
1.05071478369712
1.11197244868764
0.954892324679909
1.00528832049588
1.15173564168412
