-1.11523953179993
-0.947271557605727
-0.883368078686436
-0.988305622906686
-0.946281766061895
-1.1041984254939
-0.984602522465193
-0.989195262256161
-1.12990989678004
-0.877407490142636
-0.928244011206311
-1.05295335973136
-1.10521364135354
-0.943610673083739
-0.999155723519051
-1.04866756892617
-1.01191593845604
-0.954942608686312
-0.894633328705633
-0.96860386759979
-0.829468384476422
-0.912574496349804
-0.871680295096169
-0.902953039031696
-0.904314620611998
-0.985104525217146
-0.913131027557294
-1.04660547765949
-0.970440849523718
-0.943758330579308
-0.809761020141852
-0.854713522163399
-1.19724732521631
-0.866141572680837
-1.02871933934006
-0.917696238726338
-0.977942278343644
-0.918389028364623
-1.12692033601032
-0.904701300519026
-0.768904599578493
-0.963900476994209
-0.941038125880038
-1.01147996484951
-0.880806659146359
-0.916992863582926
-0.874300675411191
-0.937595771616242
-0.889992327140573
-0.941992776492128
-0.96626776058192
-0.856127450281849
-0.851452851046876
-0.830467251383086
-0.77652163973912
-0.79727021151341
-1.02859505321642
-0.769285848772018
-0.770230141165906
-0.731868841543421
-0.999023475641887
-0.803438922755387
-0.895376740988539
-0.787453162809467
-0.856951581244858
-1.02777647776628
-0.786207916463286
-0.826466598147441
-0.780830800071544
-0.697489953286096
-0.712715844755386
-0.740715628540055
-0.863399595921328
-0.98204158928306
-0.77640755982585
-0.924194031846848
-0.801907095233908
-0.955043219064403
-0.785340153932472
-0.870732230718243
-0.784784686045885
-0.837777002185594
-0.95240482088604
-0.826201971065336
-0.768612192927142
-0.758465534354396
-1.03407754853554
-0.884290429267118
-0.884867535682498
-0.736801229586398
-0.641200624801553
-0.676903333712901
-0.781339455808596
-0.931057780032428
-0.75197392704145
-0.799289579911458
-0.861550498285388
-0.876216157098388
-0.798180476293379
-0.805434437401002
-0.823668921137015
-0.832237765926913
-0.804508160573299
-0.860751831214922
-0.779995773363444
-0.721430679491148
-0.895504839604853
-0.728688985338683
-0.759523456250454
-0.798794978709382
-0.628502178385002
-0.979790050028898
-0.695365612700191
-0.828269806378879
-0.775288809942396
-0.785413924841937
-0.867690648926667
-0.704967811550515
-0.738564383032139
-0.71738170663489
-0.771578479353237
-0.754972744157338
-0.78735750940603
-0.634524081634486
-0.730783278874123
-0.772767228498
-0.573876680427493
-0.700395244459234
-0.787867376031422
-0.750705863969927
-0.510490487903243
-0.692751980590782
-0.782466616827217
-0.788252041295029
-0.659556771737945
-0.706919186840659
-0.661451555216247
-0.625474851430976
-0.713273965980277
-0.881545308249685
-0.728676927698132
-0.696895229189349
-0.600973406234359
-0.662031979792128
-0.670295887765283
-0.661081678516066
-0.633410606830221
-0.68409939108751
-0.828499213052067
-0.681732641241193
-0.783735669971797
-0.733256416921633
-0.671689184927736
-0.803370559453058
-0.530852257878979
-0.637389889049423
-0.766804932773302
-0.719147035243093
-0.642622627544034
-0.729396204054839
-0.76204356937945
-0.53813887043869
-0.702385631056184
-0.601750169969885
-0.807893378332477
-0.671749875633614
-0.657173132657626
-0.626776473621732
-0.646240408602226
-0.76269598721427
-0.751964585409185
-0.540437286355332
-0.682994338062392
-0.65043423497257
-0.479878429517583
-0.739111294432713
-0.585758525681227
-0.733470884285766
-0.536032962877306
-0.513056464774576
-0.578252940659951
-0.744134939634323
-0.515683008171352
-0.582619112738942
-0.59847839391548
-0.524850556163533
-0.710651403942969
-0.701606433350325
-0.692612735347387
-0.758090430795719
-0.663080903285199
-0.755973716376849
-0.573592822417436
-0.625298760011629
-0.436125148138255
-0.538973648696399
-0.602275715994501
-0.587863807527966
-0.561836324686098
-0.623686359438292
-0.605007589382379
-0.61741818190156
-0.634203817715115
-0.522621001692344
-0.402477556725447
-0.535388691998145
-0.69434570979371
-0.45189395885067
-0.564213098219055
-0.476798225471456
-0.574195010042218
-0.701245552009958
-0.591826873875728
-0.531168407332324
-0.588634815772108
-0.421864648575938
-0.456148121585604
-0.543319323721285
-0.647838608633984
-0.646055245721954
-0.624862791509146
-0.588048380008373
-0.622184880180383
-0.62172869413897
-0.566206881399138
-0.540866722377378
-0.678493267145918
-0.629015621571656
-0.588104993660934
-0.582323708632011
-0.670663796812202
-0.561200830221234
-0.542629135457613
-0.360943374177119
-0.595583561169047
-0.569793812817924
-0.2724936381518
-0.563730052863783
-0.455067223805009
-0.605083224671915
-0.607734907615601
-0.79550652838814
-0.513466219842364
-0.491262392413251
-0.527822206887226
-0.588553647450712
-0.509050126599322
-0.4895987081074
-0.518561503557308
-0.506187544072551
-0.425334071620326
-0.358531640692032
-0.564634316519755
-0.51576147265034
-0.395426959904234
-0.435907569908096
-0.482933964624294
-0.38036186505652
-0.455488875500567
-0.559888320699348
-0.466106947186635
-0.604562276918607
-0.482495042044082
-0.435218893700656
-0.449285685222741
-0.40066939278266
-0.585924927636141
-0.612089895452374
-0.334048261803776
-0.412064898514964
-0.400091055743308
-0.361506301921907
-0.4312381399948
-0.418043471031785
-0.369070082312258
-0.498643783467494
-0.429697902427229
-0.657490628352289
-0.518812627300384
-0.527091636773797
-0.478904747753486
-0.467437180160923
-0.395773783439068
-0.429260193420202
-0.491862041372181
-0.272224858203684
-0.341487300823099
-0.437604163210846
-0.425535948244168
-0.306232188425398
-0.394138448666974
-0.476145320713634
-0.297296736020364
-0.453934548103158
-0.394551695206967
-0.323453628733444
-0.40902611319311
-0.317404624299546
-0.403001002181668
-0.330806130373677
-0.374704806065234
-0.419183145079786
-0.349831945044267
-0.237808476554142
-0.177812602734089
-0.420819696756133
-0.376795908405303
-0.399164668134341
-0.430223239006949
-0.439463280160426
-0.309706772978741
-0.407751510371121
-0.162871443816235
-0.363982586361337
-0.283360311313744
-0.541575851159774
-0.344072612931042
-0.335732790907694
-0.459375493089185
-0.277579043768487
-0.380078406404528
-0.354717485670533
-0.333554211041878
-0.324930973047165
-0.323003772140578
-0.417492690963646
-0.357914701585607
-0.442283785387801
-0.312375717783186
-0.309314984704104
-0.373850697189699
-0.451838298798616
-0.354980498284906
-0.379919398956233
-0.350653678907471
-0.321393138207745
-0.421726855108022
-0.273543622701681
-0.246459254922638
-0.284350533748115
-0.37166971903261
-0.338307561825375
-0.439661830829209
-0.37205575631242
-0.392376797450943
-0.300940468240226
-0.390861992105598
-0.209038131341014
-0.213634021745252
-0.25104609702236
-0.352411759690504
-0.21649268520009
-0.215579954352411
-0.350666890417596
-0.295866704259374
-0.185901154505976
-0.223995309884648
-0.208275150599063
-0.409844976938804
-0.184934644893988
-0.204243806376503
-0.302785973475035
-0.221680519464895
-0.168056535811376
-0.318979801635376
-0.256854897199362
-0.192252065159014
-0.192632226760695
-0.38038694141355
-0.317055488783805
-0.243103500668625
-0.422052056696133
-0.310437712374677
-0.242508979457404
-0.418307302368063
-0.160501812453813
-0.275889606486171
-0.152308080486702
-0.188472599687967
-0.341314768427475
-0.293445921838001
-0.259175878637886
-0.327718964246844
-0.299638463480948
-0.209690137991615
-0.219650905220601
-0.333591816278333
-0.237420780962176
-0.298893654792201
-0.113418607526365
-0.238980626641943
-0.212988047565224
-0.178268134093132
-0.0597758598187205
-0.102870297908104
-0.104740665495723
-0.0865118653826093
-0.313418103472619
-0.173641225250791
-0.331589237035455
-0.327562770618287
-0.110781785806611
-0.291190068705662
-0.0932176989168237
-0.197842711151501
-0.202813539508706
-0.159915539195742
-0.115765243416907
-0.117805229085661
-0.274868572544544
-0.228535326336103
-0.104188137735209
-0.0569918352176422
-0.129179015865087
-0.204421083336849
-0.10515778399478
-0.188558644240943
-0.263265770613792
-0.180005737472515
-0.165458468543576
-0.150195485995332
-0.228812150901524
-0.106943964270222
-0.143347581847503
-0.26742487045253
-0.0656107646016556
-0.144637229921069
-0.236153516801153
-0.172095707830277
-0.173870402539166
-0.138452275755249
-0.207222036772847
-0.106886893941377
-0.208523611719468
-0.206885556462056
-0.0688111371373408
0.0417998364993604
-0.122458678660101
-0.0448618216818219
-0.252540271855671
-0.148675153907216
-0.193735795991416
-0.127044284001612
-0.0960909040161966
-0.217844583891466
-0.0431665284922288
-0.0122370428710387
-0.205362861979633
-0.244009200712362
-0.301362138300875
-0.0968881283410318
-0.0938939764275204
-0.188831610404999
0.021086638203649
-0.0690368216040609
-0.112086526904529
-0.0820215915256341
-0.026462627033897
-0.145337882942026
-0.155876744957739
-0.109694437006761
0.0229385558572667
-0.020568608131086
-0.0642306081570116
-0.0817160994568072
0.00393124906932715
-0.0452641535187856
0.09156141862343
-0.230559029765309
-0.212798114584772
-0.103827281031707
0.027473053517738
-0.143067732393667
-0.0805955966587604
-0.0881934094788728
-0.0859379371179096
-0.0900420367307553
0.00311335147690194
0.0880059236336549
-0.196019426885541
0.0851246996907302
-0.180547942837528
-0.0745638258666189
-0.219566444420485
-0.0330934510960841
0.111199554255441
-0.08220363051619
-0.0838701829794529
0.00301817594950508
-0.0270583639553676
-0.0195020911028063
-0.0398036378960199
-0.111666536275139
-0.0448807047134167
0.122816583180535
0.155759246951701
-0.128759864840461
0.0346830846014502
-0.0120315459772454
0.162898434956289
0.0707178124771945
-0.0214077471478222
-0.112939443433431
0.0552796362324608
-0.0281288942725678
0.077436977909868
-0.0347185905484051
-0.043625422960384
-0.0520212058041806
-0.0240657799094894
-0.143533468857374
-0.140698055312083
-0.0299746162952995
0.00499533317527932
0.0715444421806066
-0.0435707065024823
0.0220270745049662
0.146019479887138
0.128693454880679
-0.0248225731510031
0.0426312063421902
0.0839830844422209
0.0512785203479354
0.0917842221857022
0.148420829054742
-0.00369166206209155
0.0312597502104928
0.0726268604030601
0.0958310255503194
0.0429486877306704
0.0459876162335005
0.162473906097113
0.216506886470044
0.123436771132143
0.130224320706638
-0.0259904967231072
0.160873822708411
-0.0521560621101614
0.0822445117028462
0.1343763569514
0.0440955909145521
-0.100210403572312
-0.135529094384054
0.0656923022129592
0.0754558145806636
0.221700766837474
-0.00184854217484317
0.0403598588919478
0.136189967056171
0.153474783824682
0.138867349386602
0.0860097134837539
0.128235640537908
0.21085320310373
-0.00608287862881315
0.0145336378017672
0.274882759518656
-0.0480599710398995
0.126157820436029
0.219014071152225
0.0770300720502869
0.11383333149396
0.213583913172321
0.262924049878125
0.170167655130816
0.0994691720344643
0.121745019686436
0.0839600269715497
0.235730758930879
0.17630199260267
0.0839781387231731
0.294603314508807
0.0359477661734543
0.0650461025056067
0.179760666708957
0.103467465291443
0.168055891869079
0.0881720363911237
0.0791795966815575
0.146592821538633
0.147101253364588
0.0491774499032348
0.282569078407173
0.184156170351939
0.262339142830386
0.0246941168570763
0.0529514081649999
0.235894044156465
0.00510500311779228
0.323564718532175
0.175646625479177
0.194111389913234
0.170224398047595
0.259187047326914
0.228371741263611
0.161328115825095
0.185086666133063
0.166235643212766
0.235131847808775
0.307082372600964
0.282883687535409
0.133225378266371
0.162180799062835
0.149131035379083
0.260328617831984
0.328885300183046
0.198708057867317
0.177657431963566
0.157568112432685
0.272097926421708
0.280794805677156
0.21463100766832
0.215494976202529
0.147860986767751
0.256803201768671
0.235100570670604
0.163663122561616
0.136561842922888
0.24981917997022
0.241613838914034
0.210867713457589
0.240503852496715
0.2199961669193
0.202619187716644
0.244271642085862
0.178681823908169
0.18226267108136
0.305305268328996
0.347194129999749
0.298970166456037
0.347603729042841
0.261987343730017
0.336407079014213
0.240648048532778
0.0232002208473909
0.168209211176731
0.387872609104756
0.0676498331169218
0.244538702245117
0.221316798056475
0.275383539995118
0.428956146616571
0.366006484358187
0.40237670069854
0.305822104848139
0.269689671087375
0.271940337567514
0.265212203178962
0.286831091190772
0.343126011583045
0.514295780794555
0.43120138075898
0.292410432168218
0.169838125428794
0.223774707396674
0.20335415905019
0.415860498166521
0.27594970708984
0.243138139851151
0.261823543517018
0.36144887216513
0.302255011081936
0.371764480718518
0.370653940091684
0.268829872806626
0.28774554337105
0.331173885388924
0.319143441486081
0.302097211496198
0.191650628098261
0.222928173944376
0.377443799267975
0.334124079180165
0.218234733130192
0.515637998933265
0.325865202588306
0.23484318845837
0.392420337390222
0.327158553177699
0.368160617043309
0.444814748511181
0.387076733677093
0.428714369385419
0.0944343470726241
0.321098778521466
0.48204319989517
0.249739330400915
0.400398140338158
0.473278413540722
0.370434638945422
0.429949152354673
0.280504460858329
0.351827683868318
0.304264574947579
0.418438759224155
0.536754036458724
0.230333030188554
0.27206220028442
0.382220444456878
0.363584085580481
0.406832552731373
0.37227326412028
0.400969036257282
0.426081934626888
0.314292942661266
0.460055756038882
0.379283370127621
0.423552355152846
0.303353803378304
0.437404562918435
0.343764662096607
0.386070983410608
0.453664192869935
0.425867458145111
0.476317726758849
0.437355823635285
0.386150905320553
0.486575376286731
0.668096389494706
0.559508679978579
0.40128629965442
0.414607314556491
0.453932415488865
0.491819599982092
0.487831666580895
0.424612970644982
0.368186859790256
0.327135113527823
0.598737147467624
0.511095623894423
0.602098265448495
0.296780142211924
0.541440112366378
0.453545447602715
0.368908953111348
0.520834711087699
0.456458304358757
0.437129334426956
0.43152900932431
0.444718021675902
0.575195320462151
0.480089304924522
0.471223196186188
0.558882948066548
0.390257141780704
0.452528249613789
0.418286604633878
0.566711289763912
0.395955958776072
0.425157067669795
0.434859246011232
0.423049314725562
0.438506938704179
0.512908815149962
0.357321368871893
0.520602538857261
0.606480895825105
0.565414842586297
0.609699105401152
0.480461086903844
0.565106357130582
0.492003895834079
0.508677438004787
0.527083749596127
0.714876467404702
0.526182446768472
0.531663411636889
0.439606724445324
0.549540636797
0.558747957101378
0.507042032221077
0.515423792112339
0.592990868090921
0.596004293128842
0.727874119753149
0.638914997984581
0.460513410499787
0.392512000610208
0.722248443948414
0.474290269793311
0.476370280680335
0.606687703312522
0.505873643662349
0.627307698318192
0.556051987232272
0.626658820287878
0.635999233751329
0.614118674444391
0.686225243332088
0.603196496666303
0.542824042192168
0.608996993836577
0.565619869256274
0.466272028631684
0.653840440272191
0.642825468361634
0.63947997344819
0.693602926573179
0.612770962754538
0.474231267067876
0.515207450955362
0.583455783109278
0.543810003554936
0.536478928279967
0.52535473397307
0.627263389181298
0.653118234119695
0.670610761071808
0.588641130800166
0.55390557357929
0.802984349168267
0.61691802128617
0.702042410078185
0.680330460524033
0.692662169302833
0.653359421030978
0.686717060781774
0.519873870007886
0.697084386430335
0.579299246508861
0.487582771030104
0.627190658217351
0.427987823059049
0.497334373588783
0.836061830973279
0.567787216995417
0.782548095260947
0.73290694833878
0.578525969336927
0.548321762103285
0.600769174317509
0.687682303417699
0.748613990659725
0.546258840736803
0.698993681980686
0.44072656344582
0.700250318589501
0.713423573386899
0.682676819646207
0.687976961404116
0.814054283740455
0.661168470312777
0.771553751330704
0.679631818842433
0.589056823601141
0.640866452674233
0.722642001275592
0.735861393340669
0.675875311421162
0.746683397561069
0.594671873989872
0.589948452899643
0.673905442093133
0.657374752958103
0.541328677598489
0.713844203247586
0.650544586557327
0.765707843926102
0.667068007943747
0.709376913867548
0.742254578065757
0.799163463852365
0.693738654790944
0.57978793048668
0.664831301880263
0.738142303871403
0.58497369349319
0.582739349548889
0.682624552810649
0.774425016263665
0.87272670868155
0.71221141138142
0.658276551378421
0.72541923869305
0.68241018210072
0.640965701090341
0.750388794168882
0.76800867953517
0.75008554879887
0.741952188103584
0.967251803753192
0.718820033277984
0.875119547697833
0.836231732358747
0.477135113937584
0.695344921612695
0.862984324621513
0.78870106418191
0.786150712636063
0.844020227019355
0.606691733556111
0.721761333424986
0.797160558414398
0.689631360539729
0.810088000738384
0.880995776548652
0.824183721361461
0.784626793837289
0.728551949844233
0.936021987457443
0.969454379098955
0.653460961249266
0.982061808353819
0.948489029501212
0.732183338141508
0.746613704085029
0.820004360916683
0.954938519085286
0.785274587387941
0.851468206078809
0.857450853024861
0.913082998683405
0.893985830867647
0.922761292721463
0.745624652937363
0.792315150769278
0.926170237530955
0.904742951507751
0.849289610746833
0.902921568843924
0.804178690365999
0.698961496774189
0.839368244091434
0.785783997673782
0.940959868178691
0.765650871019112
0.733753051444405
0.782089842364416
0.881602862526196
0.916824891405172
0.844151238334756
0.756866140316243
0.937619551419886
0.866252187283679
0.946363464796381
0.95171444232986
0.912981202413151
0.783543545274503
0.91206034879716
0.759492131607326
0.676715041833373
1.01747362265866
0.963967679284737
0.843419418643604
0.796583791496283
1.05625923803367
0.887558350491392
0.900642142059301
0.941849263432194
0.848246498358578
0.874727070523463
0.964654586438525
0.942907183002167
0.953874229311535
0.779524294303772
0.892346428214451
0.837614129928618
0.871280988144881
1.0779199972343
0.894315371867972
0.896163582728478
0.870965855577942
1.03095886757554
0.892856320782836
0.89821224675565
1.03178990640723
0.982584239759687
0.987894986412521
0.833114230500197
0.932442330908945
0.753403821292134
0.932866809246145
0.86247026833887
0.948809455997331
0.918099776099942
0.831053721424532
1.06908274510491
1.07534305597408
0.907150707432984
0.861783732048508
0.770806508688087
1.11296268439299
1.04871634732199
1.0076868152139
1.0512452319111
1.017996105499
0.846887777338465
0.979843801489056
0.899715025258492
0.993869869070869
0.860622005077153
0.969171883586894
0.927587027635608
0.950791979074331
0.902946562551851
1.06050574774933
0.96956322670068
0.999615496907942
1.04065511733385
0.972755483549021
