-0.821182357995217
-0.960064659160016
-1.13058784984133
-0.946832940908622
-1.07667786305663
-0.966713636649638
-1.00794052766525
-0.990729446607043
-1.08808229557914
-0.893163228321641
-0.904952745271671
-1.16294524532581
-0.958493939558928
-0.899666853932379
-1.0298844909836
-0.972660235646035
-0.978664232429133
-0.948207402439195
-1.03721751599405
-0.966776024087639
-0.933844526038985
-0.922331923650452
-0.818145023206255
-0.8512218322979
-0.953241289120127
-0.931706177044195
-0.886633399223824
-1.04611718446396
-0.928676454269706
-0.88231661830525
-0.880263465107554
-1.06348459632088
-0.775050478997923
-1.08810748665946
-0.916352064870074
-0.859338451528311
-0.92825963702772
-1.07571303113854
-1.05700227000655
-0.854745059854806
-0.949387834528285
-0.821556417262945
-0.933415158293093
-1.00244024599748
-0.842689391028792
-0.869990767098678
-0.951469033540239
-0.936245388423895
-1.01691053235956
-0.836644877314066
-0.908655971905067
-0.906860335667692
-0.891621638947269
-0.854463149148863
-0.717302817619551
-0.933563060430713
-0.907753866981715
-0.874383064900578
-0.876069417937492
-0.895490836867928
-0.7826859249569
-0.965611506851203
-0.962268042380784
-0.948248023487773
-0.979099585986589
-0.864747485261112
-0.916170018244146
-0.846172001846187
-0.8666256968507
-0.933961955246742
-0.948297731887411
-0.896927607650495
-1.01805447383524
-0.913506427782928
-0.855687460677918
-0.897475928598154
-0.821639151323291
-0.94439460410178
-0.864335835019925
-0.862193101814506
-1.00892233571949
-0.741948494599498
-0.869530398667396
-0.772729579099381
-0.827897376009779
-0.718374900933526
-0.796393111258761
-0.858657603014
-0.835689015147333
-0.878927828949796
-0.767626697757292
-0.810048889354359
-0.700290304194852
-0.906932700227795
-0.793191554961065
-0.722526328562589
-0.794051456892151
-0.867268098125741
-0.886968245166425
-0.75654891927971
-0.697949581459067
-0.715518562615759
-0.70419757379263
-0.76918526097788
-0.780478787243127
-0.685272699159114
-0.784449713192943
-0.745625385140549
-0.722489533522197
-0.779224797957425
-0.637409538538673
-0.668571067694479
-0.848558350257062
-0.635466990904733
-0.828193047803422
-0.576441204269931
-0.791238492422756
-0.765053815145177
-0.612274760726387
-0.800177318413823
-0.739022450185383
-0.74033450435514
-0.793228408845566
-0.726781569924823
-0.593671354328141
-0.540811827974586
-0.830098518691165
-0.672276029933204
-0.749038463184818
-0.587771424040768
-0.752470474121024
-0.630461107799301
-0.654498523325569
-0.711714834180231
-0.887085154696587
-0.780589349762192
-0.866344631285906
-0.517724559043482
-0.69052747813306
-0.874437579944295
-0.700670142562272
-0.622800076402555
-0.696877776050125
-0.712010524489024
-0.804414668906357
-0.774356775795285
-0.723129483503345
-0.75755940054395
-0.665290489287857
-0.783177617120424
-0.597363228549544
-0.926027269842115
-0.742415723051616
-0.681461698847278
-0.647860350505436
-0.729026099353085
-0.54941988052306
-0.500032639847118
-0.702517702645373
-0.66920907001039
-0.749101248852715
-0.660253260160306
-0.667400739658719
-0.584389832671583
-0.711292594200003
-0.552453888359217
-0.612433005665425
-0.532163878979339
-0.706122181598185
-0.600283135722157
-0.793569754044025
-0.633782137018143
-0.753809277103047
-0.619281985245887
-0.628705711994065
-0.350654305472569
-0.722040674379455
-0.55156282984416
-0.555741334309503
-0.619779310473404
-0.81427652531297
-0.595473783744407
-0.696200088813473
-0.562368208008669
-0.716386331919285
-0.648025308514518
-0.518478795187248
-0.632028384570402
-0.649134030121948
-0.648657262926172
-0.48912305527346
-0.60509463176445
-0.566912780118263
-0.728973026677364
-0.68301476972691
-0.588451907667992
-0.72628799199641
-0.601125063010732
-0.458455775912883
-0.626922595336386
-0.57519473092858
-0.632454401308174
-0.573927268949742
-0.482738023922846
-0.644189398347196
-0.573543929216349
-0.609852004720897
-0.641475202372805
-0.593969425057955
-0.57264903262557
-0.410064859561291
-0.676511459362635
-0.66012816915671
-0.362014554054369
-0.564845308295141
-0.632049249469598
-0.627065688366725
-0.584280079914425
-0.64063083961955
-0.628974622294733
-0.551352791669171
-0.473814157601461
-0.462353618436589
-0.481974641639501
-0.542358676295138
-0.606897467349771
-0.563059749612785
-0.488476699895931
-0.549280498641678
-0.638008528488871
-0.490145305753247
-0.408627298547768
-0.518444209097467
-0.219994857468352
-0.457029378375296
-0.597016566157391
-0.437077189419856
-0.501833080519886
-0.630993712252536
-0.448715494490901
-0.465126087885446
-0.628364433314848
-0.707878076722626
-0.51588019422705
-0.507977396866118
-0.52664132877255
-0.560410345889109
-0.524288821002961
-0.537831699037117
-0.344007661674805
-0.443923077886502
-0.517200958620886
-0.564316455722553
-0.497586512640079
-0.54065993683822
-0.347723029626967
-0.491392932726721
-0.467697626048656
-0.617567215677437
-0.461162977364815
-0.437292335336466
-0.460896947773888
-0.447557228642031
-0.502288015875192
-0.463409687263978
-0.49886845704921
-0.55912668888372
-0.414553675570696
-0.441773407299682
-0.379270272848066
-0.546382230831427
-0.484135213439011
-0.425965394654306
-0.437004567993754
-0.407452328183211
-0.303793229044077
-0.326980435397794
-0.645718155720902
-0.394029589792375
-0.44413750870145
-0.302763257641432
-0.567693532194405
-0.433089268676241
-0.503624856190585
-0.383243126245513
-0.509476866670239
-0.272116669637324
-0.509922441349116
-0.514833647324359
-0.544039608064381
-0.324883636613326
-0.381710797474468
-0.486388292786971
-0.284024544228122
-0.427802584846752
-0.407768257120161
-0.412034465254671
-0.345984280260718
-0.315981584842788
-0.309842288248359
-0.439758319029843
-0.394205889400423
-0.35831100249196
-0.243685036589145
-0.409382722884614
-0.393824285939862
-0.362310997257846
-0.40254391673203
-0.415689151622791
-0.44818047283604
-0.317511314335717
-0.313963256962007
-0.350016557733495
-0.303572479119099
-0.482656352591933
-0.421762394151563
-0.348266233083401
-0.323065532805374
-0.350852518691495
-0.314660820870503
-0.169344159250418
-0.4341435704814
-0.525625145084246
-0.442413559616915
-0.26990947909755
-0.401158951884283
-0.371788519695656
-0.385933275741771
-0.304953519127729
-0.38359649928284
-0.362555428962968
-0.246127116182342
-0.239265894324566
-0.315875521673594
-0.377580286358407
-0.336060644385115
-0.224568938665207
-0.4226954487793
-0.277883767520791
-0.350036666735223
-0.314028564602308
-0.282753043479707
-0.260472732346173
-0.296527808355579
-0.204536809339401
-0.198699069659249
-0.18071332751256
-0.343739707735873
-0.311850257021832
-0.25847641436801
-0.413238077432423
-0.267654063923331
-0.261443305672487
-0.346209541267897
-0.246503598863615
-0.176200078933987
-0.161433192943344
-0.340039973453923
-0.186078189845393
-0.195519550331528
-0.148801772214773
-0.310362974685475
-0.326181072221154
-0.316327391397155
-0.283763035108475
-0.331442846155106
-0.297474131578889
-0.139324265177941
-0.103723324908746
-0.325328729106916
-0.243100633525325
-0.0606949750619764
-0.298951409650404
-0.26241842437289
-0.139937850868731
-0.302976808930335
-0.26269931227378
-0.34611940630098
-0.280019664846389
-0.146291189460812
-0.286686476042463
-0.28462017806926
-0.151447236833983
-0.182356511483107
-0.0502704767949815
0.0426049037093323
-0.305985252290259
-0.204230361226602
-0.186947166673445
-0.152393466306422
-0.231486736076239
-0.113424144205835
-0.271581974585024
-0.333736129891958
-0.100203276263867
-0.217529561178972
-0.122261804072857
-0.168933882330496
-0.42867533265886
0.033272709265295
-0.24220651420756
-0.0847643715097324
-0.208605909135098
-0.264727883478279
-0.162031934913358
-0.332693194234253
-0.137845117674975
-0.147793643762846
-0.196139869758277
-0.256206229623958
-0.395444370514
-0.198922557067918
-0.15185594171689
-0.18621445559142
-0.114116507702511
-0.191208842685855
-0.14808307090196
-0.137688257181366
-0.0258297076345726
-0.255182977472596
-0.228804586854111
-0.0538396709954747
-0.176618118138747
-0.0370313332606254
-0.126471415078693
-0.115121411245933
-0.0983891424073566
-0.148365850476565
0.0643525356896876
-0.135130424754348
-0.298997091091595
-0.196630478994045
-0.128356583868036
-0.134481088135869
0.0206395807025136
-0.0879512167722856
-0.246549443331542
-0.122796759062453
-0.163045171051662
-0.0977984097715713
-0.165517918531818
-0.13347518512105
0.0068179872511922
-0.108702505009491
-0.0833651437001211
-0.119176352662599
0.0441887289535058
-0.171516278640695
-0.120512677630048
0.044927591921269
-0.0658032169531652
0.0700895320158184
-0.00327953203888657
-0.118110544673698
-0.11214088572845
-0.107849836383788
-0.163073353261192
-0.0264053516590824
-0.110159458294166
0.123570780330796
-0.0379105047416533
-0.15393662125494
-0.14595888549977
-0.197108488926991
-0.022510450840921
-0.0126465756477453
0.00812231395697446
-0.00623651255525475
-0.0865910478587656
-0.144306128129616
-0.109417637422276
-0.0523663795762471
-0.0586922535901492
-0.0481261280698489
-0.120644166009087
-0.0928868244753603
-0.00744100623363246
-0.112785637178851
-0.0281578924651776
-0.0978657464765578
-0.22998577770181
0.0296590335952143
0.056859325101751
0.0390733172664212
-0.0466155636372556
-0.186824338550664
0.0735418963657186
-0.116299992734851
-0.063987324144558
0.00383466293110245
-0.118684479487613
0.131325064303111
-0.00110919444486316
-0.0121432053653215
-0.115266074449198
-0.0265204166941237
-0.105316917629682
0.0172063507904176
0.0424860266171059
-0.0416566282314597
0.200919383303769
-0.220074434190955
0.0656545699366523
0.013359039254413
0.11504588027013
-0.0357941696394888
0.128090404810684
-0.137238154407227
0.104876188955258
0.0509426776640993
0.0644022132377958
0.0756099070005521
-0.0839059777078814
-0.125236797835346
-0.0504342909599335
0.111412499808009
-0.13491083577736
0.115487805581612
0.0615620837797381
0.0197491401643131
0.0546688044685826
0.0605918893699833
0.0558470987718676
0.157169273804523
-0.128862713792243
-0.0513322464033168
0.157091584081676
0.0521985782886682
0.0704884835445179
-0.106866187709471
0.035067229880784
0.169895959508452
0.0666409762547297
-0.127726308077804
0.0256688944463154
0.0855663661267185
0.0158457070060862
0.0442684119064087
0.0999320275148439
0.113940860479858
0.164446113504013
0.147202027685424
0.0923325815690209
0.121839455832016
0.112277698656256
-0.0711359847119764
0.222124500516703
0.0763119582572502
0.0153630853143878
0.0903290690224169
0.195935351234564
0.0990069855719913
0.149460379314694
0.185744879794028
0.141095860834697
0.236737660208837
0.0523244016147926
0.16209905389812
0.162973311586804
0.240761080505701
0.145212646599715
0.22443415470746
-0.0350610126444487
0.171691564825462
0.115553596557468
0.104151630240016
0.158584291095317
0.0247134513336896
0.0637369209533141
0.224243433073708
0.202149888602614
0.181364356910197
0.221700114668802
0.260595831814058
0.0610432761603793
0.154908497840121
0.125059778232736
0.0527451791872487
0.15977037541879
0.234299217330206
0.255957161959352
0.132619085470775
0.00261871774195522
0.163343609796447
0.0738926307320542
0.12386784409721
0.0996767027896958
0.142577309482585
0.181511962495199
0.184002371635137
0.280795695650382
0.0892818930576473
0.183319394174393
0.312241697986031
0.300427476840154
0.216172886106249
0.0496887174244089
0.0994038536350136
0.456618816624635
0.272606487182064
0.128320197001151
0.0999784021550275
0.203737467796064
0.134135130241969
0.208212816572427
0.293989748568313
0.149734526925279
0.265130671778184
0.223534672697524
0.3143982521629
0.101936847448381
0.175844956800226
0.119196880429931
0.180363950401076
0.168628775858021
0.0984222871730259
0.370180295116589
0.299148029586831
0.265742287069718
0.328519283958548
0.218919379788541
0.306587907560808
0.346390662868542
0.244247466810403
0.269621823599262
0.188948083898356
0.230053865986183
0.357577842772932
0.218347544803604
0.300274082108486
0.31250473961205
0.0921235213750393
0.283349946681342
0.250192183326493
0.326632601306147
0.157750174781019
0.21623865549776
0.128079826855442
0.353648189048856
0.134018282039632
0.345027754944324
0.278029698282632
0.358009411068925
0.268056554901731
0.427027730158299
0.430427397931205
0.325679666683817
0.299892575258666
0.186265333685502
0.312255007375487
0.376242275811003
0.173197974160901
0.243694125692085
0.287053661935898
0.319091629601396
0.319825761853865
0.312951683302682
0.139449224575402
0.402857882135146
0.4201596642638
0.236639594525702
0.400958598525306
0.180934520303309
0.226477997961307
0.192346233825382
0.385321200496752
0.574150185520152
0.267163243012707
0.24853418740889
0.341169775608367
0.398957688841035
0.361182677188477
0.457713578566262
0.366028357201725
0.416024035953519
0.237494779105376
0.256287255885111
0.433306572728242
0.318626119125673
0.272325489305144
0.477926831214744
0.460266606233495
0.332942880232299
0.310364110758124
0.304049524991165
0.30103639005078
0.417745083710304
0.388518678051849
0.364463164592647
0.328714370715398
0.330426999607617
0.270153552620393
0.357291787843944
0.35979393948059
0.236979816707952
0.346910171811324
0.326361504591931
0.225764243430142
0.50816313643803
0.442825606372519
0.416144906351105
0.4579388881235
0.585617221681666
0.360353722231891
0.227898506510664
0.511330671330066
0.436949372212297
0.349975971313222
0.496099149651108
0.400106689662049
0.599433775989138
0.358439862815326
0.407597352275078
0.460040830094945
0.399172556023766
0.416239231604252
0.450447593422028
0.446109303485849
0.394296002612444
0.373455349292908
0.407812201291173
0.668451111331402
0.449573245510017
0.576308954476968
0.495494202621151
0.396756307756695
0.612444243901408
0.577659347164906
0.450906320025746
0.515171071403694
0.369739957015638
0.305565165828436
0.489224294187369
0.460410393550308
0.582895595727079
0.371390905450204
0.387031811972701
0.406871647575192
0.380901212740206
0.372625561043354
0.558388308633415
0.493780396029179
0.55712637299444
0.499699768203498
0.433417067164123
0.474423203772614
0.57104973032582
0.572089091568975
0.638540265916841
0.49286813845042
0.446861720234666
0.629465466127721
0.579097394120778
0.450164404012396
0.510628699201228
0.485861390238826
0.475663156184082
0.404031827933403
0.590963067304437
0.606740912617942
0.655361229082255
0.619339925516643
0.555349632153781
0.551088815132204
0.59705882875177
0.621689085397887
0.577653885572424
0.553528575742327
0.55389684867707
0.500747948211527
0.581229239154443
0.52916859996724
0.546408638438553
0.519103050471478
0.4550487224461
0.614458989995193
0.569557549351013
0.62729466081403
0.576256976369551
0.599516652820449
0.555085885052636
0.570228270549191
0.478218387353142
0.595227847785978
0.523892815522171
0.582876332116092
0.579977333216396
0.500826737820004
0.587544597624532
0.491270708005724
0.546254664679122
0.504665320586139
0.627429219611391
0.650305843492688
0.608446730201139
0.491606139702138
0.48549198755925
0.551892180397139
0.515585832498241
0.794467546523489
0.660153456296095
0.426965735196556
0.50701010787528
0.648258049026481
0.606631756032997
0.442515113411269
0.638236225595841
0.612223167956866
0.554540518125787
0.562851781436412
0.578020755344929
0.767671794425654
0.568051064050344
0.56851829806866
0.626771081254934
0.607001379107771
0.55852545270655
0.596029913976872
0.760619788194055
0.639223824685608
0.583589448133546
0.70866074317482
0.707613388338117
0.715082769544605
0.580116652070164
0.70398710844337
0.688981176760391
0.463048184802307
0.557739977019625
0.535284574313831
0.618482231898256
0.7211205134152
0.571194554839126
0.77424716728206
0.722414338076013
0.656207515096163
0.861333624645848
0.659970428126304
0.768018426813234
0.646072282932101
0.751376381432961
0.647102814549552
0.870526381427283
0.642800368932806
0.495807144936961
0.733403319352908
0.795818860124718
0.624733131323171
0.738292402381281
0.588461632070659
0.552438992707457
0.810894357910386
0.685053616496134
0.604417358516084
0.713758448396561
0.94252355315408
0.673253084846244
0.782413162409057
0.754469254847682
0.779138126293336
0.878569366308634
0.628180032957864
0.78366008944647
0.787398250117231
0.65409817911394
0.659734921949985
0.735594558865218
0.60847064150679
0.608540817391522
0.693405164768347
0.585277514763102
0.658989146604617
0.825034125073371
0.754374746938304
0.912701386218857
0.798903449662714
0.766869029041362
0.673938931263814
0.924875082909428
0.888153905247488
0.681686293457753
0.825044799791967
0.702016684727985
0.83900287410132
0.760790001665538
0.712494257085938
0.747750793922064
0.875799233078916
0.679127449642292
0.644073954395781
0.901445472305039
0.837811614420374
0.764472277235884
0.850461018309836
0.799713300939321
0.725147719215489
0.88519841805092
0.841649096319566
0.904159720197991
0.790156151565514
0.70361550545124
0.678978047150673
0.797666457077539
0.835769292322179
0.906727303950373
0.98233323490529
0.889113278715628
0.800115737308074
0.797181779434704
0.850368383626556
0.846027973710564
0.782652161117491
0.703773108934396
0.901236879866706
0.96151746201743
0.982834792622807
0.874413433580137
0.945437027610937
0.86740082201014
0.996692731879779
0.769402858566799
0.967354948118971
0.930945576545895
0.869822771160226
0.848503530086596
0.845123253317009
0.814477341366216
0.839973249860029
0.990695078848336
0.869116442023879
0.93446504860493
0.811804541030506
0.819487055181746
0.995343148475562
0.914217322990313
0.859941431640684
0.935567871160554
1.0159519298082
0.898344904543393
0.964199518942143
0.951359734353667
0.829570962548302
0.868575934144487
0.976869866736321
0.924904728264136
0.850033965509064
0.958122069264313
0.887494818310688
0.884901491203125
0.882826945165574
0.972136304365292
0.80814223801279
0.974486973061241
0.878092836272492
0.825947030494424
1.00640196741108
0.891440948051777
0.862732962202067
1.06345974112404
0.884534516207835
0.984613898187067
0.898889901178046
0.886686637313153
0.851166560478026
1.11861566635758
0.993953363640442
0.72192574016717
1.11216703829599
1.00065552762227
0.986456720869463
0.958946178320188
0.93288875027712
0.89808848556728
0.931330668942463
0.847332482924066
0.867719001723999
0.880464707702284
1.0142179811724
1.04281960637826
0.901353349348781
0.780480213045323
0.929758409640093
0.979600986082851
0.90425523325017
0.973494985936572
0.926729581968588
0.962246735439083
0.94625416455922
0.826308607521355
0.958885443291503
1.00859047640781
1.0516976900284
1.04755646885853
1.02016824136769
0.993915662577487
1.04653527257718
1.14036378218747
0.975076576047118
1.00049241865702
1.15485325821595
