-0.974129081066715
-0.968780107912216
-0.932358780686606
-1.19185092886592
-1.07414937695054
-0.919062936261444
-0.757506254470982
-0.884695959287532
-0.984830649896195
-1.0053207086183
-0.948271042031624
-1.04778117483398
-1.04568729732417
-0.998664891413166
-0.880268645853257
-1.19183361829764
-0.952196329373996
-0.964585685678276
-0.985126246643262
-0.870429276703193
-0.876771599499718
-0.867489967147617
-1.09656665114211
-0.903106220434568
-1.00041449399633
-0.945782831633247
-0.911877206518335
-0.94066496651424
-0.989182607838866
-0.90729540371093
-0.915107719289807
-0.912554978058772
-1.09839511013401
-0.770984674834832
-0.945712648881332
-1.07327702201496
-0.92433386788958
-1.03426107360831
-0.88342317153945
-0.973672516017884
-0.820210613187528
-0.941158707354298
-0.914036152257102
-0.884426915147217
-0.751995172511281
-0.826406017793159
-0.988157434973143
-0.916888430914458
-0.740727508929536
-0.943266172839886
-0.836470867632995
-0.90446172783504
-0.790492047682424
-0.97612043660143
-0.777792915220559
-0.958581621474218
-0.994871862669332
-0.932012060356968
-0.834022940963837
-0.995122284635
-0.888855127176321
-0.931040603886835
-0.971201485240337
-0.947376777591044
-0.886149961233028
-0.666446626082957
-0.844951727425861
-0.909865306827032
-0.920682752902781
-0.889337601428176
-0.943142870977872
-0.80869179773787
-1.01012195328548
-0.874907541964478
-0.901941562578009
-0.862580433809772
-0.793798241358624
-0.858078304468717
-0.862043457669848
-0.801861591671683
-0.835873232238577
-0.759223744396246
-1.02878228833029
-0.788804423725051
-0.724043049754256
-0.907651484697081
-0.798035096105154
-0.740958357337294
-0.829180358513138
-0.911687149554721
-0.841598438412729
-0.712524148493989
-0.893337758171877
-0.732483227943783
-0.797024674068164
-0.742673995931629
-0.780292584733584
-0.765957436225401
-0.787187720810083
-0.790740054087388
-0.777040947044636
-0.757682637676729
-0.968462210593533
-0.852420791498191
-0.755054663529349
-0.830902264559886
-0.80909683532263
-0.789995418749752
-0.849936530684408
-0.661131230607433
-0.786938183888814
-0.697963394306124
-0.721745916151188
-0.717976451908054
-0.91771513367379
-0.768330306908117
-0.87729829933104
-0.673130834380329
-0.741152889216781
-0.634061293034084
-0.77573830634881
-0.755669492620469
-0.683706147024642
-0.710614517191192
-0.62245534300992
-0.653874140537146
-0.779292438982665
-0.706754783454648
-0.821849535965667
-0.728419100082114
-0.694271454716288
-0.826987449044384
-0.701736077727102
-0.65870371208896
-0.529005621503461
-0.646456856927006
-0.615485176833076
-0.635402490289879
-0.667768946467495
-0.633340487362503
-0.678761693396462
-0.741040175842765
-0.842378787412412
-0.707133940174556
-0.787076879330529
-0.713011497484172
-0.650696410424762
-0.75420445843767
-0.526392885990189
-0.758278865904753
-0.68940873671766
-0.888346218310746
-0.70232737765121
-0.664545946945494
-0.782019984824604
-0.677502752679055
-0.741677315844925
-0.782991893535194
-0.626698307426283
-0.713350401849952
-0.674019124456144
-0.732046921154772
-0.726369583243552
-0.615995795633464
-0.605966717073749
-0.741665479246752
-0.491894366629502
-0.871049900608702
-0.733533200882625
-0.652240152415695
-0.704165417846481
-0.752653253706505
-0.670734870335885
-0.867819233290735
-0.647595220680058
-0.519052590858877
-0.749925623143205
-0.696607763521413
-0.714021231539331
-0.623395098430241
-0.526067307790341
-0.523515298732734
-0.690576641143765
-0.63937398146272
-0.625632348941648
-0.684670466986035
-0.572097042299826
-0.747403457267345
-0.59501946456468
-0.713656300960634
-0.620912225590818
-0.681476692194644
-0.625206729997494
-0.60095498363222
-0.586624271508587
-0.631537918386572
-0.617004324184298
-0.713530250294805
-0.781692581714062
-0.68344965118306
-0.569350040747134
-0.677991967161104
-0.585171786825947
-0.463602219932793
-0.498458851578259
-0.571154986989468
-0.655103492521713
-0.763122540176484
-0.548911254100682
-0.65454663740264
-0.541822720554521
-0.523344998659053
-0.454009651117426
-0.767563545300041
-0.669383682483184
-0.593386161997582
-0.363585332941225
-0.561094793912001
-0.557240598551728
-0.641326721944833
-0.61968561921841
-0.517424823355707
-0.532139711225046
-0.499646904363063
-0.568016041878025
-0.391628979002971
-0.643456542580941
-0.587260022443188
-0.563685015586841
-0.582768060902444
-0.629248467787613
-0.633717965052756
-0.443252987453516
-0.595663155910104
-0.524445320137416
-0.55460311155278
-0.45795593237182
-0.765214613369828
-0.476537789635083
-0.562148737425258
-0.529481678969554
-0.545110051200693
-0.442602685797288
-0.362061692827343
-0.566934484101179
-0.391784741313925
-0.559611778160475
-0.471800396475831
-0.603638977080581
-0.454019950015884
-0.418263606269358
-0.429261784616443
-0.454360624202724
-0.359205783791376
-0.555883280220309
-0.615817622634761
-0.408951006937725
-0.338884121281885
-0.527310729008669
-0.53576777973232
-0.480962100305704
-0.396955380718231
-0.588907647874402
-0.477187408435869
-0.545117783984441
-0.505757473052864
-0.240567249874908
-0.563087618631378
-0.386477453488924
-0.529910865512897
-0.410243773833865
-0.366873156907666
-0.314863083922586
-0.286036737066174
-0.636207326990684
-0.322202063468798
-0.49537627578163
-0.519162953385435
-0.312147880575935
-0.472100670752509
-0.523596792246867
-0.436018576009607
-0.520232227030688
-0.385567882331227
-0.479614388565856
-0.446499175422443
-0.158627790662659
-0.521905242892505
-0.417629356210044
-0.316699869939088
-0.44516518117406
-0.443613851179926
-0.493041508315676
-0.295693066547329
-0.377047120940166
-0.345481203248693
-0.465826406752681
-0.29885857113633
-0.305126712323277
-0.351597729439759
-0.426720441911117
-0.416105649756643
-0.324378608365278
-0.360251410992342
-0.327822709978075
-0.277918376701769
-0.447608287400924
-0.410197721316553
-0.365323210503389
-0.363273218325517
-0.416928286210345
-0.492092019905496
-0.421386227507439
-0.426109500237143
-0.416494013086461
-0.561715286395566
-0.426096706195164
-0.342592483363431
-0.348856853952837
-0.379609968098914
-0.353512231647708
-0.373081245763315
-0.472108641487914
-0.304719504347331
-0.188312986733976
-0.415647910024999
-0.399017916188219
-0.229102828998846
-0.226931041412965
-0.339971368463658
-0.504889744182805
-0.411527133685751
-0.230057511977947
-0.363665981664779
-0.359226827811548
-0.294072768211282
-0.334481898204758
-0.351239286495382
-0.379148816969632
-0.339528775691158
-0.28544692098786
-0.504581515849862
-0.147734332605668
-0.310562097963374
-0.111089237791198
-0.273627560569315
-0.251697630084209
-0.295260611345473
-0.259296451101405
-0.231272749286655
-0.345833818845054
-0.283313967595141
-0.25863579480527
-0.27100540537411
-0.430102351647261
-0.278200604832037
-0.340547902092249
-0.256703824118623
-0.439952486754184
-0.384912594223129
-0.25653447940376
-0.333662051791461
-0.352361212473944
-0.107269185533724
-0.321999591748473
-0.245440138435427
-0.207483319978702
-0.339791519172897
-0.407667358924865
-0.300876089401206
-0.115845359971012
-0.346091474188036
-0.22987505300125
-0.261509453694083
-0.267102163604537
-0.275261528061995
-0.107193984823733
-0.337326077700719
-0.275760704921769
-0.230682504941524
-0.21097504723416
-0.149689217835929
-0.35148807915315
-0.310952384141524
-0.255189072396209
-0.248574238030422
-0.315170470382226
-0.193123573458086
-0.263575262239421
-0.302180318316341
-0.359467366986478
-0.291872351003282
-0.197860138755616
-0.168180093425906
-0.241991386431028
-0.216336886609935
-0.319556629636065
-0.219876531899552
-0.0624425942918386
-0.10702170935256
-0.226447214773985
-0.233108637986531
-0.200407611051454
-0.271699864490643
-0.305311020815136
-0.147591478192503
-0.259768377816827
-0.169120581174076
-0.18558086316169
-0.224310512107051
-0.206233580590882
-0.159604878653359
-0.264241023424399
-0.245937385151718
0.0255990822379605
-0.235462125383528
-0.24524326450902
0.0311477860758923
-0.285147740771956
-0.167596429828947
-0.094311549616645
-0.198205831137887
-0.173603876409366
-0.0544865781461684
0.0685355516125781
-0.0658154493165813
-0.110093571448996
-0.0370049526850092
-0.279009365229544
-0.0715113248243153
-0.279331470595876
-0.119197473584234
-0.191861508015633
-0.00298656453682294
-0.0694333818975226
-0.153875123154311
-0.193344893454519
-0.0900708820689097
-0.10394197817883
-0.0758301638031431
-0.232295790440942
-0.0720638709276537
-0.0534078698859145
-0.208373720297474
-0.318884003365145
0.0271646102896533
-0.156072089258487
0.00577941369766165
-0.0897250800197192
-0.116716398683474
-0.13950920613253
-0.0669483842975898
-0.167133940579023
-0.163790365591802
-0.0713401413547299
-0.0949522984576859
-0.0181746890188878
-0.0114001089350335
-0.0576834964336723
-0.0984977259776617
0.00925993795686276
0.0651397630508288
-0.125371601210608
-0.0533108203500216
-0.0376952783291678
-0.0971346600171594
-0.0151476409028771
-0.0173497372688969
-0.0262175532172774
-0.03526053053017
0.0226377953028178
-0.0934844374289994
-0.127472934557775
0.0226991089686541
-0.0618546185952683
-0.159193772110647
-0.0421985290053021
-0.167784928301107
-0.0277026547898473
0.10565556545621
-0.0520992314131571
-0.0335597157621998
-0.0080603047085422
-0.0247984063583326
-0.11146405921239
-0.0775619248966419
0.231275168533365
0.149241717242179
-0.0140933265261212
-0.127723789111514
0.0527393932712612
0.0433131065216856
-0.0395098716531106
0.13658454431502
-0.023036767242857
-0.0342693875388957
-0.0262752887424352
-0.0336732956055864
-0.166837965921375
-0.0400816297921345
-0.0650434555786067
-0.0768734691099629
0.0528877978977763
0.0456904685144507
0.127312968146667
0.0763125511520567
-0.0410229379177559
-0.0485897094831806
-0.0223834923833992
0.0241549855868894
0.0362151235435846
0.130124680498079
0.0514219392205409
-0.0452676550223257
0.0414358109901106
0.0541428133632713
0.0592213962623336
0.00282212216880361
-0.0725923118524145
-0.0462408890384702
0.0202276345928162
0.043283826348417
0.0436451685621971
0.0586382660974303
0.0670694746522157
-0.0888482556544933
0.258788865096551
-0.127326802558979
-0.0233792022090894
0.00136198071184378
0.0920285236083874
0.0664992091270181
-0.0711632486779537
0.0357238146194162
0.129846103624755
0.0720991161434899
0.0759215048696847
0.033691598710281
0.011440459679235
0.15069672807231
-0.0253599739227841
0.188642195546643
0.263468390614453
0.0327497347449591
0.0533181095209375
0.0292092405600467
0.129454950655055
0.0237614074369186
0.112450026372483
0.0833807942679966
-0.0204343240422811
0.0584290029381777
0.00233384085550616
0.102936339990751
0.0607116697801486
0.146778692053829
0.143713847739678
0.151585957884368
0.15609702091158
0.128309642303695
0.161024505744898
-0.0193832501736647
0.0821472399298194
0.104420047869294
0.162576232036318
0.226061800356719
0.244233193148855
0.193776962571477
0.100772373695359
0.136081521978888
0.153394530367369
0.045878661372894
0.148566693928759
0.13921069604338
0.191175814467344
-0.0415838576110131
0.243365455018278
0.151022599724793
0.146110261476749
0.228278836136518
0.292290086671131
0.145336397215329
0.163178992081489
0.0932606378211561
0.131226090706822
-0.0269017263524998
0.298193471302004
0.400021405156877
0.117137204037828
0.221483777322026
0.0776530228864569
0.118690845033593
0.140375396586201
0.309072680362245
0.319172706000382
0.441440783130646
0.0641942673340009
0.246197252397644
0.254895337850438
0.108580119623314
0.133211501300839
0.233564919643632
0.229964814392386
0.171129131502226
0.119764158846404
0.24050204332272
0.343610721977746
0.307338139654188
0.22632214973708
0.246493275859875
0.204894357346158
0.213050529523587
0.139438421452277
0.336891993845144
0.291826788673708
0.29266896157779
0.394399071259579
0.291210690005512
0.155603564112232
0.250078596196972
0.23315186309019
0.277088361359209
0.297988489820172
0.434108721152254
0.171761002393191
0.311186197036353
0.201605674229191
0.135375937247176
0.222353354553392
0.195000610991171
0.295438327470129
0.252976480206376
0.301403201160934
0.454522280224554
0.345906154358493
0.332213187909845
0.232780148957416
0.3939233437681
0.315352182313323
0.286594883945706
0.187076532806071
0.352845869622407
0.293198396700997
0.326746833493063
0.304144569039835
0.136180010787726
0.227199152219167
0.362140900777973
0.47274170329351
0.295713470065492
0.357254231142409
0.226597052000702
0.316038902636781
0.200305120293963
0.265929468628704
0.304408025043468
0.285848681596008
0.259114037270137
0.371131352129887
0.454349035079267
0.324213502102253
0.304165562492279
0.447157515372909
0.373873823425634
0.37605975112861
0.380011333537329
0.335993992273722
0.260311149960794
0.184998179683753
0.402395464854356
0.470210072262565
0.346630899612341
0.399991337769448
0.484100083969205
0.3335302283534
0.339275421031898
0.353975031276651
0.311864770583501
0.266336030141121
0.488395968586364
0.358754505162228
0.566039455906961
0.411319447022422
0.298436202361577
0.238811672399748
0.34309713640848
0.478509317774947
0.339754290496349
0.420349972025474
0.335948985767381
0.297774710902314
0.514116212594889
0.492105388109264
0.479635299602425
0.334406621626709
0.430448586104816
0.375737318753771
0.581553038643279
0.385273167167235
0.422163067610266
0.400632952019522
0.462447980398083
0.49890382903579
0.389694052471627
0.339342928399028
0.452190292962768
0.314621645727641
0.351840755966003
0.436208121527685
0.432516070515074
0.397179930701076
0.501149443074504
0.447248842287134
0.39865167224352
0.286809787398376
0.380234189077513
0.372213530563889
0.355765259897264
0.468104238032709
0.451132811107168
0.492861384441565
0.33036762765026
0.297211809730239
0.359858107673074
0.50356910399414
0.59036765711979
0.468269844477327
0.543822620706549
0.485361890089396
0.509249896853106
0.45960514139521
0.406219552524196
0.542514675591644
0.416458784078651
0.531589636045022
0.51737457757627
0.5230232788516
0.603138021331983
0.607853267293992
0.517264557685887
0.478876470478934
0.401378914214174
0.387250662293514
0.508198025041266
0.521089368897883
0.528384735078374
0.518015824445535
0.532335669027029
0.539130095617236
0.45689267232823
0.582162869292469
0.47284965338681
0.386637309451408
0.433185445184751
0.531584672565632
0.6327014008121
0.525631390620464
0.479638229087043
0.563094087381502
0.642418794288365
0.513172913529446
0.424760313154538
0.41047453178552
0.502461567825391
0.590141884126292
0.559736845474281
0.503483998065251
0.467524257095638
0.435811199590803
0.414567135285013
0.378115124209496
0.539971117915359
0.4691590334058
0.710581554016032
0.647826435862444
0.599602454520066
0.62964348285262
0.528426698187818
0.594406823651363
0.498118716599277
0.506523170069539
0.576622150246931
0.403393606241357
0.750812267498593
0.641863553538932
0.574629291178318
0.62812052943024
0.801746107473896
0.587795984324612
0.58815493394409
0.749072249088549
0.732368937852275
0.688805866352352
0.500456573352387
0.608982343509674
0.584073864191242
0.528373541152302
0.689217120100621
0.645015639496563
0.553181753755615
0.707024028982398
0.555562665912403
0.788529901600351
0.577629989439575
0.590505271019164
0.696206870331189
0.637443214107088
0.727521210858175
0.45801565907028
0.692270479599817
0.603666705946694
0.745593251584329
0.601902009700209
0.52364659260719
0.532682264964984
0.626474540098935
0.743263606059355
0.689343834949869
0.625690942231931
0.776341638972931
0.714101333622418
0.456509853190851
0.617746425032614
0.70123230673097
0.728285347195783
0.539790120166677
0.566568485088205
0.606263356718527
0.533110420413137
0.644463602661992
0.739702170156455
0.685622812380559
0.566649593502401
0.53335477639547
0.616440661524777
0.734314184102545
0.703655574658094
0.736706884560389
0.653813176981897
0.702032700659801
0.586424956705823
0.648559586698821
0.776311274893183
0.82805009832642
0.57960232668033
0.730715468395321
0.712447715643354
0.742727990682043
0.684849516554597
0.653537696391207
0.688934743848571
0.661692883145875
0.786866279003872
0.581859018095283
0.797433020802722
0.591127413841922
0.719826018422136
0.604052146538317
0.673609178209204
0.700411991489411
0.540059048319363
0.507981249836438
0.793656484103982
0.616735592740999
0.701728851977051
0.89438064136604
0.795116740342439
0.817893027542225
0.694166740837428
0.763146012183866
0.721155897726371
0.716544983996893
0.718392585681022
0.818220433371427
0.746344392882329
0.763620565029694
0.809972255981755
0.742569636331082
0.740139631324643
0.76526630026072
0.867880864561426
0.892430025226961
0.896359526450938
0.766285858588919
0.836840478678209
0.768244686153683
0.650885266997939
0.733228873582608
0.921095305821697
0.978511491343851
0.609117800879701
0.726488556638766
0.7696671395571
0.806768886947413
0.74205097949244
0.849227890908484
0.895106568989092
0.601809202286523
0.843556830228308
0.874404750925312
0.791072832842654
0.748234956935319
0.819805071580637
0.675633610651883
0.718235461080299
0.826212081779569
0.798963985271224
0.927572782028058
0.942167779123305
0.819163321280247
0.767553127782848
0.93593547705293
0.780510117175251
0.729990999254083
0.990104238340495
0.714629539310333
0.743513351130411
0.77960188939182
0.642753225514781
0.818287214224846
0.84632667724554
0.932232902675966
0.792598010812835
0.771882352630481
0.872567734289243
0.936584289964935
0.894650037668665
0.689992549449786
0.929266718971975
0.86880097291616
0.793763834824004
0.809341327613446
0.761538031649116
0.738810127205045
0.858371065592838
0.951142431556714
0.674421370915174
0.742545993072698
0.954384696695464
0.842792414863137
0.929375792126034
0.984608647959248
0.746052372861234
1.02293740584781
0.892441477231356
0.908480787985549
0.962880072326199
0.875579373979376
0.790153860996139
0.993439554954244
0.848019238026145
1.07219862983331
0.761483230392685
1.01466343980652
0.698877964422064
0.851427456649172
1.0129352845442
0.865009164226914
0.841629559737444
0.850937399264486
0.805138240168189
0.948979605891828
0.749967330711399
1.00221988892303
0.985139804156539
0.940853165984151
0.928809521072251
0.899419785317299
1.05725755301548
1.05628314077369
1.06800326286927
0.852006513783262
1.04231330068154
0.839613577493138
0.962929344784924
0.744174832657755
1.11628895282076
1.007323658682
0.986250861733707
0.988740422624028
1.0046377316497
0.921248341132472
0.916736714289475
0.974807708807639
0.989176444234918
0.915896072417571
1.02500498800053
0.976724609821045
1.18015152210153
0.8707254390539
1.01544011702548
0.945312782173784
0.95822722968439
0.895235848152686
1.09738462357099
0.928572646109207
1.09958701481765
1.13917850731752
0.919908179111854
1.00758243434193
