-0.822090497377055
-0.938976512661639
-1.09213435796728
-0.94106141397767
-1.08718874170444
-0.9525679085099
-1.00103136789002
-0.97338146871784
-1.047562310731
-0.910008854459936
-0.881830794490968
-1.17560014916887
-0.974681511750376
-0.905151875672308
-1.0304510694212
-0.969453392053945
-0.963583429978051
-0.91951744738543
-1.01310327731224
-0.957568958787052
-0.94195262626386
-0.923792353155822
-0.813957155643955
-0.868403181927839
-0.94619953923839
-0.940981244016054
-0.872792684111478
-1.03554870011638
-0.926031720459839
-0.884063836901831
-0.884768441368161
-1.05771945475125
-0.773371012044418
-1.08338131573979
-0.935550677302981
-0.869085676470668
-0.909891542194065
-1.0536616871526
-1.05783425173263
-0.849534837310996
-0.953896124584236
-0.843818313360449
-0.939008353880328
-1.02258877540662
-0.842391300392638
-0.876577289740567
-0.912016862572615
-0.919018260988955
-1.01793181712853
-0.831091694943175
-0.906210962146683
-0.897048902298865
-0.913609440664208
-0.849453224483153
-0.729854628657403
-0.924561172207249
-0.905661148649368
-0.874779002871845
-0.885775848905861
-0.889391771403143
-0.78483989610806
-0.963601006182039
-0.938041961031564
-0.937663856160479
-0.991051257400545
-0.866525354187286
-0.930158035574542
-0.830926074653471
-0.851156839294826
-0.912590486445892
-0.948942587414653
-0.888522563227328
-0.995858127451325
-0.91355543229961
-0.869199405459145
-0.896145399456157
-0.8223607621812
-0.942646475445106
-0.84603036365873
-0.867973656695522
-1.00485751738242
-0.749066717975516
-0.865233642061904
-0.800360211685334
-0.845880385568288
-0.720653143127216
-0.813606592307016
-0.870549980701425
-0.819793710508854
-0.86770956275316
-0.757945139040094
-0.827121011002157
-0.69494098310763
-0.91535968393225
-0.791903680295097
-0.721790562054754
-0.784149385543692
-0.88046518763869
-0.87175742570107
-0.768465395410792
-0.708271129189612
-0.722039891209175
-0.712683144980744
-0.744208093467017
-0.779402778649409
-0.706050472695387
-0.77668585424555
-0.758985037420886
-0.724480537249406
-0.794250427429533
-0.645432558069991
-0.699701953161645
-0.848083258476793
-0.664865535619943
-0.839398962384412
-0.59050155205009
-0.789601137356576
-0.751651858531653
-0.604525889709563
-0.809124553182439
-0.732804099506117
-0.729845146974582
-0.771816905845011
-0.733974321725471
-0.590010934809504
-0.553484452655459
-0.838477735914966
-0.675756645332362
-0.742870849804084
-0.578172114989957
-0.75318147238967
-0.624508777128116
-0.662020704661592
-0.715607095916142
-0.867552797991722
-0.777486725700174
-0.838079119705855
-0.496462259654129
-0.66776853283207
-0.832584990801369
-0.694861522635515
-0.628409902904494
-0.664335453688777
-0.704590789330013
-0.818100042486366
-0.774397144365782
-0.722108835099583
-0.769143393184062
-0.655636487973864
-0.755287734250305
-0.621976092775281
-0.936387987204789
-0.737077436275397
-0.715186036728515
-0.65210253035746
-0.757035017288089
-0.552100725670405
-0.513746528210997
-0.708109398043385
-0.672026944019562
-0.739404980185591
-0.646567101681646
-0.662455301808709
-0.567677887379019
-0.711548704924487
-0.543338948244556
-0.589552620583007
-0.550679290112046
-0.704470367038708
-0.568473416303835
-0.807703935788428
-0.626537523125654
-0.754009192489569
-0.621212390274919
-0.620306067724378
-0.343324699881382
-0.711572244746696
-0.548765392982915
-0.577079533430729
-0.621874962633074
-0.814453854369381
-0.605337197773655
-0.676041059245064
-0.570286915446866
-0.696163667760491
-0.661728580738362
-0.511840308546376
-0.634734026186009
-0.631828074012097
-0.669956406222716
-0.50765514786578
-0.596865143168616
-0.563464248369136
-0.731155091854167
-0.714914031287127
-0.606659393650726
-0.701179536119691
-0.600011011789119
-0.440094224231313
-0.61256161727508
-0.578444171335579
-0.639400718528908
-0.57896905898473
-0.475408792484586
-0.654992232931507
-0.587312075568193
-0.613756300528814
-0.641704435854576
-0.618018540518118
-0.571405695725557
-0.421315839089628
-0.642355123533838
-0.627752004352035
-0.367593942816704
-0.560761845413928
-0.63077949843451
-0.603272866529181
-0.59586256510669
-0.63157867926718
-0.626494161393269
-0.556304723610438
-0.470950055925555
-0.438859346177208
-0.475772717052681
-0.530852292057098
-0.618613808640929
-0.541430691378621
-0.494897323784426
-0.548573133558786
-0.647374348706111
-0.498705590229887
-0.414405649647288
-0.49935368433506
-0.243918150218436
-0.445823517497842
-0.583971470516201
-0.45213003958448
-0.501057268493493
-0.636959992115609
-0.448553820919203
-0.46980903075073
-0.614068606887467
-0.687924095608252
-0.536967512390329
-0.525729448621811
-0.553157223678581
-0.547170085949055
-0.513632488731431
-0.525360782997042
-0.348718936577922
-0.449410660002234
-0.501719283848285
-0.577939543716512
-0.503220996805194
-0.527719256553316
-0.36762885659499
-0.507047624102923
-0.486347240515364
-0.617031922228393
-0.484385625687505
-0.451767899377518
-0.446395148718946
-0.444810403443769
-0.486727993811823
-0.472224784685248
-0.512907192804555
-0.540485388148119
-0.404417839414352
-0.428149713482033
-0.367164077278337
-0.555928137197253
-0.478862165957573
-0.412124582711627
-0.452808592958626
-0.419030270365527
-0.283663579433861
-0.340415438793174
-0.642951638561319
-0.368420305384918
-0.457416255913892
-0.317455391263771
-0.561451281560573
-0.451279559817467
-0.504772920777749
-0.365478965825413
-0.51728207980134
-0.271094789357422
-0.520717012458177
-0.496732098384809
-0.536618053131599
-0.333608679698982
-0.393480150441838
-0.477217384009209
-0.287997958587975
-0.438137651929589
-0.396101863094486
-0.401437169666197
-0.337119167025449
-0.309210514455864
-0.305023810529462
-0.425084914900236
-0.390945834578268
-0.353550800036188
-0.230410227627638
-0.400426276610258
-0.414458604627769
-0.35476619740908
-0.404345967590621
-0.408908757435958
-0.455654334115225
-0.322212017695524
-0.319540925562586
-0.344881109514613
-0.320539752800076
-0.474665970067775
-0.428836871778501
-0.364907642194991
-0.315369154660132
-0.377770571030222
-0.303526756374538
-0.195432678998787
-0.42296612809011
-0.535758404317759
-0.45001955976476
-0.27413330618257
-0.392557377586582
-0.364285226549598
-0.384949519575541
-0.315137291219631
-0.406238767216176
-0.39669563793787
-0.26014620526286
-0.237653974453532
-0.329732413727597
-0.390172010744103
-0.329073255161267
-0.221401860846459
-0.428803694926193
-0.275521726316837
-0.344756162209897
-0.30498585606376
-0.319988535444569
-0.248850337133392
-0.294911840085644
-0.192778650673981
-0.188456497327682
-0.187678551082417
-0.346299934397405
-0.311239248372606
-0.243104506317371
-0.379581955411791
-0.233556831517616
-0.274361714359625
-0.374134227634874
-0.207450501330103
-0.178724679401312
-0.136421388004291
-0.302379802426643
-0.166557003273527
-0.179444952775854
-0.143473048748112
-0.308418614993064
-0.323566309597066
-0.336895215874208
-0.263673639925352
-0.314018570095841
-0.284834046914385
-0.130979386094009
-0.106394729944924
-0.319621860646821
-0.240443744206333
-0.042851404776258
-0.296668008294398
-0.262936511613547
-0.114431277599906
-0.299768658006729
-0.241741687851604
-0.350547263810802
-0.288801797833318
-0.145149314180209
-0.296692902902515
-0.286892980528126
-0.162271826892982
-0.157486755852668
-0.0687042767859415
0.0419517758565618
-0.307795599661982
-0.215570133685614
-0.211077236323602
-0.142923841439953
-0.238514692886764
-0.113904379853623
-0.261280385047275
-0.306980352630214
-0.0906806157128721
-0.223391078877183
-0.137868782761991
-0.177210608680775
-0.433460997746442
0.0110539118623885
-0.224207251237148
-0.0977428215984203
-0.249059450846859
-0.282778575239575
-0.161612846946589
-0.327919197814381
-0.146699225986344
-0.151444114528073
-0.210755854358072
-0.241255375782205
-0.393754475047371
-0.191348287788647
-0.160440175708453
-0.217767206613812
-0.118730868434284
-0.171692101519611
-0.136197018765504
-0.110056018657892
-0.0637399244355523
-0.224860456717979
-0.223995733111003
-0.0537980652999923
-0.188037746680453
-0.0427750653327509
-0.135106011587701
-0.096168287478884
-0.110373216265763
-0.11935921802687
0.066838917574653
-0.12649331748852
-0.300599916839465
-0.203835308586763
-0.114050631654897
-0.122820205778788
0.0263432623821864
-0.0702657426971637
-0.228491090892663
-0.145389306445692
-0.180695940257816
-0.0806024302257805
-0.15434562540289
-0.116883524812662
0.00952527793120445
-0.101394171264407
-0.0933478776735341
-0.10757423344124
0.0207548846683494
-0.149240501576617
-0.124238121581636
0.0460906330474612
-0.046315584186533
0.047994765331747
-0.00585586438706318
-0.138354703104188
-0.117948171026069
-0.0970554269760391
-0.170571956324725
-0.055116110739297
-0.138947953471773
0.129607418412821
-0.0325582509895282
-0.15647739156229
-0.129880174845144
-0.17847870778376
-0.0170316136719539
-0.032659556980166
0.00969251183214889
-0.00147853533021265
-0.0601993096818194
-0.137545036436111
-0.0911763641110016
-0.0494067149605372
-0.0694725671114538
-0.0437819276740141
-0.119828928404782
-0.0931268255258319
0.00554482468620775
-0.118911756368994
-0.0135824367453463
-0.0950215730321231
-0.240744393081124
0.0529758750080013
0.04394459238086
0.0677426828087867
-0.0442283387085832
-0.170585790092565
0.0744580510467345
-0.147496101216443
-0.0713140007687903
0.00885887691358349
-0.123568032635891
0.146262239430647
-0.00931506788006767
-0.0100597983932068
-0.114635955717691
-0.0062490711871975
-0.123004366901625
-0.00528581528049943
0.0685558408030373
-0.0289822776483962
0.215148673452186
-0.24173136894023
0.0721347506616179
0.00564983168932365
0.130639118092304
-0.0241856681355338
0.141117345074515
-0.139822574108929
0.101437130783551
0.051117219228882
0.0789069665862737
0.0526530848613973
-0.100096002265719
-0.140061268792254
-0.0500404355883119
0.0988310175542597
-0.13896719999028
0.12027931691225
0.0463709735928294
0.0230665926395704
0.0513529426993814
0.0549309538542287
0.0615880175100873
0.160937191445535
-0.117722927277637
-0.0482507731772046
0.141221272714199
0.0384934809895445
0.0795039355942525
-0.117378287521232
0.0464114719061527
0.171370540548068
0.0888962987364282
-0.108639665919264
0.0384200719567498
0.1105556834936
-0.0103644504959611
0.0470773362806163
0.0902480216555966
0.125193687985255
0.169296438556599
0.136359741535286
0.0866788571732608
0.121341600212079
0.102042778925052
-0.0607944957124986
0.214644152871388
0.074125472877429
0.0114094569967785
0.0940751544941553
0.215021617121231
0.0982418469247224
0.137273052373605
0.18997871344335
0.120692637044529
0.201850540911886
0.0455010026923657
0.147429470327033
0.174382954641018
0.238266347946053
0.154886576206138
0.229706235881688
-0.0525632869521888
0.180863897126423
0.115497569036093
0.113995686359948
0.126540466746124
0.0128699718108968
0.0514818504929757
0.214799649766372
0.183949594308331
0.1502339203019
0.241992183073549
0.257332481481862
0.0591536656356099
0.164021577523971
0.123993874828826
0.0700873766300898
0.142246601040986
0.238126644481207
0.260637661675267
0.102011701760179
-0.0230827977384491
0.160147210025794
0.0578490238275632
0.117181330172146
0.0886768565688283
0.145977531084381
0.170917239870946
0.152491515100802
0.300855352127974
0.0896009889398011
0.197115848112944
0.323770159938727
0.301001494868041
0.187449856121968
0.0615037855417437
0.124283589856153
0.455161259145871
0.266307582384449
0.137770304411885
0.0813615748004847
0.19454647877933
0.123996407577952
0.219954196772512
0.291610090717909
0.137625501054763
0.298646290231159
0.214592837684994
0.307911707534344
0.0862235587389543
0.162042321367503
0.0991636180465683
0.170590948214923
0.167953083467143
0.0946693549796781
0.393562142567085
0.305254497525476
0.26827485405825
0.32987941232983
0.206771584556899
0.309486212413694
0.349791601404009
0.252576768602485
0.268215909197297
0.195169534383906
0.231275350272622
0.367175193403971
0.235718402638134
0.318284862480992
0.339802193290029
0.102074891491135
0.264624890667651
0.242549160035962
0.326395984148364
0.140193950727261
0.224953374742385
0.152825249197298
0.336295350507535
0.15620406499572
0.340487606677548
0.28362420671837
0.376079932133132
0.281066511868259
0.437506280838258
0.410296227200328
0.316800032802115
0.294429965280028
0.204545985834403
0.297465317821746
0.373017331641297
0.167317479934633
0.247524811001619
0.302468803990074
0.288382066098612
0.327678540475695
0.296739471123061
0.141094814984433
0.379595179328809
0.425605009920185
0.241270150481404
0.412122752380968
0.171166291943019
0.23166826813587
0.194589389617438
0.377833140007557
0.552534512931467
0.264721191669155
0.239245256560584
0.336627612945775
0.386377150809156
0.353390835516038
0.458611414785237
0.40274939591973
0.424352918272422
0.242797287869339
0.235235824916682
0.443743975913703
0.32351238430597
0.268926877009389
0.482766170607739
0.454436414911388
0.337144481198256
0.321363726694168
0.285205284892404
0.300875595876328
0.412565799130408
0.378597202494435
0.365121747556479
0.321555343942397
0.327190074555519
0.27442719402286
0.366898241878884
0.373001687215762
0.262533540997329
0.375396315129596
0.326222260426208
0.234469655230024
0.512321326846989
0.437378628357671
0.42679185875587
0.4469577809355
0.597777287831992
0.354834626558622
0.244907839751513
0.523825739766111
0.471062938756545
0.342666809403803
0.513238933557951
0.405604882495029
0.587291195579806
0.335698371266756
0.377574731565929
0.449691297995859
0.425324055211327
0.433378597017393
0.460372957673152
0.460702173748712
0.387461104791254
0.394439373230268
0.434667274871697
0.661254622400375
0.43805403491759
0.564772835883904
0.499711494471299
0.394773546385679
0.600563710141607
0.58910231111706
0.420050187077981
0.539639920897996
0.378873283890191
0.279893213910168
0.491306837607458
0.481345422566699
0.578429391846318
0.380567770184061
0.393287057555943
0.406778859863562
0.352491601793101
0.358840441577821
0.547307766300881
0.475596192355433
0.562248602981653
0.489164654283347
0.437432189545308
0.498016803988076
0.578773983010933
0.526684982161641
0.658082839533521
0.493740202576373
0.431980413892365
0.609482413756063
0.567623794589309
0.438529435395425
0.514722237310654
0.470802827327968
0.478238689425316
0.449492764734865
0.582364802058589
0.593419311243153
0.65281464021551
0.620688141349739
0.558517770341018
0.542435809754094
0.604972506145121
0.652252051485009
0.58380937980784
0.570721612663637
0.580706695149235
0.510459083848429
0.566745779091358
0.522422246215813
0.555842154506544
0.506918868833761
0.461102997017818
0.602021510693075
0.562263841340079
0.638676379558152
0.554702045151653
0.60043311997098
0.556563977230335
0.589464062859986
0.49056119434146
0.612552706867223
0.537839526401476
0.611224497261953
0.587535441434843
0.494372512541873
0.609687684140769
0.478884901276811
0.545129971836491
0.531571705504448
0.618120452186144
0.635219942810456
0.611794218535629
0.491520579456116
0.482541881072908
0.53281743067546
0.527429471188124
0.78387837191099
0.660600203918435
0.420876364387113
0.501004702887173
0.68183298809764
0.601553787074726
0.429335132340982
0.633964693344767
0.619341326978899
0.542002141820964
0.571381907725358
0.569168222184504
0.74204277683106
0.588335335664856
0.570993157715405
0.614792241173463
0.621758030911338
0.552873359323137
0.58432226021022
0.737638187506743
0.649909388832019
0.593804054952675
0.701379444830174
0.708998526910797
0.71245635645953
0.591806485982586
0.70547401573177
0.694270428329809
0.491836295156467
0.563169527794235
0.50903525404386
0.58253350430123
0.727920959989499
0.569392919788784
0.770534564629634
0.713683990316829
0.662607414642832
0.854219317924333
0.641093000264905
0.775301736624236
0.628250535943734
0.744457821801176
0.657364790379821
0.883986158765528
0.638640311583075
0.483475166721897
0.70050197075423
0.82229229979503
0.63821654128861
0.743463429146444
0.598129030177551
0.547660232331751
0.80495437410745
0.687414781790621
0.606909523864948
0.704820883673151
0.939338498679123
0.638919618961218
0.795380788882695
0.767837932779848
0.770516014322913
0.876671082031476
0.620403048931255
0.797874399191542
0.772298730529202
0.641412469146317
0.6637750860667
0.725544221258724
0.597449424959517
0.638638815982202
0.711727020970934
0.578172567163602
0.672621608296073
0.824104614004254
0.755308842618201
0.9150553753452
0.80163555086954
0.755718206301927
0.681359199996405
0.922330655937318
0.896276079141579
0.684620683424388
0.799395250753056
0.717636763554326
0.787268024279096
0.781349778178315
0.711436513358381
0.760293965067109
0.87158057907537
0.662721451122413
0.658862784228842
0.921371155167302
0.85477338318679
0.765619958053075
0.837537259327042
0.791819111830112
0.734353683707456
0.870783763152813
0.841702369282186
0.888922411429516
0.81047159642381
0.695294759443308
0.696638384943144
0.788144907890834
0.838160215631482
0.870389761111965
0.975790860193485
0.89816720270946
0.798383108223961
0.812676183613134
0.847973097498561
0.86890457626817
0.770733668105718
0.700473363901142
0.928455513257851
0.950078793799359
1.00366999633758
0.861185188534646
0.960599714005876
0.873159689514693
1.0129616474595
0.773726910779353
0.964221112932441
0.935586448245905
0.866501499101594
0.836070378376763
0.856907748744483
0.798859795048195
0.83698869448677
1.0153851194209
0.856484154500944
0.922726925674264
0.808835956274538
0.815638307268432
0.996259088009941
0.924034414451917
0.865547612780264
0.931938482550862
1.02107435674309
0.914261577564386
0.96496417523413
0.941545535339276
0.845641917420075
0.876691673237003
0.990917835147649
0.915514081881125
0.843933835860297
0.949979921154702
0.870327899003284
0.873491486007446
0.898658741150296
0.950622975772759
0.811114435850483
0.981609511743184
0.880896274780489
0.825308088368728
1.01126568826568
0.884183210020981
0.86827292595712
1.09547969637106
0.906452249060289
0.980293263812005
0.913690801711552
0.890435101345305
0.847950688785653
1.10999603012521
0.993700408826507
0.739275369650237
1.11243482052668
0.987503281625043
1.00500052891063
0.989763543982019
0.931611552388607
0.905684905310606
0.926828237274791
0.860570450683088
0.856128218215403
0.868805969290116
0.997530365612406
1.0162451122984
0.875125475241106
0.789662868774762
0.933487758287381
0.977169736520807
0.869168991772785
0.966551658196441
0.919619747801556
0.980033054425796
0.946545987123756
0.834082640165468
0.984544304527746
1.01735541007713
1.03888451496483
1.05140639335839
1.02887470154398
0.991788882128588
1.03395320605036
1.13187783000901
0.96450884134254
1.03565987376036
1.15561938373439
