-0.981227335090386
-0.95628147119934
-0.915568255908387
-1.21971186288913
-1.05659946787889
-0.921983314174838
-0.766992854275993
-0.896790886412798
-0.973092864761549
-1.03586171294041
-0.91949238215551
-1.0636931910215
-1.02420894414382
-0.998112127478441
-0.884978476135978
-1.17905489712517
-0.967075794965208
-0.947091340707707
-0.991562010714538
-0.85044221538929
-0.888231625497988
-0.881854821922923
-1.10912613624397
-0.896822379134786
-1.00310204133818
-0.949850086878444
-0.900298457183186
-0.936820064852167
-0.992893068506046
-0.903425158231044
-0.90953715903201
-0.920240446616507
-1.07472219560096
-0.758582653232863
-0.951643429666106
-1.0946615509266
-0.936025689007968
-1.03320504035501
-0.878758310722033
-0.981850567719588
-0.819054639716453
-0.958956081195144
-0.911084077334778
-0.85827399670404
-0.760062777919742
-0.850024879562587
-1.00058296533054
-0.914573822850546
-0.735150548131443
-0.938497272199877
-0.867892793826142
-0.885035984155721
-0.800815544131172
-0.983369348675181
-0.762189769003121
-0.959592145700317
-0.998301764802062
-0.904328486188165
-0.816575139453688
-0.985156366136623
-0.891819283740665
-0.953929039965275
-0.985078478717302
-0.929519483939182
-0.894076277873793
-0.644760386370201
-0.858182869444829
-0.899368200594745
-0.922344806314875
-0.862694488606078
-0.957715861186206
-0.830817809736322
-0.97847617623027
-0.859052980200471
-0.886950922063907
-0.86259787625506
-0.774114703117219
-0.862524557546513
-0.884061296136714
-0.804122035578866
-0.851583066040879
-0.757894936837892
-0.997463336978717
-0.785349025642213
-0.739600708546699
-0.90176475778964
-0.788000255627338
-0.750654660456459
-0.838807362331145
-0.913052982077519
-0.883283506180358
-0.721205091343567
-0.911932066232885
-0.71685157732216
-0.795178895109367
-0.739078618627369
-0.757769425203658
-0.775849932339418
-0.776890971942346
-0.779929673142344
-0.813794467810485
-0.744419138412029
-0.958744705848699
-0.852021709732624
-0.762319964863701
-0.834436484982951
-0.807960396006614
-0.800253967325348
-0.842526763346142
-0.665175984297692
-0.767337350197831
-0.694122887203384
-0.73423995632681
-0.701377635554661
-0.908779059264379
-0.783265025212235
-0.876930548818828
-0.664987391082821
-0.716334053333874
-0.629237871976232
-0.778939225748252
-0.768945342882956
-0.674933186361063
-0.686745136629415
-0.643705766626826
-0.653604816991088
-0.781413297566244
-0.6964777107188
-0.819150162763989
-0.733895370027274
-0.701240762434212
-0.829304059085967
-0.717852297364896
-0.657129879313692
-0.525910515819238
-0.668952449469023
-0.648406505467317
-0.638259573208024
-0.674173257673904
-0.648719646545897
-0.688645012565448
-0.730979460658873
-0.810217683581891
-0.702691175232618
-0.804502235502563
-0.704509116995931
-0.616788053232647
-0.76743810962132
-0.536132438508843
-0.759530841904504
-0.682483409832555
-0.872127238926359
-0.710045341916442
-0.659837469072831
-0.782431583585251
-0.690977652451054
-0.718616821865964
-0.784621590408134
-0.620452754043806
-0.69753838291596
-0.681979949982592
-0.721326143800071
-0.713015615858268
-0.617510072700494
-0.58242755147055
-0.768656184698621
-0.48543431499441
-0.856453384580617
-0.733364603288332
-0.636869910292902
-0.704209470170345
-0.744376360262529
-0.666242187375873
-0.853720998444627
-0.650684692145534
-0.530576624226443
-0.734509377741932
-0.707605983620272
-0.705917748837247
-0.628714659910436
-0.519241315974825
-0.521091805051021
-0.688472722075931
-0.645441458956107
-0.6084468123688
-0.689894625073929
-0.554347316406726
-0.768105246121695
-0.618869684163962
-0.710330888796543
-0.603314274578651
-0.673622450235673
-0.626753257984199
-0.590128598940735
-0.627132651414069
-0.639006420682318
-0.61874788769671
-0.726686537412624
-0.773032136172527
-0.705461416977311
-0.590034684378279
-0.681730863990037
-0.574875315190123
-0.480784078365138
-0.53187058719587
-0.583398129305945
-0.660621397024817
-0.760054228318303
-0.567523828776708
-0.638974867539001
-0.539280383939364
-0.518557110407477
-0.458488449108649
-0.768355322053616
-0.673027024112157
-0.582616434525361
-0.338700826696303
-0.555067869797888
-0.558304009383912
-0.642441715856465
-0.623518252973681
-0.521113198251612
-0.522531940625345
-0.479314415053956
-0.541228025076908
-0.399285180140631
-0.656197574727154
-0.582967528287987
-0.572135757640531
-0.587300678055061
-0.626680599244868
-0.63814493862354
-0.44490646159969
-0.603217839964592
-0.531041867274223
-0.543387405739266
-0.435627175825713
-0.771817495338485
-0.486121225021119
-0.581443070675576
-0.535217266301001
-0.539544489155781
-0.441932375975826
-0.386918667995486
-0.574816274298871
-0.398298841209265
-0.575549131334642
-0.451254261973217
-0.597813012279603
-0.460826049585246
-0.403973470248375
-0.435746929111966
-0.439337663450844
-0.347222260906819
-0.577666294758736
-0.619929777015069
-0.408345121978543
-0.334957993698678
-0.523288544314096
-0.540115125702056
-0.474818765554953
-0.376655134563428
-0.61833236942349
-0.492036067444095
-0.544391795716216
-0.487024127094843
-0.259101806328372
-0.558838246421671
-0.392673629622609
-0.509624609801948
-0.420305591351769
-0.3888265498711
-0.30623418832669
-0.304204126731251
-0.629439469463244
-0.317242847574676
-0.482039328224281
-0.519193198032527
-0.308169118096091
-0.447946166530276
-0.514603451579294
-0.441904238631526
-0.530740214876874
-0.374897443280493
-0.45790466140331
-0.440865323214074
-0.142888013466786
-0.535731824326353
-0.414979044227881
-0.314317206150988
-0.441096604011882
-0.447255834217214
-0.486907039363073
-0.284840169001186
-0.368759838566403
-0.350524727649014
-0.465042278878105
-0.311976699750128
-0.306926713776082
-0.338617069412598
-0.425328744182666
-0.401728965737026
-0.331852988615039
-0.37392075857307
-0.320027258083773
-0.281795897649755
-0.478201403619487
-0.404164873322099
-0.39185814972513
-0.37209443665714
-0.422836538089311
-0.483033472897953
-0.412015058606678
-0.393974726592684
-0.412801156225874
-0.581160312206396
-0.4641538766293
-0.327774838344419
-0.362134668822783
-0.379384341644536
-0.336313332558255
-0.356885424490025
-0.498802710529294
-0.318269809563655
-0.196155740490391
-0.411638963650129
-0.388903527480653
-0.229375122662804
-0.246793104310094
-0.326740793828148
-0.489478028690238
-0.406162721362409
-0.227640601545451
-0.378753331449841
-0.380404072925567
-0.268470834954732
-0.362501355995224
-0.342793618555262
-0.382949966320705
-0.349020221513093
-0.275450886927515
-0.521669455616771
-0.157246067182317
-0.303748743867569
-0.107137605369825
-0.284074572030986
-0.276833191182268
-0.296041133020209
-0.292349311088066
-0.241212487199895
-0.345571533171986
-0.267834956182079
-0.279091417784647
-0.268030625304911
-0.432749521567658
-0.2722705833117
-0.335895080731665
-0.265296440166356
-0.423124558624136
-0.381710176146109
-0.276894376981182
-0.335701482885552
-0.349448032235468
-0.134534982061198
-0.317837962788077
-0.261543787783997
-0.217749675276106
-0.32741816032627
-0.419329782417917
-0.313017068654155
-0.132927196679741
-0.350623057678204
-0.201908923523471
-0.272647841001552
-0.291202932367225
-0.263797717114142
-0.110932890133743
-0.349624888229876
-0.289816119618394
-0.232217430279265
-0.20484900527756
-0.151186579476232
-0.332153947289122
-0.292943037587184
-0.246046059824045
-0.252590937576638
-0.333178450019043
-0.211348852922741
-0.278242790369347
-0.298793662054585
-0.384567009587422
-0.288581574819128
-0.215636526515509
-0.162776660606984
-0.226824534122397
-0.203724994808667
-0.319483460009675
-0.20488069823091
-0.0533280987391056
-0.125528697128267
-0.254499991657351
-0.237970580053154
-0.18465730184975
-0.25719146665561
-0.30308415093719
-0.135911541455902
-0.235276675418752
-0.169389767326903
-0.175633718857097
-0.233561031905779
-0.217419733178358
-0.154500965318085
-0.246309096507046
-0.225242793168033
0.0217072732951969
-0.234670609133986
-0.212739779760067
0.000188551093258274
-0.26950313041285
-0.155601462621785
-0.102696426686819
-0.185691618077105
-0.170165798934307
-0.0526390094148965
0.0816902464655561
-0.0729444805777888
-0.0872561362490938
-0.0367753025425957
-0.275960547855876
-0.0855850483675478
-0.270549679136251
-0.116361797726148
-0.178246129577616
-0.0104458014897427
-0.103517693755585
-0.149470525302378
-0.171957116539816
-0.100608124589215
-0.10289944404695
-0.0816036878383989
-0.240246074229325
-0.068976204565665
-0.0403726626545313
-0.224817904173007
-0.29928004043543
0.00746391997652016
-0.158227712000603
0.00297448709974712
-0.0895818216307467
-0.120875593044725
-0.146755746444734
-0.077150781604608
-0.142628846645336
-0.138635301491935
-0.0792663952672133
-0.0899035524541924
0.0044472791194312
-0.0230948989059839
-0.081025810819578
-0.112980376896245
-0.0114430837906684
0.0436152383834263
-0.112710675596027
-0.0458172974745084
-0.02585814700097
-0.117716286038977
-0.0238094779973551
-0.0236400688578941
-0.0180481242388848
-0.0163644735665207
0.0278019309663849
-0.0894267863178551
-0.124818726110315
0.0402650323736798
-0.0542475320093501
-0.161529764164428
-0.0438365702475408
-0.143286741292154
-0.0337248175211358
0.112287728652191
-0.0518185558401492
-0.0436193928744645
-0.0229375447764824
-0.0189881111751127
-0.0983491687350702
-0.060991850185266
0.242333245739698
0.134110601322179
-0.00909351634988084
-0.133052139553253
0.0421726473402464
0.0297650853113058
-0.0690412898414969
0.153260789282617
-0.0340626891015668
-0.0510770037208873
-0.0284760038222444
-0.0404084240626053
-0.176665163492439
-0.0445067484119528
-0.0695708786508056
-0.0888873150811486
0.0776937340415714
0.0603286785181687
0.145221849206962
0.0670122617989896
-0.0748852079743791
-0.0705049108423471
-0.0248072491930384
0.0310903019181291
0.0148716624376322
0.154984625483556
0.0550683205160144
-0.038829022409241
0.0416130241268482
0.0763579965219742
0.0548423157899742
-0.0149103570096493
-0.0894372609859046
-0.0672274221017158
0.00998677150723131
0.0331821266996884
0.0345314686990645
0.0651362364216586
0.0798042960728004
-0.100459302740268
0.265706648716333
-0.129274363414489
-0.0508640393367988
-0.000354587034429375
0.0961420928347601
0.066348290504147
-0.0824186836442007
0.0676230361684739
0.150616135667116
0.0782136081323567
0.106812497345358
0.0478663917113911
0.0249125948713337
0.154124138110915
0.00646343740746634
0.180237707048565
0.262927877292226
0.0577673045285661
0.0653352748977429
0.0187739821267239
0.126302510539826
-0.000431747668148471
0.104950340528099
0.0697644400237793
-0.0105195594389505
0.0685268231030711
0.0126972974609032
0.096242564681952
0.0859294787921536
0.153737322555152
0.137065250349105
0.176796711845742
0.127037298450203
0.131368964980856
0.170270654475211
0.00809395349976484
0.0663630080274381
0.104528156479714
0.163826629337871
0.218394648029853
0.248424078733119
0.171035137234882
0.122816978160649
0.133737964068543
0.153889633177846
0.0663217330268848
0.151473126583364
0.152333913390707
0.159493441957635
-0.0328500053340863
0.214247498468806
0.125695566704666
0.148808811792817
0.231767615866974
0.297994814929386
0.134845557043906
0.168685391944315
0.100421561857825
0.135877639510418
-0.0141835057713784
0.2930606843314
0.409562947342565
0.128166528958216
0.227209726214979
0.0781416790544868
0.0949290895374398
0.14909917247451
0.309173263276934
0.299396260740315
0.411948571716673
0.0731676646089596
0.249517147192127
0.240411005889121
0.12778718476635
0.129819543322302
0.235681852316302
0.234757991574275
0.183722192351695
0.110105498314388
0.213635898898469
0.337133896241238
0.290888518569767
0.242653064904887
0.235958430017674
0.217804877033505
0.222129517459128
0.146620812554768
0.321540301114423
0.285623221488229
0.311009325433902
0.396975042630283
0.294425137590722
0.133321076924303
0.240949998739929
0.216906314467219
0.300726920713516
0.29310045879313
0.41181602439503
0.1683715525279
0.318140416897989
0.201404076149855
0.167839570145896
0.222144753754776
0.204823766731262
0.287685110892364
0.263147556318377
0.29640244370071
0.459700401887992
0.340751151140728
0.323708780170978
0.236708460712535
0.35645472941793
0.274038212762412
0.285178865239441
0.181304091853219
0.354476944208104
0.280399201751397
0.323427696740785
0.303849174019774
0.142864947713234
0.240839231406647
0.350617320202589
0.480724705621276
0.288576601269752
0.376194333345936
0.198384097332061
0.342924660366737
0.206563706607209
0.284155069923725
0.32894873923373
0.301469805362014
0.262117161989232
0.368226613166082
0.442620013564078
0.32548630141205
0.29365034371494
0.431898608248123
0.379216352906307
0.372396108803748
0.391367992722303
0.320904175505646
0.25483903374666
0.171292582891783
0.380431467571551
0.492470932246706
0.355663619650837
0.403815874470973
0.489322473602559
0.357275992987801
0.336804716511743
0.343633901970416
0.296435284445887
0.277448610292801
0.523707929560365
0.372637883275932
0.577556839140435
0.422034990666071
0.29883056956613
0.231830985411494
0.360290094924088
0.450474697190748
0.333351744866904
0.416392312506633
0.333289862079141
0.307249249254138
0.548879182407671
0.48008213509955
0.483431391702384
0.331714553522981
0.421844808181415
0.378228636224962
0.58951677142894
0.37039248296879
0.411681565418143
0.410757968270546
0.462655682132342
0.502094126365573
0.410789590223572
0.331203004317679
0.461202315897296
0.292705471777377
0.34937800788027
0.446258890991139
0.433102599085151
0.371614004266889
0.491901053384754
0.430631257720036
0.385388917719351
0.269472673603348
0.370180129193443
0.342288703113371
0.377541171705516
0.458777549745715
0.461386423181318
0.463812453171182
0.341939898433973
0.306671213902459
0.368990866541584
0.495215928841049
0.583849454072003
0.454442380474306
0.57675392070468
0.484131197123169
0.504799709088431
0.451109986421197
0.389583986417923
0.539922667745258
0.410063564448131
0.544389004796827
0.493177131905266
0.508100418583511
0.614635128593425
0.580428599184528
0.4858055111207
0.4764415465185
0.39716106653887
0.395313640623586
0.537809048818316
0.537332259413122
0.538714813194957
0.505875605821398
0.547183871622963
0.541403200911664
0.466409532840057
0.57548186700573
0.457131996749878
0.392706809748431
0.437868487228859
0.513522896516751
0.638172996716306
0.510120824296634
0.465754221273298
0.549475981499059
0.647372402321003
0.502381775899416
0.390346260706381
0.395336186983834
0.509715285240295
0.579691282179592
0.568869601182427
0.488201762033405
0.465165153533572
0.434342370841043
0.429319150463531
0.370408503868134
0.548779582526281
0.444947475006801
0.698387215418462
0.63252639652203
0.592547378045125
0.638946364526969
0.531831134592427
0.571611672232196
0.478954227118027
0.520871113043829
0.54756542028248
0.391777243059868
0.762034643707841
0.650971837846613
0.587863862816456
0.619274008064561
0.800715714025185
0.571266624894798
0.60453828071967
0.744651782600321
0.744745841292192
0.690191450702774
0.507061179413048
0.606397869843464
0.596211806906782
0.542363657299554
0.682237517591047
0.629810614631343
0.547131068531701
0.692125791690299
0.582930105467038
0.766634418301869
0.589004206311757
0.598125223039618
0.707651269750015
0.650998863088161
0.744867498261323
0.43903369018111
0.645174177963438
0.617755208648923
0.765710838265044
0.616845350401724
0.562545199627995
0.549500167179687
0.627480072911015
0.744310417282832
0.666893958085449
0.631297054019115
0.775928763072683
0.734369222061031
0.441600293384821
0.616795902699991
0.701460050441861
0.745728092241502
0.534586908176616
0.56741679571299
0.614343634084485
0.541881031547029
0.647480960749742
0.73871991664961
0.652933414841614
0.583142890239588
0.54571132875399
0.609207840896833
0.748208778546526
0.695601218477527
0.711114614495512
0.648961789055103
0.699393977001921
0.584878661705833
0.651257811499947
0.766547750244456
0.809329244812161
0.566087840886748
0.732690221732851
0.708339952116051
0.749902625029006
0.677175065950252
0.645576162210131
0.69671793689969
0.671518647708585
0.800960628258712
0.589288234525865
0.768490735975762
0.616497122333069
0.700678684636641
0.614400558733373
0.694618892723029
0.661666788420103
0.546340736555284
0.517238995510611
0.821740320427453
0.612744759799197
0.690869560240595
0.905396019827218
0.811350145758004
0.806725812542211
0.703770189687692
0.758857838897821
0.702256724284117
0.717810932566218
0.736164532753067
0.801472669248591
0.759175503099313
0.783452392384925
0.799066539389647
0.735936273043219
0.739877770375186
0.776591828820908
0.900805042017549
0.88437204245972
0.861266528861831
0.772374190799444
0.84433718677859
0.790998496195453
0.659009181156808
0.730843668915441
0.929650278711254
0.989841446288972
0.604178850992705
0.710153510531827
0.748943538486908
0.802757710439778
0.749515799952285
0.856132810416079
0.88098117472678
0.593343832417666
0.844268548957604
0.868660964696966
0.813653206746897
0.768493555801296
0.839554021846077
0.663632107242616
0.704778601727271
0.835388793605345
0.801193560472119
0.921080334222211
0.96087643980131
0.829487069049776
0.740420158933845
0.952191327094702
0.772794558494543
0.738806690836443
0.988680227075671
0.683876132851314
0.75541925254569
0.786713772651191
0.647461259374
0.83563107040596
0.857392263460727
0.943768653161241
0.785338191900905
0.775504837658629
0.849304330067241
0.941112668156555
0.889003691291741
0.679934728094932
0.935751461587472
0.868748218248907
0.776366364577765
0.802546093787115
0.757830986079115
0.736641134139285
0.84810093146449
0.966804874754002
0.672014387145572
0.750814351107139
0.939537134465732
0.827360695574906
0.931776589627641
0.968867129120816
0.757521791923139
1.02122210129948
0.900054314352663
0.886669490463356
0.980730532867959
0.8666623665854
0.770527343851969
0.998860464947437
0.837603128343386
1.08439078563268
0.760420304595187
1.00436784816419
0.683675972767039
0.871599323610084
1.02451732884749
0.863497244369668
0.828355751715197
0.851270670632198
0.815641877986123
0.925495223903214
0.768604191702541
1.0208562178129
0.968930114853273
0.933673520921403
0.928359474644607
0.898163445406932
1.04241490543799
1.07865097420499
1.07153831836838
0.847073563043305
1.04689174818465
0.839053623379218
0.954349274921095
0.754800125399825
1.15018216085483
0.997270011503251
1.00421807069657
0.98577993372171
0.985719383789964
0.943617092017978
0.925348710534014
0.971027504594094
0.968791340819233
0.926505069208905
1.0426562455478
0.987576638459449
1.18436737119484
0.885089934765147
1.02181609862658
0.925736223068607
0.9392467868027
0.89346823704964
1.10346625515451
0.928783968809257
1.09875075422382
1.14497159170765
0.931095848149527
1.00452181771544
