-1.09903087613442
-0.958881189581404
-0.897439320832946
-0.969027951464055
-0.94709861290929
-1.06238350224407
-0.987602150892374
-0.986372164361849
-1.13478459940193
-0.887567486297712
-0.934250710749545
-1.04767000213819
-1.09152663314574
-0.960967973127363
-0.982313316852506
-1.04166881176402
-1.00840327342876
-0.938810422657897
-0.884513950383492
-0.975609365460352
-0.838481782443517
-0.928478048970094
-0.866640412359235
-0.907940803792167
-0.900221878767392
-0.996688979379235
-0.921068826770692
-1.05574154040352
-0.975941057784792
-0.943910885420567
-0.835276476361122
-0.852603259600659
-1.18329983013776
-0.872870413467592
-1.03718595131369
-0.9204778296058
-0.984393583664316
-0.902309037009123
-1.114173772108
-0.922149999200471
-0.779625792715532
-0.970062729805346
-0.941586526401634
-1.01080185997658
-0.885813216908208
-0.932284885288945
-0.87012636323178
-0.947988679445936
-0.900400876701698
-0.934264178315252
-0.981543380039476
-0.869298530894173
-0.863721288959611
-0.838388236480532
-0.780093621267222
-0.790887647289648
-1.03211384651072
-0.783821614415246
-0.784256283620414
-0.742936206603667
-0.972740903315292
-0.78800072246281
-0.90562153874497
-0.785851708832741
-0.872280041703608
-1.03011716878161
-0.76752953064643
-0.835355161573628
-0.782034069668791
-0.693556167194871
-0.700189884858468
-0.748074936542921
-0.855320902577661
-0.998357981916133
-0.771834986324851
-0.924926588297062
-0.831340264966081
-0.949028971652466
-0.797607373197711
-0.85764387997077
-0.801034114155598
-0.824652325257492
-0.946417044652614
-0.812519368821755
-0.800647911126914
-0.776781802182597
-1.03224683360807
-0.895313452187488
-0.875590855391784
-0.745465622665485
-0.653320667710667
-0.680888188399755
-0.762802661019897
-0.918303194306442
-0.764877452237031
-0.788555108491609
-0.88645229752667
-0.862588156637249
-0.797426637427567
-0.809739764870382
-0.83239243158092
-0.828804505145948
-0.809190745380605
-0.853287394706741
-0.79725005449605
-0.712037939271125
-0.878976577365763
-0.716997292231762
-0.750114589047979
-0.827253197920853
-0.637341311868709
-0.958170475083249
-0.677601078378098
-0.832531694678862
-0.778918788386704
-0.778210928766867
-0.842019610063964
-0.695155608290413
-0.739511726966502
-0.71859083025638
-0.786950785778406
-0.771912743909618
-0.78120554092905
-0.645686219741206
-0.71557316220545
-0.781813755162646
-0.553328589235134
-0.70001974450021
-0.781638580589967
-0.74336525616072
-0.51238315239033
-0.670671607218716
-0.769676343617576
-0.783463140761554
-0.656009452792194
-0.712193238069069
-0.677486476305354
-0.621676254746084
-0.714426716207314
-0.844486383103678
-0.71068979651
-0.691750062876279
-0.59560598975789
-0.667882555402735
-0.672217738218873
-0.654522516678236
-0.616392553812833
-0.686762652744965
-0.81555711398737
-0.684555253832952
-0.776873371217898
-0.726413904812254
-0.660391226279341
-0.786345680962082
-0.536022770447818
-0.637747502426754
-0.779320385329542
-0.741604667068769
-0.673611153572725
-0.72842453475566
-0.764119316792206
-0.539785764661053
-0.706498891353675
-0.585614928285552
-0.820481337339232
-0.678867984471381
-0.679079215420031
-0.619123832288487
-0.640713112055729
-0.753275143848638
-0.730908269016096
-0.555958524901355
-0.685346047495935
-0.648255648335808
-0.452476093549488
-0.736415746337012
-0.582926245692827
-0.719645202069091
-0.552842667305838
-0.511339504789665
-0.583628512514093
-0.757176330743463
-0.53630874218482
-0.568753012900394
-0.597483890886423
-0.537022618845274
-0.718922227360238
-0.704938398426544
-0.685433241481431
-0.711372071148139
-0.654225051756948
-0.768770684457309
-0.579409696412385
-0.62418535892957
-0.430364579785696
-0.538572998523761
-0.613821693922099
-0.572000694696958
-0.540824706227061
-0.614036878725607
-0.601757253818586
-0.626065312765899
-0.633373638575883
-0.511133644277376
-0.426746629534762
-0.523990263432767
-0.700463702827527
-0.460093928756227
-0.545795378045738
-0.495611601757694
-0.541992991477018
-0.684436588725464
-0.5669765024686
-0.530975028512806
-0.597415067258913
-0.417629746460528
-0.454319514584963
-0.543390331105705
-0.655883634898098
-0.629336520638922
-0.617697579092453
-0.575557872379932
-0.611635862199127
-0.634485824857519
-0.571993425470371
-0.527029507111113
-0.652941175777973
-0.624951167418889
-0.582786374301783
-0.592855714822148
-0.681466313538731
-0.550715653299028
-0.534365680504577
-0.389193700568762
-0.590677933967757
-0.553895635023106
-0.243557728454532
-0.559881068002354
-0.471244307255316
-0.582237667422843
-0.604562487279386
-0.797646873648016
-0.497151736092347
-0.50550145686195
-0.530438552813515
-0.587495708427438
-0.487910806754979
-0.483509802404568
-0.506795686591798
-0.513325745337931
-0.41220584617799
-0.361206585354732
-0.585281036118048
-0.507019155291086
-0.398161837223432
-0.439651249442569
-0.476652716849172
-0.37590964403429
-0.45873041748691
-0.556756011486457
-0.468890788531133
-0.603256268599977
-0.491659686305025
-0.451773309452843
-0.459538964763447
-0.397085844313443
-0.569991351113715
-0.602874319275068
-0.326562624963846
-0.406763630289923
-0.396417271016968
-0.33628971765677
-0.393405989558153
-0.431820492154625
-0.371397145153002
-0.53202758803463
-0.417126775706162
-0.651245843356969
-0.540324647849248
-0.539588443159664
-0.494689880565534
-0.441978835120924
-0.394655762446416
-0.44000113154631
-0.492586711041606
-0.259151673602177
-0.350315648612459
-0.444956117905044
-0.436597111718633
-0.317703199557591
-0.41511682102912
-0.487225263566406
-0.282872672462307
-0.461337776206449
-0.38560929713641
-0.313924979215892
-0.432122051380054
-0.311569285460719
-0.426002131739848
-0.33081126691779
-0.370901732392669
-0.436580728601413
-0.350188583733434
-0.223026889762419
-0.193454923124727
-0.445654627283615
-0.395140712344585
-0.380861021870077
-0.424779980211145
-0.444760871578359
-0.306909360738856
-0.407196110757042
-0.142228859909502
-0.345925141259076
-0.270209195614056
-0.542914352553012
-0.350942669345352
-0.33083649574951
-0.466567285748271
-0.273590598146457
-0.373454813278343
-0.363124670773481
-0.330370353796573
-0.320276303946195
-0.333674996390129
-0.421489770672702
-0.349285573427227
-0.427895906950174
-0.325306176485227
-0.295677888940871
-0.395166497054105
-0.447688190031431
-0.361690475185981
-0.38917023835728
-0.347052203911787
-0.319391903800292
-0.416030017552152
-0.276622466650449
-0.244530744816912
-0.284964962395892
-0.348369194550005
-0.340532053828363
-0.44788295585596
-0.357841470624977
-0.37275497608279
-0.282734234406232
-0.365634923183406
-0.202389704473992
-0.220977473359304
-0.249318157270494
-0.358854639749896
-0.221229382324764
-0.218378502038439
-0.348790661772861
-0.282214453221925
-0.170470924641632
-0.231332496780263
-0.205049131041436
-0.409040551656441
-0.153983936861013
-0.211919141011712
-0.314493232812875
-0.22122107731595
-0.158954796110182
-0.300449241486235
-0.249515489247388
-0.197170700722849
-0.194821143132462
-0.379754333074135
-0.318623569525297
-0.235129822275427
-0.425972147113634
-0.314416792880076
-0.253555468086309
-0.407363119900374
-0.12094492999305
-0.26743447950544
-0.146321841072078
-0.194864381883184
-0.337102116835121
-0.281856152132375
-0.266302290436305
-0.321836875789219
-0.282359380927625
-0.213444416731315
-0.229975414589041
-0.325223730037899
-0.214060751221478
-0.285174472669356
-0.114862297378076
-0.237393648879968
-0.228086782032849
-0.178260521355658
-0.0723939812646947
-0.0944152445641797
-0.085636892230064
-0.082100793378626
-0.30219332754635
-0.196588570395357
-0.305302738199367
-0.335472620582969
-0.0843551942487741
-0.276836872409403
-0.0948467956515268
-0.177517973104026
-0.212187047630669
-0.165877872896127
-0.12569192402396
-0.136329510554535
-0.27440348531288
-0.212583127128447
-0.113086830762146
-0.0436193390596243
-0.169693676471519
-0.223866105189707
-0.0978382283959469
-0.197156342531328
-0.277074812325474
-0.177051486259716
-0.150744719219709
-0.167036763106912
-0.237998918347065
-0.121456917728426
-0.132204587853489
-0.244967776809025
-0.0530124520324835
-0.133240222549805
-0.239322467985215
-0.194704883165674
-0.163173887743228
-0.128921382821975
-0.19553669667085
-0.0982224171996011
-0.194518947431655
-0.189616716010391
-0.074145999914057
0.0280402002336862
-0.128657629206568
-0.0444848803067814
-0.240021720519886
-0.141788832789946
-0.226308038769011
-0.126030171480017
-0.0826397110493875
-0.206551219443217
-0.0443802086207477
-0.0140315714974032
-0.210216365282284
-0.232925009116087
-0.299358943296143
-0.118896443961606
-0.0952380024268554
-0.216249393882532
-0.00512687609704764
-0.0696886391138506
-0.110282783098936
-0.0802652916957728
-0.0213353234454459
-0.127053275932933
-0.15722373274123
-0.0972349367765951
0.0164171597683051
-0.0301514724891559
-0.0808503890960295
-0.0897011493522536
-0.0216110410114521
-0.029024905174488
0.0787787648261962
-0.224010285930739
-0.22249830995828
-0.0889554153830391
0.0177687771675004
-0.144980037492317
-0.0678587663168431
-0.0675663004618505
-0.0800338114046392
-0.100283003786008
-0.000450369476283119
0.0900298512117923
-0.192592335632627
0.0604138792227005
-0.185637969209267
-0.0967130329833311
-0.205018989156603
-0.0562773482232053
0.0954294716826206
-0.094374961765489
-0.08214675938378
0.000814400312156913
-0.0326426619153619
-0.0121722126000001
-0.0362310349226827
-0.129710947602672
-0.0381842387331797
0.111316056630614
0.153729415966116
-0.130606944397577
0.0306619663697553
-0.0130537103193544
0.160956448557823
0.0666065611368507
-0.0248397970900343
-0.118370070392207
0.0627189260337215
-0.0272346956154944
0.0876328725988926
-0.021937301878995
-0.0538485448545314
-0.0656897770283545
-0.0481336193816946
-0.134796032276272
-0.146433372136461
-0.0157205413350815
-0.00633470387975254
0.0869747770452604
-0.0551975746928611
0.0238231200269621
0.158110233235908
0.111548280901254
-0.0268284730425967
0.0397948797474833
0.0722724323549201
0.0467010294453758
0.100676704857487
0.155241617826863
-0.0171862509941225
0.0489149184524467
0.0766562364531335
0.101262225334093
0.0713658022045936
0.0658005575443232
0.1557836612256
0.228342752100497
0.119873362265865
0.13272772524763
-0.0249001742663921
0.170971019768208
-0.0315954715879726
0.0929391873836947
0.135373865716302
0.0417145827010462
-0.112195490360566
-0.126266496044272
0.055171932069421
0.0837864280226021
0.226023309297194
-0.013469063709601
0.0482573640109747
0.13361669500136
0.157392320040545
0.130560120455392
0.0856617153323494
0.144763305741722
0.208900004194191
0.00671840304636942
0.0207327233071749
0.274065966920601
-0.0426601912017446
0.128168738420309
0.218834772214449
0.0778259230697205
0.0909345404299062
0.218120478967483
0.248019569148482
0.172697302180779
0.0972038700939054
0.138325723191231
0.0716582530675604
0.219470238183801
0.172110202454207
0.0672904697984936
0.278660860073902
0.0185748103193098
0.0823184806311647
0.197676008029378
0.0887014417747017
0.170953330341439
0.089413590283234
0.0742035147256081
0.150543214433842
0.145874998781614
0.0761614458564139
0.289120472796943
0.178802160652311
0.249299655784588
0.0325424022855345
0.0275757906461025
0.250187888551856
0.00192155108718265
0.312378791894852
0.167280727914675
0.202277752365547
0.194708573644513
0.26488966677592
0.235167544168657
0.16666538069038
0.191625355198821
0.143999636313431
0.246171282698087
0.291685986607137
0.291569356058437
0.133491312810258
0.168426251024482
0.147306599197679
0.246668578829073
0.330720302604775
0.216438045350443
0.18266319284207
0.15522726032918
0.271444064647635
0.295671674768517
0.223463087343291
0.226212357474205
0.165277285733566
0.256349606266617
0.247363441528721
0.159383932033715
0.120856468920704
0.253086135126214
0.220569910999235
0.202572411568107
0.254669812609076
0.208752632268689
0.23611162981961
0.241227276780994
0.180216595690031
0.184151830364359
0.309085287590333
0.352295224200696
0.296039141515501
0.345466977266721
0.250197000801053
0.320016080201601
0.243057945282971
0.0239453213924816
0.165855492313941
0.392664285959632
0.0694688460998359
0.272060081575092
0.234238094193946
0.270558973723889
0.433170870401183
0.384381397116209
0.398441954579622
0.327649647158957
0.276257711806194
0.273750142674576
0.269290783887461
0.307843913219586
0.338277430807345
0.499797931105748
0.430925501881724
0.297376803468433
0.17285052180092
0.226669152987466
0.212773691024725
0.417700393673258
0.277308330780224
0.26226839738388
0.27563086759754
0.345238900342622
0.29460894288498
0.345468615172896
0.361594175976399
0.268105203757637
0.279753671783263
0.326008761054995
0.339218431991494
0.302008419504132
0.208713522845129
0.234198298154703
0.376131434651732
0.345191304512426
0.198783302715431
0.519692591276581
0.309802562491173
0.267689228772842
0.399624844918812
0.329794952107886
0.363162497518654
0.442143952728086
0.392402627443616
0.43432496202535
0.119915098930814
0.322598321814283
0.48620975925111
0.236672766404548
0.396304031461158
0.481276119507452
0.388060278989474
0.41484576480146
0.292238048011221
0.376959321011713
0.27826356696947
0.409970089494863
0.540040144661221
0.22999502557256
0.262813798868061
0.372859464235554
0.384542336178123
0.406789993722889
0.354182308611227
0.390713186809398
0.438058059999963
0.277854569831078
0.46917781757245
0.410863610719125
0.402540516932193
0.308122661815863
0.423446931570689
0.356877593571309
0.400513058696314
0.435071909420286
0.4182400759253
0.47255856280614
0.432957724021882
0.373370984709061
0.471417275092548
0.643029840597449
0.530642432670126
0.411909405621014
0.407677929995179
0.436026085506944
0.489824693618094
0.485638200656655
0.419985145471789
0.361835984670977
0.336638816187652
0.595923377556728
0.494803560842731
0.603440114619998
0.306361274401907
0.538010402113072
0.453664925839027
0.38477743871065
0.522599533265959
0.439452549198537
0.447107895226996
0.409655788171985
0.444029786171838
0.546350683240268
0.507638785227823
0.479958226449868
0.58087639692741
0.398421167415515
0.445540427094883
0.426951598042529
0.564592186456639
0.378486116266419
0.415438629070754
0.447285091081158
0.435940308565233
0.430589095264147
0.483405617299974
0.346839412441438
0.522431604369879
0.616634028469364
0.57245422214725
0.612029338457137
0.481466430208616
0.571226742127971
0.495147804869472
0.512802786532685
0.521415894489218
0.720642601585046
0.525088474438861
0.511764163062016
0.467579683861511
0.572717951719378
0.575904076803187
0.508597647052415
0.523596616834139
0.579989384896649
0.596653236216597
0.70858497095376
0.649308969998755
0.465045000341902
0.391629173623217
0.718133228235883
0.459299042799955
0.470243844723814
0.599183106512667
0.514688893463261
0.627821044868946
0.570343023537623
0.628645446444806
0.615708879398451
0.644114676880978
0.684689555127855
0.600223124456553
0.538705457327953
0.59112373865247
0.571418207805209
0.481084901260895
0.634069376481743
0.639323759927843
0.632968069109513
0.691906910672784
0.623011135934509
0.507591643780038
0.526718162749329
0.612178465147373
0.546061293892716
0.521327490284099
0.528221459352477
0.632072937424928
0.632245908762789
0.681447845684078
0.587503982160729
0.538313657135712
0.792187999079479
0.635529267113286
0.697927376465709
0.67316068272549
0.709527576582004
0.63714817992651
0.670819258373602
0.51683258190075
0.696598808816269
0.574934570784281
0.451556298427851
0.635538438357563
0.417991649267789
0.496511357344671
0.804149718462317
0.568284240516632
0.790443933920978
0.737169742680733
0.586376516526309
0.554400304292184
0.607019736663427
0.704290848968628
0.774077604854866
0.545315141003445
0.726348310235021
0.427619723450807
0.70623742751869
0.729920791249355
0.681209130072592
0.686987932622179
0.802190801389145
0.666156940180741
0.795922364865539
0.692489099186018
0.570072324293445
0.632299296026791
0.741013424480429
0.755544280890195
0.664932586192658
0.772722051148501
0.600132062358299
0.591734124389805
0.660559223201349
0.660600531870182
0.536088457725189
0.713692077265321
0.63727018965651
0.77349474539165
0.672240710418667
0.702335537226718
0.723579322995768
0.78347508903027
0.682996526421402
0.564365654470193
0.675956010887695
0.725749450873156
0.615381465819697
0.604930402018472
0.692718200433054
0.778711211219877
0.855211694650949
0.698981432982686
0.655795899889433
0.757714400853295
0.673955774446921
0.636085723267961
0.775760472332392
0.761131580194908
0.751235535936644
0.73968373972174
0.970981571834499
0.715521873602194
0.897354952544925
0.840843716470213
0.507976142219184
0.69427675720954
0.876866555265416
0.780503194356543
0.79193104588813
0.833560335562251
0.602740951530027
0.696698684627589
0.808803792587001
0.680227482616798
0.818021950534111
0.878324792563119
0.847588326128296
0.787087619668948
0.740680670974447
0.931355383023492
0.963851685496561
0.644812737041191
0.986736427493476
0.940036456776757
0.743635356058278
0.758511021049027
0.841980160088071
0.956379776204983
0.808067970914778
0.863877183208109
0.873325712106651
0.912219373340958
0.890211198296849
0.912328759098306
0.767439054822664
0.775733079395673
0.926569136982689
0.924003930306368
0.855928667847589
0.907522839243452
0.808568652985054
0.705614125362416
0.833154563981042
0.795250935526887
0.953508459903711
0.783978192259634
0.752846054031407
0.786016143199003
0.875550057399202
0.936843480858898
0.832671112696412
0.750608478847044
0.922935024458417
0.835727134465928
0.954138168196707
0.952831209045282
0.891940235279031
0.783177067510716
0.892767711420419
0.7386666153887
0.684546043288654
1.0102204676237
0.964291814181367
0.842316955835607
0.781722076850061
1.04233895411116
0.90682796928888
0.897021965840718
0.942182897767696
0.841622449535663
0.893769816119271
0.958520527951208
0.943396244418208
0.947835848835813
0.76360388579059
0.902967054831644
0.861046497468814
0.881551082854622
1.07959896603376
0.89911218287181
0.910668218619674
0.878490464852519
1.04376199251279
0.904630052223289
0.871623250117137
1.02374106053699
0.976921558190575
0.984665869840758
0.841496589657502
0.930478994262037
0.743133595029883
0.9546208455731
0.856338756187763
0.941790874580402
0.935705628011685
0.829636933003201
1.07814707238143
1.08296601619076
0.926392704454933
0.853769906389947
0.780124120576166
1.09555161324829
1.06357734398503
1.00808264250245
1.05078655751633
1.01840123153717
0.837969604953806
0.987027972368537
0.8590007172789
1.00882175017048
0.836826230567198
0.961550162298149
0.926924035668405
0.940581408566961
0.907728447232843
1.08229616495379
0.980237290149955
0.995118879179973
1.04131191216007
0.979130717638658
