-1.08076808573353
-0.983906974020529
-0.991784930341308
-0.916971379801855
-0.902483482648314
-1.10201240375644
-1.07111787646153
-1.11139512506016
-1.10436373137661
-1.09470981569066
-0.919121926731199
-1.05608499270594
-0.962043002249923
-0.956487498468261
-1.0250623706708
-1.00411962216208
-1.05742759235752
-0.964141755209919
-0.83299664424453
-1.07848095945807
-0.875334231907831
-0.973610451225806
-0.992016028816939
-0.929423884166907
-0.897348807820493
-0.894671043374128
-0.929835834318477
-0.854343576556349
-0.984908031203475
-0.851879534713005
-0.934450741006005
-0.779498932387434
-0.997217094072744
-0.725276020881875
-0.99526847370781
-1.02344500931344
-0.886313880619408
-0.900525031488239
-0.743429103007475
-0.842415736171115
-0.883010319529127
-1.03337969914222
-1.01383495264637
-0.734418677257883
-0.815019849989143
-1.07350238562836
-0.905009027219274
-0.777077911183399
-0.764133757662658
-0.912015301589265
-0.976816987338189
-0.971935283841157
-0.959223430880167
-0.920935379360536
-0.983599114786765
-0.944665329761737
-0.873054536947515
-1.02193682358666
-0.810764448197514
-0.887709434975037
-0.902216823393188
-0.789499115979587
-0.943067602070517
-0.87530015724474
-0.864900763270885
-0.771493765049055
-0.920843483259133
-0.869025549836355
-0.877960997662363
-0.89149991694005
-0.947618460907091
-0.827857576052964
-0.798454693173424
-0.777273125243837
-0.704971158750588
-0.798001977819249
-0.78872032582203
-0.811736485260347
-1.00604058583785
-0.88937772697242
-0.79589850961327
-0.865599149976269
-0.783890392278129
-0.751229329169455
-0.861010265802069
-0.954106427365225
-0.742002349398084
-1.01091701531005
-0.80060318739837
-0.791859520639937
-0.953002662209897
-0.899511731238315
-0.761679366469412
-0.883659612826257
-0.940304614423565
-0.819286468555328
-0.759659236261121
-0.892675605764746
-0.695813800201779
-0.783877749462224
-0.789952461553901
-0.730156383467117
-0.795604264014254
-0.917354284124535
-0.914788501753703
-0.785716697472191
-0.893401187554573
-0.751950558518488
-0.789330800808983
-0.897043179452054
-0.690927424660942
-0.754267804306058
-0.83034344960332
-0.783143947203113
-0.766845562488184
-0.763331721399483
-0.716410102092383
-0.818989900859064
-0.713195455001105
-0.805127823844802
-0.844422836371593
-0.848620636395026
-0.664099937575647
-0.722406398078841
-0.678373320761176
-0.689566794382076
-0.836326704313604
-0.896608281860775
-0.794682717815909
-0.754959098508303
-0.832042237123097
-0.676559051136895
-0.658129538211998
-0.800171562438774
-0.68154662878809
-0.697249333149689
-0.834392564455941
-0.838713742536749
-0.686400841398331
-0.665700440738063
-0.78351123033879
-0.775103402188872
-0.731855900588189
-0.787743989133591
-0.752715880020505
-0.87209671554267
-0.663123407782269
-0.76180617033126
-0.732671925145918
-0.697308518754966
-0.733378027518395
-0.712750928461441
-0.555711491891192
-0.63626966541516
-0.593107566208354
-0.619012043831344
-0.612444849950902
-0.656437870358387
-0.757137106882254
-0.664209340174312
-0.707452896996266
-0.82815260244087
-0.740574702995782
-0.586226579711228
-0.618969959149982
-0.651176502864157
-0.57522242175189
-0.852852714578071
-0.589763429676942
-0.637738826209971
-0.723567269896073
-0.732076601467512
-0.694490913186466
-0.781690192843531
-0.5539511946939
-0.598913083939105
-0.595888085971244
-0.765321314259079
-0.658780421629411
-0.48433901435247
-0.448591736939007
-0.681392345507337
-0.753960044511137
-0.498912918138249
-0.663941362438568
-0.583014850453681
-0.766301112077908
-0.664813422882953
-0.738150431995869
-0.643816969712765
-0.670279321935128
-0.590291248781671
-0.489638672473907
-0.776360077866787
-0.656173380211709
-0.61940699362059
-0.687846666424945
-0.734953193671055
-0.602751189898337
-0.737165175531451
-0.599662866297762
-0.680030134604257
-0.49914226741283
-0.656472163515736
-0.666421951157103
-0.62513278392514
-0.466757045613644
-0.622459829979418
-0.684555438717285
-0.683091247899124
-0.621352835024271
-0.567710122105858
-0.534157197246896
-0.523749836540326
-0.631787688043084
-0.64061314888882
-0.58488387978135
-0.547436200714751
-0.447723150661807
-0.580296160447698
-0.614309942883329
-0.689353602767396
-0.394142485127878
-0.504832637326416
-0.524152226536274
-0.581566299530169
-0.549927813515855
-0.567928326057286
-0.420241729944197
-0.708404412367341
-0.643812594911494
-0.561784969927181
-0.43821575930618
-0.419565471013029
-0.434655482630901
-0.667177550206533
-0.304541183207625
-0.512340254830745
-0.515454323043962
-0.472161984048852
-0.537369223473439
-0.564518623997378
-0.389157458284046
-0.464472737117222
-0.522715972620336
-0.491865941154982
-0.538236397403376
-0.439034092078425
-0.368014023879142
-0.614273060817512
-0.564591173832927
-0.562344759727541
-0.540402494719978
-0.559813425271382
-0.480375615722601
-0.354653306855805
-0.526911664122111
-0.452526575921812
-0.566805101430575
-0.595384825100201
-0.291236586646621
-0.409798555558004
-0.419995668312489
-0.606349652436423
-0.432991006170646
-0.3283095968949
-0.432629047772718
-0.390563007241434
-0.495352953019013
-0.460557707211492
-0.549369756151386
-0.395110994436465
-0.495082976149254
-0.490720031688156
-0.432742226224208
-0.394567823952014
-0.544782235583226
-0.367314787750637
-0.493813047174055
-0.43298926288551
-0.398085484813597
-0.463206540959012
-0.549684429592166
-0.487592606452467
-0.236659255978907
-0.385796410889652
-0.391870484699365
-0.353300780853655
-0.520828500405857
-0.320843242606146
-0.538369051991251
-0.379584476404021
-0.390060773998601
-0.16119376001567
-0.423893703010413
-0.397421186467307
-0.37729692012344
-0.504190804828185
-0.443255720387518
-0.476829220629178
-0.334307275434324
-0.506956468429767
-0.517122224785879
-0.392233377514289
-0.461366920584306
-0.338281877198817
-0.431034106378101
-0.338997964192813
-0.476823862257849
-0.40006615348377
-0.508292856015791
-0.330882677033563
-0.385752912343123
-0.259024041139879
-0.4228258030164
-0.226949932605729
-0.55455057437729
-0.161581387559944
-0.30598786495114
-0.32261430939474
-0.384346637866347
-0.29367603031441
-0.277911971374438
-0.510698800576697
-0.258221316311842
-0.349360719041554
-0.294565053579803
-0.456605797580275
-0.237473330071343
-0.490968678962678
-0.329666692021178
-0.388715051664676
-0.30800489371528
-0.518225633655921
-0.220229720867522
-0.291168066911831
-0.176470530435037
-0.354543839191791
-0.243898051438704
-0.321709892835378
-0.249805968527499
-0.255146929843155
-0.316692388548441
-0.357451142426582
-0.211911328629323
-0.149605759530752
-0.310594492518773
-0.357088241913135
-0.371253636805949
-0.320495726008256
-0.195097076512205
-0.190712475311655
-0.24490876935437
-0.339647999341502
-0.160667136484367
-0.334065631393946
-0.239595983712763
-0.263980952007733
-0.283041464213979
-0.270567367887138
-0.223784692963913
-0.378322481666841
-0.230838299164522
-0.372885646604238
-0.306867596363952
-0.266091733662972
-0.334616429646021
-0.148018488844398
-0.29540805644331
-0.308982854802386
-0.175125030080047
-0.144565580484725
-0.397208147403883
-0.241435915785396
-0.279130544799488
-0.241835291897955
-0.285565727499859
-0.245764412771759
-0.296717202510987
-0.264061675790269
-0.148762157693145
-0.220987122925664
-0.39956268286514
-0.171744415222676
-0.219192256252413
-0.137849841257685
-0.180146386177079
-0.309055547395184
-0.164054101160173
-0.318949847382211
-0.157697579804637
-0.22503339303271
-0.325636388873059
-0.236072808263685
-0.240787751790772
-0.122425033526753
-0.265144277577263
-0.253307399092008
-0.325497307360999
-0.125796217987012
-0.085044381818489
-0.0283509547275803
-0.200706089255386
-0.156355004697824
-0.332202255510922
-0.318104242212476
-0.163043652938325
-0.132855068924265
-0.0979661635549535
-0.234005535965639
-0.191518926320201
-0.0916597481840799
-0.139736968684604
-0.261557704257727
-0.164634861873757
-0.224127683398545
-0.126004731930829
-0.00141546247103714
-0.088473130401255
-0.143455532280823
-0.105233195126508
-0.133166466351663
-0.0940525831988033
-0.137179647696307
-0.118516656195499
-0.177696955202619
-0.0351808469308989
-0.141207888702825
-0.103377658677376
-0.247051826285685
-0.0429729631737107
-0.154569447673548
-0.143716687750144
-0.195878424388083
-0.0820005125497853
-0.191685914058521
-0.316459521595081
-0.0920098843767345
-0.0185634625438599
-0.215307108059612
-0.211832293527161
-0.206697692465079
-0.0944275855337662
-0.0616744936714003
-0.228044459104265
0.0112053380814021
-0.0507735894567845
-0.00856326221300024
-0.263967232521166
-0.0991825402348481
-0.200426480449344
-0.105614730261808
-0.216869324193026
-0.10800656537061
-0.0111724226663791
-0.108661495255465
-0.241439287434989
-0.0727438815588125
-0.0271269014443321
-0.0179662997218392
-0.160096323644746
-0.15503046566297
-0.00230199712389405
-0.145360373876151
-0.139258724707504
-0.110662637403191
0.0468877519814981
-0.0780323934481082
-0.0806128581821945
-0.117519628503537
-0.0594610019586676
-0.190225662382833
0.0255929979115023
-0.0153496559124316
0.0481165318386841
-0.0593351346931775
-0.17042074560642
-0.00228311087966462
0.0173449301363748
-0.0649329000479442
-0.150580408694614
0.180261524663906
-0.0669559745155314
0.0111205541221612
-0.163808914465643
-0.0523637217366473
0.0635943897438103
0.0471746954587627
-0.0544158611875766
-0.0595929851281975
0.0026350753905713
0.0458418266630174
0.038571051314448
0.00788568291879853
-0.0872616212601352
-0.00747056144255216
0.00186051063888469
0.0680526248633254
-0.0560142060833344
0.0301726797971242
0.0419603122705551
-0.0636928313017526
0.0999389069529279
-0.0376440418218075
0.114282994041781
0.131868443121736
-0.0271846762865325
0.0730772518190829
0.108469749905756
0.0761978363899858
-0.0293984157563212
0.00733899967144712
0.0520157634526727
0.119171585949566
-0.104108614691189
-0.0353314760309413
0.0757019669441861
0.0860025558578004
-0.0131336477778064
0.0935097467724729
0.0540477466451585
0.13856172912481
-0.0792404605149688
0.0893854756202626
0.014727531649999
0.143717907204168
0.149307264617346
0.0739152094088324
0.0585995964333799
-0.0973656666201805
0.152186233685714
0.0430376235563987
0.130300958814008
0.11160703040361
0.0949595409683976
0.0458172053357476
-0.0191164880198316
0.166741791061581
0.179993847698662
0.136854052619875
0.121872213990152
0.0865970454910592
0.248030214626547
-0.00791710918412498
0.174060379736076
0.185807106253112
0.114340014497873
0.226170586832411
0.0479835298932586
0.265408115838419
0.132220416534721
0.0117696550327297
0.213445826481952
0.103747611986125
0.132278678658788
0.328101607785134
0.0536425245413497
0.117185012918556
0.281516172032416
0.00740976500689224
-0.0106378686327007
0.12914599894508
-0.0257429664388774
0.20481396481373
0.208778360042886
0.145384987536506
0.0371660027080645
0.24068365764627
0.196410862197712
0.110903104860383
0.190111684688616
0.201017336582579
-0.0593884920606335
0.159363197111767
-0.130456690485846
0.0709615575263897
0.214296169408732
0.212653897702868
0.232164645003271
0.33993653198835
0.196190043020166
0.334261853097222
0.192748056280737
0.197341671606963
0.19313247163458
0.207202563125568
0.112206985226119
0.123212302168283
0.166675549335993
0.210608094348828
0.197093638887541
0.247638715437264
0.196154088198897
0.178041968966756
0.249789059239412
0.115072006105578
0.262776542777516
0.249807766402027
0.276220148852446
0.250604804872522
0.181831336268839
0.379290525893379
0.153626391476137
0.370205997063161
0.332330895562458
0.0907707002230475
0.21192599658291
0.419729176906908
0.21192969914636
0.371936611288756
0.112269206880997
0.188348132040678
0.346459453808751
0.234507047619141
0.208920885559537
0.31416283821248
0.202593413607499
0.228555082617642
0.310540636863247
0.219719626429042
0.203606967483104
0.289423358812343
0.384187213037567
0.323786766715992
0.203536701169926
0.196553355210534
0.263556767829312
0.279534694393883
0.329983980892878
0.246177150354983
0.301060841717428
0.218832637259225
0.209425430509024
0.192397346851243
0.30314433822393
0.337372777614628
0.329749965771511
0.260893769532405
0.124779229512909
0.316493464340559
0.383885910417476
0.252883976710474
0.445828341857853
0.282996317123914
0.360484698585213
0.272355893976617
0.299179166703373
0.292784504608642
0.284883493913843
0.30769590460372
0.151528112812571
0.206890522113457
0.527347589233718
0.352532689303256
0.313759123504301
0.407685000559922
0.269804355831795
0.370526104837941
0.184353718587339
0.27220092107787
0.440265146408807
0.338357080573768
0.172043454354641
0.366978875309036
0.215559635061031
0.296127709611396
0.323575146888002
0.325343844723597
0.295094138829406
0.307980099106719
0.290383437658195
0.278590144970009
0.286769459173552
0.301741832788794
0.371198544756995
0.331341445421196
0.35490571613386
0.180740480143321
0.360913924159194
0.299616720274475
0.441225007391931
0.361834113780474
0.30083498596658
0.357485470915577
0.322114037692393
0.316160398138719
0.390016399741478
0.462063450738355
0.447220875598613
0.510370356318215
0.336397351100591
0.280989636008947
0.617331965082389
0.347230412882079
0.317390809042767
0.527078594676328
0.417751282653969
0.358210512615115
0.347685783826567
0.417338981145199
0.469139758690471
0.391436202385141
0.408938565265058
0.312547292299259
0.218635488014262
0.393400976644654
0.40809212375843
0.340705980212494
0.570387905196759
0.38577364203831
0.446921382814143
0.468175965377367
0.432679486233521
0.502428529843256
0.378148553827108
0.467037114606567
0.34532911885462
0.345336684097814
0.369330457883835
0.407539670318081
0.360112314511795
0.44117236077148
0.455380444234317
0.46908202720364
0.449190799599622
0.334434332710292
0.23113181669567
0.59077501956643
0.457025413407698
0.546985104759078
0.459709277984675
0.493758426997026
0.461070274208676
0.428506359122529
0.489082462242213
0.457838014791298
0.40797985904765
0.433870722770725
0.486741068047333
0.404630449382865
0.472120091474648
0.466839555110521
0.476880224955741
0.563595021630506
0.499934677297351
0.512846251890325
0.556921543864048
0.488166127688319
0.589248052641898
0.337924036564271
0.436417889233582
0.670899467109479
0.5430122501578
0.497589178760196
0.452893396744523
0.596623632711494
0.517928673122914
0.451689606835318
0.470184963145703
0.545066731693077
0.602160447421548
0.53648276608173
0.431357161101003
0.557314182898857
0.511289286815714
0.478185540914301
0.751607955541726
0.44690802133656
0.576880566826378
0.62295299669094
0.528098575891721
0.582792759035033
0.601638940727885
0.647622258100101
0.610785114707738
0.713194206142084
0.549855558569644
0.601714486740828
0.604674526884043
0.459700035898894
0.499448811776841
0.600307041713932
0.722135981794646
0.5344234906271
0.636012394315209
0.59645272553635
0.46621934991758
0.559089839895447
0.529816703027753
0.622121315686578
0.628787277398742
0.556138643924576
0.47639467415627
0.653947209515109
0.681239825117952
0.60264774143198
0.682828449717345
0.745820922984682
0.621388158350929
0.583747097819914
0.691891521411209
0.667662776021069
0.607938377899189
0.585933285460011
0.628054541844009
0.558432224994152
0.596958928312577
0.630976835700508
0.559689276089092
0.637880434329995
0.557668594285918
0.520177997388542
0.689319811564105
0.597630061246131
0.560949855757594
0.799605834802968
0.419532329029516
0.583972033261392
0.639826033776722
0.687652161358868
0.601724955403586
0.654287430261456
0.680965026243412
0.582011665486919
0.720313492616919
0.638821883056774
0.760204104348588
0.626676927161972
0.569421571890542
0.728261243793207
0.72783420203304
0.617353394067177
0.749959039301887
0.740755155730707
0.493130254202294
0.818084278900291
0.640370401136101
0.749579059744483
0.764436109044587
0.587589888960788
0.78225737114995
0.791042864906651
0.644735671557153
0.78545447216561
0.656191336380636
0.531885839222508
0.685571993535293
0.606647243529963
0.799679093929693
0.743016360591825
0.594272022260181
0.630996771118523
0.61507984226767
0.815881729636588
0.788570475446836
0.724644096386207
0.604842294612799
0.655037967788755
0.577255903740414
0.682557735086116
0.620301759802432
0.597644552928197
0.755692940162778
0.756450751157199
0.769252813711182
0.634278457516945
0.582352542931319
0.867933084760321
0.685073688195506
0.775198296366268
0.719542723623156
0.70101729003955
0.756360707650883
0.598062343104674
0.700158660061201
0.922917053444297
0.854901577863152
0.684565950921538
0.89208432677186
0.811585118665522
0.675719738656905
0.738528166505113
0.82568685332594
0.785406858379072
0.81443024570326
0.664452419162386
0.710449649592194
0.759946316486137
0.673206409600026
0.889625967072426
0.79269367709722
0.616473603842078
0.680026386055121
0.732402445665095
0.866574460516289
0.749896897218855
0.81345295081827
0.834204400200703
0.809647798433639
0.621235008242941
0.874001416370384
0.794506352836271
0.735660882791457
0.799791195113486
0.760204873667845
0.976212116611723
0.778890898360709
0.901079967432336
0.753274713540714
0.665346055326587
0.753005351633251
0.793738267355827
0.771231422914872
0.782812216854828
0.722407178611335
0.758779404453669
0.912119749544739
0.903803745660941
0.922345700673448
0.766353429059352
0.9364949175397
0.876472689830173
0.858620252826716
0.945250848590664
0.776302471917535
0.968833981589794
0.869110871397318
0.733920366497693
0.875595360743806
0.803424940683645
0.810584375257581
0.8536947222184
0.934051272954983
0.889415147313966
0.905033883215962
0.954420122000012
0.794814422987268
0.85913881914902
0.783932880919971
1.04705335506459
0.812098245064244
0.816657405694479
0.92823898405134
1.02559371375366
0.794273835558262
0.904992125980595
0.723539520794225
0.970689296233812
0.872681331320758
0.96194151954707
0.843534624872502
0.827880733367193
1.06695063103888
0.926975242479227
0.935426343100245
0.67508615309539
0.930026616678371
0.917083788450374
0.893943934746045
1.07603031683
1.06785571780521
0.808457901936401
0.927783754094523
0.947014693991878
0.930225590555398
1.04924276090046
1.00132690849731
1.07995874168215
0.966275767043492
0.955197741969303
0.820549890642767
1.01407020845983
0.909779260608776
0.89891166148743
0.989528172194334
0.967445337511675
0.854135224460024
0.982889116549157
0.873123411610688
0.846352680040325
1.11954915230099
0.83272448162464
0.86955685793571
1.03830107573215
0.972263217836612
0.85334935070507
0.879144877663305
0.98816362767142
0.994402783330928
0.840506014689993
0.942527880752303
0.874401467172834
0.933877869623412
1.01346318960464
0.92280681800679
0.893226926140981
0.952220809464456
0.941231498758341
0.982087817314435
1.0204703115733
