-0.825202749360861
-0.937708166892283
-1.10848225685642
-0.959794899989379
-1.06892600535698
-0.977852775632125
-1.00220387349337
-1.00450801827657
-1.04780717689068
-0.894887869966058
-0.887031510879857
-1.17288538413425
-0.976146535766068
-0.88750639119303
-1.0230340491083
-0.979898017003222
-0.987532524800621
-0.919318426652779
-1.02279879895131
-0.979917375918249
-0.959756332582339
-0.933312130856324
-0.827316360181487
-0.843928519895768
-0.950733697593416
-0.905322730073882
-0.871514446559505
-1.02792748585677
-0.916240985275555
-0.885589726210105
-0.872879465082626
-1.06485753551456
-0.766736462020524
-1.0854161335421
-0.918101797213558
-0.871370653559591
-0.914642898700961
-1.05330347527337
-1.04930752918207
-0.865399992193684
-0.941354648105346
-0.840084767944053
-0.932990902317015
-0.99639702105666
-0.82351224740444
-0.869458254027525
-0.93414078956225
-0.926744408998202
-1.03260037535221
-0.839517179509997
-0.906649243986905
-0.915270830576659
-0.892072170841477
-0.853457031706653
-0.728483780363219
-0.912639952110764
-0.904360231588204
-0.87862391051114
-0.889605813534621
-0.890354406441498
-0.79484884979546
-0.935314712514827
-0.942685316740763
-0.955103122834269
-0.982635801658743
-0.861437182647689
-0.926400663815346
-0.818930570517189
-0.857092312022667
-0.916762029420027
-0.951998553509378
-0.892113167168852
-0.977752430561409
-0.912686449897322
-0.830903126150733
-0.894513960318499
-0.824763292555751
-0.940944536147603
-0.859343141140881
-0.86603467642354
-0.992683641199157
-0.737611633663809
-0.866415598234115
-0.77508207526931
-0.842844893796028
-0.710214294315276
-0.802712182588785
-0.874810454490917
-0.830236720123863
-0.880066392137628
-0.771489921403721
-0.824697499057745
-0.697595272632034
-0.904858939777154
-0.772136494300791
-0.711587435015257
-0.786041057582665
-0.877729523462027
-0.885080736558576
-0.761752550123801
-0.693617322989792
-0.705900032660937
-0.715380012651312
-0.750017876523179
-0.802718130732321
-0.699376672314661
-0.782276086253744
-0.753812200685157
-0.739026660312546
-0.772495028729468
-0.674226797121353
-0.693499698328846
-0.834325317043581
-0.634615342903492
-0.849285653286977
-0.599077779905831
-0.799736862355792
-0.76291574508871
-0.613768285335148
-0.814302530735216
-0.741735511498574
-0.747176189491538
-0.781486837638247
-0.73340182982009
-0.578407316847378
-0.54540794522842
-0.839627059457019
-0.663197548779689
-0.73169094611628
-0.578488903758181
-0.755058894684827
-0.630922089501032
-0.653416970025991
-0.724281223043117
-0.885196439684075
-0.751828140579358
-0.854858702108819
-0.497313997722343
-0.693549790366481
-0.841477057094887
-0.682645310129931
-0.625482214675477
-0.669756497601649
-0.706985807936175
-0.815025030373179
-0.762931574313717
-0.725458628173406
-0.761481864785464
-0.668281327799564
-0.767805884765318
-0.598870323000814
-0.923109162518749
-0.734499598604322
-0.701143298347874
-0.654896383037912
-0.746938500544538
-0.523092315153074
-0.518764719258926
-0.701994529479344
-0.680854677994959
-0.734890768303477
-0.642835218913209
-0.665213344482355
-0.576455873327515
-0.710651134187257
-0.564799725854088
-0.587439882417196
-0.546847945019773
-0.710049980270175
-0.563208587043759
-0.808004131690058
-0.633881830460093
-0.748402963675724
-0.615040748146511
-0.609382839232023
-0.345321836760859
-0.720150654573752
-0.528165688674755
-0.561814032868758
-0.614022169017535
-0.806755144068235
-0.590534244391582
-0.689024997110266
-0.55782458619494
-0.701168768532044
-0.668496096038306
-0.478797187378031
-0.630991443234534
-0.640332122144986
-0.653917630783925
-0.515570303801983
-0.616012974871317
-0.600553718757858
-0.728658962791631
-0.678309862747856
-0.595994272030518
-0.723066690814026
-0.606835817807592
-0.435851894157651
-0.604469997375373
-0.59395145108956
-0.626917625243081
-0.585229778170995
-0.473703314099311
-0.640940600095288
-0.587131437398601
-0.618541440637426
-0.648423917530894
-0.594060806799586
-0.566085242089935
-0.415917715025168
-0.657136035980049
-0.614552054202416
-0.368935135511111
-0.554352655726102
-0.619349621544649
-0.609897278442538
-0.589240540893547
-0.626235044591807
-0.631774603913543
-0.549923733313635
-0.449149596215811
-0.461548641530245
-0.48233764149248
-0.541665781620965
-0.609959596227016
-0.556574956100786
-0.499239991502599
-0.548141712735565
-0.647465469412996
-0.499195500102548
-0.421576259534986
-0.515333032737836
-0.236839625254972
-0.436949490504063
-0.611859195934281
-0.453171597719557
-0.508489361338007
-0.600884525106765
-0.432935414090874
-0.482689415752113
-0.620330562996078
-0.707963315128604
-0.5190896582768
-0.505934552060957
-0.512782631331225
-0.539742166219757
-0.52549017641765
-0.521333460687331
-0.346310911350926
-0.460695133602507
-0.493827732757945
-0.547765354440147
-0.510554406243334
-0.53385698236973
-0.353021028816179
-0.51525539152917
-0.476916357807851
-0.619654015895604
-0.471087057768804
-0.462344496225394
-0.459106710078885
-0.420970756360554
-0.511486919631265
-0.470312711397682
-0.486840542010003
-0.558642881142183
-0.403088537223633
-0.425555298750223
-0.352419487158076
-0.56946896799977
-0.490902206680385
-0.418281167862066
-0.470833449206156
-0.391101255791244
-0.292990929282763
-0.334290129710899
-0.662939264458147
-0.376498515505038
-0.451701628827673
-0.276496949062859
-0.548862461267999
-0.455121729208176
-0.488082107611946
-0.373653958601182
-0.502071346893758
-0.272013607859645
-0.528270563726111
-0.511912826708981
-0.54510758581965
-0.333036652999436
-0.402893877409048
-0.493646000637338
-0.293250427822433
-0.448247755160276
-0.386893319486751
-0.415224781173038
-0.340961606531669
-0.301539146093491
-0.314508132418859
-0.409726000577537
-0.390174880203105
-0.365165417966693
-0.249482826619973
-0.376677410669987
-0.414916852334115
-0.352482874672671
-0.408636238414533
-0.42427197462341
-0.455917920392167
-0.335392073446047
-0.318075647305479
-0.349482883629458
-0.325436470383554
-0.458122398707582
-0.42480064605377
-0.367521594482234
-0.310319951929913
-0.354124360376839
-0.310751027442251
-0.201042322978727
-0.430055173521303
-0.543862918909459
-0.448218413942547
-0.276923687097848
-0.399985117549147
-0.361440631131608
-0.38229076093998
-0.307569313721392
-0.37138826751565
-0.37545618512218
-0.255435716775836
-0.237910131279736
-0.302387115919973
-0.380861300970249
-0.343900630222774
-0.222460876709651
-0.424244643418459
-0.283930170685409
-0.327914671073884
-0.309258799547228
-0.292286356881534
-0.248262596864333
-0.29149076162067
-0.203951609880173
-0.19477109863693
-0.162624248353698
-0.342098920619476
-0.298998098924089
-0.261552864742864
-0.373685552597473
-0.243942554250061
-0.258126339634797
-0.354520661059472
-0.226477312249605
-0.166593281927979
-0.155178917172601
-0.336448560193063
-0.182100764296864
-0.206441084620953
-0.149117864100944
-0.301936440139145
-0.335174449830079
-0.335575092012263
-0.271500679541481
-0.323357472868009
-0.281221687739879
-0.134297316763172
-0.110531753405982
-0.330442880598178
-0.224179458033521
-0.0527913092252335
-0.274713776652262
-0.255073535246501
-0.125443124914865
-0.311160598983506
-0.238697701500044
-0.339060707717941
-0.287260142843669
-0.132957080294662
-0.307197793468562
-0.287415544143091
-0.168986940316601
-0.163782537953384
-0.0524240511695785
0.038394055240809
-0.325088560331578
-0.208287483901226
-0.183958049490664
-0.141416403548554
-0.25836617178479
-0.136893833248249
-0.279868802615638
-0.326010222741711
-0.10560964916259
-0.21076043199047
-0.135700912414607
-0.173415203145739
-0.449143019854415
0.00815012812710486
-0.213044704040015
-0.0911545915901812
-0.233430918742787
-0.293776743214671
-0.149251212272741
-0.306644370534528
-0.152572385952642
-0.161529978532072
-0.210343237736421
-0.240049980415589
-0.404397039099041
-0.189028513851929
-0.151471170638995
-0.181261259379938
-0.11704158442542
-0.182360242793769
-0.131477292885467
-0.100671652586473
-0.0546233356539094
-0.231693021481602
-0.20148701611254
-0.0553710816892151
-0.201443999489843
-0.0321434570248732
-0.133695249158143
-0.11268952473954
-0.112085918922579
-0.157130839629889
0.0653666717738611
-0.125981039828382
-0.304723154783885
-0.190371003132836
-0.113207102788204
-0.139512876383188
0.0123936061643882
-0.0884845602181895
-0.241171388584481
-0.144020692894048
-0.144535986176893
-0.0862236435773226
-0.162849546233633
-0.141319154100126
0.0105084154348326
-0.107801118896385
-0.0923234869802799
-0.0988655964404473
0.0357006348736347
-0.16086889820868
-0.108912889424093
0.0596286150523019
-0.0678977905682496
0.0451417808427712
-0.0155311903805043
-0.138331467045318
-0.110257935026916
-0.105481149324866
-0.135627791285216
-0.0470266262017258
-0.13618719095912
0.140686097456928
-0.0367271478171062
-0.169839740658738
-0.135010376832126
-0.208307804777504
-0.0163871149635973
-0.040163820854428
-0.00791621200447258
0.000248664486468828
-0.0852650577260676
-0.104045261387503
-0.075868438604539
-0.0244326598021435
-0.0917952304219877
-0.0451554441990132
-0.127066884049772
-0.0893091060654271
0.000486262038840021
-0.101046167564056
-0.0194660445277513
-0.0907084967089093
-0.230558652665389
0.0579106631153665
0.0539711824685188
0.0614015021678041
-0.043973355282266
-0.180241748334388
0.0747778624178098
-0.112040386993227
-0.0832862172192262
0.0174081880216102
-0.115507953170608
0.132523886194444
-0.0041752786423749
-0.0198456527858789
-0.106667482081829
-0.0197731457095127
-0.115917511374693
0.012464060912258
0.0581107406530005
-0.0382443722174991
0.197230636354879
-0.248654746839614
0.0745092661149913
0.00604844231486628
0.119287003805757
-0.0165723884624727
0.14746212085467
-0.123474242090424
0.0898498103283262
0.0300690357524631
0.058026435833671
0.0799221899191997
-0.104957195528649
-0.134919655285133
-0.050137351157771
0.113417752384612
-0.149936440439667
0.092698851852471
0.0753559946699884
0.0333002711175966
0.061210780619877
0.0656122925605738
0.0746471339206434
0.173650209288813
-0.148824526518604
-0.0324805365755626
0.140305239857409
0.0414551516503001
0.0748966041226617
-0.11368582058595
0.0264400945251484
0.163140031968952
0.0790796550929722
-0.116329448618534
0.0306466817134864
0.0891058814894194
0.0172376429788452
0.0377600831243415
0.0745103055167492
0.118819256935454
0.160117798311614
0.143476172291618
0.100234775119422
0.112178951977711
0.107414062312039
-0.071557389289813
0.225326570493213
0.0874582986686938
0.0184246485004492
0.0791117694447169
0.214572654440341
0.0948577802919137
0.155037465990583
0.193630920383092
0.120518597933339
0.204320560971581
0.0579752042766859
0.155793922984432
0.184485518957236
0.230068747683762
0.15263470762953
0.22469013556904
-0.0309531900649047
0.199787178179806
0.103297388730701
0.12210423817907
0.141415222783416
0.0137446140672377
0.0411879591570589
0.210100505345764
0.206352374288979
0.168284819947392
0.235118378911051
0.237540730379876
0.0484114056538139
0.164463150946654
0.139475130417794
0.0781617223939318
0.139950266128083
0.231243622339796
0.261093541993902
0.108042265209699
-0.0112597212971272
0.159993137001508
0.0537217824098846
0.0982427778427066
0.118691776367015
0.145510711748707
0.172264353447251
0.187350143904877
0.289410096871522
0.105707311212635
0.187624286315673
0.310243610284676
0.29802932520344
0.189552127958928
0.0659044537656646
0.130930112770279
0.443619323807218
0.255470966654915
0.123778030309676
0.0810686653147334
0.21908396144632
0.145547711804162
0.201051945223448
0.29078835007717
0.145556464392559
0.28553488807718
0.26048968243152
0.310105949943979
0.0846927141403921
0.165143676010658
0.111905761708888
0.152489857192717
0.170342737329121
0.119035114806392
0.391483333385333
0.312419366798926
0.265877613651865
0.331686333768894
0.238105805838674
0.296782534349285
0.359178153386726
0.247739362314693
0.253371900779692
0.180372635776143
0.234666913747945
0.36295063185913
0.205030586251739
0.325382243386042
0.318504874424123
0.0901776085029849
0.282135343321857
0.250768907407804
0.316630425373019
0.15236542576318
0.215712802841997
0.130426482434474
0.343296608909361
0.133045796864266
0.353515401457888
0.281514275576195
0.376542777347301
0.274057444539841
0.426363936130678
0.412911120848563
0.320428036072433
0.281373844023289
0.185096481223894
0.309552078363574
0.365674353033844
0.17038366061874
0.241656136482957
0.299131197290374
0.290669509585157
0.311581190720083
0.305640198574578
0.136960429263894
0.393691451980413
0.429878000042826
0.241319475670108
0.398140190527976
0.183021864232844
0.232968174490269
0.20643164181588
0.396343672379443
0.5887878418287
0.283241278217117
0.236707136528487
0.341331732363191
0.388236668534953
0.360353547264556
0.458091229373925
0.357752198610932
0.440280311110529
0.218541124188206
0.246692664209566
0.458484087760509
0.340482665879652
0.27590988708591
0.471453760331234
0.457687670641888
0.352007915552469
0.311597662919839
0.287892505998698
0.309772657087371
0.426511090401959
0.383559992474378
0.358385006785805
0.306696195106414
0.326327335950188
0.277139971772272
0.381384095306857
0.373401534283651
0.238979789928568
0.356780577399664
0.328302436307022
0.21612180943561
0.50491004528483
0.444224317198411
0.432330625259862
0.4539816663786
0.582627134889119
0.355341491174616
0.237806503997012
0.50469871576573
0.455781628403384
0.357053750204183
0.503029467567916
0.400398217065584
0.613992003033007
0.334871943063168
0.384620771052407
0.454422331948025
0.393206509870714
0.400453582503188
0.454276116236394
0.448868548216481
0.389037190089554
0.392559462449517
0.442690123639004
0.682118374211534
0.426109817361676
0.576797076769307
0.499996519142353
0.379188483746391
0.603949083616378
0.586632340639314
0.434524840611748
0.533733570025442
0.37092859122522
0.29076931511732
0.481819004142072
0.490087766936166
0.583137800907265
0.374026898085617
0.405031132060295
0.415941615798021
0.375920750009318
0.358070002429393
0.542654758969664
0.484544214254138
0.562764812579406
0.492138704468947
0.448894143749663
0.516209191178197
0.545754986048232
0.547688585503934
0.652900891019937
0.474947057923186
0.450838178128637
0.616047217038322
0.542603377300599
0.469922880625059
0.507406264335645
0.479364531596203
0.470468092469091
0.431527483842814
0.591571091603066
0.620623469069522
0.645739878361523
0.621286642692134
0.567986741885096
0.530818512245682
0.598606687718317
0.638498485380474
0.578073549953802
0.563938858317211
0.568143964831859
0.510253724318388
0.562891515359625
0.52892449893575
0.544321759729395
0.515970335163762
0.458504351674382
0.6110808923283
0.575851181758362
0.619086321145122
0.57129433390415
0.596038263898867
0.551740464165346
0.590815278136786
0.487691485739435
0.615756954693467
0.527000675123996
0.603266010546832
0.572330248788684
0.504275657875471
0.585273814724388
0.485306377442905
0.546253352670495
0.530033641681134
0.639540877252759
0.621416793673266
0.605946788169159
0.498162102003743
0.503609580061388
0.544283065807325
0.527073184207448
0.781483188434016
0.659214148255951
0.428585863515238
0.520870241089932
0.657869673929139
0.621482265202101
0.437366435151081
0.609755364290561
0.627900323156494
0.55789517119844
0.581574152865217
0.579048203602619
0.763230872687826
0.567656835198037
0.577099823336547
0.628444374503662
0.639550293723051
0.540995908650555
0.596146671868816
0.752892231410253
0.632875055623148
0.550786951657141
0.705099720238481
0.704010112671174
0.722465501530778
0.566565207758881
0.702091180594318
0.697097110251524
0.496941697750563
0.55486710131676
0.527181339948264
0.586024773617138
0.708703798919687
0.561264466429635
0.768265864305521
0.721360650924382
0.643427544825206
0.845546105593644
0.639964981232974
0.787827997337337
0.636871359222006
0.736804337845993
0.649065185898547
0.857775282474121
0.632566402085713
0.484284651556669
0.739342443893384
0.783294167556431
0.645106573091304
0.756240306253814
0.605474765045009
0.560335135598026
0.812991385629184
0.668533064042045
0.598299898640328
0.714314070396584
0.942080168900438
0.639860759752475
0.787771019071055
0.765452041470282
0.771152307068639
0.886444413071926
0.636875759764137
0.79532743932492
0.79420951683016
0.653840322698555
0.661118012164476
0.742107386348482
0.59067303266428
0.623645656445568
0.717931346692021
0.584734147968939
0.686864242983187
0.833099552831232
0.747775400957876
0.928172187881213
0.785459368616942
0.732422891776371
0.677786486471772
0.905003172885124
0.8957046591535
0.687111287117136
0.807061820321224
0.736488216192206
0.816033431905803
0.766031214013803
0.724109688590502
0.763397752337537
0.882482995235136
0.674861503486598
0.651947903122881
0.916353775443435
0.840850100327127
0.755314004538872
0.837970388003198
0.785772393128784
0.738520058724466
0.901027680920545
0.849806346406624
0.904951318058423
0.802310244646289
0.71601970452167
0.698465976754233
0.80361976258301
0.837910393528074
0.903288682788335
0.977571511855206
0.894840466526762
0.801582439850711
0.793408946404013
0.851003689779622
0.851028692344478
0.769826226265285
0.686082843235132
0.914433536999472
0.953991133098065
1.00219678361659
0.8816348943807
0.935337121277332
0.870729800840483
1.00673398605286
0.769103410537478
0.966013694800313
0.951626906605643
0.879025753660985
0.839843176788063
0.85153546739581
0.785594409472584
0.841438334537914
0.992150020693459
0.852933487209834
0.917967040528639
0.814163481626608
0.829405256965342
0.970009331470942
0.923540551648352
0.84841518937563
0.929396827402584
1.03360914288711
0.900057261659869
0.988343920142898
0.926378742934779
0.839660986260189
0.859124426254577
0.979627209898539
0.910482034113948
0.83222915760148
0.958543833839825
0.870911831199744
0.893692108859378
0.911586683096356
0.971818532252041
0.82470176481382
0.969344681276692
0.879008393522042
0.834196057640188
0.993699511937806
0.901897790258689
0.882313080499219
1.07101895129734
0.899240459219856
0.999133447883421
0.889458883679442
0.882433158461506
0.862400420132432
1.10294443299204
0.988086010541044
0.72466361094768
1.11252124677715
0.981943846288822
0.994780284929674
0.982510274922376
0.942910460287389
0.890940534996683
0.932437973704782
0.858908211447181
0.868137125132208
0.877803792211615
1.02732095338574
1.04768544344889
0.909786539755085
0.791547951567921
0.934838900260527
0.971183368496227
0.893587492220455
0.948642112964017
0.917163701339473
0.961918957360192
0.968927553826967
0.831917250096023
0.979802354486325
1.00035351822972
1.04816681955932
1.06549288120451
1.03405966366165
0.979836138018549
1.04889635463012
1.10889671136979
0.958668034925072
1.03032173663428
1.15835117224656
