-1.07674165718732
-0.951062572475683
-0.877949903207465
-0.95290739891122
-0.950243989290091
-1.08587992835674
-0.981378187126316
-0.982137927875924
-1.10901898195134
-0.899426368064704
-0.91219364569404
-1.05987774362326
-1.08222409987708
-0.960099255373991
-0.972082713569352
-1.0550497808164
-1.02055426922708
-0.940607714854805
-0.884430661676177
-0.977518340277287
-0.829974082511374
-0.912514568209576
-0.87953473407668
-0.905179462201506
-0.889402007145676
-0.991290082095392
-0.907340204496697
-1.04626187555021
-0.980839233553933
-0.962470349114089
-0.836609463578058
-0.866870366234112
-1.18550419178211
-0.87107109328204
-1.02130943820234
-0.932848930093726
-0.99410981245551
-0.920140727413158
-1.10747211312787
-0.910613308469483
-0.78817642633942
-0.967648652327467
-0.927202898238351
-1.01732176459266
-0.890242878200584
-0.905114346515998
-0.875516640169417
-0.961612262473043
-0.912724248697754
-0.922100585253818
-0.962862008964675
-0.845804144318222
-0.842996520225184
-0.817970235236835
-0.788829618654516
-0.809474389998456
-1.0331257533956
-0.784273723398968
-0.794811549963804
-0.735250127629166
-0.999080394158716
-0.801557434880904
-0.916378445513666
-0.770731664233314
-0.878411606358668
-1.02187117968105
-0.77764528910983
-0.820337807557373
-0.777566440378103
-0.717060652099263
-0.685143940929086
-0.748884427175467
-0.843594923881528
-0.982789544372057
-0.777716903169389
-0.910620036393318
-0.829796996440131
-0.941987306640859
-0.780855608956036
-0.884567476286374
-0.801045520832534
-0.835060520484479
-0.963534378273385
-0.811213436578256
-0.787640197593496
-0.759100013275578
-1.03722546367746
-0.886221460488252
-0.873064847345538
-0.751270130603011
-0.642768751198305
-0.6672060655173
-0.775028597745679
-0.928240833176177
-0.749541372835781
-0.796856147930608
-0.898505326925966
-0.87575295984749
-0.783180847862807
-0.801333387917285
-0.840576384934702
-0.812396523003227
-0.827462974318262
-0.831890804851315
-0.78980719872532
-0.703820758915062
-0.894984715044841
-0.739043516168185
-0.730145498231052
-0.806806139333444
-0.62820566429683
-0.956307376630089
-0.695109511448688
-0.828786014152381
-0.765732064906458
-0.788040048854498
-0.859536497257612
-0.726441769594278
-0.746272728205085
-0.712795327524002
-0.77108307432913
-0.775044025748677
-0.796182958741561
-0.632760825401884
-0.729258442809106
-0.787276251950589
-0.565415407213566
-0.691834245882597
-0.799658720030272
-0.745061411422956
-0.541443352711557
-0.659166448108002
-0.781976930775921
-0.780517846429371
-0.647547541798648
-0.70942478679928
-0.677436166013759
-0.585815136631301
-0.711157044929324
-0.858789178482674
-0.706695610270871
-0.715103340745358
-0.616768786679687
-0.666910305598844
-0.677052455963839
-0.635436912230943
-0.607210276494595
-0.678992474946458
-0.802348434397363
-0.67618970722641
-0.770100639036408
-0.747611462082506
-0.692174164329322
-0.778274683613651
-0.54194539038168
-0.626514081513681
-0.756035541607865
-0.706892405611013
-0.632851384397368
-0.730002507283978
-0.780999471068415
-0.545225614579002
-0.709393254574302
-0.599186326137506
-0.840324340324013
-0.686574727499302
-0.667819890456638
-0.600621594864482
-0.641269542458544
-0.731610174189833
-0.736311470487482
-0.551905823041791
-0.679195073472244
-0.668422630088689
-0.442619754874986
-0.735704270339069
-0.585441996980675
-0.725239036062413
-0.53892856628376
-0.526201540859815
-0.587548240060242
-0.741519330565592
-0.525105285950517
-0.569884354017747
-0.606311929516421
-0.51559084037934
-0.708640982107309
-0.69385592259277
-0.681354309500789
-0.73831523799425
-0.663391052052794
-0.760958872611059
-0.563427352568808
-0.627092474359524
-0.423453899124037
-0.541243313492202
-0.622349908959773
-0.577781962722822
-0.564086840268232
-0.621383338555921
-0.602810460525574
-0.614783808810477
-0.647020093226152
-0.523042371336833
-0.406509410099585
-0.545235753231903
-0.695313076469394
-0.472416694307456
-0.557412133552961
-0.489977515774383
-0.563724441881604
-0.687806451125187
-0.557638677264682
-0.532922488584441
-0.591933243890464
-0.433674921469085
-0.459172223729041
-0.532842605737445
-0.671845316140228
-0.664309431564715
-0.631101318759701
-0.579085677792896
-0.597982186767042
-0.610345212381857
-0.56175151028764
-0.537710823510809
-0.672546680718746
-0.61643023492807
-0.587051171493407
-0.593890124911351
-0.660313522333064
-0.56046989270213
-0.532509112888506
-0.373357062668326
-0.597404307323271
-0.565485604251651
-0.273576890272034
-0.565049036856586
-0.47247575512151
-0.580151210517008
-0.596782261206903
-0.78856986093013
-0.508538988570159
-0.514070404304803
-0.521549924247769
-0.592872325046581
-0.518665722125391
-0.491326207050335
-0.518258562615955
-0.495537600090607
-0.432844686724237
-0.36033172713053
-0.570849295808475
-0.525049145361666
-0.400744308686313
-0.42654513221172
-0.479994625703627
-0.388029962187077
-0.472303313116689
-0.565267121152669
-0.473664834404965
-0.586207002916253
-0.470972663519595
-0.441485914237411
-0.448222989430802
-0.413421141994751
-0.572168762861918
-0.601309184213464
-0.309631103908948
-0.407280263703031
-0.411048396965742
-0.349121209151387
-0.397993567104765
-0.410497548586608
-0.366661737091131
-0.506699105509936
-0.430825926883607
-0.656232158115445
-0.507152893661265
-0.550180196215105
-0.474614736104284
-0.451157079602037
-0.415142529502784
-0.428124122108985
-0.469592125604457
-0.25784752148066
-0.344367796903506
-0.460570742120657
-0.428996929184921
-0.289426826995022
-0.413187434851007
-0.457330690733629
-0.298388278444238
-0.452487723019818
-0.390747551216714
-0.31578177920949
-0.425705089922766
-0.329719179361342
-0.402401198516975
-0.321250844876045
-0.370758918719076
-0.443217521583716
-0.364566718768466
-0.220336097537246
-0.192487135254504
-0.434606910695244
-0.359796177142105
-0.390796637265161
-0.396598028784654
-0.446380201822453
-0.310926324712717
-0.426678233378308
-0.177388574430563
-0.347264164919132
-0.258405677679941
-0.546620398115504
-0.352408180618786
-0.324163545865722
-0.45361188897937
-0.248160610948809
-0.378171479533152
-0.349364806127564
-0.341580412456556
-0.330811089610981
-0.340614684783629
-0.426932172711217
-0.359069896898159
-0.423799532255234
-0.33694298210452
-0.30626917144165
-0.390117024420671
-0.435262652908648
-0.350784733473234
-0.396394044603124
-0.347040939331043
-0.313540141258567
-0.413186029488277
-0.273756819012466
-0.28162954261759
-0.277206996741531
-0.341835828023891
-0.350866629054535
-0.431221850823341
-0.348287940906046
-0.380863379706603
-0.284211347151258
-0.355028420963439
-0.197053176346781
-0.222013906547602
-0.240208632969786
-0.377036841301096
-0.234213119786367
-0.215525911706294
-0.349460694638119
-0.313653494034889
-0.154355905925277
-0.201969976232445
-0.201514116404282
-0.413230063917714
-0.181431053169739
-0.21413203613433
-0.286157045752652
-0.22770795697168
-0.148237690368099
-0.311031609053385
-0.266294820807476
-0.216230860903823
-0.200627843640511
-0.382579173016488
-0.318463481419876
-0.246142408759405
-0.417943252150396
-0.307155354742916
-0.243324368570379
-0.408895960297214
-0.150963038272242
-0.259128552258353
-0.133586023376422
-0.190417448846235
-0.331965454809945
-0.305952049955323
-0.25648835183831
-0.344018133025412
-0.293811528438798
-0.200676684959595
-0.249734118124216
-0.316115922317013
-0.209283394092976
-0.282008505260334
-0.128020576706702
-0.246602594522588
-0.199234254624386
-0.187327057874557
-0.0826304865661351
-0.0924410583069752
-0.106560057329748
-0.0863809017020899
-0.315297115831927
-0.181882128876571
-0.306060963812491
-0.332484460228262
-0.105403211309093
-0.281265124628925
-0.085705469249528
-0.175407043466021
-0.190678533017437
-0.17768868874385
-0.123084968043233
-0.141811528980959
-0.277036057823362
-0.215337175048545
-0.124541199754071
-0.0503323358089828
-0.153600545566515
-0.216270378205411
-0.0848901862972235
-0.204293171956349
-0.268478610784562
-0.159075249368069
-0.159427703805592
-0.14900646765018
-0.224693741463038
-0.12633967313774
-0.138557022173873
-0.262075517451891
-0.0622935561225898
-0.139347873774884
-0.250852421469575
-0.179905785474626
-0.147701385127166
-0.137035201006191
-0.185267753681428
-0.123622579368276
-0.212643893165245
-0.175947318011424
-0.0529691830212258
0.0194819603136835
-0.120420041935089
-0.0483077454412403
-0.242404587070955
-0.152384595136287
-0.225413092032104
-0.126809003086836
-0.0888000924172623
-0.207138224161475
-0.0252156793412177
-0.00277498387248472
-0.21250957051278
-0.235209470726857
-0.290570697787688
-0.117402107337107
-0.0943756986140585
-0.205778770752988
0.0129624664781418
-0.072496865963202
-0.110224900342454
-0.0892595373665188
-0.0138956854837523
-0.131208763845539
-0.142154338194135
-0.100526393045448
-0.00670727513023825
-0.0212205887698299
-0.0628062311130869
-0.0911251903170595
0.0039198589471394
-0.0359203154216628
0.0735075769764357
-0.209750031883804
-0.211861068205956
-0.0800781771344766
0.0204765683626255
-0.120806401416622
-0.0508337102332652
-0.0999644538604442
-0.0703846204360588
-0.092903632828127
0.014685499766941
0.0760053443413039
-0.200683274539952
0.0614814531606161
-0.187401177374104
-0.0713630618714043
-0.20458869882596
-0.0593367757873541
0.0720638918239556
-0.0725892911079869
-0.111579998103477
-0.0121605424725278
-0.0287019692306004
-0.019504937195051
-0.0269189299690888
-0.0977316503698537
-0.0176172936319151
0.110871911336773
0.157137144586665
-0.136695794822134
0.0245373285610485
-0.0165300448063761
0.134449324417767
0.0620511265642422
-0.0116046349451593
-0.125069182030081
0.0657360627730637
-0.0342732349518849
0.0783084943516372
-0.0117761060569804
-0.0155157415006888
-0.0688431739135091
-0.0348661165415608
-0.13868087984246
-0.164560279881191
-0.00985107472100374
0.022322131241801
0.0565797948613892
-0.0483394444876924
0.033540748170339
0.163894247893314
0.120020332007563
-0.0343505335873238
0.0491107361176239
0.0970969269693598
0.044830927238006
0.0914149666661774
0.15258146965028
-0.00778912881149799
0.0312345274951888
0.0665246122885974
0.0919956278031621
0.0765360340128854
0.0534245423035872
0.132105637022433
0.233904444141437
0.141897286723256
0.151670503478183
-0.00943702760196486
0.187213590563806
-0.0301743851769174
0.0629494769615025
0.139854658485437
0.0244203200357072
-0.105687571713443
-0.128231528882441
0.0702444773030856
0.0747738904043454
0.245388615492669
-0.0198740434402214
0.028108244137777
0.131496890412329
0.15183058517201
0.144026548387973
0.0924937955508286
0.143405055990101
0.232723787693444
0.0151973977421936
0.0102550147026445
0.264141287149227
-0.0479720604999754
0.148532849369471
0.203747529886554
0.0876174370293534
0.115309118017234
0.213038311464715
0.255563994504038
0.155898359450243
0.0796831439982339
0.107379110963698
0.0845000722887005
0.229712325816836
0.165873940187047
0.0679565556434381
0.262952218180418
0.0327633289220307
0.0732916840358946
0.187724585851387
0.104574835155982
0.149157151094036
0.0970344531918043
0.0855876642832439
0.13821612669035
0.150256299511916
0.0452376628785982
0.290749058421793
0.189771419154345
0.266799610269124
0.0368438312641573
0.0415951685539766
0.237910433132687
-0.0190409941772855
0.321729548424669
0.174880383447434
0.21895689129092
0.212819326455507
0.253934697288076
0.249604699977622
0.166735001100946
0.181345537187859
0.167102379188186
0.229665991914184
0.311261553497727
0.275636636281772
0.135773888780043
0.15741656367649
0.15465813635597
0.261670548198527
0.309176250507065
0.213881530095389
0.164196276191991
0.173154263400198
0.283277083773017
0.29518480125221
0.225361868811851
0.2148226101878
0.140041795390941
0.259246046022503
0.256484135281984
0.147695918657859
0.130515595605978
0.270873131840316
0.248054927872692
0.206522106911596
0.260429544532567
0.214590181361429
0.230086191121061
0.244500577240519
0.188685283621644
0.147487493040094
0.305767530610809
0.366174567114258
0.304417829665399
0.353663931093723
0.223355399713763
0.342310617218602
0.239296780195845
0.0456489404695656
0.174922876441544
0.404897581459811
0.0546368876492881
0.267944681135304
0.224106174518686
0.266447986334211
0.434112006372902
0.361587733311443
0.41125983292932
0.300094256218101
0.254327851272333
0.250485972286751
0.269366298211524
0.30497610910956
0.362818961110657
0.518623452552695
0.450826272027192
0.292805241693543
0.181742018346048
0.235540970761693
0.205572119447449
0.413071491888989
0.29827389862335
0.24141228124675
0.250359959895516
0.342034588455571
0.295520444534404
0.363755638371309
0.362292862114168
0.256029252020903
0.301924278904184
0.337548344604204
0.330197862016065
0.299586189606146
0.196303673997385
0.231321891765729
0.360905634113784
0.336927935876845
0.222049041545274
0.536416648983907
0.30746152560485
0.266438766402162
0.380955687998488
0.313134136134478
0.36567202623736
0.440410912701862
0.381976972129502
0.440712205218986
0.127365874782418
0.337193490017728
0.504680806091689
0.23721833138851
0.409481792702696
0.485643372862796
0.380259181657898
0.410520152069523
0.276049846094811
0.354051418591933
0.280543378297142
0.407313725861968
0.525385578525418
0.232422634387827
0.282301393793937
0.377308342966267
0.367766525757467
0.414886818074165
0.377919676224154
0.375567888318774
0.426696781263729
0.269994638036062
0.456774785947774
0.400083093605481
0.414183705148627
0.316205983520495
0.415246989158431
0.331595481513484
0.385997245070267
0.433305097713745
0.432512630758556
0.490393324428993
0.444739375793546
0.37527544353836
0.474872148088632
0.639696935856668
0.547731953147387
0.411246443408358
0.404729541367627
0.45791744858991
0.498705851970366
0.477481323404278
0.42877566991805
0.369240728385949
0.33800265583775
0.602090798508506
0.505777409664488
0.618044686671086
0.30833169019727
0.557149722024161
0.452104589452078
0.366475888816608
0.541114871236624
0.426531588054176
0.434035956483352
0.411408376714943
0.440453303924511
0.577087089332104
0.509856359594586
0.464832014726588
0.563486828757398
0.376238229133255
0.454447695487362
0.42485462887598
0.57315505965473
0.384293087795328
0.424283516437883
0.447074487191396
0.428405434148269
0.441400901210458
0.500401705199345
0.357194176295339
0.518692732471815
0.601720653638005
0.572599361553616
0.59260716112687
0.494314274584974
0.573355607575902
0.476980190017075
0.508451049823293
0.526662007887957
0.723545526104163
0.514968202137261
0.531025613821383
0.452589220855015
0.544530633942703
0.571413117903786
0.50061619511275
0.521557787486021
0.595121042083725
0.608591024952619
0.719524599296785
0.648741813000959
0.462041568547919
0.424523538478859
0.727154871117353
0.487315704158073
0.474942413817086
0.620990153105195
0.515958606067083
0.636626206208855
0.557056481974626
0.616556928242868
0.62526775391067
0.624242351035939
0.703602769156372
0.599703170878682
0.5497423716683
0.592668225528428
0.573074422272983
0.463172915818351
0.656556272791701
0.643185554041153
0.621339701226515
0.692175886712165
0.602817574465331
0.494686559866095
0.53145188302
0.627133945257933
0.541114268194147
0.532822425923598
0.519415435851338
0.620551480736024
0.631517651499107
0.679830804774328
0.583815500283555
0.55547668403483
0.803003630367974
0.618757404124847
0.686105897086064
0.686069271862513
0.707865489761719
0.642368570557937
0.6712856152262
0.515449435629075
0.688369504296462
0.583543708050886
0.489764696849194
0.625660633833518
0.427473782999619
0.47878413176581
0.83207648300007
0.567832924332378
0.775132108771491
0.732202004045723
0.593838486205143
0.554217210875342
0.621706809861982
0.698025932528351
0.742658613178869
0.538795797826066
0.693030043166902
0.422418784116691
0.690670815547105
0.705902748208636
0.663855300560494
0.685629126298211
0.824072112173536
0.646001907877516
0.78425719213789
0.69467475270894
0.574091399530083
0.623344949928398
0.723796496862219
0.731737066963553
0.67388791873636
0.760428796109835
0.594631321906991
0.604326872498173
0.656706977060277
0.651955213133606
0.555447464149919
0.694888771769297
0.658295199992374
0.775961978282531
0.659730715732073
0.704796450156964
0.729162645034323
0.772613474521238
0.677498198707091
0.546128609016754
0.682808076703076
0.729698229632603
0.600936364986901
0.600408814266356
0.687386372757072
0.773988670912487
0.860187182641753
0.707893245848416
0.668974680388542
0.762576448724617
0.670351583704173
0.638361485082004
0.736919304873811
0.768233652150231
0.753817003910033
0.759373011861203
0.961696615321404
0.731836144254921
0.897262870764912
0.835502195853213
0.490979414616216
0.692545279914374
0.857419680124021
0.783641659086114
0.781940900109225
0.821367791446115
0.613281579961834
0.718019888983107
0.806241207883942
0.672051211199326
0.810046697938888
0.883799519757668
0.854056742136985
0.777275157756628
0.733599183216014
0.927226546848263
0.964926514729118
0.649503051096629
0.972878121473086
0.927101905529569
0.746564721761145
0.7669465803736
0.854632319946017
0.972719464052613
0.787721022224966
0.854343652291938
0.861511486532392
0.91478949713088
0.913047165077346
0.921564830948816
0.771690048133983
0.805315885237105
0.92871292135061
0.912799902077311
0.84696321055431
0.924064028743019
0.828491090630616
0.692029073623642
0.85242792883646
0.771359867022983
0.918212615803688
0.769104580491361
0.737172285913276
0.777174133974439
0.875795732772136
0.937740885196637
0.845078074996306
0.73163620703698
0.932738711506836
0.865225095324215
0.960880678162606
0.958323784913659
0.898886196487618
0.793991070868215
0.9339069407561
0.772632007017931
0.684281875730608
1.02658160602197
0.96662324969415
0.830502158710176
0.800215181878136
1.04228037175993
0.891099866211691
0.89751317307133
0.934456102025255
0.863209900501951
0.878454523910734
0.970658389996792
0.928319724480446
0.930442024762696
0.778021005418153
0.915019887772041
0.857025076453284
0.855984198233361
1.07393860184658
0.903085565655318
0.900208486474218
0.868440687250945
1.05385904057368
0.922309992054219
0.897847707749786
1.02556090803005
0.983591911408501
0.986134449993569
0.829578687841499
0.915089291176169
0.7577330180931
0.94894928094607
0.873239119867785
0.956012979379589
0.927053033639868
0.847463314200347
1.05550047175228
1.08010118739294
0.916221453267567
0.859584620650168
0.785606026883262
1.08906984968696
1.04240468079197
1.01015971840918
1.07256461342424
1.00307309425151
0.848892456342374
0.966934633527268
0.86115718225053
1.016867005335
0.845471112478534
0.967978380788791
0.913555554592358
0.946541227352066
0.920535845984321
1.05742902992289
0.993567800772539
0.996341957262296
1.0416560791405
0.972507728853054
