-0.819956979192204
-0.948003585571465
-1.12706754812466
-0.938642118319013
-1.07912666499293
-0.959818776586986
-1.01637660130461
-1.00795810767089
-1.05970567073456
-0.889962381055919
-0.903452229353206
-1.18097163496952
-0.984835700576561
-0.905461516401139
-1.02725520180369
-0.978552483102794
-0.968786695787081
-0.943072450900623
-1.01293990188454
-0.982488728583852
-0.944950609653503
-0.93087890060905
-0.812652085835523
-0.847677726199215
-0.964220546932116
-0.934164802434783
-0.902202600864176
-1.03869924226518
-0.895887943463907
-0.888977066535495
-0.886112606207463
-1.04352184707145
-0.743586424690104
-1.09917244820319
-0.928668767895842
-0.8659279553221
-0.924467010238278
-1.06439705835004
-1.04397862300142
-0.834142085390912
-0.943675734172058
-0.836724907129757
-0.920010010742381
-1.01045803362309
-0.841875913921553
-0.868132728024577
-0.935515533265944
-0.941755661618336
-1.00896232412102
-0.847277073029431
-0.892901141118798
-0.927198067849284
-0.890929943952798
-0.852249162153977
-0.727131937734627
-0.897890322234618
-0.889231317657423
-0.876414067312377
-0.865813832273077
-0.892756657276996
-0.789110759905959
-0.962487051820828
-0.955581303270851
-0.958463115382661
-0.997162746907129
-0.862152992173027
-0.931735278165083
-0.822818975498348
-0.874130075434773
-0.918797463508498
-0.946343527031847
-0.881405490026381
-0.978829212681841
-0.925336288618592
-0.861107770415735
-0.888015734603688
-0.826621819115738
-0.947764090215992
-0.847636742545928
-0.870024558581864
-1.01325306085069
-0.744803699829434
-0.851026833328309
-0.784784337538557
-0.838341131431801
-0.741784611811745
-0.799118468165369
-0.844154568025822
-0.836736447888057
-0.878070319471825
-0.770483426271083
-0.835510884556183
-0.697180674411289
-0.896123376679604
-0.778902734021396
-0.716439571615077
-0.806668990357035
-0.849547071727238
-0.886724067968116
-0.767685914883453
-0.717306691963905
-0.718305889744455
-0.696345494168303
-0.768246387609206
-0.787133665914965
-0.701949965829874
-0.771166895199504
-0.754682520009642
-0.739030925148289
-0.770882980145931
-0.673282739401401
-0.693698912492469
-0.850817519830248
-0.656514397620683
-0.859675943225617
-0.579979819701232
-0.773568016466009
-0.761099862352439
-0.60967506641891
-0.814501313425278
-0.746082808785201
-0.734006033018931
-0.765506616926063
-0.730056288766809
-0.588203031785734
-0.553094901508232
-0.837491581813945
-0.658967865577942
-0.707979671333803
-0.573352761609145
-0.734278296431603
-0.624185463687877
-0.629121508308131
-0.696198846488868
-0.884038049487924
-0.770145220401686
-0.85962864904451
-0.519828786458012
-0.688352684526565
-0.876659715839625
-0.717641734981473
-0.632432863287699
-0.696041360910079
-0.688332343248598
-0.793290707084947
-0.763605573460618
-0.712704969070217
-0.748091954523584
-0.673062695691954
-0.787649092363397
-0.60947973350136
-0.917777900922797
-0.736010850562381
-0.697145722478513
-0.638083196000582
-0.749558331170486
-0.53273292037235
-0.51021663502293
-0.690950377271262
-0.651749025167973
-0.741638994127919
-0.652063372529194
-0.670081808473038
-0.564459643915468
-0.712324040778695
-0.54921473054136
-0.591375529917337
-0.568569817546638
-0.711303505249637
-0.578401544001301
-0.810946496163944
-0.614132327601274
-0.733251500473311
-0.617213230351459
-0.627701057097095
-0.33686589267136
-0.714770614353323
-0.53560351513958
-0.561237292630218
-0.626337714621186
-0.816615638893533
-0.603397891009922
-0.69239447166519
-0.543531535883966
-0.704269074582889
-0.638659530115558
-0.505397561850951
-0.623809964815019
-0.635544064128727
-0.658939293058579
-0.513231775087587
-0.600154409995121
-0.559025141031046
-0.73447315896855
-0.708330581603507
-0.623050603794702
-0.735842373798825
-0.607033997133743
-0.438006498962559
-0.622088879230221
-0.597358198450413
-0.621713816646113
-0.574583204032124
-0.468636419496077
-0.641769727562043
-0.576807160081336
-0.62863846220637
-0.640380434118874
-0.589279918738888
-0.554777000858264
-0.404880451545275
-0.655400679453763
-0.631476904311381
-0.349279273105117
-0.558079789621338
-0.636454435985126
-0.611873724516093
-0.594271368707475
-0.628741665829051
-0.620289010962871
-0.569587930090714
-0.464234002226092
-0.456681919164551
-0.461797948951248
-0.531923541894591
-0.618191140679807
-0.547984603040074
-0.513730447224498
-0.536896717282884
-0.650158910370541
-0.49217534555882
-0.41598002193517
-0.530803328572413
-0.215497545766454
-0.468216537383427
-0.601900560184449
-0.439566405618499
-0.51928717746033
-0.611536708110217
-0.43663030217552
-0.475974135343696
-0.619940599708083
-0.694386062032773
-0.522028867598328
-0.513740162529948
-0.534179739442886
-0.559981894575784
-0.531595191075026
-0.539069515371983
-0.342557563369897
-0.463744387420621
-0.52700372035555
-0.559509230304058
-0.489749049260257
-0.525680769831466
-0.360718970459162
-0.500783463587729
-0.476203878793514
-0.635629352015653
-0.489039440717642
-0.444598659895187
-0.44713288779168
-0.449466401133096
-0.490051981030433
-0.455202150636106
-0.487046286199272
-0.537990073233753
-0.403844251166417
-0.438429652320951
-0.355108208555053
-0.546776708494506
-0.492054089315953
-0.388799607773338
-0.448932407888306
-0.398799113508451
-0.27500761585645
-0.342720574646471
-0.655063220861538
-0.376389680771594
-0.448746393138611
-0.291881930242549
-0.553252050269328
-0.435997650842303
-0.497936538361358
-0.377788873834098
-0.508695224806388
-0.272533046714119
-0.535219505265911
-0.533062539012046
-0.547038991116888
-0.346606778967259
-0.415860951960117
-0.498606157804085
-0.298755735406234
-0.428661880108845
-0.405242982753821
-0.396283108252292
-0.339882035767514
-0.317762315867113
-0.307558757584707
-0.431466115451675
-0.389140331821205
-0.354168682343159
-0.226789672030631
-0.393868129329411
-0.418868943887862
-0.361169796015857
-0.387603051308935
-0.419856275202969
-0.451225421476646
-0.316901241057924
-0.3274844115514
-0.370432088474702
-0.320920393398373
-0.468390774520681
-0.423307516462088
-0.369244620348082
-0.30320048990067
-0.35465164641992
-0.305040634097881
-0.193656491459605
-0.420659157118969
-0.501727846792155
-0.465435644971331
-0.262219406648816
-0.40142511417575
-0.371809011633597
-0.377495697067112
-0.302770169979609
-0.375020364689953
-0.373026318715395
-0.251239648180085
-0.252407430137687
-0.309545541251164
-0.374607544886849
-0.335706717736683
-0.225112403810186
-0.415200258595135
-0.288684147490969
-0.337602124448108
-0.30616039101372
-0.289929580792301
-0.251153958478929
-0.270534054389444
-0.211451188058291
-0.191776459270835
-0.190301409735436
-0.339129956488006
-0.302156302796848
-0.244034609506393
-0.382494068031212
-0.251252455917064
-0.279829777093233
-0.353742102203031
-0.209362610458491
-0.181573084636362
-0.171675639429944
-0.335794482054251
-0.176333323284903
-0.192661858347038
-0.154785722355418
-0.314642039709529
-0.341900610068357
-0.341821886711115
-0.268977392553061
-0.326585807886374
-0.287069198795293
-0.135141703543977
-0.120773136559084
-0.318974898250826
-0.215760905110141
-0.0430748350706644
-0.280452939933046
-0.23490335755553
-0.123463972096205
-0.290965336590736
-0.241401082698418
-0.348408956253717
-0.28481720927295
-0.139539360171949
-0.269325457648359
-0.291680936932399
-0.165758767798849
-0.180939377846821
-0.0725504323623858
0.0389644780241984
-0.301012680196004
-0.213838376007818
-0.17452887739215
-0.130274277694937
-0.260622223180119
-0.11786690521802
-0.295068860393446
-0.339736835975376
-0.0902547599946349
-0.211943580201581
-0.136620345739991
-0.162075874531054
-0.414779039083728
0.00946112262325169
-0.22290967744881
-0.0881462949784182
-0.229139390540018
-0.254450689252663
-0.161327431163259
-0.319417939891548
-0.16073587053775
-0.159195574621861
-0.193315837850162
-0.239788386314943
-0.406587491046604
-0.192779481499265
-0.173372697918795
-0.194442094663538
-0.119149706924325
-0.170545080998963
-0.14868402444048
-0.126998989716713
-0.0518143226248815
-0.229768732554792
-0.224947877632336
-0.0552806021764415
-0.182237945939546
-0.0293529318975642
-0.128629470086672
-0.104312045640862
-0.122616017762608
-0.15507861893583
0.0872920538746992
-0.143104527494316
-0.287191356746814
-0.203453558631946
-0.103092066296422
-0.132684189979204
0.0120837191848164
-0.0901211926970237
-0.233951609456242
-0.112730288902976
-0.146433041134616
-0.0644602107046165
-0.178530698271316
-0.126393642942987
0.00662566458687233
-0.122920601202452
-0.0836291900779867
-0.112067828925889
0.0531814158356059
-0.161672291497154
-0.0858630255467379
0.0547646382086246
-0.0560011584782113
0.051029179912306
-0.0202058538893741
-0.140477575667855
-0.116824230177787
-0.108726324439106
-0.164695138570696
-0.0290843737008968
-0.117023442430645
0.151284987161799
-0.0523472988750306
-0.160670207662157
-0.147156223160021
-0.174249500644128
-0.00921992469992
-0.0196545721601558
0.00292494672521738
-0.0164503736695417
-0.0808043380835619
-0.133440845798203
-0.105374844869195
-0.059809625109983
-0.0877817027805902
-0.0364028622431019
-0.0935187294914406
-0.108156599004742
0.012140352242522
-0.0947004147832918
-0.0291633834182427
-0.105155473975369
-0.211644395316115
0.0455821608341537
0.0549744103359653
0.0611516972616374
-0.0567163682391448
-0.19806001536077
0.0690954077862217
-0.113546930100227
-0.0642827300541631
0.0255713766852077
-0.134992705492759
0.129282181015893
-0.00136315218943417
-0.0103374737943503
-0.109610317264522
-0.0220350355197737
-0.103710239638907
0.0110645346934937
0.048715070964253
-0.038154980840728
0.211990859553487
-0.221039824764922
0.0706027680935301
0.0133271920235222
0.118838287992748
-0.0400200157865187
0.160828597609491
-0.11302686540539
0.0832041938944367
0.0327416334219633
0.0738051613354388
0.0666716100710354
-0.0742259513734317
-0.113959768247341
-0.0442665746900756
0.0834002757513012
-0.136136480339238
0.124550687173198
0.0564550432690388
0.0322848862783186
0.0584351313723455
0.0551056745972263
0.084746009156162
0.16858309178936
-0.119089130417158
-0.065894431915953
0.147908000955136
0.0567681337512824
0.0640482298931756
-0.112920378822313
0.0276413164903413
0.152196482706662
0.0604115418609095
-0.117624641161953
0.00882147682979584
0.101658197844827
0.0181326734760695
0.0342827661407138
0.0859052638216322
0.123960045705201
0.167909408645556
0.153268471682259
0.0839084786575522
0.113122941436667
0.102256295977479
-0.0857755032131826
0.22170990797755
0.0696138393034042
0.01078845785656
0.0678296660801781
0.201563188860446
0.0986935155072809
0.154331505289893
0.186332930298083
0.145569687853944
0.200355732651096
0.0509609492313039
0.174045512516669
0.176446434868429
0.244095734698352
0.118229064853505
0.254698112448229
-0.0323390533487646
0.195463609920679
0.105387969275142
0.125420175758595
0.153568667754728
0.0252023462858715
0.0670113194920223
0.217004338912026
0.185919044122948
0.178963443998819
0.264723642095645
0.228212086984804
0.0751348804032326
0.1832509213775
0.127990843829496
0.0695117196948406
0.153786144449111
0.235834757879125
0.251577378018195
0.0992598726758827
0.0128899288639324
0.166454120148947
0.0879194034624483
0.130160590576471
0.100028740261505
0.165534523386928
0.171924633155744
0.19502101194346
0.291060378190556
0.0861986465472957
0.183663822456873
0.303912245256617
0.286526459306638
0.199297097018507
0.0565470187700964
0.149280625532712
0.478093364022128
0.249482112556968
0.139196395060686
0.0984582146901527
0.205969732214656
0.159370094207504
0.188143725861859
0.298195747290234
0.141144145055802
0.278268629077945
0.229909137861583
0.295909323963132
0.0823821846412314
0.165145001930686
0.0996600231753001
0.17907972578213
0.168372573242358
0.110665158685601
0.383173466836914
0.301040274504883
0.234586771599716
0.334127700276741
0.219782934547968
0.29183137637184
0.35676673036087
0.263071844591993
0.27832204519315
0.180766945542896
0.242516924842187
0.381984567911371
0.206020168729548
0.320938652343846
0.297065892439927
0.0893173681817834
0.294579836919299
0.242284537910787
0.322403214772145
0.138474848431981
0.211204168072786
0.146615765734269
0.350037977084438
0.139267057655821
0.345973230505293
0.288666220464186
0.362690226999938
0.273104527622445
0.427319130134463
0.401650615956475
0.323221461777187
0.275515876529126
0.185376892865041
0.322933967251982
0.368807008537499
0.172920380409832
0.244945253939972
0.31202536279235
0.300577411255525
0.330039959990896
0.31879759348291
0.144664788965108
0.391800016377873
0.44522991416352
0.23703683801253
0.401303935976415
0.195097682300695
0.233698230728205
0.183283984339247
0.37401734485875
0.558020055987534
0.275490982000722
0.235537034111802
0.344637890547724
0.398109799621508
0.356708518996282
0.447756335571833
0.363249082650099
0.415625569504058
0.24383173607931
0.254766859595271
0.453254891415956
0.330312997165343
0.281284876822231
0.470720861048858
0.448418717758564
0.342926127318844
0.305775762802251
0.286986385938125
0.289828440983634
0.408739824518286
0.383935556104623
0.358983103529292
0.322363188255133
0.336810285406305
0.267889740727143
0.368599296774354
0.370227899753354
0.250575348212436
0.341241134815019
0.326788562001703
0.245265435582223
0.518596126247061
0.416349567941608
0.426968795629076
0.454061984410665
0.607400771925088
0.348164018808089
0.233716367093483
0.509648585919618
0.46574272421745
0.357966392503844
0.490863814159398
0.384881995359148
0.591428930295339
0.333920697672053
0.379097818724159
0.46123110154573
0.387999215857477
0.402566755434581
0.441389747818395
0.431001194400233
0.397885784275742
0.385091725445495
0.399740034868419
0.671586263851307
0.444453152292815
0.566987867571603
0.506912996658502
0.378932965521431
0.622361515690319
0.576337928796211
0.449553354463121
0.533232088347424
0.387129724415364
0.297873794527877
0.498288139902634
0.476766303195742
0.578648880383011
0.376392545404683
0.381945903222724
0.419827590095459
0.378060399532603
0.369167607226445
0.532862408142806
0.499101770765527
0.55692461097247
0.49550171263208
0.434866254610606
0.490282115897569
0.548297067742324
0.543012363755425
0.639297450739891
0.475602865094481
0.448478893994643
0.613953429926809
0.557392456531852
0.442676054517423
0.531212867569497
0.477460722938463
0.468770945812944
0.426311481099789
0.590757400615362
0.591293914969418
0.645836734161207
0.616857406504175
0.569810056684261
0.522148554751972
0.589030727017886
0.636716720373792
0.599088168844306
0.549658940691657
0.544837821812648
0.507983318156884
0.589172305004302
0.519437729084241
0.515102264510054
0.50555131857881
0.460396162509476
0.598726902399782
0.566964683931585
0.638911857242012
0.591924406315116
0.592230721539646
0.538998784080648
0.576765072321543
0.477981437409055
0.62449014401826
0.536395129858969
0.604685454353567
0.57759278802776
0.50124816750978
0.57892114771018
0.499871287281733
0.55262023819973
0.527000897911572
0.650917406066737
0.618560047825705
0.61632769463936
0.487386941382508
0.488654895047455
0.551582589654633
0.499217517711655
0.791930255522655
0.670507110657135
0.414655434975958
0.51385982215159
0.668732536110153
0.619383912606184
0.426211586674184
0.608127287311898
0.640980846877607
0.553367284494509
0.558121754477041
0.562196955663031
0.755329891285332
0.563015790371244
0.569287744490291
0.613209864004379
0.633193743255434
0.549206307014893
0.578667420956633
0.754887358266703
0.621406309803371
0.583988959409682
0.698060979748016
0.702444695913396
0.712932693172298
0.581520615135034
0.693476582825739
0.69435098063754
0.493493330053786
0.555830610902154
0.522528912873374
0.58651232344762
0.711886580012591
0.568425936024687
0.761755353918185
0.71227765567787
0.65299404785554
0.859472675542203
0.634370489551155
0.808430350316411
0.645072060451094
0.733754685965818
0.670897977884499
0.856118360843019
0.609216337964835
0.476911941060386
0.743144999602727
0.793102449429174
0.639650430936123
0.754076456259248
0.584329670880919
0.550311267790534
0.802814832391277
0.682357967246104
0.605399533295846
0.707370430277728
0.925545731412329
0.65105293345891
0.778373332001845
0.777226403635943
0.755784888860493
0.8717592112301
0.6445244106888
0.797582597788603
0.785254745502922
0.649360213155424
0.678659062331253
0.725446280563921
0.579242740184814
0.633353296421216
0.709084310116855
0.596436420867807
0.69061075655157
0.830783406494157
0.756018097244186
0.929412075292207
0.7994659981049
0.753085886541262
0.677303978814858
0.921535545677275
0.89396924406123
0.686126334346069
0.822154889342468
0.722558417376053
0.803206759937198
0.765087177262675
0.712172596791726
0.765860020182205
0.884515495350656
0.65646996111073
0.653370092408639
0.887925898515524
0.857546416949572
0.778680985916857
0.82521380481676
0.790548849579601
0.728335709007506
0.887841463775137
0.838675499454333
0.897953223672744
0.798316658636071
0.702561172667017
0.684914929951964
0.803351591922779
0.832320765052091
0.876535424449219
0.973098861993857
0.897634509875995
0.813907471726557
0.800285523240956
0.87182255017298
0.85506792306295
0.767933270159874
0.686982250758072
0.909664636181205
0.949153267148529
0.997515137170828
0.872622447035934
0.945471503015585
0.867638786054996
1.00947344713943
0.785481824344247
0.945897269859185
0.932879108374863
0.898181861227227
0.847422144901648
0.864899975329696
0.802676099377193
0.81968786454301
1.00281596900277
0.887243540415663
0.922027821365862
0.815998535926673
0.811107016501404
0.981500222553569
0.925712409776349
0.844928009134865
0.931893960085315
1.02558774085756
0.891537250698759
0.96150487058614
0.939381409932782
0.856970812589322
0.8704738843613
0.963041492956655
0.917414943757287
0.849761090233454
0.95601748895728
0.894946457082803
0.907797737568313
0.908757741033749
0.955026085738768
0.795593321362433
0.980183963181881
0.900105256005927
0.835239054089865
1.02654075519005
0.911813007004156
0.867109324579977
1.07377705951247
0.921745763702598
0.968531987521115
0.909338409251234
0.891041392489349
0.850724600314137
1.11469502498714
0.989129162366783
0.726402135907948
1.12918355612463
0.991835273772296
1.00842999734808
0.984973137401285
0.927958934213094
0.915315747618825
0.95909698281767
0.84017095323656
0.863495908390163
0.872855580855134
1.01363389551261
1.04291815772344
0.905518586806909
0.803664019003053
0.944276015747561
0.978096770311318
0.889306163632903
0.993520488094483
0.924423889094468
0.984305438499646
0.944923293793534
0.847096958669356
0.97817708894041
1.0139069045202
1.0471712829093
1.05034211560664
1.04270633094118
0.977674890120735
1.0382779734613
1.13089433835955
0.96806382318477
1.01336446157351
1.15752989917446
