-1.09910709650617
-0.930326378166536
-0.883343600800426
-0.968513006234999
-0.950724884336604
-1.08095097506747
-0.975433109873604
-0.969686337054468
-1.12150688881721
-0.879605339376413
-0.932234656050713
-1.0530808407677
-1.09227376807343
-0.965177082686834
-1.00718935742812
-1.03931017986945
-1.01114756745021
-0.941158544022247
-0.895540249480995
-0.986123427600522
-0.812521355543018
-0.90502418630446
-0.86130254256688
-0.91064767031742
-0.891906628566282
-1.00189939064608
-0.900527636670877
-1.03661172998874
-0.958289862271768
-0.934397615351676
-0.819667918116911
-0.864290816268733
-1.18585725492081
-0.884795952836613
-1.02038695004229
-0.914820437673475
-0.996831500368071
-0.898754314464054
-1.10264898376897
-0.914703146361061
-0.772877901808254
-0.962451266615712
-0.953695891728945
-1.02007276360017
-0.897650093081711
-0.91313301159456
-0.874776425937446
-0.941552306550718
-0.898989924264899
-0.93253168058942
-0.963835164291203
-0.873338781878169
-0.867709763643304
-0.820504214399511
-0.758145025743768
-0.805497030210957
-1.02182115224858
-0.761847531251363
-0.781972870672663
-0.754134630130299
-0.9663970305685
-0.792854227334952
-0.907463583643223
-0.776575569703059
-0.874589588960012
-1.03990189495576
-0.777976462278821
-0.824374526094389
-0.779922081030759
-0.714106476815848
-0.701378198078655
-0.743571403924373
-0.862054448096752
-0.984986987243008
-0.784232720201176
-0.927739895547777
-0.822831526194722
-0.937686364596798
-0.790208178500862
-0.870316189225905
-0.789646113888337
-0.833455583081975
-0.966806096892579
-0.804083771905881
-0.78245885201334
-0.756857874705185
-1.03945439514282
-0.889164653906379
-0.874442455651824
-0.753729162051464
-0.642282742379539
-0.67586254146537
-0.77955729418009
-0.931631785222654
-0.76623446719906
-0.78748303016703
-0.87172570204199
-0.89021061899391
-0.795254566660606
-0.811291719089089
-0.841519267483614
-0.833337434833259
-0.825324410077315
-0.845597987519192
-0.780883748535111
-0.696386063454743
-0.899789102672349
-0.726504613958206
-0.765130341369721
-0.825663887926644
-0.621543190371667
-0.949011627836379
-0.681926845323589
-0.836142809844039
-0.756312719257852
-0.800988307733622
-0.880164479320975
-0.706168368307931
-0.737269764344987
-0.70933551741155
-0.770992758648266
-0.76307634279434
-0.80653652002092
-0.640152247763232
-0.744687905516184
-0.792749621783069
-0.570961839263067
-0.698591525102522
-0.793632744143002
-0.746121490877018
-0.533843166937856
-0.663250602612898
-0.780594261697763
-0.790135766822603
-0.626315541936379
-0.708735132773082
-0.677305979603471
-0.624257163991503
-0.71844064072375
-0.867327658465132
-0.713067563391986
-0.698105690497088
-0.607241510211296
-0.66701227165944
-0.67679105192413
-0.669778407737496
-0.626986602682268
-0.694465416574969
-0.825278879567449
-0.676091739901637
-0.756753519549984
-0.739188035174145
-0.666496506949901
-0.790124247852952
-0.530974764156347
-0.634190402587819
-0.77526635578478
-0.719626563776594
-0.636283149824498
-0.724368239749015
-0.76002273309357
-0.549751267617698
-0.688539206646224
-0.606152566272952
-0.814676025141192
-0.663543557305868
-0.682231520870253
-0.642147871761724
-0.627013406092445
-0.747339139794321
-0.748563806806244
-0.571527893940524
-0.681625951703147
-0.646176937252236
-0.459489116071162
-0.73282241333532
-0.587368532753057
-0.720481280075017
-0.530411375195478
-0.532966311439322
-0.568793684109485
-0.746078985354294
-0.5264582819819
-0.588762879401727
-0.599607040187366
-0.544265012526928
-0.721612120332997
-0.69071814782635
-0.660248439100039
-0.74389525969544
-0.669757915379796
-0.75649250497055
-0.572239292334111
-0.626316148300636
-0.418098307877229
-0.559302077651155
-0.6099077077352
-0.5820371541467
-0.563409671268123
-0.62804090751785
-0.59786093622709
-0.607177385163553
-0.634944521703432
-0.524556634948718
-0.420822030749111
-0.537234871939096
-0.695315218702276
-0.445725877867839
-0.549065727038715
-0.49514630310467
-0.565999042931494
-0.692922261829909
-0.569455171323815
-0.525175990659121
-0.605748183435868
-0.411109255038046
-0.452358494223606
-0.527913033147473
-0.658441116545409
-0.648576399645163
-0.62863281314538
-0.601220629623998
-0.624239762109306
-0.622410001564175
-0.563652643147467
-0.533417541178182
-0.660662633113765
-0.627768882142714
-0.559434137707953
-0.613336120822752
-0.689271873405915
-0.560105810085076
-0.53978891926202
-0.388356410269615
-0.59174540114581
-0.568392925613381
-0.263895439043999
-0.56507628335724
-0.479122712858646
-0.595147689663672
-0.606305473352258
-0.814508892311586
-0.510676082104186
-0.503999514831085
-0.530497548143087
-0.574305957837824
-0.510628373477463
-0.487957282221785
-0.489938849339526
-0.48294502751621
-0.422668085060451
-0.362587501769264
-0.566234255249526
-0.515101952086628
-0.40770484178453
-0.445336167708767
-0.498365216555968
-0.39016729265096
-0.463899010954087
-0.559327259336772
-0.467457766119073
-0.601098986673979
-0.477070489366437
-0.432865953775799
-0.466566609362805
-0.402050611074824
-0.570126951273622
-0.622859436688472
-0.332010945360637
-0.400339070060733
-0.397097749767578
-0.348933745824862
-0.399885412533296
-0.43851323583714
-0.368310222003841
-0.496730565987977
-0.420580977039166
-0.648864353965129
-0.51813039445452
-0.549449431618905
-0.467231790975177
-0.454849905251277
-0.40820128212422
-0.431106508007566
-0.473842720804454
-0.261425810445347
-0.350779060902381
-0.43743694215414
-0.404696924688499
-0.301390011883482
-0.425228766425015
-0.473902177865091
-0.296044340790049
-0.447195493328046
-0.398962936511224
-0.315999600447433
-0.437794371362827
-0.318859665305471
-0.408231971168861
-0.327412557401563
-0.391211887589132
-0.438854433978882
-0.369839857922856
-0.232698696447303
-0.198869425232528
-0.421072017686887
-0.369983680107487
-0.391788135259396
-0.408383374447994
-0.446209028175148
-0.299545715111875
-0.424405954907066
-0.164427353885798
-0.347980108782319
-0.264574368755143
-0.556793275525999
-0.351679964961741
-0.34223728253413
-0.448215107911915
-0.262137549413234
-0.378514999897887
-0.355610932773853
-0.342297287152821
-0.328969121591098
-0.348712443312387
-0.412381655395623
-0.357033000902537
-0.428403447679427
-0.330441371171627
-0.313454438012262
-0.37762056931744
-0.427969988056427
-0.343803815806947
-0.375347912087516
-0.357908648597713
-0.329144798268431
-0.433047142757951
-0.284742901239044
-0.275332694314116
-0.245454474022757
-0.358457580152499
-0.331296697560208
-0.42447981805937
-0.370496464481132
-0.38452425124351
-0.278233564351819
-0.372452060375812
-0.19377396746591
-0.232715342021433
-0.233944398934223
-0.328535337009353
-0.224833643636163
-0.184948806970629
-0.343150431115344
-0.303579612451843
-0.168124549080961
-0.207376705695375
-0.202831778252133
-0.417294560368903
-0.195355955843906
-0.209991664993657
-0.298194776031474
-0.217327150597128
-0.14398717523521
-0.30294978369852
-0.273438247981523
-0.208094915218989
-0.173585892240884
-0.39073130811738
-0.322047056104972
-0.234823633273787
-0.417354598924924
-0.305740681122312
-0.252227598189242
-0.427805224394873
-0.149284426931818
-0.26482518484709
-0.135912288181572
-0.198091467765374
-0.334318567398856
-0.278207379013628
-0.254097849178082
-0.336772312883428
-0.319082700444197
-0.209523865938565
-0.244125131906057
-0.329706191239928
-0.224884027779947
-0.301473808403351
-0.124418245456371
-0.226680691318995
-0.21013659301209
-0.182177405253047
-0.0739911870049692
-0.111241636391485
-0.0991922836864326
-0.0784010741581044
-0.293896724613744
-0.173545353928083
-0.293562016556932
-0.34031620113858
-0.110493852812091
-0.275175436926151
-0.0848436475154877
-0.160726233446737
-0.188085383514716
-0.163865311180767
-0.106471800082283
-0.133931688284636
-0.264641664755078
-0.183066436630454
-0.104640061208336
-0.0479870885591286
-0.134663283141661
-0.210301374921759
-0.0834082211484629
-0.198832947719607
-0.259232001192137
-0.180697457165007
-0.127960038042953
-0.135535511931867
-0.223124004069373
-0.118048736783985
-0.139926400494294
-0.25809906853054
-0.0465097623578283
-0.140697442426769
-0.242122917750341
-0.181986267453091
-0.154144672073894
-0.128416428572592
-0.208051836888799
-0.100557941060187
-0.18953955897039
-0.176183175573446
-0.0720253978070701
0.0101186488436099
-0.1029897909235
-0.0586108170658701
-0.2523923711451
-0.16576717142155
-0.219262349076649
-0.112202738846217
-0.0768672959889402
-0.23679985885128
-0.0284832716816021
-0.0140186493626922
-0.224069993887905
-0.243860996893324
-0.294520257684134
-0.0978703843141454
-0.0831450036754648
-0.192532208925919
0.0174700022026768
-0.0541531250630271
-0.1206016704354
-0.0872129391048474
-0.0153307860014746
-0.123176888334035
-0.162393957295926
-0.106073819725672
0.014331123564542
-0.0456960710747189
-0.0711980194685802
-0.0827975282634256
-0.00594317393190259
-0.0387533867946258
0.102688314810787
-0.23284622419382
-0.216877588278545
-0.0827573355260091
0.034032514920804
-0.132864303992077
-0.0420269070443161
-0.0793524062676944
-0.0689186510597351
-0.0869569308889641
0.00312385303551777
0.075460671928672
-0.181248278337362
0.0693586946729148
-0.183603679184577
-0.0710909581517825
-0.19640778943107
-0.0470862790817152
0.0981922251111799
-0.104792227357525
-0.0821239726131465
0.00515063334459251
-0.0220032735535039
-0.0159349972765839
-0.0423666298647472
-0.13364089614569
-0.0296699977303725
0.123158594193121
0.152787796520476
-0.101242856054616
0.0318849515079699
0.0189964304067812
0.142519868534706
0.0609441415538227
-0.00123084063215224
-0.127198470349084
0.0622968195389842
-0.0462848787689578
0.0864984351656588
-0.030719183226314
-0.0298109938220833
-0.0666908169895546
-0.0392985487890355
-0.142891169070594
-0.142101726536327
-0.0239120403841324
0.0134535383547796
0.0846328128794065
-0.0298913226899629
0.0228090419991114
0.156465858330643
0.111300511675908
-0.0155678769713216
0.0495893963278162
0.0764886262720114
0.0405142029984647
0.0917398672320164
0.139446857433502
-0.000619810012529119
0.0458071004469266
0.0763327036490563
0.0938213664061857
0.057385595590518
0.0352838008010855
0.145512005887999
0.219098962428769
0.137805964785421
0.122943929661267
-0.0312852275522428
0.172288427352803
-0.0258432761764962
0.0537652869313517
0.147937543242825
0.0462825731891057
-0.102603854928797
-0.121125379818906
0.074348368542181
0.0962040622637203
0.22354548886168
-0.0318171995585919
0.016236656827763
0.146010563953685
0.141480408706204
0.138540038405063
0.0691762535850056
0.140540372551681
0.221414583475369
-0.00886964286042762
0.0436287688759672
0.25881830795756
-0.0567164855540445
0.12314120209267
0.218217621409275
0.0837907204186533
0.12217905102565
0.233920717091586
0.264663268534936
0.159816981287686
0.0879047616288172
0.132749886944222
0.0845347132464582
0.223467487873498
0.173304053028266
0.070405749685686
0.268601068782528
0.0301911965528375
0.0909178288553472
0.191898184868004
0.118243075158091
0.149352985334758
0.0736837664690962
0.0776688696653581
0.140859216776589
0.141243422168238
0.0572688148072699
0.263587544716391
0.193444491580389
0.259697499611999
0.0203489629811852
0.0408387486960049
0.211247387734432
0.0030932311580559
0.329171594461411
0.172065564866601
0.206127561213183
0.208390386817771
0.242437257939855
0.241220879275418
0.172638921717254
0.173919754330528
0.151827559354505
0.246248822255591
0.298427459935259
0.285319942612453
0.15891890181974
0.152586098826311
0.136330102261382
0.26401486223272
0.328531890943624
0.21592973624764
0.164780362928376
0.146257129590281
0.273279334550862
0.288641058516528
0.220829564402278
0.236561046133294
0.142650048473464
0.241016382461244
0.256640716002419
0.168415532418603
0.126671700940715
0.259286046185084
0.219258164016029
0.20431095394455
0.256179994754217
0.217976210889296
0.225897154635649
0.219508162742555
0.196670081861574
0.182167191428594
0.302539895010816
0.360200369087446
0.308639833875365
0.359722201061008
0.243275989361055
0.346582018159243
0.243087279492565
0.039084490524281
0.16800371262607
0.391765452835185
0.0481590503461177
0.265654295465449
0.225844738819933
0.260280635448289
0.442731383736136
0.385900432047546
0.399766078918471
0.303536268415852
0.269535883093338
0.277238519473067
0.270405199205372
0.293532375313071
0.358332368512938
0.502479403755802
0.442781844239299
0.311526246859346
0.16995163171363
0.232560705398325
0.213889987266454
0.424960550217828
0.290606506903088
0.256537746839685
0.285641793315897
0.346054112205561
0.303126143636903
0.377417349497392
0.367758765016582
0.265981885072477
0.290123251731974
0.327510793196808
0.335670627778927
0.305829108174055
0.196417583216752
0.206202133503522
0.364845415016698
0.329377472619783
0.211649273595772
0.535033677138189
0.333944820167835
0.272242842152846
0.393990678655054
0.314525207829444
0.367914980315986
0.450861031562247
0.404630703275405
0.443726188179911
0.11534745077224
0.308098736967762
0.480990458165363
0.239646006701122
0.410320662361757
0.478013164503917
0.384973017825416
0.422241910338535
0.276242033110647
0.345914701469408
0.268578907292154
0.41319292506374
0.550190467303329
0.228271601032636
0.266849386362947
0.384211638449557
0.372604301641774
0.401825984912393
0.371160328545462
0.378415587436847
0.42916071197321
0.27765844584812
0.461196400474273
0.413662555538703
0.402413910980644
0.318495679025964
0.412313198505714
0.348426280200925
0.390847059226541
0.433219252132856
0.433822189581605
0.476724905361851
0.434325322809922
0.384473833045594
0.49222404975533
0.651586145525644
0.546689823697651
0.386918694967025
0.397487966076153
0.461185316745739
0.511659256371584
0.481924788358823
0.417128224835656
0.377867530867564
0.336873634073817
0.587149966507583
0.496937911195521
0.596649691028063
0.297094543744254
0.547828619865221
0.452775840329777
0.384355497256268
0.521062774263267
0.450391377336003
0.427526120317497
0.414477434118192
0.428617235481743
0.572930378693617
0.480704046710126
0.458737167896015
0.549603456542006
0.382738837919719
0.455837726310109
0.41632166914096
0.588494501364379
0.418917476925554
0.426535421524136
0.43923269217794
0.41034451456943
0.444950854287448
0.496500965951212
0.351501663206225
0.51950728071561
0.59445104751829
0.567695383941439
0.600085092933389
0.49055417492055
0.575717920411935
0.467155571362686
0.502798786589766
0.50605569930793
0.689457440841424
0.528683201190334
0.510276370604992
0.463674733248657
0.535752261053403
0.558033432822634
0.506156172342965
0.519345377901857
0.624342817740383
0.608323985827459
0.755819736597089
0.645823675463351
0.444832510591585
0.420643711782043
0.727788831956833
0.488074149217994
0.467485505330453
0.605370349853401
0.50276354114504
0.620030818388335
0.556650855066447
0.636462534167284
0.604069514887439
0.600364597907582
0.68617491160158
0.606184550652942
0.535140078509223
0.604448717159598
0.570842793666559
0.4892514720082
0.653686499667599
0.62663849360551
0.644351122490676
0.68776313779468
0.594574401745397
0.479091964522685
0.547365750282607
0.616641909269328
0.535586770086467
0.53168657015607
0.515276880652037
0.61994488505886
0.652099595920629
0.689464619783917
0.597477945963804
0.548952672563069
0.809271131937793
0.604276991414868
0.692302616829071
0.675281638214343
0.706270751638737
0.645758703279176
0.694902498565089
0.510612201988063
0.705270005266609
0.594013122051514
0.470613076780693
0.642465251165914
0.434537500372269
0.495784936840777
0.837954733102163
0.569403766776504
0.779063796380903
0.740493745025054
0.58086157819898
0.550538179097027
0.603896857187941
0.702552096117557
0.75581069346883
0.527035738055345
0.703338320746953
0.411226990580453
0.720618418589129
0.71969497167799
0.687719890963003
0.702167874765065
0.814657143824253
0.647946726520927
0.773696753603324
0.690200278011898
0.577957085388084
0.638096037786895
0.718332314273342
0.727936628193404
0.661417235242901
0.778625653136512
0.59387650894111
0.602032106799613
0.653964159422293
0.662957948821775
0.543533162434555
0.695795790867652
0.651525666529172
0.767673987749576
0.647910901206831
0.691503293722021
0.718101746072867
0.794410532977846
0.686433495153643
0.555851596998862
0.682026678564114
0.727198806344323
0.601795719100176
0.595633020140957
0.695602150853964
0.790766964239408
0.873207542027764
0.725197081495273
0.670677345432183
0.729847788617477
0.680014017852906
0.630184905790003
0.731772891747796
0.764655614440011
0.753761990021522
0.731748878417626
0.97022153284809
0.733715939923205
0.890571803396722
0.817634226101908
0.490110985296402
0.70590347120899
0.860142994190805
0.785355129260154
0.769488436480821
0.831651365736978
0.61099685279584
0.737424427218774
0.807300596077839
0.685456196115664
0.799650740084535
0.889971906043906
0.832082230960171
0.769695287803998
0.718378112274907
0.961831123737742
0.975267762474056
0.652697722237295
0.978847627844301
0.935035458115888
0.7301048086751
0.771592686569505
0.837445597537184
0.967821309960862
0.780208566906274
0.874748874142813
0.895609664466349
0.912967152853751
0.911801157276573
0.909695811619408
0.761136400448168
0.797456773991263
0.926389117293574
0.923569498207138
0.851886757456592
0.885589232600788
0.811348461805446
0.686418541006831
0.8360893691934
0.787958090603159
0.93885709846258
0.766912927419193
0.7407647031768
0.777900693879006
0.874652363822908
0.92496942403745
0.845117646831212
0.750388880840487
0.923489752315494
0.863106417177114
0.957843390051434
0.946702871499948
0.906732085862788
0.797065222531692
0.921754281424488
0.755799291944344
0.690649155803438
1.00343953869764
0.956417577003552
0.852329762707784
0.796686353789265
1.05068809260843
0.91572275724742
0.860994282920654
0.94174613240262
0.863561384190655
0.892435815775982
0.972876548680561
0.940591939843388
0.950223603596451
0.77972546759675
0.892721890668939
0.851750397843051
0.86744775320843
1.08909743466579
0.896236734923042
0.884473094441468
0.864977067343911
1.03727858858994
0.920844044789289
0.897444355557654
1.03463743558892
0.977928785599356
0.99568833129448
0.85652972148555
0.944041860363651
0.757710942877581
0.955824789765672
0.853123275285926
0.948065928591664
0.920760860857128
0.828238519687321
1.06674217306142
1.07533237894261
0.91033173649023
0.85515871347922
0.782255088349121
1.09209919267343
1.05874160872536
1.02128967749109
1.07311481423404
1.03319809519407
0.845511128460516
0.973208871110027
0.875914374919543
1.01097944568466
0.848505933556167
0.96949787075122
0.929285337724439
0.952770712830159
0.909049371557807
1.07637078929955
0.978266387861034
0.984816184994094
1.02439294578995
0.961797509548301
