-1.06049848686571
-0.982372674135119
-0.987447594829405
-0.924624381574793
-0.93226115392597
-1.10560891925327
-1.0539334334102
-1.10622534195948
-1.10593423827027
-1.11246781377908
-0.919614499643862
-1.03120297564774
-0.937596435580469
-0.982070365935537
-1.01734469298812
-1.00773828647138
-1.05232202152327
-0.959017386713934
-0.826476758455497
-1.06976293523838
-0.8569735107877
-0.947463399958486
-0.980898448867935
-0.919848764741329
-0.896636821512653
-0.89123204974649
-0.933590833301783
-0.845402946048548
-0.98479248717195
-0.864322640492883
-0.961114675912907
-0.788800375904628
-0.998899814882274
-0.746253214910334
-0.992383790507199
-1.01745509926197
-0.889519098193705
-0.900999385113618
-0.749003496787843
-0.839771524197049
-0.855592787013352
-1.03890610097272
-1.01782712627918
-0.72308121192843
-0.81020785126201
-1.05953466204204
-0.919478055308027
-0.786172561017389
-0.76869638190911
-0.90411531327871
-0.956061788611795
-0.963478029761986
-0.989259723600321
-0.902677453482796
-1.00062599803317
-0.951365005845154
-0.887101098399598
-1.02270629369878
-0.833224284799364
-0.893113223338433
-0.897980110740058
-0.787366934625539
-0.956462854087105
-0.888973173940824
-0.852867840087039
-0.779209612594348
-0.925099396636245
-0.884110259494576
-0.857527158127221
-0.899380679411685
-0.945979126812167
-0.823780071003884
-0.802190968572256
-0.770576503152111
-0.679021376991794
-0.779157553587661
-0.785995617291284
-0.826187646574349
-1.03279680750841
-0.874119859909103
-0.812339026409517
-0.87013308383826
-0.771951513681258
-0.756806692067025
-0.868484713673382
-0.949776862694037
-0.731103261085928
-1.00873942450338
-0.795748433462304
-0.782330501032414
-0.945261036064738
-0.901273376277868
-0.770629543361049
-0.870424806865622
-0.935310297076751
-0.809721461763539
-0.755550528269524
-0.89047176864095
-0.699186657167252
-0.780213972451491
-0.784199690790621
-0.724356161725429
-0.802712039696651
-0.923618840146727
-0.930597005937155
-0.77023750902137
-0.897213418671939
-0.755816258055914
-0.76848595890589
-0.911320280099508
-0.673124254748456
-0.735130263922396
-0.789502253206693
-0.786521305011316
-0.78424670690381
-0.752555077462855
-0.734013030226979
-0.787866914551392
-0.690154529741581
-0.780901544396095
-0.820934909037628
-0.879062760797255
-0.666959529322862
-0.734640581162619
-0.663381804887172
-0.687818216267557
-0.829511058535581
-0.894265555073793
-0.794384174121621
-0.724593306608321
-0.838290899040069
-0.676228169433972
-0.659935692505758
-0.803891747553551
-0.685768890813445
-0.688170100072133
-0.833509186935848
-0.827238681673371
-0.689396501326817
-0.658228007351744
-0.77834646280998
-0.758074646769391
-0.742420965504347
-0.790899726392665
-0.721746448795089
-0.856035412709523
-0.692730841812217
-0.739519656265239
-0.729748256243097
-0.704621256083305
-0.751161246423643
-0.725913182984401
-0.563658480532
-0.628467677045856
-0.581232907168676
-0.630593965610158
-0.601231805100773
-0.662574190111178
-0.74624918182844
-0.652493978746739
-0.709872046028371
-0.836292034277848
-0.725688079011632
-0.590005412344886
-0.616571986153881
-0.661654779808005
-0.583873723469345
-0.859627005772599
-0.614232159448943
-0.659623145376106
-0.727853053056277
-0.722050797544935
-0.682866820707001
-0.756687931699188
-0.53686806495667
-0.581995115411326
-0.58465191185618
-0.779975031824674
-0.648261743370931
-0.478283179134329
-0.467205352526235
-0.70195780741101
-0.748893857289177
-0.489686014658926
-0.645332112606538
-0.59217014014494
-0.757608947181926
-0.642801537064498
-0.711610453710373
-0.640696232687734
-0.65092420068976
-0.592410117851327
-0.493095952951035
-0.751479127434297
-0.668634403088987
-0.614652832646802
-0.69595689940753
-0.716183026959864
-0.605208951329704
-0.717960386509257
-0.581805974771566
-0.664961108455489
-0.506011226001826
-0.638275343435888
-0.655076147449144
-0.612638820097941
-0.472485695643903
-0.62496946853557
-0.678410987468724
-0.659855564411618
-0.603185314011719
-0.541761774625568
-0.546172995284443
-0.551604614405176
-0.641333557992734
-0.630540541063472
-0.597816414316582
-0.52967714817008
-0.447766294675428
-0.594604997044531
-0.61056846124187
-0.688831816425752
-0.425712903859302
-0.481547462746645
-0.518475563979085
-0.578322988836331
-0.555213079302465
-0.560439062961879
-0.418134408259939
-0.665188584348251
-0.644682801586415
-0.566815448744719
-0.445333583753016
-0.431492191575978
-0.421348673051588
-0.665246420720704
-0.312846345203974
-0.521234020100268
-0.512286752386511
-0.501960246047372
-0.551149430843491
-0.568033577412391
-0.416368007763591
-0.46910119246737
-0.538918216108235
-0.467937332928967
-0.546622885370762
-0.434028696347692
-0.364718539193346
-0.613796824624459
-0.574264170327414
-0.554975932862761
-0.527835054594523
-0.568512934098107
-0.497989276864346
-0.375825132178032
-0.549858834211276
-0.457085463560706
-0.579260617009407
-0.598446718712266
-0.288730185672004
-0.424914362807466
-0.415264638278351
-0.625769272306781
-0.440830509415304
-0.34218593348312
-0.447850365954253
-0.400660570247317
-0.482917436519144
-0.469818473176879
-0.527485396448256
-0.381919300023819
-0.508466484171571
-0.493104635024123
-0.423120175436755
-0.40019328772305
-0.538362975316642
-0.382312702810638
-0.484522782567646
-0.456244086363039
-0.3993459758693
-0.478426740432642
-0.567638362147131
-0.48383813211038
-0.228845835640054
-0.356504439289401
-0.405058927729008
-0.374818332968265
-0.525721605347037
-0.333746001220942
-0.548084789429114
-0.388319936099485
-0.405687285790878
-0.180860948410715
-0.439037202277762
-0.42998871883777
-0.379107455485917
-0.513073570972761
-0.431311130175826
-0.473768556617637
-0.320304133655972
-0.492248262908491
-0.507793368367998
-0.372244168748737
-0.469396794160856
-0.334933784211765
-0.434448814532142
-0.32853290975661
-0.485679076773322
-0.410196850040672
-0.487197568594433
-0.344661091375961
-0.395710298638871
-0.241470903195416
-0.431344738641932
-0.221784755493777
-0.551805650768857
-0.158034341637462
-0.288087382067867
-0.315601698845307
-0.382857855400331
-0.279048318934125
-0.272357207595138
-0.503321256392958
-0.26528307108574
-0.357022047481016
-0.301552279336165
-0.486812405071637
-0.239218827060018
-0.479805616608369
-0.33579220216987
-0.388218248959749
-0.321436091216279
-0.507550959121873
-0.22168909796164
-0.311099579958085
-0.189934654845743
-0.354379416363798
-0.233498505841911
-0.311700734175157
-0.259658239728768
-0.231372168430409
-0.317482773571298
-0.369203414991265
-0.206858786708227
-0.15083340376558
-0.336306259390793
-0.355544851033578
-0.365514282497718
-0.333109484748269
-0.216456436737647
-0.203074002499068
-0.223811481522622
-0.315179920484018
-0.143804106850468
-0.316598704610428
-0.26139302534043
-0.26952733836975
-0.268322198266666
-0.26043599770879
-0.216721041726288
-0.384617726735659
-0.250571041873733
-0.386308944116235
-0.31634198926683
-0.254310567873235
-0.335039552196144
-0.159404778667525
-0.314743402873747
-0.296095748387777
-0.190681485192417
-0.140630618204507
-0.40088432164303
-0.234759196151464
-0.255674000325685
-0.229398337445092
-0.282982789161119
-0.266051622783939
-0.29019578149103
-0.252515555035738
-0.148431035260567
-0.216513056994556
-0.3717152174624
-0.177431571618977
-0.233665521593513
-0.150336373872056
-0.162808877068812
-0.298995794406847
-0.158373461571866
-0.325373693946561
-0.190203654482746
-0.222341214688707
-0.320340651538668
-0.259062027510914
-0.249533068124861
-0.117432361029452
-0.263834107623186
-0.249929880765193
-0.32540074382611
-0.140346622868867
-0.0749423816514087
-0.00618528738919233
-0.189826738506055
-0.152454540533163
-0.33009961882277
-0.318608800385447
-0.151518667071977
-0.118137446519802
-0.0921581974362877
-0.240949046472758
-0.189591201669435
-0.0761569495382698
-0.123325422228863
-0.273013426923128
-0.15981618021686
-0.237680165056198
-0.153372922394663
-0.00400322016913698
-0.0893974759479439
-0.134946985944703
-0.127318862093383
-0.125042464837308
-0.0961752495017329
-0.131748223117552
-0.0990879521875324
-0.161552501237716
-0.0333674833592462
-0.104356138136485
-0.135236213569128
-0.252187180913336
-0.0279820776125327
-0.161446632525162
-0.150379423837762
-0.163306501183383
-0.0901039059557471
-0.174072811839292
-0.3213166414572
-0.0900538807459291
-0.0335788541070824
-0.221455235827474
-0.209022764310658
-0.187448006764011
-0.0786166677168767
-0.0581417024312385
-0.234218581961648
-0.00481077460139853
-0.044152644777092
-0.0136618265235124
-0.265319048010699
-0.103025982161522
-0.206216131766978
-0.109472667306309
-0.224655026380732
-0.122335910457053
-0.00765354993905522
-0.103993375344252
-0.239374860842532
-0.0764044813634688
-0.0312850265395621
-0.0212950655642093
-0.133844936245461
-0.155235085124765
0.00189144540665387
-0.155253038705269
-0.120410340989788
-0.108507712430434
0.0413308462387852
-0.0934912192804522
-0.0742599375078134
-0.135476257788863
-0.0386561727402179
-0.199053423940383
0.0170502621995827
-0.000895514536160872
0.0238076949459201
-0.0733292368637005
-0.18505382749752
-0.0207974828772739
0.0130932540398708
-0.0637990064610065
-0.159453943637061
0.184244499510096
-0.0922746654461706
0.00635722739536726
-0.149323843349733
-0.0578511999622753
0.0685527404599014
0.0575199585497791
-0.0517059500031114
-0.0680302114921541
-0.0212179904402279
0.0246520375430154
0.0253310273074594
0.0292763899216133
-0.0849631134853445
-0.0153781332225104
0.00468818201498953
0.0534337227650416
-0.0505206899331452
0.0178647845176848
0.0436203390162501
-0.0602039468076013
0.113160239521123
-0.0192439567746951
0.119628502674131
0.101372288880603
-0.00391054751406896
0.0459173876342435
0.114612042248122
0.0526590906830541
-0.0122352149200492
0.0140605363166645
0.0539119468678654
0.132066929910841
-0.110233615045583
-0.0260942072130017
0.0688575346917435
0.0866836775618281
-0.0121503564524587
0.0957416661452904
0.0623536256797706
0.12699599007881
-0.0728064927954757
0.0751183633625356
-0.002734792350781
0.151990077807935
0.158234151430822
0.0571195908373435
0.0612133730539878
-0.0660935004665719
0.150033081526218
0.0369989682565918
0.150792157908307
0.103885711511521
0.0942062725934559
0.055459602999426
-0.0188753978316475
0.156429773011266
0.175481229760036
0.11166306879803
0.109257851441703
0.0650737162437396
0.259467782536646
0.00770192461284591
0.169043211583964
0.194170492803394
0.125301012647707
0.233585664365825
0.0550372418742396
0.253658363730627
0.118895030057023
0.0201877611376034
0.208017194199372
0.091808968476594
0.13953274528271
0.327867206418477
0.0390169203063164
0.157036662119652
0.30256964230669
0.0289964247401265
0.00155692124723148
0.109032987234909
-0.0260648075955905
0.231696292526267
0.211610701504682
0.136634152164153
0.0560800335970007
0.237404155099497
0.175919681689067
0.112262083414061
0.167445280600626
0.169202986383174
-0.0604821099286579
0.164908123018332
-0.10738067751055
0.0777209272019858
0.221917502575277
0.220724331263267
0.249150295605731
0.312585657887839
0.185230802914105
0.32488485270417
0.204291143352043
0.190353886153281
0.177826865092983
0.194015848086878
0.111025261878633
0.126237619477246
0.140933904825579
0.2094205999651
0.196592461283931
0.252094232311268
0.194203960320943
0.183171905739973
0.246607387788613
0.101403339609901
0.271731422383426
0.25282553298487
0.28515915517121
0.255581395846747
0.183432936571031
0.354836633450319
0.165307057321547
0.38807434789822
0.315205052616362
0.0767700730600143
0.223370774272022
0.419582273980959
0.19536243258906
0.381582587904336
0.109715251500881
0.20439926103748
0.354459357826999
0.232515085696043
0.226107744900773
0.320839589699816
0.220238034507131
0.228324018205948
0.301515385157854
0.210291689206546
0.20231669731457
0.278517835515596
0.394997343009562
0.326417917044536
0.209626705917263
0.168510857622312
0.273966591596353
0.27046590276922
0.357283997566538
0.255486186341931
0.292006930164484
0.194791613450597
0.213043543256773
0.158159039861635
0.300871077387265
0.326413138312407
0.32363584696975
0.25269277185898
0.124351534720922
0.304995954035781
0.374852072313848
0.222861973196598
0.440628368738659
0.276957041428286
0.359462965121221
0.252968094221746
0.309056230032041
0.27664771657041
0.281473394534031
0.312759907033561
0.143431443247824
0.223222442571916
0.516144446494694
0.377743381657102
0.321617821129435
0.408305577300878
0.279878883523704
0.372385798076255
0.195247424680826
0.254490621091981
0.432084497463387
0.332004686182595
0.183334177923171
0.375123167558599
0.199752800580028
0.305795576449606
0.32163668727394
0.335568053094028
0.315103346728929
0.292174517154596
0.281933713096969
0.272436749825436
0.272805686874017
0.324012632735813
0.368748029112764
0.349142715432316
0.357508769753757
0.181088873416637
0.357023382441377
0.312736313604056
0.445033520733183
0.347709222426892
0.30745728967886
0.3738407416435
0.343399048021465
0.313284794958395
0.367869100085357
0.46257770161004
0.455833424854375
0.53466742290122
0.34755208491297
0.297664255518546
0.63616091703426
0.33133910638095
0.318560746020253
0.489364000380207
0.405265330843625
0.343889377996174
0.347022972863767
0.414191913118332
0.481683900894968
0.418268326450996
0.396729825200093
0.324140586889214
0.231527827991599
0.402085014498506
0.42086350998461
0.336340036039365
0.576786194350421
0.410030036854494
0.470809374082094
0.471142325074182
0.421202912094268
0.489599898563603
0.395916822174794
0.482744329329487
0.372970645254977
0.340413359185569
0.369065549662164
0.403160721097195
0.355553918239606
0.453195862620856
0.458156302762816
0.469757294690782
0.431930066016637
0.321819276423149
0.247114424310779
0.595452067323528
0.449954577543344
0.550959674857439
0.468460615446396
0.520044006194662
0.4793363489298
0.440299588032655
0.48792952002402
0.482836577171568
0.374957644994708
0.435381736738754
0.503258187710986
0.426352211025603
0.470152979982766
0.462242344149942
0.466535571976027
0.567733688384154
0.505779839524475
0.51348319967482
0.554546121175523
0.473164299063885
0.618747174775426
0.326249710888462
0.447079003212987
0.683494009158437
0.55022651751651
0.494811480506364
0.443804036254724
0.591481411443571
0.50728251413469
0.437676020514164
0.472912178694489
0.539019997354028
0.596906276458437
0.516682693602434
0.433361186445776
0.537307144486092
0.505201245449338
0.482694570226756
0.761172563730707
0.441421393531997
0.586676522565568
0.593080737195251
0.520370060892184
0.572313940637393
0.608905720835486
0.63279860149908
0.601584200619589
0.713415514493702
0.537124946316457
0.595152022460235
0.595542412978035
0.459493093711021
0.506674574838903
0.593860093987084
0.714206273597971
0.513832317034178
0.616244476907846
0.60777894540969
0.473038672102237
0.562579926214386
0.518012063945701
0.640655341863709
0.610358052252322
0.541181761578479
0.493098379886581
0.676766713583616
0.655804996155344
0.602381183102414
0.676279831339007
0.752651209702533
0.626570914590292
0.606900265280524
0.685581495993557
0.688964548583362
0.601631914941297
0.590674763454897
0.624308792447338
0.548336147045499
0.564861170061966
0.647800819413503
0.565817686648686
0.650258696678672
0.533368777631196
0.529952062640629
0.710476721092299
0.584050047970744
0.563528046455545
0.780086644828478
0.410091655137625
0.585596883419098
0.635176015830544
0.697634400089625
0.597561697655101
0.656369258872855
0.668191755178689
0.58482613759936
0.711092579350075
0.602580182042001
0.768462400189579
0.63288627180706
0.560107981007249
0.722614394770672
0.725519163354271
0.626490195078817
0.735450584123018
0.743254141668337
0.523076629737427
0.835295687819733
0.649969619696873
0.76378898833972
0.764738168872787
0.596320381228275
0.790891366514637
0.774737138586937
0.65804533207454
0.793815257956639
0.642543111401671
0.516460049201677
0.690633575787265
0.61866081010788
0.799123765680181
0.718774149243108
0.604805227713542
0.6131209167748
0.617403304568942
0.827286297735068
0.807058340277436
0.739969874523731
0.633790521132303
0.678219599388004
0.598173444845593
0.674222648748625
0.628682935268452
0.592367003186073
0.765657918123577
0.748666595328753
0.762010460887233
0.615163960110736
0.58531846114587
0.87295759191264
0.700285292164153
0.761111257722998
0.720603190433086
0.695336382874421
0.762027748623243
0.569273726240034
0.717378194999809
0.918800376921449
0.872683961976016
0.709738577066098
0.89066776772069
0.814176699277924
0.676907801729159
0.749134831088315
0.834462771901958
0.783344892015303
0.832779007376679
0.670619797082398
0.718939404771294
0.764222626663547
0.676999253255839
0.877000677442695
0.814371297980679
0.602693460853304
0.687664455082511
0.746021955527009
0.893390945794091
0.743136576957389
0.812001041795889
0.856327558590714
0.80410204009076
0.612130221687231
0.859673406114127
0.814343798237466
0.712046735607477
0.8241174800174
0.736197064401227
0.937888858524125
0.793018018668597
0.913973053567175
0.769241168129316
0.6572466284772
0.762153580057676
0.80291858553042
0.775020790630168
0.786568065356484
0.740645864793191
0.768874492655667
0.910379712801162
0.904314222853908
0.927660550245282
0.801340884146115
0.934005743511211
0.88075115694073
0.872620409367113
0.959766856743786
0.761176183879183
0.966064482730996
0.880821645463626
0.743171159641119
0.860842056380256
0.804236243059282
0.8316532336697
0.858294445329977
0.917060134133155
0.876699807406738
0.882228387726978
0.951064891291831
0.79505267568089
0.871653338448358
0.780083497453223
1.04631279124873
0.811286553816344
0.796730680370929
0.928863303632966
1.05501770101025
0.804908064508969
0.91458737236938
0.714523953307895
0.97254390930136
0.873178694365837
0.973849841029801
0.858020798114279
0.842010773321333
1.05698963128602
0.905800318654438
0.922662709037507
0.678421028645291
0.936648491656422
0.925741359637061
0.907354648093446
1.06520597094133
1.03386652219482
0.813592816153229
0.915694877337988
0.934280114772902
0.943178789932511
1.06524752223462
0.979753087131052
1.07058409142695
0.974867008383004
0.946419049531348
0.826101195462803
1.01799461903503
0.924508556099798
0.886366315291393
0.997077795128024
0.96578409241839
0.843434154270143
0.969128834086734
0.878850310402663
0.838636652951324
1.09992984752096
0.814565547423281
0.875175941538575
1.0224742328433
0.937541218776841
0.847539499439843
0.904176373623194
1.01281136477559
0.986118890017498
0.858193496398052
0.97113915400612
0.886034095616215
0.939789489778471
1.00333592078725
0.937057056054565
0.880292891078731
0.943500637637233
0.936595864877051
1.01002215119265
1.06233581971094
