-1.16066288321432
-0.789422777140167
-1.01933108569938
-1.04019712809815
-1.05724615716617
-1.04661879859332
-1.04545922019695
-1.11933389358497
-1.100479534744
-0.797767334737705
-1.0611180285437
-1.0876527720354
-0.884494488743932
-0.952363210738988
-1.02521842204674
-0.979493758184324
-0.932141065502649
-1.08703331782802
-0.98326449537117
-1.04016668187555
-0.884764770516696
-0.9828614833615
-0.752571736840374
-0.923945506980716
-0.900296388825089
-1.0063973752114
-0.916355525258323
-0.975910541719438
-0.997103394728222
-0.955719123433962
-0.726081963095807
-0.975671784321457
-1.02628573256088
-0.888506723411432
-0.82290111442801
-0.855038297111319
-0.86472793850884
-1.0168178759046
-0.929785655673679
-1.10464009073514
-0.735418018208641
-0.933102743931253
-1.02670033363223
-0.909563813483857
-0.957645425900218
-0.982799291249345
-0.891991360852976
-0.824390686238589
-0.871715381934318
-0.891450538750278
-0.862699039128905
-0.963057228796621
-0.724645760020569
-0.816325228838258
-0.894538929044322
-0.904772255706276
-0.945715862817103
-0.845028364163061
-0.781933737154306
-0.875784905626859
-0.908690725872767
-0.910373205072414
-0.736947584663087
-1.00147938606727
-0.771428044679416
-0.929715489228252
-0.8636021585207
-0.94704976047066
-0.749335226154558
-0.804138776135468
-0.846710441722483
-0.755631653443693
-0.901000901556837
-0.763448947407508
-0.839481181067164
-0.883090522615939
-0.880840965103282
-0.923099876125685
-0.790514801466208
-0.764382849274717
-0.876314306972064
-0.766855081635538
-0.797756283015781
-0.879774573359048
-0.91949333537848
-0.794248478460381
-0.81547995608778
-0.85706503023448
-0.832795243056532
-0.864660818560895
-0.870899099005282
-0.858956516127207
-0.886829311815473
-0.818670248983954
-0.815790547207049
-0.821683360979534
-0.773534165700329
-0.881167422257373
-0.824256940532414
-0.70528657938787
-0.828218523081247
-0.869447929644556
-0.853913556658471
-0.65698994451939
-0.681695569745355
-0.96877699991435
-0.920584967239974
-0.579265939747282
-0.860817683700931
-0.709944802752526
-0.756883515433615
-0.874038718436292
-0.801609531814658
-0.619796880800723
-0.728896026581054
-0.85718001116238
-0.765705043759246
-0.733663419950459
-0.945747569880177
-0.763948120864777
-0.632922688286616
-0.85865628779544
-0.866779949364629
-0.704036473556067
-0.627028133386519
-0.845786463948261
-0.801115603152126
-0.590092429322916
-0.716932312624237
-0.638484456919493
-0.809370760040537
-0.757005351954476
-0.801862194961965
-0.68701939978823
-0.734201392830344
-0.69234306436022
-0.651821002508501
-0.567258388356204
-0.537507431531449
-0.769207722785769
-0.776952996428898
-0.685256885006943
-0.764162531762745
-0.773186069378109
-0.675623955043995
-0.734077015493998
-0.721767135017279
-0.800923119103223
-0.76615657310643
-0.560576883363481
-0.669689502216787
-0.771502506622045
-0.72790908514093
-0.777978587692299
-0.577405739964188
-0.640470175505856
-0.769790050872439
-0.742236597781467
-0.832154592919645
-0.668471926467989
-0.744614072892546
-0.643825420021024
-0.794524189595805
-0.572598570040248
-0.64652166134036
-0.664092455689881
-0.706504176851454
-0.542635100422661
-0.745017162883026
-0.835634110866624
-0.743174812539731
-0.589712609226989
-0.638220387270352
-0.566500928357766
-0.577187030074384
-0.628740184167585
-0.866134842910382
-0.587498012546045
-0.560030434987301
-0.726444571589857
-0.591586307923031
-0.44909800442494
-0.505455675509706
-0.734593332495348
-0.476239330088597
-0.532931060215018
-0.535104624576535
-0.635585498790137
-0.687097358040999
-0.558521075539306
-0.596067532373049
-0.611990073580162
-0.573408036550385
-0.60587010254378
-0.532860934533281
-0.607359618363491
-0.742957577869439
-0.616409287915063
-0.687182991712306
-0.552282562301116
-0.681401888154786
-0.472002691129121
-0.734203042004551
-0.524256945709586
-0.535156890824121
-0.560244113937482
-0.610237233211417
-0.478609251446563
-0.467013360042998
-0.593324163986343
-0.618405749430418
-0.661313211937604
-0.472678099301586
-0.506403934066154
-0.664345936306754
-0.527932535229507
-0.490864201300278
-0.681607884620044
-0.536267799384438
-0.572810371465378
-0.496400287575226
-0.57646717110476
-0.530181181760862
-0.626215791400688
-0.614534655333091
-0.565636666882159
-0.624461205951292
-0.69071896445673
-0.58603447420221
-0.544396687073244
-0.603063721888009
-0.749403964866125
-0.473174184285032
-0.460652731488256
-0.449730274267612
-0.457752370929579
-0.433349302334589
-0.588592096329054
-0.539437846783592
-0.575184338381757
-0.730309254408882
-0.30019637851559
-0.45163238631494
-0.597663004294585
-0.454377983584196
-0.462378111754377
-0.529751494373448
-0.504005881743315
-0.458153864037537
-0.42860341656898
-0.548459037647776
-0.515447332023141
-0.432504543220817
-0.623824342421985
-0.500552969428861
-0.496715589614525
-0.387354916392104
-0.455368171148704
-0.502045837221163
-0.443845770834389
-0.638291563442953
-0.351467456400089
-0.530227262111768
-0.431443381261973
-0.417681858495786
-0.620100404719739
-0.521578868238706
-0.484700852285848
-0.387307173730362
-0.437587173978884
-0.522662426397988
-0.467583367461057
-0.42269382367885
-0.314847680946023
-0.541641190920343
-0.428009146344875
-0.59599226831127
-0.508224580472092
-0.516030920742123
-0.356039431206001
-0.299005321177791
-0.426295652241009
-0.427738639124992
-0.414743714795154
-0.378889238850989
-0.349605327404906
-0.435527854534746
-0.300154330015433
-0.572087054069329
-0.365494520024506
-0.507389366733553
-0.577420118659886
-0.426287517329787
-0.354734332181768
-0.566264512098914
-0.40480865026077
-0.471245937042689
-0.329562663315472
-0.283758158390844
-0.326631237378915
-0.416822443729916
-0.38175206996166
-0.312053465533707
-0.3932206236374
-0.385488188030834
-0.46587577393956
-0.435132829703163
-0.377647761094975
-0.397182376673097
-0.423969691857017
-0.232897198046466
-0.279056419848814
-0.351796803627004
-0.431956646966741
-0.434982821037358
-0.497591378178526
-0.222680334285537
-0.457030445088019
-0.339011433815172
-0.373214310989741
-0.329121649825769
-0.374002798210818
-0.369730869470874
-0.36672603090713
-0.304581641882999
-0.342746797373829
-0.415941100420174
-0.352263951795492
-0.415533267395561
-0.426848329188743
-0.308753206363623
-0.371071066102475
-0.195840706996253
-0.16962730811014
-0.349421981910776
-0.320177588609615
-0.251077223759672
-0.302273419098604
-0.249703509189615
-0.271520327345393
-0.362588533453091
-0.265173407677278
-0.26422106991382
-0.335704503631897
-0.298695244514117
-0.263570882992787
-0.459467499640737
-0.454442609421415
-0.302388172172262
-0.249525868414446
-0.382747977117665
-0.323865096360281
-0.371088611173706
-0.355438550784056
-0.386750850095382
-0.341952901641714
-0.203852094621108
-0.292668587137623
-0.355576647801556
-0.249436687000044
-0.257649012754004
-0.212651731572643
-0.312777583543464
-0.183559547941469
-0.155586969935646
-0.184338794058613
-0.174163151843782
-0.297672916913866
-0.202230133274756
-0.280244430448365
-0.409258096361015
-0.214925637987377
-0.145633294762415
-0.14627857350036
-0.361258882920815
-0.388297510003711
-0.283655486123676
-0.389166205184365
-0.295051447800938
-0.297823224422203
-0.269311851074554
-0.345690211708619
-0.205112467081845
-0.231123215423437
-0.198163207611945
-0.23965633151754
-0.244798316268511
-0.227926179954425
-0.239919580991009
-0.183733034445636
-0.178571285200635
-0.265883448447247
-0.290484995223718
-0.163802722249714
-0.202584176232177
-0.170775121851563
-0.310409199629986
-0.231833201572077
-0.175058184782864
-0.149040806100745
-0.252327379901277
-0.115035972368756
-0.150337341721329
-0.200844791160823
-0.278999547760772
-0.150459509363555
-0.165553530691677
-0.282809090916534
-0.147581109019537
-0.0419373078255284
-0.177166712769761
-0.315055410282225
-0.167526938891529
-0.209338063218878
-0.232464718900221
-0.180861529208657
-0.14275931303825
-0.166316446016158
-0.224192921232569
-0.41109663232777
-0.315403366607311
-0.191998881550682
-0.0683380019165363
-0.00286388559090685
-0.0732802088955789
-0.322994458676403
-0.0381333178214631
-0.222418299500826
0.0246450405664183
-0.100165123006403
-0.231637956240419
-0.0910345123451544
-0.296646875299954
-0.103899299059006
-0.141926675319766
-0.0659931407882247
-0.293080618354774
-0.0742710972563624
-0.179461323485189
-0.247283350083548
-0.0132396136617453
-0.243341640478763
-0.06731708300514
-0.123679567482729
-0.130556089900403
-0.0722180685553302
-0.207376790119876
-0.235146902065608
-0.0832466215191166
-0.268313708009619
-0.0927078311791254
0.10629729551084
0.0107999843677022
-0.132371581783626
-0.0814180520185092
-0.0568525372078445
0.0381835444139695
-0.0241476656937447
-0.109025156182884
-0.15854311331824
-0.203608280825788
0.0315620105958945
-0.00295988954930735
0.116705910089982
-0.0668360530252811
-0.100785265745903
-0.0864287591160387
-0.214678081343674
-0.199529346119914
-0.189681321481353
-0.0598126542392386
-0.0690473576834134
0.0407200690782682
0.10251204722459
0.0986099562944216
0.110898226257103
-0.0737322171761934
-0.107365280529425
0.124384364544318
0.0569360812692742
-0.136334460573865
-0.120523023514246
0.017131116150867
0.0559272842697609
0.161278335139348
-0.0443166196719176
0.200142567895826
-0.00738359458136241
0.0522562732181436
0.038419661343568
0.0504208238547445
-0.0525418207820337
0.0613080802078545
-0.00864979609724367
-0.0559628592340829
-0.133940491372879
0.0828382245898324
-0.0182515833276427
-0.061370456688671
0.0604800349376237
-0.122554428034782
-0.00765103143888877
-0.00937941188668548
-0.0767804734193185
-0.0739098138028063
-0.120242645110209
0.0384199503772125
0.0205420156571337
0.0530928520222832
-0.0208882644311493
-0.0761548358768627
0.106294000163885
0.0786813044519127
0.00469350614297622
-0.0843019302823872
-0.0490962976856131
0.0494185997887676
-0.136480112562514
0.0335794781690295
-0.0836471654174141
0.061076588182796
0.117603935422907
0.022757240706764
0.0192745289892769
0.0263049175252028
-0.0611424601922046
0.0772693524518034
0.073796073141155
0.0602150889830326
0.189574628979933
0.132665646029141
0.0697152213402645
0.11957440615518
0.221408615252433
0.112422351919755
0.0497321887396154
0.0765575881949023
-0.0785347471476674
0.0941686356656879
0.081922573323055
0.110779163704689
0.0901190505972493
-0.0229584955872892
0.0770249932175703
0.237431635035856
-0.0410498780180814
-0.0167012537135892
0.0878690513798587
-0.00599577103164824
-0.021607443562375
0.152426824982003
-0.00759777067003828
0.0653581268407011
0.04363887423706
0.0626794954599061
0.0325278281016914
0.153682888180961
0.204713469736998
0.26525162414826
0.0582813071137391
0.173781139223057
0.0255691680412369
0.169280164058509
0.229282232042676
0.166249160276662
-0.00195026368717198
0.297197282727195
0.118859428482364
0.0748727974577001
0.185345854346417
0.0346364555741246
0.205891571513599
0.139457274039237
0.0643037062138191
0.111898410594
0.158014235941816
0.114983106146604
0.18136854228893
0.0718612227084314
0.208571166714982
0.0268066739327363
0.12716232553274
0.0694470852896365
0.128114005685222
0.158656608163728
0.141946894669379
0.159879641281373
0.0413838580284189
0.146452952238108
0.118555485579974
0.182471820860845
0.115676666694098
0.145471112468785
0.204235274214462
0.232601274360536
0.214636859992315
0.253054611358323
0.223026743659884
0.15441516378493
0.340035176491522
0.0774249425720871
0.044909213634438
0.202011344339526
0.199413331269797
0.192688714009093
0.157748709471026
0.230374342093385
0.141076918860429
0.207241788853907
0.192129182984568
0.0853451919195696
0.361747249932072
0.251613115396534
0.274255589781965
0.124055052178439
0.14909966543247
0.23428853892907
0.346728927136762
0.347014566069616
0.341930973920136
0.167076969296968
0.22859902515544
0.275406488590287
0.157087532404077
0.225101391884987
0.296219086963788
0.327824024385413
0.292498959834214
0.272547778665756
0.255908803734179
0.212573971497118
0.217563685470031
0.329761764868655
0.184800160828155
0.16036398228531
0.189661697032231
0.0731443383440792
0.199801132041761
0.223602392475255
0.263444263109114
0.305741087665822
0.339557185222551
0.247611726942449
0.353450315901979
0.307338014506811
0.280401822672894
0.326968207204307
0.0830110669991188
0.247067346496829
0.207061385583813
0.115899242635864
0.371524102042853
0.29507417230046
0.358711362510494
0.291897345674994
0.318129046501878
0.265969527441564
0.342270055256301
0.395508430269097
0.318018961882462
0.278600772961897
0.313358494614758
0.31503673250379
0.339068403029022
0.294433080704591
0.32751824765774
0.292930522234036
0.331103806548544
0.269007450356358
0.323739174086527
0.142611883623915
0.289987101689118
0.40563007404861
0.327155779899353
0.405006000188064
0.310152933129892
0.259239238114069
0.321310498303478
0.299563452569069
0.234682903701749
0.414836906968125
0.24740079713292
0.15208738862972
0.313128605267141
0.369375946450311
0.340524648729995
0.253853403990864
0.361105503510703
0.48672883941406
0.369409924678624
0.150376067170171
0.375536902491647
0.300245834771106
0.48946602889085
0.332081195532422
0.327080847970356
0.34787116564521
0.53226717098701
0.325339766559546
0.40578463066185
0.429323649572351
0.409106416178864
0.393790097222879
0.468950070700322
0.490185454967692
0.412472255415641
0.313298501914013
0.315676955596618
0.458053843520296
0.428749695707037
0.450041643713055
0.477750551028357
0.38782508696476
0.497311892344293
0.409367606262112
0.340846056175802
0.407446486022365
0.347714861744487
0.471717627125029
0.417016666192772
0.348754284404899
0.524063286316237
0.498434683987187
0.355323403279623
0.423794517749948
0.289471163456082
0.537058679885236
0.338909967878451
0.526475176798993
0.411321517247682
0.31959599343204
0.454485745689789
0.531217091450868
0.484129469006873
0.376642050369549
0.468567823548848
0.301020153967498
0.345127904799272
0.487624770599309
0.697455886199499
0.313903506877728
0.517068933019228
0.494290569552345
0.482764230476096
0.685042433479847
0.430620734999419
0.564011851628052
0.610187912122441
0.477371602200608
0.480545463776129
0.484157938100378
0.63732510998957
0.568951378991621
0.506416181118315
0.603403166416445
0.424679092167672
0.612817770990094
0.509205008473736
0.601645589652738
0.513247820235961
0.449413764630588
0.543581231574241
0.443112560781379
0.447639772398853
0.660505090602875
0.479502040853339
0.539216525175588
0.581950071721011
0.551958031425494
0.547170246638916
0.487100566203839
0.69277601969415
0.545569711523282
0.475460229257457
0.676704875661106
0.481477761965069
0.576354046901274
0.596596754601176
0.627624778003595
0.461361861585092
0.588428519974706
0.594802992129069
0.56195772975762
0.525060788919861
0.410105792486788
0.609872254606378
0.595736796204202
0.576255141757815
0.485651778639051
0.718035943831747
0.53714465687347
0.564534682233374
0.603342171280237
0.680889851795512
0.552519051283291
0.524714984453212
0.630541859817083
0.622886387943224
0.656684955067466
0.521450841510525
0.506696986663522
0.775737945432772
0.650491987059808
0.589833991958469
0.651527795085005
0.560344327486954
0.550052307230119
0.540494415297888
0.696281107964947
0.622852275832046
0.528202357958065
0.60715321813424
0.476628818125667
0.41858412963763
0.646321898076332
0.736606579632892
0.650151898738231
0.690654417122716
0.597333531302801
0.78273655702963
0.47997333280085
0.766567759267889
0.589761943050318
0.749789946565759
0.516754932131657
0.551171586826403
0.511801670277787
0.552567808173337
0.731202835980099
0.706692285528842
0.724303898597801
0.509214323315539
0.702201932921083
0.745518978376343
0.635828875442387
0.531000765076704
0.674600021095692
0.776669813232592
0.567411697284372
0.624591660830751
0.648210623768865
0.586376243793885
0.693801703863437
0.770846419394757
0.530420825541246
0.676546486229609
0.690189585610585
0.642032708697177
0.737127530355139
0.782363628009811
0.627215566162689
0.74660377341728
0.643080713990469
0.59791866318771
0.688237391468428
0.841465304091314
0.66320138364877
0.8392830919124
0.742707108038765
0.802961035728163
0.682559025074177
0.648982080263199
0.627436504924344
0.767679647175713
0.648115348260293
0.848556422877374
0.715426413543533
0.699313427008324
0.792038970391875
0.811807807314213
0.860493548692478
0.892222386505537
0.794831583477137
0.730066644272541
0.743425123776155
0.87030468766055
0.856954247069722
0.747453329909735
0.785377949330374
0.760678508205479
0.829444382284928
0.814596740085032
0.822063196949467
0.653300914132755
0.847077307809002
0.83605155024905
0.617977591829733
0.590042732155292
0.802021384539281
0.753094685663966
0.810556945822127
0.726987931569779
0.758573909769435
0.931509939346404
0.690904096835823
0.814667477026026
0.732751868396169
0.859533792051875
0.737549307419496
0.883154481686369
0.985820335480958
0.711703108402485
0.827167187282831
0.756448373628809
0.912975953322365
0.744685722275218
0.83006266324931
0.940047931876676
0.783848325583861
0.938300729611
0.810385493592271
0.803252959751824
0.841827017013209
0.880275446532461
0.753436113836324
0.731957419775295
0.814426275076157
0.855536574507359
0.881249272990066
0.629926100398069
0.729241559886528
0.791011998001637
0.853245876244176
0.825686073104744
0.936237809589188
0.827014503334758
0.723807032384664
0.775477152161662
0.971092719233152
0.901923491988287
0.793095343293415
0.923448085475653
0.826586533490498
0.935544465590704
0.812654227686037
0.907805993271144
0.913276952101255
0.955643215588776
0.801828889046541
0.886109767440179
0.905872096885683
0.851892429028487
0.900276134990163
0.922112318259156
0.88868391128264
0.675495699827858
0.85157942501919
0.775646973217412
0.948296271407566
0.821816122334047
0.815739064937941
0.876172861921595
0.822639608440857
0.907789091568432
0.889929689462099
0.930066155441367
0.899122350861982
0.874948636896109
1.01318147080791
0.852083410061654
1.04091924161612
0.929818590967246
0.836201131098042
0.838692956256743
0.904583291545259
0.999045590993977
1.02247758240546
0.911415194937606
0.745535495998647
0.875480610102424
0.923117887993762
1.010967877125
0.830580371110813
0.886618680092543
0.964973188556997
0.885754636315412
0.902706731464518
0.994036641286912
1.02329411660188
0.993370749150516
0.877894538907831
1.04629878692151
1.10017617364777
0.895197659472697
0.984049032720784
0.964194368807822
1.03390981926382
0.928909431398832
0.972553579983653
1.05354623209418
1.05146314694166
0.902287770291584
0.970155029054884
0.977263662818337
1.01867177000743
0.836454149206663
1.04663876345828
1.07173582029674
0.99431492200481
1.08744954783579
