-1.04549866095726
-0.977742407636843
-0.998332654176825
-0.929290657423989
-0.903750439197661
-1.13321923908372
-1.07031503012687
-1.11440516916678
-1.09054957244985
-1.08096100274568
-0.916638011023519
-1.03985091398392
-0.93080150594701
-0.941781735215812
-1.03770374537539
-0.999845967278066
-1.05208117029137
-0.963007422754472
-0.826183866867788
-1.07235114016696
-0.860911698042094
-0.934550311127789
-0.99591972431248
-0.909552247367213
-0.891075414584766
-0.867667154981383
-0.932220477097243
-0.828737266754213
-0.984222282849048
-0.85525175305206
-0.955515641066895
-0.776560089305053
-0.991441444287209
-0.736353671488486
-1.00745503870149
-1.02364320292852
-0.911808147263811
-0.900389062085972
-0.747514699711426
-0.836314246195793
-0.874802351818541
-1.04708521887966
-1.01767312064277
-0.715557623585362
-0.815541739810506
-1.07272663011702
-0.908986169278636
-0.802078454741984
-0.755750772582906
-0.927229906384515
-0.95397198127114
-0.965985593317855
-0.978808110750389
-0.915456385765101
-0.993447744863241
-0.943212936031177
-0.851842052963471
-1.02366670490002
-0.840413366282622
-0.912192681518537
-0.907414388349191
-0.79044493960764
-0.932935753596748
-0.888940840510082
-0.86172308576858
-0.766639232255129
-0.918615456788294
-0.861105332480798
-0.859394395250363
-0.888186581384929
-0.957486279826694
-0.841481268248904
-0.766739898918486
-0.77527875853478
-0.676103735154127
-0.780115144303178
-0.791976047042126
-0.842334547084582
-1.0107420453766
-0.876761529622462
-0.792249879176038
-0.864725351205006
-0.770733132077518
-0.753073727850125
-0.842818021901354
-0.959382136201826
-0.726011014067091
-1.00244153663396
-0.789968942970301
-0.793102646557547
-0.942623155742182
-0.915267355520779
-0.767046668788982
-0.886719915847791
-0.934886323526643
-0.829311472993594
-0.763995629601572
-0.891724465523795
-0.723131506737376
-0.79089337094191
-0.796347493511562
-0.717675683272254
-0.788419787511351
-0.909179774657924
-0.919853494015659
-0.772008684698765
-0.896189256427786
-0.766842400920353
-0.78041286232208
-0.901002821641983
-0.679513965008287
-0.753224223522042
-0.81165560949817
-0.77326947695436
-0.797718013075217
-0.740998646696455
-0.719490066005846
-0.785607291454263
-0.721577457949757
-0.782958349254913
-0.817801569170517
-0.886518832753806
-0.679289749240729
-0.740956971714991
-0.692976338184805
-0.708447343642145
-0.834910918773306
-0.90223572760075
-0.793911537255512
-0.757484997730737
-0.815644222881978
-0.680532845700714
-0.664046002797798
-0.806091113216371
-0.68918686804126
-0.670298138969906
-0.844567077995339
-0.837092979677715
-0.70712265632134
-0.660063823195669
-0.776742149647265
-0.76653867618247
-0.72986775211267
-0.78497624743077
-0.772840293726328
-0.879844038014516
-0.676221205758421
-0.77512135846082
-0.719652855954454
-0.722381189006818
-0.732585404402366
-0.714243269696043
-0.562049369477672
-0.619637701294617
-0.577051829764098
-0.621063234130461
-0.599239784310437
-0.655434960893489
-0.739721659128881
-0.675248173848836
-0.720551279823106
-0.847009787061552
-0.727301387202119
-0.598239781862394
-0.606955362667225
-0.653059233654611
-0.571403657167991
-0.874172499250484
-0.598324524527426
-0.654544840764859
-0.735969930384562
-0.740868141213661
-0.682152466553593
-0.755158409516415
-0.553523637568711
-0.598944028318071
-0.606129302530369
-0.756822863857586
-0.650230368014107
-0.502160961210786
-0.454068525277265
-0.676846834659272
-0.74187460113584
-0.487303902200972
-0.653701410867822
-0.595707145543723
-0.776193547031374
-0.655040067178721
-0.702283107033558
-0.638801781468426
-0.668830273366316
-0.605630689678009
-0.510654236890913
-0.748922855462252
-0.676705644815927
-0.603000904648562
-0.705949715777198
-0.715413549150741
-0.623371584682673
-0.724912337826988
-0.600582613242278
-0.68435509894356
-0.488456744878494
-0.651770583177815
-0.664809152857388
-0.616881223978087
-0.454589098244166
-0.609278091715026
-0.678926319292775
-0.665970393341707
-0.609091467710234
-0.557985012186644
-0.532344677182961
-0.554928499146382
-0.616265599341213
-0.618183297446646
-0.596452783337546
-0.546424984719717
-0.444038389213228
-0.601470305000161
-0.618635370293041
-0.705461879785513
-0.407323561528496
-0.485851791820303
-0.513422993439128
-0.56051045869951
-0.539554083325868
-0.580271503244507
-0.398007635165236
-0.700394531108975
-0.642982919593215
-0.552682129695106
-0.452267002077516
-0.43101439824072
-0.429345916989173
-0.662228245412738
-0.289420174424091
-0.512668450858507
-0.514957050139644
-0.483511779324082
-0.573594747239484
-0.566158337800473
-0.407417261698758
-0.474671496365177
-0.52310735688461
-0.466984378324476
-0.545144962583124
-0.431741912248026
-0.35633530366041
-0.61027067809741
-0.570411140037433
-0.547708960175029
-0.502087952178992
-0.556211635181824
-0.470025067381884
-0.373055441378207
-0.538814654725725
-0.43989893886473
-0.561828988726116
-0.598227770990277
-0.284241453419053
-0.43055685050147
-0.424844766341346
-0.645989964678372
-0.467720762325231
-0.329749551662917
-0.446386928211962
-0.38418015314458
-0.473199721339342
-0.476946355161098
-0.518417824468725
-0.375674786656114
-0.520022916527611
-0.47747520971993
-0.424199248484909
-0.412060491960313
-0.534003592427603
-0.352478325043777
-0.486459847925767
-0.430625939189584
-0.404073662022063
-0.470601195478802
-0.561422950947138
-0.493077750276669
-0.233796363984689
-0.387709082544911
-0.403159323100874
-0.359038791733523
-0.512450289511766
-0.305794994655628
-0.563808771794785
-0.380927379215163
-0.396303589172136
-0.177122872519123
-0.428419480512895
-0.40781182648849
-0.389889173054514
-0.513230606058293
-0.443995547761144
-0.484381612942869
-0.335912011165725
-0.51012871644681
-0.511986911394105
-0.375114566728451
-0.480102414482137
-0.341759756441148
-0.431217942605773
-0.324032292968744
-0.498095834699907
-0.370024207967959
-0.492070116733028
-0.334141606350096
-0.382075581816178
-0.248424411497903
-0.433366529890379
-0.252695817386087
-0.54766469789604
-0.177782090743531
-0.288909996527467
-0.322504117724699
-0.373734657862946
-0.296738137108092
-0.299190622842038
-0.501115174996622
-0.275866610887917
-0.361285558149593
-0.297645845542169
-0.485444149981933
-0.237845240611821
-0.495507235798435
-0.337567880808745
-0.391885855996293
-0.333132263372954
-0.51489587666707
-0.221840091080341
-0.295085276650983
-0.200064723250568
-0.348902218404253
-0.239531035189092
-0.342846795412438
-0.28498681904371
-0.239649892037662
-0.325655732090894
-0.36405728621613
-0.230104631129941
-0.152585032841267
-0.342669575605165
-0.362363609676583
-0.355824454507174
-0.324097884607505
-0.196995642551312
-0.207002007850101
-0.234513137602638
-0.329755710480505
-0.151457000403346
-0.310704999058242
-0.245551715190179
-0.267240604726174
-0.29816453343364
-0.277455016960375
-0.219924125619917
-0.367741309580829
-0.227486562171597
-0.378846092353401
-0.308076643879702
-0.246870051390691
-0.320316856279747
-0.170163384795445
-0.313026410848409
-0.318007915467243
-0.1874421396922
-0.145746949207104
-0.358836326449831
-0.227611550309891
-0.253730261478876
-0.231012819813307
-0.281406456391387
-0.259075028157895
-0.310714009770136
-0.265919705146534
-0.146340262034378
-0.197275511384705
-0.38806717638084
-0.18640049177251
-0.213748056735177
-0.14844763455538
-0.168153313724676
-0.295430596201145
-0.160728032674342
-0.320671226292218
-0.18014942608131
-0.22929014789514
-0.331925844770596
-0.263388256798304
-0.263968662170348
-0.128020077769328
-0.257202836529204
-0.272086557437375
-0.309962348371568
-0.124371853336172
-0.087511746206662
-0.0231711650906041
-0.220908319130466
-0.14936676679572
-0.324312331527631
-0.310239222172111
-0.171029278249699
-0.106588606991092
-0.0765481436228929
-0.238028910402369
-0.18863941239721
-0.0785701056442146
-0.137215753930743
-0.287569735276138
-0.14117255424463
-0.224087537807933
-0.137523056089338
-0.00427865671658913
-0.097498073706364
-0.142184064425767
-0.102372996397446
-0.131471628469744
-0.0807426153715793
-0.133732293317314
-0.120491054526187
-0.163872970819658
-0.0357460462804948
-0.0996314135414103
-0.105427517398745
-0.273382255439813
-0.0411840068692688
-0.171774700603612
-0.15944379710418
-0.168486493494475
-0.102525668674187
-0.169570712768662
-0.313542396773679
-0.0875623242949246
-0.0294417390959736
-0.212977521987148
-0.220125591639032
-0.203243519696064
-0.0789661474757728
-0.0372662836837615
-0.236813379372425
0.0320128058618455
-0.0378381863718062
0.0131687703945333
-0.266293291448303
-0.092709915422621
-0.209194728222671
-0.101757821275138
-0.234744635576696
-0.118453791458673
-0.00611259219797517
-0.122552541707003
-0.22246706050632
-0.0852920031978863
-0.00743397476268461
-0.0357595358015196
-0.130745388275913
-0.162137357091246
-0.00825607698880989
-0.153026479635932
-0.133277046731382
-0.129312230798322
0.0498008241219296
-0.0992014971556556
-0.0729412060360127
-0.108471014368931
-0.0571827258983974
-0.204672747147191
0.0465238803703162
-0.0275883715157647
0.0235410500921433
-0.0916810950065296
-0.170700779352853
-0.000850634560400725
0.0356521836820217
-0.0534964800918469
-0.160396554252355
0.185211119704565
-0.0784994817173855
0.00379142150830401
-0.158264770885038
-0.0698355891599414
0.0696151270013746
0.0385910047811445
-0.0641426437582625
-0.050249096279727
-0.000789198912354904
0.0538718759688765
0.0641778678897121
0.0232449844081434
-0.108433469726164
-0.00525599126052703
-0.0180061826187006
0.0750052809204313
-0.0627666097336994
0.0159062925958344
0.038492389351687
-0.070229929147789
0.0923950399142007
-0.0475845419861857
0.142377475417142
0.106908294526042
-0.0275905470945432
0.0355932626197902
0.108166440252982
0.0660905371703052
0.00975226849442397
0.0241881739174544
0.0429436022735936
0.116581516836483
-0.0985389946771642
-0.0285651834501289
0.0654323600018935
0.111996218460428
-0.0119169044508475
0.0715113150117786
0.0475162578912957
0.119645242553133
-0.0637131087854442
0.0681754877849516
-0.0141582000730632
0.13293105189487
0.159688104900345
0.0574304246071748
0.0530953640676287
-0.0984502721119993
0.1434229240599
0.0302515988906324
0.147360465758963
0.113866951636923
0.106386832608535
0.0633975066004135
-0.018775693861402
0.169943550186425
0.178350765179612
0.122305737195504
0.124667795300248
0.0753317696707785
0.251628552602875
0.0205069876203772
0.165988587004291
0.182993745385273
0.113314186684791
0.233196381962586
0.0566798912057047
0.24296555844126
0.114307493045287
-0.002096014429339
0.215791514753996
0.110169889169255
0.144223293961135
0.323232645117607
0.0508132145740411
0.123111400598653
0.269884865688086
0.0268869191929019
-0.0116272816799069
0.115069657227409
-0.0106230561612626
0.207357312824301
0.232584670482498
0.14603876990454
0.0399478747836564
0.257643087456915
0.170377738514552
0.118042503340398
0.173122758850405
0.204580858460656
-0.0518128513668937
0.170704851039747
-0.104649852228603
0.0705744824432454
0.189289283193347
0.220217681924836
0.259390784020837
0.308113106111869
0.170248170030925
0.341694004276352
0.209360282992662
0.193489048182793
0.170042719934098
0.192579411159474
0.114648842298407
0.122873835072111
0.173667024133661
0.170872113690049
0.195854856317446
0.273109938014238
0.180151308980686
0.215177681726601
0.245546428285699
0.122518563187125
0.266588628317778
0.251083976185458
0.286721861027819
0.275778343476252
0.163715878906957
0.366695256371886
0.169373554903454
0.368478016876193
0.322006421580136
0.0855659763040891
0.202449682033672
0.415808626400616
0.21351852937007
0.372266746633817
0.110264827958775
0.171856977068029
0.363823379762466
0.211363748244737
0.216525631552573
0.324437491567036
0.225442176163406
0.24499553113912
0.324033636727412
0.21317255521377
0.206894868286558
0.281380283892018
0.380738426020387
0.32991312545815
0.203029821965641
0.186861747727814
0.26384864551972
0.271942150661683
0.33420799998794
0.235336181290517
0.31483777067634
0.225676312940747
0.206900121499356
0.18942369705284
0.310120952863566
0.328954087645184
0.326078328275521
0.25574750644687
0.133174842840466
0.305987538315478
0.380301488620296
0.232717990944404
0.436664906269839
0.299438048219891
0.376993723559518
0.254736514245881
0.305538566233168
0.296363789192572
0.289248527734715
0.326014282015801
0.145203401108357
0.225938595750054
0.538812355862589
0.366917402178352
0.303698215400394
0.413462960795607
0.285616368722788
0.366514824661159
0.185901287172205
0.273452114059739
0.447372992560597
0.33071158223395
0.186113701494248
0.372879257081155
0.199793936138384
0.306040858577421
0.329685754107421
0.328807106868851
0.329111405834394
0.308818434626979
0.260436151336775
0.277270784178331
0.292176782136737
0.320965076419046
0.379772513340857
0.329151295398939
0.353298257023929
0.199203249698792
0.354541246887943
0.319678520152134
0.428875337925803
0.342016328694161
0.296595533281957
0.391151898752488
0.335535355967711
0.296259213797142
0.3784532679322
0.467806450806309
0.441698587940038
0.523796497653968
0.346230464971218
0.291570010959923
0.615673200257832
0.343199667182509
0.315973438415342
0.510466809140188
0.425799507602359
0.347683463175218
0.331801349269265
0.384022796010491
0.455472076408293
0.392226907537638
0.404216222797811
0.321166326438064
0.214296268355046
0.397262659642928
0.398609139901584
0.348232403819097
0.555234412020077
0.385299763636399
0.471109574418097
0.473150842154136
0.440779121378291
0.483933658229667
0.38862549609442
0.469871235509487
0.344608632105877
0.364134846545895
0.375061563377856
0.39230176621866
0.342084628896774
0.462582947889166
0.444773307954667
0.471367218732294
0.458228838031947
0.347890933609697
0.242539393544189
0.58329281929306
0.456867937988271
0.55702445403928
0.486651096140738
0.483451162807229
0.475637875089914
0.423872625704701
0.46555530462253
0.466761208841512
0.392677347675721
0.430676421453465
0.494147381332922
0.429194102635473
0.469202900271423
0.47929673813407
0.496648094852443
0.589844888764088
0.497391034689473
0.485699197974121
0.547257476972488
0.4656305602925
0.617080872079803
0.343708876099867
0.409415977813935
0.660746771028452
0.551556366948161
0.494509596735347
0.437060557743622
0.594002200517729
0.503516781013055
0.465174777669009
0.468636684569191
0.532055538239649
0.598640828641743
0.529195387166885
0.42574222866332
0.549727270531219
0.497153309407466
0.462312314971093
0.770325596801793
0.440081653323345
0.589488803965012
0.582294405360768
0.545645440287552
0.589782079144928
0.613129538343735
0.652243992965414
0.599119038036369
0.703459617101102
0.550510567091188
0.580679644202098
0.583974233247526
0.466434195731172
0.513401479595488
0.589031187674799
0.696663567695578
0.51262841485401
0.614896704351817
0.611697270474436
0.467625132384727
0.556058929125707
0.510023908553003
0.630363689305983
0.64770585688424
0.548236966211382
0.460968970622305
0.674680481631225
0.664397864481555
0.593838254089164
0.691393140563212
0.762561872401745
0.603531510808122
0.602949212713538
0.689402715040599
0.684012827036417
0.626311988462262
0.591379451439068
0.620510572584862
0.533945233884682
0.569115796481857
0.653844908261619
0.593362533689711
0.629246675154304
0.550649577115231
0.541496778450956
0.723522953963521
0.571818745041134
0.546963503054399
0.78234274060944
0.428851013569407
0.571669066516932
0.629437649445172
0.717000563904149
0.604719538035817
0.658019595007832
0.670466504142407
0.58097392346486
0.714887641312169
0.611956090947839
0.76854190707408
0.627678060932047
0.567015378042879
0.732487340995104
0.715030583269872
0.620173600447858
0.765181861862887
0.743622468827971
0.509802740577354
0.810335159428899
0.639779130626875
0.756474766826694
0.767106592406131
0.601209200194683
0.785348506162722
0.772928456492325
0.661416082346705
0.780625336196199
0.664067028943153
0.516617444658096
0.688457869273521
0.609465536011725
0.793357412839355
0.740402921528178
0.598792058044823
0.621481192722875
0.640648955018267
0.829799496008751
0.793216704102873
0.713842061717637
0.606123930662839
0.666158063453276
0.582023578227198
0.689314172315918
0.627918714052471
0.586336830776189
0.749042868807614
0.75027572614431
0.74604044997693
0.62259515046136
0.561915150717679
0.87629693514599
0.684660110763339
0.760772635132916
0.719151729350007
0.718509671904029
0.762251834578276
0.599202890878964
0.732249344115597
0.899265353795781
0.860704347751582
0.705796169729527
0.895303185196783
0.809969226515949
0.68455600774903
0.761185859252754
0.827299124369528
0.805840286421821
0.827011535988053
0.685685387454915
0.707749396298281
0.760166441587192
0.66795779727949
0.900495997413014
0.824245898127918
0.603652425077453
0.678170194853579
0.74278708287513
0.880556290228743
0.735553166530404
0.829678089491624
0.855364309059498
0.779602721303811
0.618786914687049
0.869907727777859
0.802037559495674
0.732430970712507
0.809909141992287
0.752299768087491
0.932151167901726
0.772689193152908
0.914714157556334
0.751883963014101
0.669922532621385
0.772496373003961
0.784408059639265
0.782314332912129
0.801961680968708
0.745673320987621
0.771126635940873
0.91053441353687
0.904750351962675
0.916083213475588
0.785105775793293
0.919972299099759
0.893387684600916
0.869551725957679
0.951097618432392
0.765659305691965
0.977693319792188
0.893430629113765
0.776489401623331
0.854526272367908
0.808906777920532
0.796863073617807
0.865457748155391
0.926074831364859
0.874793290331295
0.881237323607285
0.952358647148878
0.778684968350716
0.852282117255646
0.78907654728669
1.06382603773424
0.809091965528751
0.824659166173041
0.91641777258454
1.04763966892023
0.800516064893777
0.901406026662296
0.732391141033158
0.970219002232342
0.880338898066736
0.982259619791219
0.849219828758634
0.833041650870623
1.03989751736139
0.924587411845684
0.955167265944976
0.677481587451227
0.922826992924898
0.916884086300958
0.917491895628097
1.0856814134276
1.06258231582644
0.813610619258705
0.928770403134276
0.930129038713034
0.936657906156392
1.05397494354071
0.998594164829401
1.07666632812527
0.973442770996392
0.941012545183788
0.825224142151167
1.01841341866988
0.927656227256439
0.909804673334351
0.984531819811633
0.968710824966078
0.848769398883632
0.961783226880711
0.870578988230475
0.837760306679015
1.12466728509793
0.846386726243868
0.877351727833841
1.01137489566296
0.957803122361524
0.833278936965002
0.890584427991183
0.988166578727045
0.975161639746634
0.843595004017668
0.956606080191128
0.853982598862944
0.919963787025365
1.01469650338273
0.91373082404891
0.892420301362876
0.943636597906434
0.934306112915076
0.991006226653361
1.04434788440377
