-1.06780295682742
-0.979642163668124
-0.985699813280564
-0.921892542985899
-0.908555338700185
-1.10261259024111
-1.07136642762628
-1.10284891170109
-1.0906068239831
-1.11115241840648
-0.935910514517963
-1.03031072426589
-0.956128291245233
-0.942139199056866
-1.04710087306604
-0.999198976925331
-1.06153379967221
-0.968346651792965
-0.823162545803625
-1.07014882662159
-0.867041700541657
-0.939496939789755
-0.996499249245756
-0.915551425256531
-0.893671627994904
-0.899104541950477
-0.92204296889919
-0.844231682301624
-0.990482890652882
-0.854013446231477
-0.964177640619384
-0.769340377251187
-1.00133459634896
-0.742672805381151
-0.987195036714948
-1.02964085873595
-0.899534790396125
-0.896086384054349
-0.74980755458356
-0.841795050897077
-0.862170340849592
-1.05046367976683
-1.01799659997566
-0.734122439761923
-0.811287363126096
-1.07071968734971
-0.886015358931756
-0.763512957865745
-0.750659462600382
-0.920684639685944
-0.974956670185345
-0.959764217740261
-0.974235407551467
-0.933414673280882
-0.994531306050085
-0.948816420618922
-0.852068242923156
-1.04409002857422
-0.849186979765748
-0.886353764888377
-0.898898953875623
-0.788504370569961
-0.955426291988432
-0.869573603805431
-0.878574891437388
-0.766153913426502
-0.916154998613876
-0.873382448125455
-0.852351236039779
-0.893068179101416
-0.961482692159713
-0.831282287987489
-0.780057136107981
-0.766567427018881
-0.672108506102569
-0.797556614351143
-0.811859184857941
-0.840046896953359
-1.01236606387792
-0.872822030231238
-0.808927322850541
-0.873674637188245
-0.725176710971076
-0.772579869940854
-0.875238887081725
-0.952285747635733
-0.722955250592107
-0.993883450333196
-0.788606693876754
-0.795271692968047
-0.932665727102956
-0.916110142960003
-0.781835618240431
-0.882874729883264
-0.937798574163332
-0.836294423310955
-0.75742479567629
-0.885727687235755
-0.682470000855335
-0.787849145556229
-0.784315905534538
-0.700422269452181
-0.822703595412852
-0.892856687988249
-0.912659563333524
-0.758454753056238
-0.889481427743514
-0.764372490113247
-0.784334404323246
-0.917292182117628
-0.683405295615885
-0.737765071982574
-0.799869661862911
-0.774304611562103
-0.774175353244552
-0.736017727435657
-0.718838289047843
-0.794003994514625
-0.695284694582863
-0.818230299147028
-0.833729077318718
-0.865865959216419
-0.664607844183563
-0.74627432349368
-0.688323577243576
-0.673446897775381
-0.818241310173046
-0.883179268433613
-0.766077521944511
-0.735096620273073
-0.835026933508792
-0.684246712952552
-0.669824124661896
-0.785735183901773
-0.71119162040416
-0.685791365054372
-0.84651205422869
-0.822375925080521
-0.704764026204662
-0.677779963478704
-0.77903388710483
-0.76744239920205
-0.742620604276974
-0.77322461284307
-0.741488540971014
-0.874070623204362
-0.683467573292176
-0.751273556945101
-0.716634830576473
-0.713020707918502
-0.744913144652682
-0.713420467442393
-0.559293463175275
-0.633506135795387
-0.572896700408385
-0.614669790289266
-0.604876635511292
-0.670320990434514
-0.746353874134188
-0.670861925087045
-0.726156710326387
-0.848143047404006
-0.74552384704429
-0.59927032578967
-0.615655374522686
-0.656770954695651
-0.563371817251943
-0.852474683022403
-0.603821574054197
-0.65164731357021
-0.724487612907744
-0.733797475736229
-0.678513005913815
-0.761265375484859
-0.559424108723001
-0.601841075510066
-0.587120653532473
-0.763983366716497
-0.647884637679235
-0.492169397447529
-0.459955602015733
-0.690493105516126
-0.74948335476671
-0.506418065581915
-0.64531298921546
-0.591186307972416
-0.764253169281031
-0.669021376578213
-0.712084977807928
-0.629294823118343
-0.640767611099887
-0.605319277907089
-0.493396456410245
-0.756083546938441
-0.66913838465445
-0.595757566351419
-0.71199214794633
-0.707637360486052
-0.605372583708838
-0.715396532096896
-0.62343604791772
-0.671392946267914
-0.511236575825386
-0.657628749641168
-0.656321038295264
-0.611094010779714
-0.460156429109888
-0.617115966590967
-0.696090600586246
-0.664698410039595
-0.643158096001066
-0.547922698194413
-0.538432042338428
-0.544164796762444
-0.643212036186556
-0.644237313656163
-0.598941774948089
-0.53924531214186
-0.465532110192245
-0.595079619538742
-0.604000901779366
-0.695691541812475
-0.385681142704423
-0.481267528130897
-0.513242722235661
-0.556402758793141
-0.554053031108062
-0.5600600846963
-0.397732356687425
-0.692054802971562
-0.63203171558218
-0.557929212332895
-0.46822887068636
-0.422324209534301
-0.433139809007418
-0.678974080782888
-0.295897844369775
-0.518269435185993
-0.507866223120284
-0.477492426686177
-0.564219683369098
-0.558615797128166
-0.409843881462671
-0.472494508808931
-0.509612867555235
-0.46698225439491
-0.525613676342742
-0.441787043357192
-0.366854640992554
-0.611974952375386
-0.569759996335934
-0.569134544975714
-0.516888531020751
-0.55216962825836
-0.47720937679758
-0.362927070389492
-0.526950958216072
-0.45339193445481
-0.574965221067236
-0.588667872148802
-0.281768070992281
-0.429096622041701
-0.416076065619907
-0.647861379317616
-0.436843645487117
-0.333608198332993
-0.436520159723068
-0.393011974136574
-0.479138353269748
-0.478777033037406
-0.524930719666825
-0.398122635300384
-0.488194194923199
-0.480277073507211
-0.42988550845176
-0.4080244709972
-0.516307180168406
-0.37276124282854
-0.484136258766485
-0.458339934569707
-0.406469429547262
-0.466336566143525
-0.570279135029468
-0.475417927313976
-0.234045671717015
-0.359027809784051
-0.40067271835431
-0.374262415996884
-0.546905142505424
-0.328177785747015
-0.548064526658484
-0.371129392813936
-0.411401592057213
-0.168166507615712
-0.414281044975654
-0.396363406298332
-0.383283392373105
-0.504507453363636
-0.4222638806355
-0.475743544645362
-0.327836698466543
-0.505940072502123
-0.519942909432994
-0.373526177265249
-0.475078458212801
-0.35264284632253
-0.432666999445707
-0.329673706225106
-0.498417220190267
-0.391752155710726
-0.494746468047696
-0.357858957411043
-0.381275035470783
-0.242734849003131
-0.423735483380941
-0.203904673369958
-0.547689806771636
-0.168057086304575
-0.287331614315897
-0.330751918779109
-0.354371580530899
-0.296515757129523
-0.27437146395203
-0.497593931639592
-0.27576240381038
-0.361745857372509
-0.292762236818149
-0.467610118760107
-0.228013238002213
-0.487705698862395
-0.338292979680031
-0.406443502123292
-0.327486790618194
-0.523154995961537
-0.250554695885482
-0.301220923937246
-0.175003950829073
-0.359632724685408
-0.244572192041254
-0.322382094549896
-0.279852739114511
-0.221117562992565
-0.31893069642854
-0.368659358481698
-0.220088128505411
-0.168156646940702
-0.326959877673121
-0.349811829066943
-0.371645500380082
-0.321254363069782
-0.203972723474263
-0.206982109993245
-0.239546087149507
-0.322987253073428
-0.150819788568147
-0.309700110788744
-0.252277565062696
-0.278110294512861
-0.280270635257657
-0.270623477282208
-0.232711041580356
-0.37042463267605
-0.225116891760797
-0.398398549591194
-0.29471207944039
-0.256708372288204
-0.330290466826239
-0.173526038043571
-0.305313793900934
-0.292376806304338
-0.170981676753984
-0.141102504756346
-0.383455336985314
-0.227451619846108
-0.276805996995028
-0.238294305864327
-0.278898876898565
-0.264771633510857
-0.310452908387535
-0.273487133251131
-0.147818387396893
-0.19630849220539
-0.388255135895668
-0.166665850685114
-0.21413436641898
-0.144100856643251
-0.167547189645771
-0.301061661584706
-0.168060521472443
-0.314085976651907
-0.201968401307387
-0.189434228519891
-0.327126549755686
-0.258107465127678
-0.236690360407555
-0.109935349135062
-0.283024326154637
-0.253365554837289
-0.318567579781415
-0.138963686221573
-0.0937086212375234
-0.0243601518242787
-0.180982173859941
-0.14409881712296
-0.298940679309578
-0.3108868388747
-0.161996790833527
-0.135777203067193
-0.0814228914244531
-0.230439046044005
-0.199324821217448
-0.0779107131916718
-0.152025275949054
-0.275038877927599
-0.141655941829443
-0.222781387493542
-0.120402693181661
0.0215013890232061
-0.09983319318447
-0.148355142665445
-0.102254809712791
-0.116818095870217
-0.0828384731207701
-0.136417598005324
-0.118910005469179
-0.178002340629648
-0.0314626227419832
-0.128992866687369
-0.096188490206562
-0.248785948182507
-0.0306237200068754
-0.162914162293583
-0.151244262666623
-0.186819220280273
-0.0859319115332448
-0.171194171754719
-0.297652459600072
-0.0845641542357215
-0.0317768737810581
-0.20837999799528
-0.212293868780078
-0.192321874077535
-0.0965042299267461
-0.0577814529274198
-0.246772780065258
0.0279948092039949
-0.0546613658137464
-0.00741740482199594
-0.248135692446141
-0.10217794301167
-0.212527960097349
-0.103317186565931
-0.219924909352738
-0.120037649350128
-0.00231454205475226
-0.128526376696308
-0.246592371883375
-0.0710608378682697
-0.0143496263608922
-0.0174710531755101
-0.122045394690889
-0.165387161892686
-0.0095796245350954
-0.153301958101485
-0.116757214410118
-0.130256272526496
0.0423748985867122
-0.0748967670981017
-0.0917654329996521
-0.132528852388916
-0.0496706047153214
-0.202920781215395
0.0332656929329782
-0.0158582511729568
0.0387446619010156
-0.0833829378816023
-0.169096873068024
-0.0148968967772977
0.013650704052985
-0.0552880337255551
-0.156880139527859
0.187930540773661
-0.0984461168711988
-0.0172007852815983
-0.161149234281303
-0.0559986660302295
0.0803381179627692
0.0519828440616636
-0.0445082224184246
-0.082780629673738
0.0227828165215328
0.0255587077979981
0.0446092203109163
0.0512251569041117
-0.113768645840292
-0.0140883805810243
-0.0066058511471802
0.0796332878053536
-0.0511787593285305
0.0322117552729456
0.0345260801570548
-0.0956858372812724
0.10317816895114
-0.0351201491008377
0.144689709259213
0.118826269821988
-0.0153323993634402
0.0602521001365077
0.107546173639664
0.0399078866215662
-0.0241019172277149
0.0113048839776617
0.0532440540646478
0.119351112432695
-0.0991920851313156
-0.0225974398261554
0.0692303604986627
0.0960383834514953
0.000244983171419912
0.0664187305687546
0.0634733621097346
0.119640248324131
-0.0591049117465143
0.0860663031531888
0.0166921743272347
0.154421370214143
0.146020733483726
0.0599293997383852
0.0723051656846019
-0.0932520423859804
0.146976751808406
0.0396610707996651
0.153233637611721
0.116497972391725
0.0952709667530677
0.0510922697201593
-0.0184909920540609
0.151655643466616
0.179968801262261
0.13946921774385
0.0899684154571158
0.0616328206846568
0.236392910866108
-0.00497458593653431
0.170712730569676
0.174138690539859
0.128197273882075
0.246273148588096
0.061840193507508
0.250430741210701
0.121754164927762
0.0202067794237915
0.211525818316146
0.0960806025487749
0.132341450915536
0.348555041823467
0.053522973134099
0.120978656392732
0.291053760135726
0.0145697931094212
-0.0100358490967171
0.108719902464497
-0.0167608294621723
0.234724153625242
0.20885784431546
0.129322931652122
0.0625504410073576
0.246208229344051
0.146560133615147
0.116348478998853
0.194836859711434
0.201977627110353
-0.0571347853564658
0.174087454261092
-0.12020163845207
0.0802085594125486
0.20317343400689
0.213645739699159
0.248301701071513
0.331059100783812
0.171404565468106
0.333885170906008
0.224743856433643
0.180266142789713
0.18692384546728
0.19334066566109
0.155781926896342
0.126130756620564
0.155866143318107
0.195601155023092
0.208969489720944
0.268332198787179
0.185075184045775
0.193604811140239
0.257507484162411
0.102523761111687
0.277225196473039
0.243367875538979
0.287018724673122
0.266556585449482
0.15985799739084
0.372058334521138
0.160901216774807
0.379583763009816
0.319755611960417
0.0875350796971023
0.2056984819039
0.414414737946746
0.208517655712121
0.372498375119724
0.0887911333281627
0.175718684576684
0.35763238997759
0.222745474538306
0.201781350444884
0.315998929982661
0.213146440293055
0.233219716072478
0.317639969393945
0.212516616949834
0.198076348341739
0.292800952512063
0.373455220234741
0.333087128467024
0.210426963445809
0.209125468178248
0.262922993871822
0.277679794099362
0.320387372288731
0.248720735616047
0.322001249425298
0.197518970197207
0.210565524818158
0.186957289517824
0.303472665091758
0.317020593436354
0.346740577438083
0.233564849075924
0.139288051570024
0.274819130888186
0.3654933589111
0.22508354371409
0.440566880962945
0.284068491439503
0.361058915398919
0.264071864788757
0.28848485887684
0.293543928922527
0.280140408707872
0.322840619896565
0.158337296469125
0.205203763183373
0.526942506944511
0.38004771924762
0.294661240624092
0.40927226157474
0.26472026839399
0.385484206282691
0.181528071662862
0.262281709954616
0.442334307374019
0.342404223729985
0.181061093603068
0.375893543898923
0.214605826489621
0.291887751811016
0.335321224727307
0.32750738358323
0.294675267723542
0.3019913541557
0.289743623954009
0.254590006563095
0.28117561172002
0.29512128678242
0.38944607923575
0.344702770988354
0.344654490783523
0.190273652835007
0.360707416663175
0.307537729089906
0.447536972643248
0.353168087943747
0.29655843594632
0.364821036983111
0.330798400537759
0.282760979022428
0.39820476637037
0.436261172106719
0.42703580766653
0.5236137312657
0.338107646257998
0.300852456117094
0.613975040635649
0.333861408421467
0.339912197353826
0.510353262661336
0.42121416148508
0.336422992111344
0.368025830966268
0.400114388134263
0.467463034692
0.388589424434477
0.399861145339059
0.328152148832496
0.209293608408985
0.393370729536318
0.423195761127708
0.345550189942483
0.571900114644002
0.405785117866334
0.447166525577621
0.465553729824418
0.42923501009992
0.484093664461387
0.378667325884168
0.445526928244577
0.362857777770966
0.366565978497529
0.368912755479884
0.403305596434912
0.345899419521755
0.456127928735313
0.460084728063697
0.47507839711094
0.437581112483697
0.348049566754147
0.228840141391731
0.58322305147662
0.442790546699002
0.581290623972628
0.461355099899164
0.496582104937402
0.46917700506139
0.429323824990516
0.480882754756307
0.470576094313831
0.385772609970633
0.435819171542538
0.480593962161483
0.418692656413831
0.484342432908199
0.465728664123813
0.486293974317892
0.555431015805585
0.501551911341535
0.492882728629004
0.559281293429439
0.48991276854918
0.601108186272945
0.328176471256169
0.425423779858082
0.662780749855784
0.564093398172123
0.49435538646783
0.442177062243988
0.582949540015746
0.514466591435793
0.464067106570703
0.486380788313873
0.557878139117659
0.617106320452977
0.522537651024822
0.421309596214553
0.541181282165553
0.497491034911418
0.494940017176423
0.758497269095851
0.429656060151933
0.607910869130327
0.59817824542194
0.542219644576126
0.58706573755864
0.608417860443759
0.623369119466051
0.610940107739922
0.715243651550317
0.547920876084642
0.587357985778557
0.602216441957601
0.45075513191947
0.518932892319075
0.584977549126988
0.705128174768091
0.524815209238852
0.612022716490425
0.60880803571854
0.473937008856131
0.550098199067198
0.55186099885309
0.615727488340468
0.639924043401259
0.538727983011929
0.469636703469049
0.656125159760437
0.66650442206134
0.595254813836596
0.67960873590427
0.73895897939068
0.630921048428161
0.595551235658706
0.681860846884489
0.709721364104052
0.621424984080195
0.597956411500822
0.623712413045451
0.55965105565817
0.568578624567145
0.646440403270718
0.579954943690831
0.620455095487601
0.550596688814131
0.519713964170093
0.701074037752997
0.576410666220018
0.583607511545705
0.781409376835923
0.419576987573371
0.587454337633537
0.643105893016584
0.696863830318739
0.598909705515514
0.64757114917105
0.66383362068878
0.581014647514756
0.723863782506995
0.631379218872195
0.766710991751888
0.639585704522825
0.591249528669711
0.745915279230886
0.711509213053152
0.63863853495477
0.727570086518649
0.734679168735609
0.510077109854355
0.838976144602783
0.637177834872372
0.753626561414186
0.774122082578707
0.597297142738885
0.793879015163394
0.780704645629364
0.646141647765554
0.784435209737697
0.658988987935898
0.524263145517795
0.670684643546752
0.616779682551029
0.796474458219235
0.734283090286541
0.588800773335282
0.632965166156167
0.626046007042368
0.824395756583794
0.813159210907023
0.736198025533607
0.605178428953771
0.679389554449973
0.578161582637954
0.660208060892058
0.654756711924383
0.59739969332329
0.749169888726395
0.751500104600766
0.747663698191618
0.622879303137029
0.547627089539436
0.879228398115609
0.702730677438254
0.758025030673861
0.723348654982431
0.705552018531705
0.758823890618122
0.578768550961219
0.711291561224934
0.904341190589411
0.865159453888866
0.71327143341773
0.895962339622699
0.822358659808774
0.68575595942004
0.746150990094504
0.836833888515193
0.808574262127576
0.814556220409893
0.68673615038321
0.717988869568948
0.777944055316121
0.677875071496871
0.895490672555433
0.824140921178797
0.619507593599926
0.680364798017645
0.760015504151062
0.871870784373861
0.756601808071345
0.819856811794671
0.843536123470254
0.784841846304581
0.58678690592997
0.895718565660915
0.803346490921622
0.713686605207191
0.80270584414442
0.732368997644643
0.938243842696712
0.773853384799387
0.899204300243058
0.766777547399592
0.664203759074399
0.768756954796728
0.784509907075193
0.790598523782198
0.805005874871638
0.743990196455856
0.765272196789904
0.925875203028716
0.906871888304966
0.93388457237879
0.795724328745018
0.921436799052609
0.892091480110001
0.872846529307599
0.956364835673783
0.753986451991208
0.951727018138444
0.889300346845514
0.746153697544505
0.865800949424867
0.801129849271817
0.802699706820208
0.857176305489208
0.9419217157907
0.892212134980053
0.89132604178154
0.965904431269057
0.79344650668726
0.861623691190666
0.790905129871499
1.05601096371572
0.799357184242219
0.811222639327317
0.928491697273384
1.05641648498513
0.784286186834059
0.920252988714356
0.713823853748598
0.967407839536544
0.87084173601285
0.972224562354737
0.853678461426272
0.821666829761599
1.04640106326015
0.900043337339788
0.929935450447281
0.67791684111971
0.923684562232214
0.906629644292726
0.905594418811757
1.07524708192041
1.05908751021235
0.801178244328925
0.914353447228851
0.922371737634206
0.95643554905442
1.05262860760227
1.00212272577804
1.05965771993255
0.970310952152012
0.953181575043846
0.830386349609825
1.00479281160048
0.938528459673995
0.921232200586189
0.990397111439127
0.957900086615417
0.842876420971927
0.970329576855352
0.88735727886605
0.838014100789564
1.12842818440042
0.820108204605462
0.854345306579143
1.02642854941594
0.959142811881623
0.845407211693293
0.890085902779729
1.01198442144921
0.986097424162134
0.863936433115934
0.969128260802796
0.89681421485947
0.930894838543151
1.01387502504221
0.935327527421548
0.883144814662497
0.961742552966907
0.961501169974558
0.992830831373393
1.03867143752757
