-1.05903134903029
-1.00211136050565
-1.00151012111704
-0.919219748554129
-0.925021079805181
-1.10409574456345
-1.09287268356406
-1.11860574604705
-1.11727508220365
-1.09560671023824
-0.927742873914875
-1.04168626413269
-0.960935596698381
-0.957819231737649
-1.03156121384083
-1.0087457847919
-1.05559803273856
-0.958912114392973
-0.834445822337852
-1.07098358944322
-0.873376100826641
-0.959718857899302
-0.996140496812173
-0.913624349744452
-0.906386783000765
-0.884419338823341
-0.932369233226793
-0.849001268265759
-0.996429797429724
-0.832906903289097
-0.9641098624047
-0.779917404259413
-0.993422930640694
-0.749019870981602
-1.00082227607483
-1.03570958374892
-0.922258335886864
-0.885093625200985
-0.734051764278705
-0.832414184413004
-0.878019172079807
-1.03674897750661
-1.01672778770806
-0.738989715417362
-0.830593707372332
-1.04520219130585
-0.906094062867115
-0.807201666094632
-0.762286402362708
-0.887596709755024
-0.944890659767851
-0.973749335419309
-0.97595733854087
-0.918122310693645
-0.98779683595329
-0.953581449888353
-0.865137105021464
-1.00708668184484
-0.818612142576684
-0.892196561730478
-0.890300947048678
-0.786132505151453
-0.93952622842567
-0.877527987671447
-0.863318043170045
-0.768039468688175
-0.916992538022108
-0.877783658373367
-0.852733353119588
-0.886609578984561
-0.936878789539894
-0.853351610965452
-0.79574916959142
-0.790317053958683
-0.693655007178333
-0.793201186502365
-0.779951267857534
-0.843893791349842
-1.00963810633189
-0.867940407197993
-0.807429247894666
-0.876955147690437
-0.754971340026054
-0.758290403115708
-0.862488733023993
-0.947270223106276
-0.733482976520647
-0.984846374727139
-0.803258787964391
-0.791919911656223
-0.952796794575937
-0.904785513985024
-0.789687853834407
-0.882744882548905
-0.941030066774105
-0.817680411495461
-0.7687399615259
-0.906040912272277
-0.674208056388195
-0.794079078666654
-0.784254517737266
-0.719664636872879
-0.805723674140842
-0.922825899396091
-0.910315672120132
-0.774990031606985
-0.887241012894064
-0.747288310695149
-0.77097310947293
-0.913821261853414
-0.675423896243734
-0.748469052990364
-0.812490932685834
-0.779273239006094
-0.778389520059905
-0.761617415758241
-0.702540096135686
-0.787630619372551
-0.696141143201783
-0.782115425916873
-0.829923142141501
-0.875823228954587
-0.68260663020235
-0.745224332760636
-0.662909157995329
-0.694681356608364
-0.821172676676664
-0.901613794195736
-0.786866582910831
-0.733191680704193
-0.839911422642983
-0.681784792730741
-0.662454558214435
-0.791877850232297
-0.693479722832199
-0.69532806472904
-0.844632947326144
-0.828850573864684
-0.693021610980401
-0.649896305590801
-0.801785139225819
-0.749163825343129
-0.735319895780165
-0.811754655355805
-0.742173756086903
-0.865460344216402
-0.664087478189249
-0.752894438468045
-0.724980847491987
-0.715983523368837
-0.763130135944087
-0.728956003570072
-0.559049481028682
-0.616579631965124
-0.584254429082177
-0.630826895471904
-0.577006411166794
-0.663626356634545
-0.75200392353317
-0.680892315033377
-0.707830484789738
-0.834816726753738
-0.724143543415766
-0.596738010694343
-0.588704044831831
-0.645509993105198
-0.588997075020463
-0.85357957123732
-0.621683417614974
-0.666366972012088
-0.713151767235886
-0.737742912426691
-0.692231998814544
-0.764598522624829
-0.559371950846266
-0.595332981302188
-0.603573227579389
-0.753325343269575
-0.636038036994163
-0.482257969967343
-0.489506865796777
-0.696675050575205
-0.755360048239911
-0.510381525827671
-0.653830760314415
-0.598707061545433
-0.797389984137483
-0.65276637310214
-0.728486733869556
-0.636065041052362
-0.683090190579351
-0.613075271625918
-0.492385231085555
-0.754602802237055
-0.664469185389739
-0.595624887616391
-0.693144418972141
-0.726886324332347
-0.616457764449125
-0.726828377146485
-0.60017559493615
-0.693288712499907
-0.499704526163793
-0.626246813755375
-0.654555810052066
-0.621761116745654
-0.456833259339825
-0.608211906182804
-0.69004032307177
-0.653358563464915
-0.638709765845225
-0.553179256066939
-0.537508677735148
-0.536315692039903
-0.626623402338998
-0.63909150882447
-0.6156084660224
-0.537011089525306
-0.46567988304715
-0.602680527745924
-0.61462138824692
-0.69180194934683
-0.40441315750047
-0.481939081956875
-0.513458637886895
-0.586015068457988
-0.542877763564254
-0.575095851634459
-0.424985284434418
-0.686199001596564
-0.640075256764002
-0.552325608719189
-0.450617037536454
-0.421182189464769
-0.437362507265076
-0.684391643144506
-0.297585616029814
-0.50774458261315
-0.494339641405092
-0.473377988875908
-0.535429626463883
-0.558123546026456
-0.404834240692896
-0.459610062468469
-0.537297655373266
-0.460147136076619
-0.56199228818386
-0.420195181454338
-0.340794667100928
-0.619424171530266
-0.590921714773032
-0.55438519452777
-0.529345883883996
-0.577165845329656
-0.477427842344491
-0.368913576324061
-0.562803892871381
-0.441803927381623
-0.55796023428553
-0.599917542752557
-0.294627501566988
-0.429602855404613
-0.421636494481087
-0.626345496633971
-0.427221882760312
-0.328077882519874
-0.444157197918573
-0.387167950656701
-0.487779346801174
-0.451296022672409
-0.535684687832076
-0.400051345135606
-0.494181223263592
-0.499447640965962
-0.411722595855104
-0.390130540468519
-0.531501447980742
-0.349547628344323
-0.504084452114801
-0.433673295952468
-0.427869420982517
-0.47352349484373
-0.561019784300268
-0.503078646092266
-0.224354500108287
-0.370634223062923
-0.403664384331197
-0.345078230592339
-0.544778171288075
-0.336593450788776
-0.552558433722208
-0.378322157524834
-0.393642092032424
-0.184122828162214
-0.435262672341868
-0.432106222928501
-0.377237392073882
-0.519207003411012
-0.451394892182812
-0.486977507727026
-0.331251343959625
-0.519951947758031
-0.48731107471103
-0.364228984584403
-0.454267090014929
-0.347380498467211
-0.446761411680245
-0.330076201988886
-0.492136262356863
-0.397070399585126
-0.509576281468653
-0.349029168036364
-0.371967793858072
-0.257597912261092
-0.448525345765832
-0.254410549625923
-0.553227234391573
-0.167914923502159
-0.294091903096738
-0.314181547800917
-0.365969881683823
-0.276957787872346
-0.270410479230501
-0.483790162784955
-0.280154058268394
-0.355739432063826
-0.294516881811666
-0.486331259742182
-0.247132898721424
-0.488025402607313
-0.355506269816476
-0.393656275727103
-0.311758863720897
-0.505844823787644
-0.211090516043996
-0.318501846360123
-0.180224714822375
-0.347676315247756
-0.248756940537421
-0.324211233572728
-0.276252659795597
-0.244963095966828
-0.315769238909066
-0.351785816128342
-0.203645893443365
-0.158363983959199
-0.324236943282402
-0.348673714412765
-0.374566544526859
-0.319185031692104
-0.187269612530375
-0.220599242674254
-0.236734942530583
-0.321241419444886
-0.13446478806433
-0.325127184815652
-0.259927824294903
-0.257337201486105
-0.286992606466107
-0.275463474089008
-0.229656127035668
-0.374513972717448
-0.234234266761598
-0.363404317053244
-0.294086821378402
-0.244486047376945
-0.336381184160679
-0.15595896047808
-0.302916239544561
-0.321568670435434
-0.181930015484375
-0.143316698051079
-0.375589947497845
-0.219037870471266
-0.252814954675529
-0.218537527431685
-0.261014996906508
-0.258853939648828
-0.296562517690287
-0.273695021652585
-0.139722473352399
-0.191264468962672
-0.393892697869887
-0.150314255296637
-0.214675231601244
-0.136789836127204
-0.188538159287302
-0.296707139406175
-0.155005171737958
-0.331690451021408
-0.165202390570445
-0.213956377838151
-0.324392216993934
-0.250110832841834
-0.254237333349553
-0.138897488516151
-0.256881213552092
-0.266568611143775
-0.32009002627647
-0.135749942510148
-0.0911940216507585
-0.00867003772046419
-0.19379716527547
-0.146948514918952
-0.326267050638578
-0.312189494205966
-0.144037808470703
-0.106936119349857
-0.0885942103391088
-0.243322606117241
-0.212728517778696
-0.0789511417107629
-0.135836283726351
-0.268526782701886
-0.14047190262957
-0.225028202430201
-0.128296303865081
0.00871891956600432
-0.110948967503858
-0.13286957408144
-0.0987592578363979
-0.138052748738558
-0.0881206901593408
-0.146111292984987
-0.111507048602727
-0.16685304166605
-0.0176473067305671
-0.144649914337184
-0.114746982410788
-0.247407352386083
-0.0370055829963258
-0.168301345979051
-0.155731936891445
-0.17601997731425
-0.100637900324817
-0.163848872068926
-0.31486036285369
-0.111919256420903
-0.0429711237931213
-0.21247344173738
-0.223482335873625
-0.201008894034043
-0.0892797646935485
-0.0614944991414164
-0.243510971804171
0.0106038598752579
-0.0673291615654968
0.00379930752019921
-0.259815764225364
-0.102150861986508
-0.217278531765149
-0.115598352981547
-0.224181926133632
-0.12904335818925
0.000929792782107246
-0.119948043435513
-0.244746349261717
-0.0681796918635334
-0.0196578966671035
-0.0263192497426549
-0.155792903074691
-0.172557640048594
-0.0119977146897144
-0.155091391612217
-0.127551051583325
-0.111731869485577
0.0306179694785815
-0.0785702162444667
-0.0886598318436603
-0.134515828231244
-0.0364127236335478
-0.202907536694718
0.0252931239012247
-0.00726297013120665
0.0195994230614955
-0.0629777115852583
-0.180789391642308
-0.00422449544982311
0.0285685960413519
-0.0796789915968477
-0.141488970063517
0.172453155251485
-0.0802329508856568
-0.0102686672203818
-0.148363730953265
-0.0511610794309006
0.0630839217190111
0.0359033591098834
-0.0546661551535663
-0.0368365797693867
0.000889046452135375
0.0446295753710692
0.0566336563466653
0.0338247102486596
-0.106281813585662
-0.0202222075355757
-0.0107699826227448
0.0735795482494795
-0.0713242213925065
0.0196594332737571
0.0229277939767018
-0.0841336791034293
0.0910468336734635
-0.0421030197535595
0.115910310148088
0.118773846524501
-0.0349536839601357
0.0527799730501426
0.115765881133674
0.0634251448255554
-0.0150993645319258
0.0245343419298859
0.0607145676242472
0.111724848645794
-0.0938428838737167
-0.0279430816124226
0.0723914351517149
0.100720337857918
-0.0114489937818991
0.086962100883246
0.0774769223165942
0.120016442096583
-0.0706007573443424
0.0888033740886814
0.00493943829745581
0.145755691258644
0.155986605003126
0.0584549760900931
0.0675304294144812
-0.0962392369874817
0.154036416111637
0.0554699397152943
0.151923265925639
0.106943570786923
0.101815625090545
0.0596591100606575
-0.0120728733773839
0.162779468288613
0.20158109585816
0.128014954253979
0.121746633513096
0.0968446485178089
0.226021785705657
-0.00228706222418306
0.159792866566382
0.172812337820474
0.113168580390182
0.25170057528898
0.048495238013565
0.243772611151956
0.110731617886226
0.0130772188708466
0.21931426017665
0.0925876428531867
0.136659690480408
0.326771539461408
0.0564380588095709
0.125125547568554
0.268387068064021
0.0102158652362735
-0.0117318002271493
0.120957655202355
-0.044154280498262
0.225948558266707
0.189546969070911
0.142418539422811
0.0486948010875626
0.238157030346628
0.166640644467789
0.0993993856239411
0.205474842318342
0.1894519934477
-0.0562871461677309
0.165894611875521
-0.103737874479966
0.0842102423436095
0.217127901257357
0.209893170515397
0.235375343178971
0.343128587359676
0.169246555160195
0.327637379683626
0.199850011279025
0.182682889323566
0.178272803382651
0.206185952493698
0.124644195153019
0.126316760128067
0.149299779707998
0.221146854559081
0.201219310150942
0.256212090746402
0.187593800571573
0.198758852160022
0.239604217427114
0.100978298580923
0.257766991133174
0.250814514992851
0.277227724917095
0.263143320197712
0.172490501390391
0.364368824731257
0.156619379981111
0.378345642381312
0.316613279390966
0.0716650704406998
0.194100876601242
0.404360735889455
0.19493107655619
0.372577037714418
0.0961811173912487
0.185206445694998
0.353385022523551
0.222632001915341
0.224044913704443
0.31715828793971
0.220234220396442
0.224815077342368
0.33052649248409
0.195412807328123
0.202224351717797
0.292011830839875
0.374592927868705
0.333876129336994
0.208595697448949
0.177441495155483
0.26769892641972
0.26677175019468
0.329179462020224
0.243745175209106
0.288200588945208
0.216401000004419
0.206447305354566
0.180864565123138
0.325161259157928
0.300942664715975
0.316708655190267
0.246503023179277
0.122399959438237
0.318404452189334
0.366091262510755
0.223767365623499
0.436182174826188
0.298487314789811
0.356993219556544
0.269843842647115
0.295572777929032
0.269346094708786
0.280711132268
0.309642096551682
0.160421467096558
0.203781797787852
0.533681603388329
0.357694339488218
0.302459247247341
0.396219551769309
0.26967403298482
0.351969336122927
0.176959025031315
0.253105677648496
0.420219666705707
0.340752733731609
0.191007146282448
0.366640385488924
0.212262205425639
0.315457317792821
0.338015426187512
0.309967501487522
0.329264633231977
0.334129673938446
0.27998821008862
0.259310946069737
0.282264771152777
0.302664913870689
0.376474199714986
0.322804664827201
0.366877203476211
0.179714776791555
0.373936219733887
0.32004684201247
0.454644087918383
0.363658612268331
0.294504259900369
0.379195772902741
0.328584965348638
0.300636246083673
0.379341651006926
0.446238141031258
0.453633468992158
0.538035906293765
0.32943667824728
0.298553410419755
0.616132380275821
0.329791766263053
0.318481878699093
0.51158384980189
0.407024124309413
0.344580344475962
0.354468298662503
0.398692770873549
0.464856041294697
0.395327465499342
0.412665369148835
0.316771588805274
0.204731741232892
0.386367492736038
0.408757811090106
0.323174323913655
0.576190410848926
0.382578999256073
0.451082599098973
0.467460679515629
0.444104270338841
0.50137464818785
0.397697862552611
0.481279756050161
0.352233897911906
0.34592379851916
0.369434372274831
0.412855923470116
0.351645156726829
0.44320049154814
0.441394078450457
0.467703575326905
0.439132186921901
0.339866463352637
0.248628679715673
0.592510283899586
0.460525334556446
0.553043385228801
0.477172077588441
0.49320926876466
0.477514864373979
0.430047170868611
0.477314847887368
0.464338784537766
0.405128288576943
0.428857355950078
0.498752503039037
0.427302320775365
0.473120547799215
0.470129908395707
0.490533940644968
0.565937019402718
0.505782296949881
0.499998798167087
0.561465227632747
0.454175537110062
0.619471952412064
0.304313813361093
0.430570954400491
0.697431265828203
0.553066860848843
0.502711537247203
0.437456595313361
0.606886146470377
0.529760940617882
0.443050761590163
0.477296981836055
0.543752303085163
0.608648677660761
0.51895178166261
0.448781532769934
0.55083940502703
0.506873576134138
0.478602473304348
0.725883456046916
0.432288929102208
0.581670398304906
0.609613668833816
0.534533003434492
0.600517694209831
0.612076921852199
0.638087078684027
0.608703972834781
0.719260540081667
0.552895970271711
0.596366499821359
0.595929470710006
0.47202858622237
0.499119006940049
0.60853844276756
0.711508827370921
0.526406439105111
0.62221973056972
0.622299319910342
0.46530844992905
0.552162241440243
0.518372581423457
0.632691332199274
0.614360123297968
0.569519696501072
0.45310361739425
0.665518634199119
0.673498426978362
0.595477537758203
0.686746615222359
0.74329487114849
0.603222149422635
0.601731364400731
0.68971624812665
0.698920220401446
0.607625605379816
0.597749686024409
0.625548394626889
0.550233800921449
0.566257476760639
0.649897554195287
0.562444070463347
0.648259052091382
0.552466670361544
0.530584925446298
0.700914735553668
0.558390087817028
0.543992432270378
0.80275215413329
0.433121222082186
0.588786292750075
0.648399139030505
0.708516347740883
0.58485337626473
0.647947518725784
0.686283949443078
0.575695152643452
0.73165928823238
0.622443523699244
0.770947547301016
0.632901783109589
0.556206319118835
0.739274725368077
0.729207616620699
0.621149093529755
0.750169554960986
0.724314154728658
0.511934149088869
0.826741617161187
0.640213815740388
0.763185861859293
0.740900282044018
0.593937853924571
0.784840929854267
0.773609049386871
0.643110847768502
0.791428105986156
0.644666645727473
0.528004400301969
0.683390788251656
0.626474013521012
0.802304988651772
0.71803757523294
0.601896231559216
0.628835547003535
0.623636495602551
0.824636542019127
0.809633012433781
0.719768368608315
0.595771150003087
0.664910112212021
0.597193373638247
0.674854928460575
0.631557233709488
0.598707584408671
0.757299181532541
0.755877976576512
0.768156312628791
0.623708185364074
0.572679115310005
0.869018003537224
0.696186757607221
0.770118411883738
0.726382267266978
0.710670547312395
0.755301738548308
0.590208655329465
0.704317518406108
0.881757788040415
0.858750991877324
0.713462369466464
0.913866945021087
0.807958476138532
0.683914736152573
0.740852420784923
0.8392866834406
0.81528399199653
0.824447844627546
0.679037023117666
0.716224585614488
0.78104855645229
0.6897598809081
0.886924899699472
0.798899621899781
0.6261107425834
0.687257021622879
0.737599627162521
0.879769929802663
0.765168873812875
0.820728917679679
0.845499131346661
0.807446457592456
0.612320797095113
0.861348491373833
0.79705854483161
0.723999554274153
0.789557231449782
0.73976435928607
0.940839642674885
0.788760965177037
0.892752571003377
0.738821088557934
0.663192460362564
0.772159975381177
0.792948276058919
0.755970078060745
0.77319908158473
0.729939616335314
0.758459408823529
0.926273693724248
0.918895310056016
0.933178216107017
0.805421416841757
0.911193340980265
0.878498090642343
0.880105214700687
0.952059896077676
0.762022618140673
0.995435602034287
0.867539120971625
0.752431220181837
0.866980445715211
0.797400563675045
0.796586372707296
0.858653475980287
0.919508377170306
0.887224830114999
0.87221381031227
0.968725210887659
0.790244769457468
0.866391956677987
0.789034631964156
1.04739995004378
0.827664994472818
0.807383447348208
0.930961549989815
1.05317703672383
0.786042073987555
0.89903919695426
0.718773470626518
0.979730993378295
0.872701703512834
0.979068008551379
0.844173170577586
0.831403657986112
1.04445043142681
0.909023900945439
0.943069304129276
0.688717488860044
0.933584310767868
0.91294535037434
0.913315797287079
1.07312527389218
1.04499387163041
0.800097631272287
0.902399245349162
0.92868637686898
0.96519886467204
1.04768217877162
0.994417123497303
1.06675293157219
0.967123031094864
0.955370449796858
0.815647743053495
1.00946387376195
0.920315330617641
0.899682197472696
0.999530864963638
0.965009476106276
0.863170454731632
0.959387506783479
0.874446456782011
0.856246766601058
1.1270985046776
0.845265536072184
0.867441498946477
1.00928008842231
0.962177541915147
0.837211800116066
0.887937048169616
0.982247214011903
0.96884027645052
0.861270556092805
0.96753196784222
0.889388755693936
0.928696117204861
1.03202185769902
0.918628966046729
0.872357921124638
0.931464318831379
0.927792196173728
0.995196635435478
1.04027495766777
