-0.999457624738437
-0.977331772662355
-0.93593358973505
-1.23704653619519
-1.07132226710059
-0.902230155756288
-0.768072427821165
-0.873849773809707
-1.00448610047247
-1.0216918192788
-0.917311623815136
-1.05729864397574
-1.0314674360145
-0.994718127878815
-0.870551182414773
-1.19155781152238
-0.941258187273607
-0.970091503542865
-0.993637734063109
-0.852118965945959
-0.878880077794003
-0.858513015134047
-1.10713822990361
-0.890151303922552
-0.990087690201418
-0.946446804677602
-0.892380250513419
-0.936812297984914
-0.96356105995206
-0.909385697735537
-0.908800326770074
-0.926821452671228
-1.08469570296317
-0.749039066799888
-0.977123057545008
-1.07756499283312
-0.932558848507252
-1.03488251030945
-0.885226620822475
-0.989056628361642
-0.821943672572849
-0.957369245940149
-0.916558484070046
-0.881975115601762
-0.735656084585561
-0.85412905106188
-1.00661423543266
-0.934153973705589
-0.730265517497229
-0.931309222114856
-0.858309084147581
-0.8783776334963
-0.790478741646938
-0.973418681854336
-0.762566117870535
-0.94882027803019
-0.962152940551385
-0.928745566872244
-0.825269224828479
-1.00247953753631
-0.899348119452476
-0.929178552139144
-0.965640899604506
-0.926502113622851
-0.91219981040075
-0.669227020318036
-0.843049270770247
-0.911997386793962
-0.934265003299287
-0.895203753433178
-0.936734912575775
-0.800406582393437
-1.00469567331987
-0.874615703560345
-0.91992510018903
-0.876282247353094
-0.802483095575357
-0.870842945593746
-0.874208896862481
-0.831972233770744
-0.829647653239019
-0.756999470919896
-1.02108620258954
-0.77191589011001
-0.737717095016839
-0.8965678149605
-0.783018249771439
-0.741384223777569
-0.846622507102094
-0.877598035987446
-0.859077979650076
-0.695396120688755
-0.919728564470376
-0.724396674616033
-0.815411960832417
-0.755632405363268
-0.797385631691055
-0.773113514906985
-0.801108165450662
-0.772725882472269
-0.80267905820963
-0.710954128159632
-0.966292377041757
-0.875344190138994
-0.740303834758954
-0.83103830388159
-0.805994728934782
-0.79282024326867
-0.857163115680058
-0.647206396214208
-0.778459579992925
-0.708122928733065
-0.721975884198842
-0.725892203793713
-0.919412631717415
-0.764943990047991
-0.872982599475659
-0.700219957822411
-0.713124721567369
-0.606999793659354
-0.783604765395892
-0.764896560695542
-0.654423945251417
-0.697332243085367
-0.620535492812062
-0.652771971087926
-0.808803635479952
-0.70414407107318
-0.837109883734401
-0.728879858893932
-0.70616520841993
-0.842741221621767
-0.684357494507448
-0.65964650271265
-0.545255231986047
-0.675068580769431
-0.622689206718478
-0.626639360583124
-0.67122860490561
-0.647754971975528
-0.703801471343733
-0.730736405889924
-0.822865050455185
-0.706398928637815
-0.787061969594065
-0.724263423695941
-0.624833812240983
-0.767464351539409
-0.532583172886015
-0.773135250252482
-0.698804650241431
-0.866884829371804
-0.716319144129353
-0.661920511266021
-0.781170185597638
-0.671246022527526
-0.715962741850995
-0.788298043279681
-0.597558416450947
-0.712651945647307
-0.664428640254884
-0.740231066885008
-0.706677540838388
-0.6057774988744
-0.579044497425226
-0.764715191453445
-0.495151272945692
-0.856387316632826
-0.758100105649465
-0.634153116491887
-0.701569417573146
-0.745812083731862
-0.669560523837563
-0.854505936428953
-0.641791385547739
-0.518744997586631
-0.754649719516671
-0.705285678396385
-0.707622261758793
-0.631487510482386
-0.533699894483177
-0.518992987550736
-0.697245708457988
-0.661484833892094
-0.629927981301514
-0.670607957016592
-0.558667394702954
-0.748404266222502
-0.609455386240618
-0.707076487339845
-0.62080846173324
-0.686852431500745
-0.634702404339755
-0.611294850240994
-0.618212511909282
-0.642000751288651
-0.617494900696996
-0.698676233594633
-0.785808903625446
-0.698065422033579
-0.588716730807277
-0.689458179067094
-0.566655253083095
-0.499166435673172
-0.521838899950674
-0.577573279034739
-0.630384338949988
-0.742293033846003
-0.544820720316571
-0.645985033861049
-0.554835045506717
-0.492222985383172
-0.447182545556619
-0.765818904617768
-0.660073529361711
-0.572855407188466
-0.353415839108192
-0.558295052060179
-0.555720073668319
-0.647655111994836
-0.628733952839914
-0.522909662014035
-0.518537013577171
-0.49506869933437
-0.568396682225733
-0.417070710286396
-0.635914928777224
-0.600989239726189
-0.573833250992715
-0.59490847616427
-0.637945721579886
-0.634116191479354
-0.433834488765607
-0.573005119572633
-0.520860497816522
-0.541024141574295
-0.454376787138677
-0.783061416400818
-0.479919809703014
-0.578869205385198
-0.539867120897065
-0.550266452753674
-0.435115242351444
-0.404817401544364
-0.586172198570847
-0.389419546762112
-0.54380442978937
-0.461668997314821
-0.609244757074457
-0.447149239566387
-0.430690887258606
-0.444131524669635
-0.427564515230028
-0.361680492606154
-0.576938887745417
-0.618871068167389
-0.408522806107128
-0.339152150587513
-0.502087431932027
-0.545440537098803
-0.478175106656478
-0.372403455558005
-0.618645703240226
-0.492619441490081
-0.515238069432693
-0.480497199827507
-0.247799804457441
-0.549715152344932
-0.386389460727682
-0.506028160112301
-0.409646320969243
-0.362490787025391
-0.327577932599262
-0.274432415831153
-0.617109109824726
-0.306898983571582
-0.481401693031648
-0.511909884716742
-0.301900805140831
-0.460640317894973
-0.51044595839699
-0.421642949740701
-0.50942457180979
-0.375493453234948
-0.466689436578879
-0.440590379955711
-0.146346244365333
-0.540286058821105
-0.417191903586859
-0.32459516332405
-0.44446471366657
-0.434647572549814
-0.487601735262432
-0.274618626380116
-0.392200402972156
-0.343420074846288
-0.470560766670917
-0.295808359580579
-0.305646104400078
-0.351220830033214
-0.43694901904304
-0.409512122190583
-0.329303031551543
-0.3611877568873
-0.329351926503296
-0.268422613846584
-0.472396523824079
-0.407300277041929
-0.375057516907153
-0.375638681556705
-0.431015670399248
-0.505592796035155
-0.40288181866175
-0.379865624615613
-0.400668303484251
-0.580823934920831
-0.458620179384683
-0.355294002675634
-0.334539833158572
-0.378675360435206
-0.353916894059853
-0.352190345819491
-0.481062352781401
-0.30557515685524
-0.18735076105509
-0.42728467890522
-0.407720312597431
-0.224142947615312
-0.226237023788387
-0.354426780335224
-0.513576727261868
-0.414879728078935
-0.222673870159439
-0.370337443442635
-0.383079520280377
-0.278290142913466
-0.349995623430747
-0.323465430716346
-0.386885079714941
-0.343167569633019
-0.269606500348706
-0.507495875436023
-0.14942986264814
-0.289639064368363
-0.127046797466894
-0.279020937092973
-0.23349578798503
-0.286891793019608
-0.281236184174899
-0.230448743047766
-0.363844205876046
-0.283030838720635
-0.260145128399227
-0.264102880896519
-0.417479797193461
-0.261734650022486
-0.354618420269674
-0.267850266403795
-0.445872984624451
-0.385057860890806
-0.270063425493264
-0.352408770279097
-0.356074637200881
-0.10563939429003
-0.311575181995046
-0.26726015667377
-0.193087694825376
-0.306920475538864
-0.42054364105418
-0.301758599837257
-0.143895737851875
-0.351677357296954
-0.194709443836996
-0.278251391396464
-0.286659484102154
-0.269197422982906
-0.0967144826421623
-0.357023153105457
-0.296312958963723
-0.235725689413573
-0.221751890463644
-0.156117522635427
-0.33072061734218
-0.306937594089066
-0.273251252168529
-0.261975143954242
-0.329723104424931
-0.212286122283615
-0.297124798357243
-0.29320176403804
-0.385992372436395
-0.273794708747111
-0.214249676466108
-0.165005294524685
-0.243336338482602
-0.212886477183263
-0.324497508670257
-0.204338069043384
-0.0485949004916971
-0.113802258524196
-0.227588712092592
-0.253151882479437
-0.175383931900026
-0.232207082319102
-0.317774592551635
-0.10761753182748
-0.243075286690299
-0.186502116424193
-0.190887742200565
-0.227433075823639
-0.192225731035761
-0.149364404676452
-0.254289877607573
-0.219655779899557
0.00906285817405442
-0.224082100064042
-0.208922201210539
0.000835376677616352
-0.259555065661659
-0.169060630102924
-0.0924888862577875
-0.18859825563049
-0.174146100652253
-0.0301817188412429
0.0786669590865223
-0.0569937713301409
-0.107447635337764
-0.0238120805501684
-0.286747172140591
-0.0527010583369957
-0.289313259412296
-0.143294333065792
-0.160167258044324
-0.0222852441748201
-0.0914590642945081
-0.152194274018888
-0.194983769235037
-0.0887234877455595
-0.124056644457997
-0.0862999649986732
-0.229789279646447
-0.0604004684428506
-0.0435274741241662
-0.220989219827746
-0.312951388502994
0.0142410841385019
-0.167186865679394
0.0127485529483158
-0.102335119042589
-0.116294680444813
-0.118899524464661
-0.0912754450327238
-0.137810157305435
-0.132790411575648
-0.0805189513446772
-0.0881242689978206
-0.0346922689776298
-0.0122962670947026
-0.0728368674707937
-0.119676969224422
-0.00899332966823367
0.0517979028088983
-0.12621406751067
-0.0548794411382838
-0.0340303298864715
-0.0953000241406734
-0.0264238144036482
-0.0337394073041085
-0.0284535691934335
-0.0226136633834371
0.0345959581300683
-0.0923219914068422
-0.0996949732009752
0.0470619523144273
-0.0589208234702111
-0.144125485126745
-0.0479993044600228
-0.155375290384973
-0.0380916593099303
0.125869972419724
-0.0547434340621114
-0.0538495870393971
-0.026381298626321
-0.0294333721854208
-0.124966866651315
-0.0634924056213834
0.240419849548755
0.155644116001666
-0.0163570837244726
-0.135885417786269
0.0456516036971155
0.0146949169689261
-0.0512753121753418
0.128267419561874
-0.0372074520258905
-0.0293131826672829
-0.0373069358272846
-0.032121456477346
-0.185461251982701
-0.0438357326238441
-0.0562532743191953
-0.0786216926452057
0.0846724921184891
0.0608677971767326
0.132278604964604
0.0930929045037444
-0.0561867762928017
-0.0709621925812785
-0.026130023593285
0.0453849586615594
0.00350585682224952
0.115482157651317
0.058386916082774
-0.0469914028936543
0.0294106226239974
0.0591408282005433
0.0491818204500744
-0.0290418146181794
-0.0787742352206764
-0.0518020668370618
0.0160658442788346
0.0344495071606272
0.0362080238983641
0.0651068779478909
0.0604894820464592
-0.0975303182989306
0.261153456729761
-0.153370838386306
-0.0431893635891047
-0.00971765518649196
0.10583171203785
0.0622558599705825
-0.0916030732538965
0.0719119948237048
0.142740988507363
0.089478261768571
0.0934449873189043
0.043700287010642
0.0317192499006567
0.138166349865063
-0.0228354031775421
0.189433767480032
0.234199546961762
0.0612561107451366
0.0639020370101126
0.0183249338679739
0.132237247630585
0.0107203375604216
0.105965494783592
0.0771685520675403
-0.0119819115184482
0.0816615418774397
0.0146151881308027
0.107510862400348
0.0755456677748496
0.163593176912059
0.144501774066486
0.1717952970937
0.136035588546314
0.116823108198806
0.171312091690686
0.00882674790198151
0.09499719852049
0.0909732293909352
0.183772297714357
0.228780812846327
0.244814629934242
0.197084151897355
0.111783257409679
0.143415900162916
0.134191553846268
0.0694100509417183
0.134637957485448
0.155369151175553
0.174930293150103
-0.0361374177990579
0.246740897650248
0.130468839724628
0.151634675224191
0.237564543907437
0.318450138504036
0.155691595647509
0.164775902946061
0.096348194337248
0.113327822922111
-0.00176314435872459
0.301557902589766
0.416508684553626
0.128701561725001
0.223011175529962
0.0919168263669482
0.118123410461262
0.147337902921608
0.316285858286987
0.302811661770895
0.410139034050861
0.0766401302799319
0.241198846791672
0.250171931464135
0.112956963665481
0.147318228108934
0.229803812797322
0.231715213996699
0.174087761674073
0.108263805964649
0.242812578348035
0.327294041049009
0.303036040651053
0.238489427398685
0.233304832737522
0.199883628177749
0.226563844947114
0.132873445558353
0.310420467846529
0.296682971878525
0.305640648356673
0.390169445108916
0.258811287391042
0.117310659870637
0.260280548316602
0.218740400402619
0.296279191104664
0.295893867887615
0.429339031708997
0.177021431253718
0.316541575496508
0.196343310166879
0.180781246292073
0.222556101659925
0.194514881645339
0.296254144639922
0.256846561527673
0.314086629747577
0.456155174915411
0.345621974961419
0.30555204403483
0.239732326953738
0.345332593810478
0.284369569523292
0.284212882552694
0.179530328321598
0.339311372331626
0.296847116366717
0.284953986904599
0.301764064644007
0.162956511131546
0.23669813059173
0.361775641073257
0.470751339001445
0.306835131235535
0.35560720015619
0.201339045510896
0.313048334899504
0.205432391285514
0.275730170311172
0.317244144760492
0.297522747590291
0.256656057105721
0.372205369890429
0.436443613450655
0.331219111086465
0.300044069473149
0.431592271635235
0.358966049303333
0.354235914691623
0.384321431331664
0.343085884502957
0.254982694509094
0.188155792537222
0.396425820846924
0.490245916084697
0.342270628909477
0.401743049487361
0.481049942287846
0.337408011333698
0.328554263162948
0.343579455011539
0.297612915978936
0.27527645460268
0.502907094930765
0.366334718106334
0.561834686166501
0.419040330658368
0.308141672171133
0.225122089193605
0.341119500642963
0.463581616251532
0.314660015533084
0.421012444721507
0.335843965410619
0.299973630191068
0.533583474259054
0.47817815255498
0.477509715828025
0.340062992328975
0.426672221497946
0.376858150961988
0.600283351296691
0.381487806173719
0.396423542819965
0.370629118444034
0.460315416280488
0.505582790857904
0.414799710988748
0.332346239683613
0.456489942263706
0.281693919454782
0.352831496958482
0.438072600612173
0.447912400580262
0.381284347190556
0.4959583804761
0.427349728818192
0.403902844581492
0.270052049627598
0.369103156837584
0.357253024483971
0.341496284207502
0.445916583774724
0.458744458638668
0.468220148818687
0.335113645928825
0.306494959519432
0.372677292047412
0.471410777712696
0.581887815551878
0.452882852183449
0.562908408250325
0.477880698988267
0.524429923519117
0.464953885324421
0.410859321401426
0.555093267237783
0.422475786091155
0.526923057874444
0.49636695087499
0.509171820369001
0.603344437309368
0.578288542123003
0.512964266487677
0.490465213795188
0.395568966066173
0.393327061071671
0.522819220242474
0.522353022470454
0.531523389848082
0.516031652102923
0.530225275004081
0.532769412460008
0.458135159144973
0.564992550537125
0.463837481160036
0.383297558408677
0.425937325037568
0.518663536675227
0.63248155037696
0.516653246012471
0.461580095805691
0.57049521512163
0.634488878882116
0.514940695566892
0.39986460379615
0.399595105790104
0.516540222624271
0.588635413500645
0.573011845958123
0.487508493790728
0.469188434435954
0.432233320389339
0.418127074722195
0.360671826582657
0.537463622976895
0.45253205112037
0.704974044342751
0.628030409465984
0.613281738208836
0.63371993074965
0.531857927701684
0.570858283727054
0.483293543743116
0.509489786439626
0.561633910566153
0.366144865855502
0.769115519012774
0.658763744439757
0.600218512067687
0.625543321179434
0.799965349786546
0.596232666083932
0.606389886104836
0.750441471863423
0.733597076487191
0.698730421173085
0.500025192639519
0.603206282705677
0.575623414465594
0.548405867587242
0.685988494315735
0.638108983883532
0.527173262269363
0.692955328903769
0.568830493995788
0.779159115143577
0.588829846250668
0.591887533302374
0.708088720015359
0.641812819831176
0.712814651113919
0.438444977393201
0.665830060217054
0.598691519837993
0.753259201021661
0.608133563631275
0.55428026244434
0.556216119947642
0.627895077658986
0.746637190519725
0.675932207918767
0.614484977038147
0.748032090024882
0.716040402519492
0.445790085458129
0.61799733119376
0.702945141694295
0.738910692905245
0.543644550220867
0.590315277940321
0.601755277367037
0.544273272140643
0.639355461203963
0.730888294237109
0.694168401552736
0.58098120561317
0.550946323972367
0.586371807807367
0.747187594420946
0.692451321490304
0.71355181752953
0.646247418569178
0.695645914147218
0.579513796290928
0.663232816061017
0.760456927974176
0.825534968700399
0.575816628742637
0.707238430015628
0.718558864011341
0.747379140587212
0.678925607424024
0.662038314237517
0.695836923578647
0.644851409865593
0.780449734204119
0.57340958913526
0.776034995582975
0.613226821201943
0.719569653265283
0.618871094710974
0.711487650929701
0.675328611685438
0.526953531540603
0.511670404606913
0.789839145148273
0.599447245623305
0.68214304474697
0.887640347557605
0.811892258217588
0.812942847132303
0.69025393779914
0.751510955846801
0.693102041166307
0.706229325832007
0.731801879946568
0.816814822683033
0.751882289496549
0.782712578691478
0.820850323674287
0.731407719813737
0.761183679716388
0.76869656153451
0.895797808515386
0.893162608589139
0.873780891278357
0.7759874103541
0.830047455767489
0.805878016567287
0.650759266000725
0.697001986855569
0.900488217334942
0.99348901773668
0.605327059147655
0.727943456155365
0.744370384848269
0.795742050518557
0.724615260961437
0.855523487097374
0.904316298456822
0.589318616493852
0.83919092507055
0.875134639164155
0.809835395299061
0.742783832237668
0.840388912663285
0.658680523906377
0.713582133780073
0.826318067152222
0.795017635328094
0.930943039173505
0.950818334335174
0.844070843896279
0.750218319115699
0.937930418192671
0.76697061469319
0.726505126320622
0.981997178204279
0.687834390694235
0.742623045935205
0.791424504295454
0.626662419080802
0.82268388124573
0.845064870813769
0.953404370943364
0.79698957760235
0.767589300635818
0.858417627918639
0.952813672056262
0.916306765332156
0.688473137996168
0.938800997073822
0.875521933673048
0.793507403937564
0.833452732891767
0.775179549104169
0.733789995935457
0.871472762834779
0.973917797003635
0.662055262650725
0.760264721079247
0.923680739571372
0.836281358173788
0.929328422131111
0.97515637701177
0.754007665643157
0.989069578006225
0.892192797204852
0.902697916917375
0.975985492019336
0.864659571840363
0.801899854023667
0.974880914048356
0.846813663096476
1.11562849260188
0.753286525233701
0.991117296869148
0.707527548590096
0.850693288381227
1.03550017652996
0.860578461683445
0.846693199488118
0.863105065662112
0.80005105212032
0.944402606630531
0.782758025994815
0.998571033738641
1.00701956788199
0.956032748146306
0.909417231923463
0.903240717191281
1.05467397004593
1.0825689343432
1.0466919012724
0.843787190458559
1.05065746562527
0.83143866462095
0.969616957435921
0.771644071229488
1.12237364322843
0.998756485505603
1.00275191393982
0.991438183300725
1.03081156601072
0.941689358935483
0.899027515828081
0.975155400312663
0.974971513674677
0.918651971236655
1.01114640500374
0.965579043966133
1.18618216636499
0.895438276002448
1.0150314294123
0.938365547052811
0.961428808876796
0.885593564485664
1.11815323922692
0.93130549724574
1.09786225676368
1.16706941812765
0.918617125445376
0.994865160244978
