-0.994192851844081
-0.95244980095586
-0.934667175570444
-1.19998343069926
-1.06284567561481
-0.929490679583837
-0.765009487600908
-0.891378954804007
-1.00391547901896
-1.02549154718848
-0.927036556955818
-1.06907064591354
-1.02917737266723
-0.998421210989221
-0.883329230326662
-1.19200360310568
-0.97007719333456
-0.974160844784882
-0.997850430034172
-0.86183797319135
-0.88427008900394
-0.879138721771329
-1.11575800762614
-0.879178262082842
-1.00682659705405
-0.95378249421429
-0.888708659358653
-0.927389887417094
-0.993778717453143
-0.888545377990457
-0.944104299731915
-0.928189458029014
-1.08113428186008
-0.758684823700446
-0.980802604766895
-1.10209008923302
-0.936929104339561
-1.04145990485333
-0.86660943616463
-0.968486360882358
-0.815978046330608
-0.972479912908054
-0.915797847396236
-0.866841294012248
-0.775530162205094
-0.855692041776295
-1.00363988230236
-0.916547847163052
-0.734486364226689
-0.930602203471492
-0.848863512702958
-0.883606830335579
-0.785597949529035
-0.963730756197107
-0.767152574545526
-0.961105960951894
-0.979952586053519
-0.915993191505591
-0.812928547569144
-0.977852087410623
-0.89186932265662
-0.951734813559672
-0.965205073583165
-0.922671370965707
-0.897850088974074
-0.646311257027355
-0.842804759676036
-0.912983621744448
-0.922743921259322
-0.871350293936526
-0.945399417328318
-0.814698498753991
-1.01052629179432
-0.854975808859072
-0.885349126919509
-0.87378591088331
-0.781564631223849
-0.855065038521378
-0.864743571970153
-0.837841824151169
-0.850560713697947
-0.748270554307744
-0.997104315524237
-0.791618041874229
-0.716558996969292
-0.902360104185715
-0.792637753350415
-0.74452496483867
-0.83662679849579
-0.886478877830538
-0.872404019163322
-0.726883869903545
-0.893993256439178
-0.720027705433034
-0.815740899133482
-0.754189448173439
-0.786135939688779
-0.794935226950339
-0.780348119898789
-0.773446276188974
-0.805475395172281
-0.749793291221383
-0.957562911515958
-0.855062840752174
-0.748400446696054
-0.840395465926625
-0.795048109219864
-0.79105436949479
-0.845479678492738
-0.659728198669919
-0.780170666870933
-0.680655259272926
-0.735382879854573
-0.71916346887131
-0.912138763124611
-0.766018577519189
-0.876451600474009
-0.683256614259916
-0.708422918286284
-0.625779577380068
-0.77994421188006
-0.760061612320035
-0.681741490842519
-0.70605998861764
-0.621564931225181
-0.646822659477336
-0.788820983149668
-0.695377315020354
-0.833123496220767
-0.719296177502588
-0.71230389922161
-0.842158629916649
-0.684217916662076
-0.647684369567526
-0.531033450402312
-0.637102666234783
-0.630716291369157
-0.652464165538123
-0.661374791574214
-0.653941217236915
-0.682949889989184
-0.735700918174577
-0.836248073062039
-0.737131152215212
-0.795321717768409
-0.72268028402693
-0.628745563991388
-0.745266459180227
-0.544072094900767
-0.759974415667191
-0.684191796914208
-0.859417438786126
-0.697621342622553
-0.664501947104276
-0.80171113347139
-0.667487355453926
-0.719105899473821
-0.763779588392452
-0.609378457355841
-0.70840105532317
-0.669000417908056
-0.741967313160341
-0.71634793267728
-0.6101120305391
-0.584269326839466
-0.763497140213466
-0.494135549252479
-0.861748865363666
-0.721671854751735
-0.628290533335523
-0.698293000548895
-0.755738769099456
-0.672746350497
-0.860063640243331
-0.657373883570179
-0.504591871105332
-0.760644026277503
-0.710412533688023
-0.702778309155088
-0.635267975813162
-0.529416667764945
-0.531517401105324
-0.693853153002654
-0.654017659807735
-0.622022212368967
-0.686777367451201
-0.558916843196047
-0.737409869760585
-0.60203335311742
-0.696527464068747
-0.603043925238339
-0.689926085773855
-0.624461685678271
-0.60134988000278
-0.60933970297155
-0.624593209253814
-0.610139752156505
-0.73580375435811
-0.792973010414338
-0.694115078509946
-0.596908393366347
-0.683614345859041
-0.555999523127393
-0.489790396411952
-0.535448631195691
-0.589230911675167
-0.636131024812173
-0.73133653052496
-0.560858005866245
-0.637554958976545
-0.552679168752266
-0.508664869985322
-0.444976611482187
-0.77293356931244
-0.664490618001754
-0.605009464505647
-0.361866035554502
-0.543617497485509
-0.546562082725488
-0.656737110903414
-0.634989863818575
-0.529181031011571
-0.519041329803429
-0.499919798683826
-0.563877370561278
-0.397763452795465
-0.660734991963027
-0.592510938792614
-0.558865359925673
-0.588809765550361
-0.622259780711913
-0.631294143046739
-0.439016054365796
-0.585177631128111
-0.51527578680281
-0.554389584322074
-0.455803608452493
-0.764422039557065
-0.485002731442243
-0.574100065954833
-0.546798991963318
-0.552466429673181
-0.430318301361132
-0.381302820465428
-0.557267713757273
-0.379972020295361
-0.550578851569729
-0.465294240042675
-0.588680864721917
-0.457308774451623
-0.381431596418901
-0.44616619305926
-0.461743779099794
-0.352088991263061
-0.563219015395165
-0.619575662986079
-0.416904413995914
-0.343610330917601
-0.522459451339179
-0.549621213989421
-0.49439672937451
-0.394728566065789
-0.592363767301253
-0.493820728963544
-0.534063223983912
-0.490215749898519
-0.254158556566566
-0.547435076019914
-0.408915583761959
-0.509198607061856
-0.413570362727328
-0.380924781289024
-0.309133121993399
-0.295953678934969
-0.635776597693853
-0.311812823443035
-0.46475227962276
-0.51094481062056
-0.315389725928877
-0.471466552611126
-0.497087975637775
-0.42143155955483
-0.51504775946674
-0.375911156220597
-0.466014187176195
-0.447690036142597
-0.172938871807318
-0.529314729235743
-0.432040786403349
-0.331391748271445
-0.428585126105747
-0.449368165617288
-0.471330852330861
-0.281878674226901
-0.379841322071829
-0.348597790510686
-0.477958629073623
-0.318862869805115
-0.310466515742444
-0.34947873242303
-0.456298692172092
-0.397738371714807
-0.33637617431157
-0.37417525494464
-0.320600973986116
-0.273661669351773
-0.465446035796157
-0.40490704684236
-0.355297330533436
-0.356089674641843
-0.408807428502082
-0.50382325633604
-0.410425312356122
-0.388683104764944
-0.403657409836129
-0.590604734159741
-0.452571792553393
-0.339123244928907
-0.342672504384053
-0.377255719945627
-0.33826247170016
-0.353059853428531
-0.472541711656617
-0.309523976091513
-0.206512379516612
-0.435014932837867
-0.395941027083875
-0.220066470858799
-0.248886408733985
-0.331897483216644
-0.499901622958011
-0.414321658832362
-0.2202290933379
-0.347618225408675
-0.372918101619938
-0.292475053016475
-0.355047682129028
-0.327659935608879
-0.379719936802544
-0.336189562209612
-0.276378613409194
-0.532889924583258
-0.176596185631573
-0.302668831045555
-0.110130329787799
-0.303991784004508
-0.261574267270922
-0.284984524213974
-0.289532669121548
-0.22337255274142
-0.368745609092191
-0.258636297418174
-0.256222056683603
-0.26527396699776
-0.430428556483983
-0.281113402276227
-0.355079569509697
-0.269350667449462
-0.436488098560146
-0.376585749157143
-0.282263887147048
-0.335079306306049
-0.336149018848639
-0.14130519863142
-0.309468094806286
-0.252473495791858
-0.200354740162137
-0.337767732313234
-0.441227487234269
-0.314381046308135
-0.123926436083864
-0.348917075946729
-0.205104633116363
-0.279511515487953
-0.28309971899197
-0.25188756899941
-0.104689259719141
-0.347654921549877
-0.290593663083299
-0.235386555250865
-0.209507379472113
-0.141869286817159
-0.332349517170474
-0.300775444035248
-0.264415942679785
-0.246117392695741
-0.333782460207853
-0.199044641935776
-0.284376886117124
-0.290621406775548
-0.392362445346084
-0.28863843272642
-0.209614474643483
-0.172157683183773
-0.25546033572835
-0.218637335652391
-0.298260119860596
-0.19550801927026
-0.064934419440316
-0.113025287951643
-0.216856120806299
-0.243294191328325
-0.19035512272488
-0.248197789869331
-0.329425747855443
-0.149422594713979
-0.268015100802938
-0.177024467610854
-0.19104706463499
-0.231628770767553
-0.202864634338016
-0.160582166068626
-0.240638825190784
-0.247871966134854
0.000276274453844136
-0.232541192053222
-0.23842114591443
0.0201282820840595
-0.265413371404878
-0.165528953643182
-0.121275011331678
-0.183175079405331
-0.175856456218198
-0.0445510433324962
0.0589934711223965
-0.0878389292845178
-0.104450735341073
-0.0522788183872836
-0.298580682623054
-0.0809886437949751
-0.29172021490915
-0.138823701794209
-0.197887070818868
-0.0176064142918775
-0.102898400388134
-0.153196938548911
-0.180985631283695
-0.0970374778104594
-0.105797968370855
-0.119518554194728
-0.236749120016827
-0.0616308409485937
-0.0468212396080069
-0.196042727521797
-0.293916753551392
0.0226884738096903
-0.167580796512313
-0.00204242388161524
-0.0959436415730546
-0.0998431068185769
-0.13893569576585
-0.0810791118528495
-0.153006737820163
-0.15994769478892
-0.0873763682039351
-0.0798482861920124
-0.019852868433291
-0.0258529536133616
-0.0853539121268603
-0.127278948095434
0.00657422117327696
0.0431772902964568
-0.132675209600678
-0.0597469397259534
-0.027836743399259
-0.110304480585892
-0.0106492381906342
-0.0238598549919369
-0.0104945078687875
-0.0171085799976079
0.00346799411286021
-0.108232767395069
-0.116422226337034
0.0524928901461483
-0.0766676965328332
-0.176841629891865
-0.0631081107181146
-0.137236685011971
-0.0310139682649677
0.117064389867381
-0.0589566321851599
-0.0576132024822239
-0.0164816113112867
-0.0367247393270581
-0.0955717472191571
-0.0755738349551133
0.240409900787837
0.138590029749598
-0.00420654950024812
-0.127418602994425
0.0200148618787632
0.0336159635066715
-0.050171478804324
0.131021499335209
-0.0438665758774687
-0.0212871271016947
-0.0299551357079437
-0.0521561599027906
-0.187333273863359
-0.0249171878394361
-0.0485411676714839
-0.0857347305368586
0.0676594056892674
0.0561912695803442
0.123769406930359
0.0885454700194348
-0.0560157154331355
-0.0782479672311245
-0.0334172039911682
0.041378837270203
0.01909146138312
0.119368510083343
0.0474008310358
-0.0356982243056592
0.00989057768751988
0.0522384050091983
0.0612170378665385
-0.0211308934776596
-0.0750753607672809
-0.056079536693607
0.0057982993180261
0.0490331208466656
0.0286846067480182
0.0758883447288003
0.071131753295775
-0.0837763106308771
0.265759607446714
-0.127400608421894
-0.0372610358424947
0.00398624695449255
0.102815092221199
0.0500690111180119
-0.0800798113247467
0.0712627464005479
0.15913866150618
0.0742527012633784
0.0911902501007699
0.0408555676474804
0.0339051941426462
0.135520472502565
-0.00638906301961824
0.191504354717687
0.259193422596895
0.0481757598664385
0.0677583828028235
0.021767634041202
0.131738568158985
0.00638113202350465
0.0990604874924948
0.0729812053262216
0.0107337541746193
0.0674806089005339
0.0177671723346585
0.0838943969766261
0.0669834866143699
0.156144293804719
0.150414763505875
0.170169470170258
0.142371174685947
0.100814113463882
0.183077440423003
0.00468477664810917
0.0840883911069731
0.0983050474685915
0.175862220892547
0.213532326667108
0.223726441297509
0.178587555364024
0.106567905082343
0.161448776755377
0.131893600739354
0.0464087515686698
0.152712813600809
0.168809251096848
0.18554211673583
-0.0389161542304096
0.228851906332604
0.117261881781058
0.13217349589952
0.244207237637204
0.314485946304298
0.140564056493866
0.167604056019613
0.0924728210580664
0.125195594434922
0.000427235905123061
0.303606628960632
0.401645671224495
0.138049606766726
0.235400179095204
0.0842672866422465
0.0996465037975327
0.168343140981531
0.309992152098257
0.296122043423452
0.410432488974957
0.0830161738414506
0.261150260764968
0.253132711611781
0.0988349249077714
0.131950440820296
0.230939015264617
0.220587165899222
0.179527809381256
0.106507174263727
0.253591403657642
0.330207100164808
0.314300375881309
0.229884316941724
0.239915330583008
0.210083364230172
0.204906275157253
0.10739303137588
0.332787419709221
0.295783239835055
0.310633603122103
0.368109925623761
0.287178131795993
0.126885168585774
0.255676333053808
0.218324910997681
0.284726106273789
0.287267168897928
0.399395750729605
0.152972679415271
0.300323443293596
0.189532158214446
0.15663599765445
0.217007320479362
0.205799636267961
0.288018406987297
0.259766667182227
0.305903443514543
0.462002603492473
0.359822269064895
0.324116445058898
0.244042371833417
0.372452695026741
0.285606179442077
0.300726570995304
0.192094480608164
0.357086182103023
0.269419885411946
0.29963267969696
0.281566924377791
0.139865613138284
0.245964297366125
0.362091683125681
0.477766122032209
0.31223263977807
0.378618867185375
0.221134430464622
0.309373755460472
0.205495288928004
0.288109102396092
0.33072986302077
0.306053953216066
0.257706380511837
0.366596152373217
0.436953501368362
0.335368131361884
0.310877892248892
0.442179568517816
0.362717256649315
0.381277146507803
0.378719294563103
0.344435033301027
0.25807460735862
0.181478492664451
0.397066503322005
0.483078037585151
0.329272812040018
0.417475728446406
0.485815502103444
0.341961691451466
0.337806993197459
0.35203414674786
0.291607506107619
0.279679134109152
0.493480579474489
0.369774072823771
0.558332581929944
0.418195311050956
0.302353590613141
0.242672286829313
0.321128248507887
0.471347699995718
0.32723359015912
0.430185862429016
0.325298020887316
0.30482373729826
0.518545493243957
0.480863549849116
0.476922524582981
0.346309390437878
0.415897507348133
0.378370686637124
0.585456983684497
0.360093881637417
0.416772985852352
0.393246199203417
0.453591499513698
0.508710323037433
0.412440796763193
0.353927916797218
0.466030253724582
0.309391045632973
0.369548004554892
0.457458632722142
0.442524300478189
0.401165646213012
0.503479182174774
0.447912691446796
0.404189350859489
0.269311394117127
0.37427317434614
0.332353159075209
0.362459145238343
0.446500596420095
0.445131236285385
0.467154574224196
0.352529941849551
0.319545212601158
0.377875615429367
0.488551721731038
0.574833559109385
0.475199060020078
0.54752546611205
0.470647224160172
0.501734291397486
0.480362369346877
0.382806656769078
0.540214627301514
0.436112643477158
0.549299479350335
0.497740597174468
0.500547392434488
0.602277748598469
0.570742552477803
0.512476113112927
0.476406805187515
0.400816271604643
0.388141515955783
0.532320477344807
0.542930977213626
0.521497047221541
0.501913972206792
0.563762889340926
0.536165242695314
0.479311558879343
0.557356910034946
0.47131165090394
0.395545928808472
0.429397361283483
0.525784970727677
0.646906435377693
0.526673164945
0.451717708118422
0.560964680737826
0.636703905227059
0.50603337068421
0.40215075279586
0.391135767978332
0.506446094698149
0.593229019250321
0.552413285130465
0.48725774469679
0.460909852847504
0.422786141082805
0.432480851263935
0.373085461001752
0.546781105155772
0.468820235757469
0.70187686285199
0.632791766068606
0.604289926192587
0.622735893198039
0.532123208155034
0.579990930265139
0.483696315391265
0.525287712495727
0.553540747930857
0.406637415398254
0.770279832932166
0.632870882382304
0.59256170496296
0.630817200859322
0.801618791014458
0.597726997827141
0.591801712364718
0.735197819829175
0.733133701752417
0.694224141269496
0.508477926340182
0.605232897505613
0.581047602945693
0.55382411229049
0.686708381321291
0.629084484356195
0.5589060047168
0.680005828778846
0.575379248982449
0.78191704236665
0.598258044335855
0.595071821667264
0.70930943890694
0.644193050842576
0.708571668292231
0.450290463403949
0.665161752850309
0.600954276848006
0.758779085273438
0.582603107979217
0.55129763990617
0.558026564529546
0.628536404491604
0.754751287943929
0.664748148696353
0.641814425115969
0.778407202074815
0.731525803545293
0.460391903170396
0.640293542035932
0.690943930813239
0.719132568536993
0.561766912790375
0.57807509319296
0.605278194838103
0.542097600205539
0.664037342668805
0.721059631555728
0.670004548663239
0.579777723692612
0.545898700718338
0.618911548258055
0.752065249311935
0.689535188390536
0.738732153737198
0.666507271796405
0.711266593558031
0.580815070139525
0.653038457037075
0.764413254887025
0.824109886733364
0.567297612570315
0.747704935928065
0.711753874732255
0.747452935113569
0.659592299817088
0.640207853370924
0.701799429150445
0.65847883509068
0.792152374122474
0.587728021564462
0.761585590679546
0.593887086824837
0.702267174355971
0.625219404698307
0.699835403344598
0.66999352621174
0.529584992169692
0.532654793333741
0.81311025062082
0.619923519338932
0.663161170914365
0.88798066773798
0.807233064049923
0.8031277557213
0.688204661143311
0.766650558214464
0.720941159090019
0.700365913627919
0.727851000194838
0.804570469744999
0.762135910044401
0.768479391414137
0.812291707972878
0.74541420042221
0.753609627160089
0.762478943935257
0.873996586470131
0.88335976106308
0.879357465062016
0.749804916733395
0.806853796945382
0.779159962445948
0.65519920780177
0.744507238838832
0.914108187843053
0.985518390224791
0.584156122816022
0.741992471633221
0.755423179652206
0.800329624778127
0.752355468564526
0.841049535330397
0.894241493832153
0.583245046495484
0.848147223090459
0.870677162669403
0.80210993059581
0.751362911941999
0.820016239168095
0.65430177750811
0.728159387970805
0.824735175844026
0.797086649348491
0.930304925040411
0.924608743781799
0.823163139405593
0.746829268792274
0.955108967902864
0.750149154764757
0.729872862159148
1.00158185967791
0.689073832741853
0.756728282521448
0.774600673662989
0.654985170677006
0.846006252556588
0.838231475841683
0.925537430639922
0.79564707431559
0.779593632778109
0.876591533640407
0.95650243554613
0.887520137427715
0.672419057734051
0.948575946586416
0.896628570540266
0.772253689098233
0.808612040284057
0.773307045858971
0.742812041607379
0.872866208249188
0.96050530437461
0.675038830631322
0.747698768640853
0.930895962460044
0.843328543675248
0.911842390359946
0.964816055671622
0.748136470016871
1.01865827298019
0.889537164550437
0.90480618045739
0.968452886455455
0.850170124746326
0.817686656994561
0.982746753299086
0.844527452200799
1.08551659367484
0.772381147308801
1.00200057194922
0.688512055180224
0.866934002717395
1.02213973421033
0.857697296815505
0.808581579901467
0.858392092030807
0.803312444898976
0.942856871149473
0.75724767118459
1.01965739490975
0.987026548628103
0.950189112672049
0.911590877185699
0.883142621271394
1.03678729233611
1.06557639371977
1.07091647679043
0.841086810528122
1.02711185391458
0.831850571191581
0.958656340081129
0.756502879210413
1.14526156985796
0.984962807934165
1.00546435125739
0.992033321221662
1.00460141848412
0.93105318240098
0.915630864242876
0.975429149242476
0.978674203413719
0.93277796638658
1.01848152449247
0.980805663962376
1.18511553379522
0.879019273918551
1.00524308968767
0.906309472061067
0.970693371083647
0.884125307990067
1.11209248451895
0.911363785239739
1.12157522826748
1.14883922808665
0.933075758457436
0.985666003838787
