-1.09225657554407
-0.94559678504117
-0.88649457148304
-0.971917793344475
-0.956203273390935
-1.08219858090263
-0.981695679068307
-0.994730042411236
-1.12530584105714
-0.884035055304782
-0.921583844679979
-1.04892979320249
-1.0799328439045
-0.965233800082939
-0.994706120927897
-1.0341856838259
-1.0243992399227
-0.956554908176667
-0.8893203369799
-1.00335387752734
-0.836743748996607
-0.920789102628497
-0.848492416094093
-0.892474094258882
-0.887395571343768
-1.01517897987181
-0.912369118970178
-1.06006356250134
-0.956532914017446
-0.954936387968221
-0.836483714009728
-0.842703911742634
-1.1812280560638
-0.890052076090188
-1.01912793097523
-0.924057478313389
-0.991773687125923
-0.895188603449707
-1.1119797497352
-0.910897138839219
-0.792853271855729
-0.959741442441653
-0.933559589734982
-1.01529011635561
-0.895832424971975
-0.912874799316921
-0.864742129048771
-0.926234163998426
-0.914290734016215
-0.926727094766151
-0.95456876551685
-0.850308082544635
-0.843235200057991
-0.821937210993441
-0.781424207152925
-0.787727722280325
-1.01684318112246
-0.777166050519308
-0.801207493202078
-0.728775976870034
-0.980264899546917
-0.793971703702642
-0.892369371564716
-0.798653635720107
-0.860935175762722
-1.03488976095895
-0.780982032583722
-0.805469332358241
-0.788152217867403
-0.692593259359955
-0.700475816417299
-0.757081250119993
-0.85177227752988
-0.981997324165671
-0.769621723445834
-0.914817444274965
-0.819882854449913
-0.945723980463732
-0.801575826159039
-0.867850687287517
-0.804453548182802
-0.827227685496485
-0.968517838244328
-0.813493575916393
-0.792161056366776
-0.768745761266526
-1.03807989265626
-0.889279662560204
-0.873791428442375
-0.75742355481791
-0.632157666487812
-0.664795406015333
-0.78236539048194
-0.93642056920207
-0.757187513853157
-0.770103948798223
-0.90435355360519
-0.865895980995851
-0.789307585234308
-0.808321444359097
-0.824423832729249
-0.810456513484031
-0.824390509211925
-0.829918999663904
-0.786582394371866
-0.698876301364874
-0.895003257038934
-0.72448020319768
-0.741658164507859
-0.816632319482289
-0.613387994264481
-0.967387595415689
-0.712173952107356
-0.817320331187553
-0.761547556761893
-0.791666985638414
-0.878761177576801
-0.699974902688788
-0.735089933777904
-0.701562820039284
-0.776779986659062
-0.785241477002555
-0.77280613142676
-0.654690748043515
-0.737997612045054
-0.797405710694313
-0.546333773668515
-0.692839994270895
-0.808543794499728
-0.74113310665306
-0.527377831982765
-0.662532681360443
-0.777113832836799
-0.803674501525358
-0.664277943514864
-0.707504140543159
-0.668458185996037
-0.597580186647246
-0.714074835184744
-0.854520462076194
-0.72066727155736
-0.706557313214689
-0.609215588047952
-0.655073636663513
-0.677719481995372
-0.666596349590721
-0.635011049059241
-0.683073719130249
-0.786995673561077
-0.684573845158435
-0.760283582405704
-0.733679873356093
-0.694124717136534
-0.778461779004306
-0.547302468827531
-0.630293437898291
-0.778880801333722
-0.743464331757751
-0.636274029547806
-0.73105506938426
-0.779054781579857
-0.565085832596422
-0.682511471873238
-0.590136868663602
-0.826171535468757
-0.69308896674926
-0.664218208308761
-0.628152039653459
-0.639629850276693
-0.749566024635631
-0.738780443960545
-0.53735588961029
-0.670553620546458
-0.656039138980163
-0.480819519407978
-0.746865023130882
-0.592974651879432
-0.716120918716871
-0.552252742637895
-0.534537424124043
-0.568003559897786
-0.770569670429714
-0.519267292994482
-0.57816680373363
-0.600129698847916
-0.531334089765363
-0.720442770218432
-0.71282945070003
-0.678228693037125
-0.751583116819021
-0.661810133412313
-0.770570988848993
-0.565765812000855
-0.61923257111138
-0.430995860216641
-0.540194212212855
-0.608935299157568
-0.61189210584468
-0.570859337723269
-0.623593561646187
-0.585927680790413
-0.62592391883061
-0.61760466276943
-0.515371065447037
-0.408096087582848
-0.547226976422237
-0.701321894081016
-0.462644901514146
-0.564165401589731
-0.501558578081337
-0.568812570905644
-0.692030119516338
-0.564915785803667
-0.545027153950409
-0.604274341913466
-0.428558461510079
-0.44794225633246
-0.529282655285184
-0.659829122780934
-0.631455850005759
-0.631003382645763
-0.582589321602724
-0.632946867917437
-0.62245515382204
-0.568225394527882
-0.53637905412275
-0.667106182672823
-0.607807852928695
-0.591861576284112
-0.594822520236148
-0.658345591149654
-0.557448209238293
-0.547605315203209
-0.363993978785956
-0.578929471984425
-0.574426779018865
-0.262216452506677
-0.563490724143857
-0.462420479877191
-0.584214463279787
-0.597673232737325
-0.812130318934821
-0.495633247989844
-0.504257116162961
-0.531044977616933
-0.576530027378347
-0.505103868421762
-0.493279403395977
-0.520552825962132
-0.503666307049787
-0.43112548481548
-0.354439946064739
-0.563305310417984
-0.51778830698223
-0.389988061571109
-0.446735163727107
-0.48955902858763
-0.388644733504831
-0.463158086550388
-0.559182963414875
-0.469916092312261
-0.61557055053463
-0.48732868072254
-0.439508508272628
-0.472013872161812
-0.409393230404194
-0.573242082095632
-0.584243395922927
-0.324973052417392
-0.406075951601876
-0.40327273844788
-0.353423016542958
-0.406799888758945
-0.423196013260195
-0.371374528533066
-0.499813908223591
-0.421288324473928
-0.658915236442709
-0.515440950474748
-0.543140115679155
-0.468592004375829
-0.46519827743328
-0.415121106304846
-0.42821456617365
-0.476963908148737
-0.26039561067309
-0.35175645058508
-0.459371761271746
-0.436760917474253
-0.324256632853599
-0.416423581522352
-0.484076396778172
-0.295783806271524
-0.46653794129404
-0.380953489167316
-0.322775863517935
-0.435771412269514
-0.325892103431613
-0.421712189667695
-0.339401989397627
-0.358381912041979
-0.454069853727651
-0.341321471614038
-0.228520970647817
-0.186105831430928
-0.420967330166291
-0.368333608050743
-0.382241612335578
-0.415666868281152
-0.441671000069364
-0.317185118646497
-0.417933870019765
-0.189031460523893
-0.357013204728859
-0.263184073982807
-0.542899810832033
-0.341634935511717
-0.343316393538988
-0.454568868316955
-0.268355893005509
-0.37425453587756
-0.357724913891432
-0.340982838250538
-0.325391765759271
-0.332819235098554
-0.407932110999306
-0.387575503048126
-0.418171635997482
-0.324100520103807
-0.318320719711969
-0.400344706820582
-0.449379922198877
-0.356520325214087
-0.379870098251282
-0.356583855147751
-0.33407642431753
-0.43341576403758
-0.270463589870401
-0.249661896782078
-0.256553171506823
-0.351929251533949
-0.326416715856498
-0.417553220309509
-0.354032666226687
-0.399780916845631
-0.286490389029837
-0.382076054002338
-0.206659047051891
-0.23091765064729
-0.254534950033853
-0.384374304398625
-0.219147653611319
-0.198925704150094
-0.36184577943014
-0.308698410051189
-0.161624955930678
-0.238161340369818
-0.21887130545677
-0.405500160543562
-0.181829923247626
-0.199818174706423
-0.299135389866062
-0.199579088263698
-0.166083928807427
-0.288137055166398
-0.271375376624801
-0.212506410982311
-0.185916337968526
-0.393093330427933
-0.307460722704968
-0.236878485433421
-0.405576903097568
-0.311234454732805
-0.265289728857882
-0.418839455127997
-0.160104915946024
-0.260092489695918
-0.134774256685229
-0.211017262293474
-0.32244570984947
-0.279191822968605
-0.249450192278049
-0.32491730725718
-0.324687949649724
-0.210692941881647
-0.23935626702836
-0.320263683339807
-0.228401446494697
-0.291831960327077
-0.112775534814935
-0.235280185510299
-0.214639406551328
-0.180572964549899
-0.0783950174249177
-0.0936053422873647
-0.0883794415552506
-0.0865755106789436
-0.318893611801602
-0.179872653237591
-0.308038591578181
-0.330444765662352
-0.110535210072245
-0.296975118060807
-0.0880426204140763
-0.179331141369266
-0.205427054250625
-0.169358703422206
-0.105743930390103
-0.143838308472392
-0.279375298208905
-0.183887667217322
-0.0975267429315111
-0.0463700075760918
-0.160503167300516
-0.202604409698426
-0.0962915891883297
-0.182558940738805
-0.274675839336865
-0.174213941941248
-0.143759140150812
-0.146925318842205
-0.242060456142113
-0.110764576056964
-0.156611500712541
-0.27061211392682
-0.0707761404292583
-0.137646026334426
-0.246558313832185
-0.185678307982462
-0.147465615703806
-0.143959190756543
-0.189825273827287
-0.0952441969058511
-0.207640445812477
-0.166870000182333
-0.0419603170608308
0.0314316879131365
-0.109044632948361
-0.038658864296829
-0.26566173766404
-0.158482120880703
-0.205496791344312
-0.131202616788341
-0.083343558816939
-0.221782452443899
-0.0620196790124753
-0.00781419512146403
-0.220442262849482
-0.214068182230637
-0.300515458312338
-0.119757325689379
-0.0935160852822968
-0.219901111638831
0.0229553530546447
-0.065758389660504
-0.127612860327601
-0.0873402303584998
-0.0256835994422555
-0.140478582645942
-0.148833366439511
-0.122101305889487
0.0132294803929066
-0.0195323885604416
-0.0783485891026425
-0.090993468985892
-0.00668154504159473
-0.0355238423268433
0.0748532429727898
-0.235360322390071
-0.189343776561499
-0.086240797373425
0.0133459587842284
-0.118327974656904
-0.0796596211856606
-0.0909267362834707
-0.0694056918481285
-0.0848420823912841
0.00749526513868294
0.0820512391632235
-0.206784019111126
0.0442923060380506
-0.17076187784519
-0.0836309772187804
-0.189721594985462
-0.0344996573942596
0.0746246636109149
-0.0932411231905433
-0.0728108444375882
0.0209647640398779
-0.0420566101465086
-0.00647865626096693
-0.031906160511223
-0.124955403805973
-0.0261792581911225
0.108328607039441
0.168480862902277
-0.12498146308742
0.016937478311524
-0.0117973613418193
0.143152719656349
0.0537084423607372
-0.0235730039996404
-0.138711131502606
0.0700849107125284
-0.0355876090365081
0.0769951780186698
-0.0273615600271015
-0.0338264483960529
-0.076018193204366
-0.0432569070692304
-0.146910274831939
-0.171065630556237
-0.0068174130316014
0.0182572676916373
0.0703534060013986
-0.0371846548522074
0.0180207876418994
0.145095453504737
0.11377561515799
-0.0234931743909858
0.0514774473677645
0.0632703640358401
0.0592196485793859
0.0998084359059368
0.140451146293313
-0.0153119685331102
0.0334491280087618
0.0884820305909495
0.0981807254300806
0.067458046546594
0.0534751145961235
0.139540553418802
0.216588757269726
0.129928817470717
0.140947645555204
-0.0185341499992789
0.175351138452091
-0.0150540458139222
0.0647789433511647
0.157552534107537
0.0225310284785523
-0.110917018197778
-0.128143200036206
0.0528942020013805
0.0800213140871581
0.207117153142035
-0.0137800338553637
0.0489809755845082
0.143578065290268
0.139247333776062
0.140829251116376
0.0747469454752649
0.116503944050818
0.213581048057312
-0.00298429064228036
0.023590107655533
0.259606163572788
-0.0686833865132283
0.136978246912511
0.22224771103763
0.102571851631014
0.109130999471394
0.214959714819467
0.257659230387741
0.176503280716445
0.0778336329577403
0.126560507759206
0.0835206402933994
0.235285166429165
0.165212636985528
0.0608958887952813
0.284951862595416
0.0310443170712597
0.0710252006012944
0.202302033659458
0.109684959393229
0.16702019354455
0.0932459332131106
0.0523847144604567
0.13531905794107
0.158514517937709
0.0754104565189966
0.278252391603514
0.2013867442899
0.249312946400761
0.0299437808539443
0.032013758331676
0.246699211345934
0.0103345137094974
0.302792755831766
0.180767850680486
0.198135320681912
0.202166255726876
0.26190231422839
0.230720155514895
0.163266941441274
0.184688014974926
0.160876632290776
0.234089709176896
0.293067605741969
0.294943603723769
0.133803090623678
0.152092769293615
0.160467351707446
0.257555912704706
0.312087690678636
0.208007709739307
0.172686961827863
0.14221815855443
0.276755784611461
0.300210633927024
0.236007687688936
0.213469503432242
0.149469707623326
0.244676767227015
0.235780620714898
0.152647479231119
0.135482918782851
0.238014840927664
0.23000898566358
0.198256292215378
0.256406433246253
0.202910972267628
0.208592214073436
0.236560932402805
0.186428283788747
0.160880168415007
0.296686362985064
0.37352523953318
0.308380151993477
0.36449672756539
0.232044191661975
0.327958685468104
0.237345775769182
0.0413453755893782
0.160723579315234
0.368979315346698
0.0532180331804492
0.263563596387085
0.216476860379062
0.246265319249142
0.427514709098328
0.395506782088883
0.403591524588245
0.3310733329625
0.268038344248667
0.264482370306106
0.280554901330289
0.277633148531515
0.352500144479863
0.509656551263858
0.436370033862964
0.293142711347146
0.171144473506605
0.227370880641188
0.218992158467859
0.410819512018748
0.300764882763828
0.265444433876621
0.277626479019106
0.36597155977237
0.292736285014888
0.36387396091823
0.332680686978521
0.255088716617982
0.289550269705392
0.330104920944007
0.346740091206923
0.306699075791402
0.214131289469204
0.239902859567082
0.368386354390552
0.338086391549074
0.210672419869959
0.513029001342685
0.326818921692287
0.275043239818713
0.387915078681816
0.305075692899518
0.354201693360165
0.438060198045842
0.40187203116477
0.441722473642083
0.105722040180397
0.324808530697485
0.481223510596733
0.258158184159144
0.413683557584667
0.469934700410923
0.374616652991465
0.431038325463615
0.260837336643794
0.357495762334465
0.266748300316841
0.413741825170102
0.537618606684277
0.254292012136869
0.264982703440477
0.367837161172458
0.38209258264302
0.410421260649956
0.378602959136007
0.391241243749237
0.438296056517073
0.286078630593932
0.47181085340814
0.396969123813133
0.400655161868901
0.327432208738743
0.408445997524587
0.356362064351929
0.394163614583036
0.436917337081675
0.42580557812579
0.476180195391455
0.434817518815679
0.368064796689455
0.463739834512268
0.661542690809772
0.550621045542514
0.390710635497436
0.412491958776774
0.452613805706424
0.484843790201854
0.472524099932596
0.4236177514091
0.370522242007956
0.324583859851443
0.59800726341958
0.485902088816382
0.583283418428861
0.301760725006576
0.544191708366185
0.45697101266519
0.366279355988667
0.525721496469757
0.465304032388945
0.428238037432972
0.424885977253023
0.450156732214761
0.587803189391088
0.50597686378513
0.476944955726478
0.573665969969117
0.367588164930447
0.426650468553555
0.440909085324033
0.564622716009181
0.411776419726281
0.415815004841144
0.469299021674433
0.438596703733862
0.420928543096159
0.498038027847149
0.348030694070531
0.533918261565273
0.60362538710403
0.581741946347552
0.591401797591813
0.487822368338741
0.563750567958532
0.458944515552807
0.516697996172643
0.501022494719254
0.706020478355342
0.515686310123556
0.514577000595601
0.471510336072578
0.546998126440798
0.561577356546032
0.524190337187461
0.520759816639726
0.610305444736397
0.586173774785663
0.730926663769446
0.63939235686827
0.471897154540306
0.398857929282665
0.710899746223591
0.483481552243923
0.453210530828173
0.6032983601099
0.51394102265726
0.633037258867435
0.568196392163777
0.636124958246184
0.62866161788247
0.629422995958328
0.689394571736253
0.610574302657329
0.546574908237364
0.597213521607711
0.570395048733061
0.456353533810104
0.654638147178961
0.634670102554531
0.646803438487313
0.694528389558423
0.626193966238753
0.474121929172085
0.525361151674045
0.606535299220193
0.538249218878361
0.532192595571179
0.517237984376151
0.626909748695165
0.636421171629263
0.671728396320698
0.583394671056849
0.564897393708716
0.806471357965272
0.614371693653363
0.719197185948724
0.684595301289288
0.723691317682271
0.643515436526839
0.683664510327226
0.518014849053178
0.7103711946282
0.600269593605804
0.456856412411068
0.646724718775309
0.425458938935428
0.488024887745888
0.823195176254951
0.570806144070785
0.793964949535901
0.737937421650944
0.586207088754782
0.550531563895668
0.623776042501153
0.694146543319668
0.758376861993565
0.55365682792382
0.716196224918251
0.429057182985017
0.697082927129524
0.70238227256406
0.700758710692449
0.693029692180662
0.808579463742841
0.671649428284853
0.788608850746331
0.685821729751692
0.581558195261954
0.622902930792777
0.728761130892457
0.730016388248753
0.652824795066218
0.790372818857851
0.580972290589451
0.600597862068098
0.665495903909006
0.646512277757866
0.54246686033769
0.69384382133059
0.656482371270525
0.766536808556239
0.641296204882487
0.694940530328964
0.740575907338239
0.796698532779767
0.693609416322826
0.564379823847987
0.672222562635809
0.745876993651831
0.603950199030556
0.587591255973452
0.683009239030097
0.7796899178181
0.852793972281313
0.714638753199041
0.65590517948733
0.739056458418025
0.680169953570107
0.634989336562825
0.733607331893173
0.774471410399747
0.752613626752831
0.741295679169067
0.974482179731218
0.727923652145925
0.888986422704353
0.832765376826073
0.4859039377027
0.721126024003218
0.858221161212605
0.765805452191428
0.785575342439024
0.838248188169203
0.594775447849377
0.727191000961254
0.799001691539861
0.679426045979938
0.824924698138307
0.863400441025633
0.835316406275783
0.770144693665537
0.719694062072366
0.956130216406542
0.960238281700489
0.650995304555733
0.987315205864027
0.938871564410573
0.741048437447721
0.760057085040887
0.844869134396567
0.980019356586443
0.800807659554709
0.871980186960163
0.867577649695576
0.918653575382678
0.913079539490579
0.907262231610177
0.762259404113949
0.78300935239348
0.931756248372538
0.928676720873826
0.849941399424382
0.894025863743521
0.808136655340841
0.704817268716126
0.843854743049507
0.801584740477281
0.948867627967155
0.790140915271743
0.728883116802317
0.798071981970081
0.875660682094413
0.935842777575333
0.853045471536275
0.734044156731769
0.950487317392855
0.8630289194025
0.964549818003311
0.950723090931451
0.892216829648704
0.778178357561032
0.913348439375658
0.766733581884743
0.683609764719046
1.00983299659681
0.964786014168294
0.851429039443002
0.789642136772286
1.03322576067475
0.916348017714479
0.88860697995366
0.932909362301953
0.865721687799556
0.881378938755403
0.955084132087618
0.926864207657148
0.952247634870909
0.765676231951603
0.890871275294291
0.866449910706179
0.864764792377891
1.09497301388743
0.861822130122533
0.897332556774989
0.868353170583298
1.04421014976618
0.911554996346915
0.883029988308886
1.02028727043977
1.0030366928756
0.97139849521785
0.840173402129995
0.931413897935261
0.760911883436933
0.958201608943114
0.883922494884653
0.948139913047137
0.914713078488757
0.8135049881703
1.06910162775965
1.07470768397263
0.913541010457971
0.854491022762049
0.761674431548371
1.0947459887125
1.04372659808217
0.993156741372298
1.06721615228715
1.04543013880191
0.84419078507818
0.996019906409435
0.87865458903471
1.01859805790264
0.864331308295411
0.972646274238244
0.920991211903967
0.957348903572396
0.907780370873714
1.0616013594938
0.987596802898305
1.00628561768555
1.03039446677127
0.960330465595449
