-1.09130755737991
-0.954796798176746
-0.890930771598797
-0.981847014276653
-0.942054868342277
-1.07288340578866
-0.973568667263496
-0.999432540051544
-1.10983703051983
-0.891244873265542
-0.919756128905675
-1.06469740678534
-1.07804195886721
-0.95396723914976
-0.996738160650023
-1.0400965975757
-1.01540699786074
-0.952291357205477
-0.882669046913861
-0.992334580842457
-0.839424763374516
-0.929485728073732
-0.854965312840144
-0.909491776384805
-0.892433389504316
-0.990193934291392
-0.914771700518107
-1.07237023791891
-0.957610191391896
-0.945323495697606
-0.793498731302268
-0.85667773106236
-1.18401608545309
-0.87881973679914
-1.04062552585831
-0.939140559389675
-0.986197933543928
-0.911209016833526
-1.09810527435795
-0.922004107179794
-0.773712582962725
-0.976109043342262
-0.937140730798408
-1.01660056881999
-0.880175112263756
-0.91127444131335
-0.867760798700202
-0.943067707822276
-0.890000818755211
-0.926864903812306
-0.971862278968244
-0.870917190885414
-0.851596628377683
-0.826789186035308
-0.786952615204306
-0.800283647156732
-1.04279082248761
-0.767788233086865
-0.799428506929509
-0.743146217454347
-1.00457161776827
-0.790066871842709
-0.901421304364444
-0.794776710671449
-0.873560696781637
-1.04921021226489
-0.77742743213027
-0.825796101442745
-0.763678558027734
-0.710060150689034
-0.688557815415313
-0.738263130599536
-0.858470032888681
-1.02102034830477
-0.761514942295077
-0.936683236979778
-0.822823376716232
-0.949415853191287
-0.771284896280735
-0.859760764101926
-0.788621019079745
-0.831455178515306
-0.966079506275089
-0.813131279863569
-0.794783705745845
-0.762175304262213
-1.04127590902818
-0.886360320627719
-0.882537647356379
-0.744752012514719
-0.634820867517841
-0.648496744381684
-0.759849864172914
-0.919841989896148
-0.771127455089823
-0.764362014281126
-0.880881922837219
-0.88031862878728
-0.796692231393995
-0.803106546541067
-0.836491264596215
-0.821900750099008
-0.807929202210904
-0.8641915333934
-0.786189860321597
-0.716122771146817
-0.887903667004783
-0.72882172512762
-0.758544063233809
-0.812189482272976
-0.617306799127566
-0.966774884564045
-0.69459774715693
-0.8389404194971
-0.786177708731132
-0.782078645558768
-0.888119476178651
-0.701502012826617
-0.740363455713839
-0.707473814495744
-0.766035544496586
-0.806437739521123
-0.787309601744425
-0.644042220420264
-0.715997899086285
-0.780698198893172
-0.558333567740378
-0.686738496607354
-0.785939489623504
-0.734893573289489
-0.536009709080313
-0.66424715405797
-0.768106907569376
-0.784910266046825
-0.661753894698382
-0.709191177601015
-0.679892399033072
-0.627828037093632
-0.722986889037146
-0.848803022120936
-0.714411533924253
-0.700969958649741
-0.606237444015388
-0.659457188487876
-0.667749075683144
-0.661953213909864
-0.632484269532726
-0.675547798032987
-0.805756830515614
-0.701031115511815
-0.787581258968542
-0.734309847966058
-0.661454666235814
-0.787401593955095
-0.532032017533714
-0.634678910099335
-0.777711276821486
-0.739425826471978
-0.652944037954414
-0.735137288878803
-0.749264678263
-0.564023105619823
-0.695655766589283
-0.599653265620151
-0.831887191255602
-0.688419544085229
-0.656183849400868
-0.613875010095872
-0.66186791031524
-0.751346272236536
-0.744806355472306
-0.557111816853664
-0.6684267315055
-0.636890467709161
-0.449546670076401
-0.742639322874759
-0.576638061486918
-0.732559108700152
-0.535532035304071
-0.497092570028569
-0.571721581964183
-0.761121791307823
-0.524074005134632
-0.581279372891505
-0.594838515328221
-0.536223554615813
-0.712093248439575
-0.691707507114361
-0.666423808899038
-0.742174210261787
-0.654573585742396
-0.749530210224904
-0.585975376496064
-0.62739719748411
-0.433209920772778
-0.544120176563021
-0.609161904231842
-0.596030588753816
-0.563529983658171
-0.617231168596719
-0.578173813127743
-0.641493800140129
-0.626203751132165
-0.502644370687641
-0.435455990619507
-0.538848465366842
-0.69552894445852
-0.451303817182133
-0.561359941883155
-0.508791573026634
-0.574896154253183
-0.701968745740445
-0.56589769808911
-0.532284717413203
-0.609756704597741
-0.400469166870117
-0.432636429828845
-0.539703994953962
-0.648880533538758
-0.654122314027785
-0.626942789438165
-0.587040300868763
-0.625815471170117
-0.624640758979578
-0.559087470151872
-0.542137765284418
-0.657232026619309
-0.632140114412023
-0.576482295696525
-0.585705937903422
-0.680556926221685
-0.573699283550006
-0.51464669639835
-0.387122288527387
-0.579914920378801
-0.575954226993703
-0.253450032137113
-0.558177096757602
-0.46660786125176
-0.574311999059844
-0.604690668566025
-0.812541627572079
-0.509844015387367
-0.490617610920324
-0.539639644476035
-0.594942381213552
-0.512139910627404
-0.476853864927984
-0.493125590114536
-0.502139509122301
-0.431247572093165
-0.36574542995511
-0.586413892006262
-0.516222556558204
-0.400070109894076
-0.442955609783858
-0.47935984982818
-0.396091928903792
-0.456980293452529
-0.557097586382541
-0.483953214026579
-0.605541209987137
-0.490529695856744
-0.456385018308416
-0.453676084875951
-0.395588087686415
-0.584540815465393
-0.602827988533791
-0.336443071152792
-0.424040102461616
-0.397785619803353
-0.364766046529897
-0.412133865849259
-0.419822327462512
-0.369611334076569
-0.508475022301495
-0.426046514062165
-0.684134737268007
-0.521504772019627
-0.544153098392002
-0.459178444277918
-0.460082375758386
-0.434264273721055
-0.438189658918928
-0.474741432915477
-0.280434170487282
-0.354658846024442
-0.439243468744595
-0.409359565345672
-0.296353818682983
-0.393553200901906
-0.485926633931617
-0.270512258935812
-0.458242691025285
-0.387833316784348
-0.315978933657878
-0.426931652014949
-0.326976526648302
-0.399014982240849
-0.318651019167196
-0.371271294693485
-0.432938116498866
-0.349414456851739
-0.233791011135624
-0.163512635726865
-0.425448282190622
-0.395844781465551
-0.378386872567851
-0.424641795873618
-0.42573735025869
-0.31264873633359
-0.406498126437322
-0.15230528315625
-0.34755467424663
-0.276405383568195
-0.537411358603573
-0.341027759017703
-0.344314836879299
-0.440811719226971
-0.269188426331695
-0.384317368871288
-0.36434026217191
-0.303013069297415
-0.309735862742364
-0.332509466981551
-0.413019022339427
-0.36436435019473
-0.435236475855752
-0.315184395416101
-0.289000886960213
-0.372958897098523
-0.445209541770931
-0.339924471723008
-0.390149302957508
-0.344084490504974
-0.335098212835376
-0.428474345796429
-0.285638716220997
-0.260405173334799
-0.255441001851128
-0.339871218697457
-0.334901826405903
-0.426477702041643
-0.378716252067609
-0.402448827600526
-0.280936989683026
-0.364246694907692
-0.197539781598983
-0.222992587263438
-0.263407024272095
-0.352464512425986
-0.209776533792924
-0.219545362070278
-0.358890829015842
-0.30340815819753
-0.159720849315519
-0.223187446355296
-0.196671067689718
-0.395618452480118
-0.177857233110192
-0.18977175733084
-0.319047059016921
-0.212348828704197
-0.150542935931999
-0.322962255417242
-0.265173666779279
-0.204350968640323
-0.183466117199915
-0.403302782803049
-0.303233604455811
-0.237494654826663
-0.409311406340717
-0.311172553531268
-0.252947105388877
-0.42011262371539
-0.140017773749621
-0.265761125823355
-0.134300060086457
-0.210888270929331
-0.33053610839047
-0.29101476989168
-0.23836701387962
-0.345316543762961
-0.300137966032447
-0.224601277621366
-0.24871226482699
-0.3223369447621
-0.211650795889459
-0.289340842862531
-0.108478475497803
-0.236029269957308
-0.220315663048731
-0.195181711774459
-0.0903574463394297
-0.105621448200952
-0.109769131663882
-0.104557243192694
-0.309494322761845
-0.176883270179929
-0.307259810689986
-0.342170728979459
-0.112729054169783
-0.28813759989965
-0.0839903415856442
-0.174933037882689
-0.204248804219918
-0.163155493474256
-0.0952523809167281
-0.121592059643897
-0.292531194830434
-0.196217782505885
-0.107158527881368
-0.0667124846753461
-0.174027637708865
-0.204160715546284
-0.0828688497614087
-0.191927524418267
-0.273923703906485
-0.157093172399976
-0.157339208718461
-0.14065146404416
-0.22756840945726
-0.114060198823836
-0.127856532263886
-0.249211070294755
-0.0601891062431565
-0.152059482394847
-0.23011008563225
-0.173068359333969
-0.156552548757676
-0.131882931960398
-0.176740769089628
-0.109015497615405
-0.177822918163473
-0.175442270265894
-0.0613917559574686
0.0175155083690492
-0.119199914561287
-0.0598131826905346
-0.25844879123688
-0.158177934702259
-0.219459560638979
-0.116707957227048
-0.0943603873395717
-0.218217973958997
-0.032234072076656
-0.0114006434841136
-0.210152320828182
-0.219865292300235
-0.292541216903392
-0.126069586164974
-0.0903200074862164
-0.206051751389658
0.0256600220769976
-0.0546478304004751
-0.105864530845242
-0.0545576714187158
-0.0201491778252292
-0.120331863273375
-0.156874692582074
-0.0996904034860388
0.0104445867224923
-0.0167293238876381
-0.0613060836774395
-0.0993835951175906
-0.0129559262550404
-0.0430166069745469
0.0874301825096266
-0.21333978070288
-0.194945348331783
-0.0905759439530406
0.0186372906006066
-0.133483428136478
-0.0775880907883359
-0.0891570139211879
-0.076219536204785
-0.090930349277062
0.00185552500952997
0.0860210673603271
-0.185001754454803
0.0638109389032902
-0.187100039470164
-0.0765014983392862
-0.224388802703168
-0.0287376440419799
0.0953808751847243
-0.0960129337303076
-0.0821401575013624
0.00632909426703798
-0.0422380345892443
-0.0293577574049687
-0.043492380395183
-0.104998961103962
-0.00945991215748156
0.109356232496836
0.147557857105605
-0.116834111210324
0.0271590237281008
-0.0073526695918073
0.146037551212399
0.0539051189167737
-0.0109285591516595
-0.150807916464569
0.077087162832743
-0.0452117322291945
0.0698264952963027
-0.0421829827268287
-0.0251713407740418
-0.0502029632536883
-0.0475168914322511
-0.13502684724145
-0.142522583932967
-0.0127596313424868
0.0108023348050296
0.0549233815318052
-0.038743530401761
0.0295438628674379
0.146027236101658
0.130054425836358
-0.0241573969950707
0.0334200285039421
0.0844522044856988
0.0510054810282289
0.0974524799376573
0.145208604397132
-0.0195624107590168
0.0320513926007354
0.0852142728950019
0.100086873930435
0.0572721513908013
0.0714947867519624
0.152732416677963
0.223284501823055
0.1427115208637
0.150862055512202
-0.0430524527027205
0.180889151341909
-0.0294564013014748
0.067050757308077
0.158688750524153
0.0398317337518857
-0.0903802796026854
-0.135073471481155
0.0366907889699148
0.0767520857734579
0.224259463465539
-0.0191805740633253
0.0363062781370449
0.114621627522531
0.162871207319113
0.137605559322947
0.0702322586641462
0.123110870384747
0.231751168165311
-0.00201225924823812
0.0261815672988882
0.252400355707858
-0.0548810887622395
0.146751680989248
0.222922733138856
0.0923720309583076
0.105351661804064
0.210922932896287
0.237077451110788
0.176382953558671
0.0927228098370984
0.135099726094041
0.0852769281123841
0.240160300015674
0.176474342372703
0.0842967836752399
0.262158566181345
0.0321543520499357
0.0745586878288858
0.174818413925583
0.109557269289247
0.144873939714873
0.0852225148947275
0.0681872057032539
0.146002834781146
0.137184083059502
0.0518115638504504
0.287673511796809
0.196272588188331
0.258066322318548
0.0293530132124555
0.024040813752661
0.22990890797959
-0.00236231167903985
0.301246562469124
0.17087475523219
0.208874001588485
0.201352275799373
0.265978642478517
0.235272132684842
0.179420015553705
0.185605313282801
0.148954196328547
0.222007555172605
0.29038366811748
0.311392057101457
0.125873870679039
0.149524728029583
0.142794424020735
0.249711037499022
0.310715001734242
0.206180659839416
0.184114564544839
0.144116594758464
0.270742444654695
0.294809462570162
0.212731069213778
0.239867574191452
0.149057327673273
0.276329064763611
0.252241260547302
0.157804317191118
0.150038986416943
0.245559372474682
0.236675022779015
0.208184249784671
0.233584945815401
0.222917671927453
0.212315204668193
0.236419148183629
0.190925690422769
0.186411362346347
0.307808237262229
0.353774049947658
0.293449321774201
0.333722555847448
0.255766119924762
0.346088231784085
0.238170753560455
0.0193560475475333
0.178597005376611
0.388188329689176
0.0562522560608286
0.266496911154978
0.243907386848262
0.257641512510431
0.439548518947974
0.355569006065434
0.402879843082153
0.32050665792798
0.245815423316174
0.272202170378275
0.290026618834881
0.289835376866865
0.362429955723018
0.515410540903709
0.436938961265159
0.284037932738353
0.183375918891885
0.226836692057201
0.195183913255376
0.436795946323952
0.280158561883536
0.253575025170659
0.256349278997514
0.360657795906022
0.31685177900397
0.367435942023746
0.380467872183635
0.253539876371158
0.291879729651889
0.330093876581129
0.332569757696419
0.291431193200049
0.198982947846918
0.230447383372242
0.358876863051949
0.349434909257688
0.220677082449347
0.513230626307897
0.319768074399968
0.265883046778092
0.390366961072044
0.316998284972468
0.360284408007432
0.438509454790587
0.377676855438628
0.421928700678125
0.122633677865864
0.322956643737547
0.491007517064912
0.25721164159828
0.407930855354086
0.461367982704374
0.370522267260216
0.424392099332065
0.270760302708705
0.348374692557497
0.277123683191036
0.408370320396213
0.525817770404489
0.233803046388326
0.261979167099371
0.386973887687298
0.374233539066999
0.4127719047184
0.351192703604778
0.381259355933966
0.429404778013498
0.288048674790079
0.450783159840401
0.393840644522212
0.41411542121231
0.305674032088974
0.436557832219531
0.344818656858356
0.381918626271076
0.452166843901247
0.436630931575168
0.501352797682277
0.438695669035495
0.379222786770405
0.454293397361676
0.638181192580319
0.56032872893918
0.39903403005498
0.405670875571942
0.46411692831738
0.495656658259538
0.481243123278013
0.432301207019242
0.370828261020457
0.344819828916375
0.586740168733268
0.509719368832368
0.609949940074149
0.295338803705224
0.531781417787677
0.442747615386747
0.369800751111159
0.542895584030212
0.442960050140601
0.438627714980856
0.428175661782844
0.451633349038331
0.571056427496759
0.501657203671684
0.4690814962715
0.555592371609301
0.387121376580991
0.440599368107987
0.417745274780881
0.57012287763656
0.391440249262196
0.404529457566677
0.454497125676801
0.429832369707788
0.427466179012184
0.488883067654736
0.349375635327717
0.534271373314009
0.612135371241249
0.544373249383453
0.581733418222234
0.494295026774552
0.563234869742145
0.479630423700835
0.520725655709996
0.505547444087548
0.715376009122045
0.531812674000974
0.526388817454692
0.463856152201676
0.550008176387255
0.55646065168194
0.504046985894107
0.507861965118328
0.592344051800669
0.591929824784968
0.730541149416134
0.637972433974163
0.461293969410134
0.401909121711549
0.701223599228315
0.470639944362783
0.457313018299018
0.614314127670891
0.52305076009941
0.618759545577159
0.557038300536806
0.641346273958775
0.613382879910168
0.606723782401791
0.681167492756947
0.592303970811081
0.549783377682121
0.600594728294987
0.574764666352589
0.474412181031791
0.646237875744024
0.633825104083951
0.636990293067951
0.690143326284482
0.622167134824197
0.495526430112978
0.513794658350833
0.607727683236684
0.531189830640995
0.518828275777797
0.513875846198735
0.635505751942198
0.621401719789906
0.684444151975836
0.583976320426061
0.538582294997207
0.811354224985311
0.615459584517327
0.71644106634941
0.68948955893359
0.717047377780989
0.647074251032438
0.705246718876316
0.528117550386522
0.682499749344629
0.579488662912428
0.475592219365776
0.644124967098296
0.414931210278985
0.480766721362239
0.82281461726464
0.547623157874618
0.792745679652399
0.734295125202386
0.583275684493338
0.561693675758777
0.597383225144875
0.69993565671366
0.737876782596472
0.520697364610974
0.733206138529171
0.439724429693376
0.706238619539781
0.709098501938756
0.677437672395523
0.69193870896687
0.776508335610771
0.655776889102912
0.788179463038358
0.6872984942614
0.578227337388581
0.626766137738185
0.745617214903432
0.728944177686243
0.668290909266037
0.776693594355816
0.577404830304091
0.613216677226806
0.673583451104141
0.663846317631051
0.531862807591061
0.704809700467363
0.661424054366519
0.743785103046052
0.660978515700589
0.689750543862481
0.7314151687186
0.799565228722865
0.691851960034353
0.553977871226846
0.68114254937115
0.738539705693294
0.612593547093546
0.587013015072789
0.689117288551718
0.792861009449023
0.855913869481902
0.704638044570701
0.678654087061966
0.743199650750828
0.686929174757809
0.63455086622793
0.753495791729948
0.781731724148573
0.774612534494575
0.745872432080736
0.974396512375634
0.731204424542931
0.9012171111206
0.853036923894873
0.505365921887956
0.691596916677081
0.85492407432558
0.787912938812293
0.803660163062918
0.827014332648634
0.605113990818771
0.720971585895824
0.826465107814313
0.683796551618794
0.81229485341433
0.883376862626344
0.858463723152929
0.778594154031958
0.733289720522852
0.937075923902105
0.959489799771647
0.640466120258402
0.992801821374142
0.918719835199161
0.754585060759124
0.761410520933424
0.839381926105752
0.962257667202565
0.785132881900093
0.874279335736739
0.869894456163645
0.919991400038926
0.88495645164325
0.903621041799788
0.767072084381081
0.802002224002821
0.908090873371061
0.896929159252318
0.853209294898168
0.908570440130215
0.8228658501124
0.681551791690766
0.852399719781997
0.783908527054068
0.936292852954214
0.780853192790516
0.737601986724547
0.787494670502737
0.881472469020501
0.943289838674791
0.848609832094718
0.752297551734909
0.926532691166199
0.865469680774568
0.955622558582245
0.9512803461905
0.913662490822399
0.792196433406976
0.920583587001584
0.755988152037693
0.682670305185824
1.02094009200259
0.970119972213773
0.858158908499622
0.789037787437798
1.04013547626067
0.895146428372456
0.895827714893585
0.943001641628242
0.864393712986555
0.89514925167631
0.957127110592552
0.940247714838932
0.951006688554152
0.774094192778553
0.897372824666029
0.863927747747078
0.877369289873517
1.07153438283756
0.90187561568205
0.905455271555289
0.87855012627269
1.04789069327229
0.892439557806234
0.891384615315667
1.02790387023174
0.981934497387075
0.975744325230633
0.847896036023936
0.941242532633351
0.74194202461763
0.941370131549644
0.866468025619197
0.93218702363785
0.906003474459397
0.833936046726251
1.08327373838537
1.06995470923259
0.914693194194191
0.861800859197342
0.767773269938104
1.10302428882558
1.04060632788467
1.01384238369385
1.05171541492526
1.03997633353349
0.851951027048788
0.983441917536141
0.869506836148651
1.00611193143407
0.842754682907982
0.973365407242784
0.931897347937582
0.960682711333687
0.926728520884325
1.07202837658445
0.984568119653977
1.01450357313006
1.02862195383899
0.96578930367652
