-1.15826541827696
-0.815709640685713
-1.00034590663865
-1.0619391747174
-1.07340084011426
-1.0332000881542
-1.04040289672385
-1.13282927823576
-1.09380512294414
-0.788063992415269
-1.06880487996464
-1.10177023421654
-0.906540418346282
-0.97199336383304
-1.00256043295835
-0.996917457790936
-0.961752925731234
-1.05506794168108
-1.00097022867457
-1.05407293251289
-0.891889546543054
-0.967861854734247
-0.738491066427013
-0.955969011527777
-0.894482504510408
-1.02457863509591
-0.94912996035366
-0.982833308822043
-1.00867093856361
-0.945718576675702
-0.735156611361344
-0.981685835121774
-1.0277087881727
-0.881008597730401
-0.838555259929109
-0.846443077726887
-0.878202502495445
-1.01927001486413
-0.92635357362726
-1.1087714794151
-0.745548610228177
-0.935418510061536
-1.02250505929566
-0.909211303627274
-0.970977131648471
-0.979532129043362
-0.88185736711199
-0.801698115970989
-0.867864693917649
-0.904698501807694
-0.85770424198158
-0.968130145895292
-0.718171679978232
-0.825761619350284
-0.88220095963181
-0.914352129658693
-0.950585783071855
-0.846375087329882
-0.794967567467929
-0.859409133665594
-0.906778231048346
-0.909066808947984
-0.740783557387428
-1.00641115814478
-0.737266052755035
-0.926238246393998
-0.871437371599306
-0.937458009585927
-0.74152594811828
-0.817079624699674
-0.823616013424588
-0.742317230523652
-0.906799743550617
-0.759896428630721
-0.830981706629529
-0.853666276846888
-0.879798402847686
-0.929139698254368
-0.767632661880745
-0.739378306354049
-0.872090289126443
-0.752015601655724
-0.78864371705331
-0.87097913750486
-0.925666622052791
-0.778881875249312
-0.850301596103955
-0.848318427283529
-0.830874879986867
-0.876625318826056
-0.870080514429624
-0.869749977660584
-0.872771889806982
-0.808091534065482
-0.80884687520136
-0.809339204269279
-0.77421132970318
-0.887620365943767
-0.837551851771454
-0.7162009449378
-0.837629875062907
-0.845561058437387
-0.831406317649928
-0.65055591436915
-0.68527162800451
-0.958742443666283
-0.926491589794364
-0.571179320445488
-0.850015706857498
-0.709794732264642
-0.745014868134205
-0.872799091025923
-0.779358656792642
-0.614807531920148
-0.733982757663207
-0.857311351041449
-0.766949298300986
-0.745043130521917
-0.937074320395795
-0.755034995809129
-0.647092109747798
-0.84333490170905
-0.864223640746908
-0.724242150665976
-0.608400807313298
-0.843284128483741
-0.799240469505733
-0.589897378358851
-0.731850776695332
-0.631231453360889
-0.817932305831024
-0.770655896966154
-0.789218400523121
-0.696408870545783
-0.729878378354707
-0.694407491405226
-0.652154840054674
-0.550100635210774
-0.543072117555088
-0.78284789579641
-0.760707025312892
-0.698547679408665
-0.778286856812515
-0.755823104515322
-0.680207123711811
-0.74119531729815
-0.737569978581289
-0.818526154786271
-0.764762369700723
-0.566010893501705
-0.675140770818859
-0.770425171450341
-0.736262930824083
-0.766976342474151
-0.575044314578448
-0.651496002072187
-0.762323528367058
-0.754841288954528
-0.838276356130396
-0.663021293358162
-0.732219090910573
-0.63886445868684
-0.792968321844747
-0.575708010678883
-0.664678293438574
-0.675458105246013
-0.71676868186704
-0.544099378540173
-0.763079385507762
-0.831915836561287
-0.744197437889732
-0.624615824722865
-0.636276314556441
-0.570192344377461
-0.56838780975701
-0.613871691500321
-0.849462351373047
-0.58271974002317
-0.560291647896011
-0.72847467955734
-0.57929324278202
-0.466262140461553
-0.52080941198158
-0.739372053700839
-0.479825011475248
-0.525081087910982
-0.537067557125436
-0.627179686809574
-0.672470162588986
-0.586005663756518
-0.595560173274543
-0.597238761051522
-0.571150097790583
-0.606144472766974
-0.541423916687895
-0.618002737414903
-0.733739399696887
-0.61067724590659
-0.685892026186911
-0.553181663933608
-0.678225568861713
-0.466362594594183
-0.751429258559019
-0.503516048405527
-0.560578187236481
-0.553221790602188
-0.602189841438239
-0.474378752633672
-0.483187196671685
-0.577227671824959
-0.602703638900208
-0.673477340000875
-0.466193504354082
-0.513302711841052
-0.665599559778898
-0.510086310875939
-0.502224900699454
-0.692951333171522
-0.544656886545972
-0.554640536869983
-0.488257762058464
-0.590001947822861
-0.54312719213471
-0.649265473569876
-0.612264284532064
-0.549888454105643
-0.59823658072986
-0.688525828057935
-0.56861642668315
-0.579078195108978
-0.615316287393796
-0.749861161641836
-0.483866060483834
-0.447104637719101
-0.452223702578022
-0.463879162753827
-0.433628058082736
-0.600561844503282
-0.547707662177676
-0.564489427072809
-0.740357254319502
-0.280859033314684
-0.459136298632614
-0.585803688266729
-0.446687679297939
-0.452032599807712
-0.535492754639199
-0.491206797836457
-0.438574507700545
-0.432292916431588
-0.525231900274764
-0.520749747493301
-0.449782393553314
-0.630572147597724
-0.516770623349667
-0.509298463732638
-0.387769628047044
-0.459884655368515
-0.503331593960764
-0.447107917819632
-0.65468611659737
-0.373566496127155
-0.545124962682834
-0.446361016731396
-0.418132182843856
-0.599470064640731
-0.534096554300173
-0.48863765129259
-0.391351674648303
-0.438755107223989
-0.487273094288524
-0.49542189167978
-0.431335026426214
-0.303561048862023
-0.547285846787209
-0.427893973987553
-0.582896050927009
-0.478192350856346
-0.511522225671812
-0.366399610222235
-0.302866955221507
-0.436480940672563
-0.453165021986468
-0.414690644058352
-0.367615017424019
-0.345134662634609
-0.438262741842137
-0.324247946662258
-0.558248331064507
-0.362843660755094
-0.496075866951239
-0.592184508627686
-0.431231373794053
-0.353036634647425
-0.559348691408809
-0.389768441482596
-0.46828619710426
-0.358044327911374
-0.304932977719078
-0.319206956714276
-0.39789468824738
-0.394397578976843
-0.316434427357515
-0.380332314759155
-0.402986011614592
-0.475129675255696
-0.424805096704849
-0.360190561929625
-0.406754352492866
-0.4354411083373
-0.241191514495712
-0.274885935536417
-0.379748051703446
-0.426881536145698
-0.42727601824717
-0.49984291274516
-0.245086697588861
-0.438981289493592
-0.318620231018996
-0.364347177284501
-0.320107474292257
-0.372603898416575
-0.366351860747041
-0.370877923181002
-0.316774388935514
-0.346992711626968
-0.432755664312357
-0.358196727737112
-0.409179565028859
-0.42436135269063
-0.320958005398197
-0.372287335953824
-0.211283540741855
-0.172369348787736
-0.331805793212629
-0.303664844951394
-0.234831975484714
-0.286355168619018
-0.237407315971441
-0.264078341404372
-0.358435449305737
-0.278145748337553
-0.278818038226109
-0.313186411097869
-0.3011207085028
-0.27112254732723
-0.46754705361155
-0.440859920901624
-0.308093787114928
-0.266847215977001
-0.363676615377258
-0.320717033293742
-0.377498112349102
-0.350235701924229
-0.373228467400019
-0.321645011800386
-0.206200448480202
-0.311540116529831
-0.368000683615699
-0.255983362040442
-0.249779297963652
-0.213038020602022
-0.315291812419003
-0.219771354388999
-0.195350810832429
-0.172277399591382
-0.184381129460358
-0.300350540703842
-0.200573817783225
-0.264650148265596
-0.381546494579827
-0.223107625129404
-0.146677059045306
-0.150075706497867
-0.341143638804548
-0.400399517966356
-0.277330873753205
-0.359912520493221
-0.301986401182293
-0.318409594427331
-0.268513854728413
-0.303411105029923
-0.196238944181746
-0.238146685413424
-0.208322520641672
-0.242874131166121
-0.268957579579403
-0.220518086763382
-0.230321662242276
-0.183233675991892
-0.16120682402856
-0.252318300211682
-0.294605971920288
-0.175904404398474
-0.208889109878562
-0.167872170606116
-0.31713044280941
-0.236070244855348
-0.192761783050165
-0.151316278954141
-0.249679037539534
-0.121320811674929
-0.176081032730383
-0.205735354158899
-0.26677590510178
-0.146657400342538
-0.19183609769726
-0.246862968982969
-0.129528647401381
-0.0743322158727587
-0.165221314445134
-0.31184259170241
-0.172542694302941
-0.205267624090855
-0.230121862872625
-0.165872941608592
-0.148378121205369
-0.161566902633536
-0.199883500677514
-0.408484883978539
-0.299839134886228
-0.191753849337697
-0.0748079656170366
-0.00640511436616838
-0.0593279869476796
-0.313031615845765
-0.0612685154131808
-0.229941629213956
-0.00413945717583846
-0.0893750402747712
-0.239261783424099
-0.106094789879812
-0.268679412192827
-0.0977622646697968
-0.134319862290339
-0.0431642157334399
-0.270278649295129
-0.0682843236911483
-0.169238384473601
-0.233726499504614
-0.0278145778171931
-0.237677799717591
-0.099464867568029
-0.1436698161651
-0.126036153256736
-0.0874583744485015
-0.226168451964039
-0.230153417970226
-0.0631756684015669
-0.283831542425965
-0.11225987607627
0.0947313500087211
0.0134774025953484
-0.102189546130856
-0.0869323920932388
-0.063404370904288
0.0426779980265113
-0.00977805342836688
-0.117180070377507
-0.170602152295974
-0.212418607350405
0.0446473746861162
0.0170746991087431
0.140681147987314
-0.0633166489217287
-0.0866311752946875
-0.0684220273149414
-0.207290700776078
-0.203916328309127
-0.176981435250025
-0.0555772900775284
-0.0695792435541259
0.0163662666397095
0.096508590290698
0.10976385880446
0.107373835628552
-0.0601908008526951
-0.10940222620339
0.130466964044585
0.0453790535839875
-0.14823546466518
-0.108187813884796
0.0108640371928595
0.045663363776189
0.156159532855603
-0.0412595007428635
0.193976682418463
-0.0169098408725714
0.0471767534743873
0.0147215319555082
0.0448800916741994
-0.0467481287290127
0.0494174243797349
0.0261132572135405
-0.0653248045108491
-0.118475229833043
0.0868434613526818
-0.0154544697429513
-0.0535306733839564
0.0577524892147091
-0.127388380698917
-0.0134157142227526
0.00304307241554169
-0.0765796882525864
-0.0710343263533864
-0.114382731016105
0.0235782107254485
0.0234088178012822
0.0512324387711922
0.00512040638241095
-0.0598257643682603
0.100185997782931
0.0587479704869926
0.00625195662555096
-0.0818658147256853
-0.051735299138999
0.0625264030127331
-0.122755170324675
0.0343713670348186
-0.0902550862983564
0.0709950618519326
0.111064162356771
0.029004916933837
0.0279626461580991
0.0225493621759522
-0.0833730047573872
0.08853433434453
0.0849199971057405
0.075147647618448
0.18566703491326
0.156561603537312
0.0572616937603541
0.123007871748494
0.220540634003946
0.129329773484469
0.0644178124576686
0.0641807014382521
-0.0903304770172214
0.0792963370550883
0.0839754837848447
0.0937167532614311
0.0925714809004446
-0.0329385362101862
0.077568131983206
0.218449871794181
-0.0330859651497681
-0.0146747505134995
0.0850155122393828
-0.00893380076256243
-0.021848564336014
0.166979204494694
-0.00461608459231022
0.0807733389752338
0.0534883785207442
0.0557220794601169
0.0504315686987257
0.128212737724017
0.21504363390928
0.247184574743715
0.0805683133748494
0.189112073400305
0.0140564978355838
0.172840346490111
0.224983264516799
0.167114503300798
-0.0161264426394443
0.286178071483866
0.110510430190574
0.06461388668517
0.213512229083641
0.0630370981018382
0.213737758871419
0.134150793176733
0.0683391801703173
0.0964870274429313
0.134635745052568
0.124686892063224
0.194601512386789
0.0800625533848778
0.198817779142814
0.0356164606611212
0.123130054044126
0.0799651539355387
0.142428834549695
0.136813967142513
0.13291043730729
0.156003841130993
0.0379598203156562
0.14867721482622
0.119161527669389
0.18130674726462
0.103451143118512
0.151494385268504
0.194772482225734
0.259687333879204
0.217146945924714
0.249052667849866
0.230611825150449
0.135042889690427
0.363624368721085
0.0952210963837672
0.0489869449333527
0.194016893043401
0.198732850635881
0.220882862801048
0.15711507644502
0.240797384783014
0.154592127887882
0.194272222233638
0.179916467838671
0.0910707351955444
0.384073129658725
0.274366666415778
0.243672566986339
0.127187140418812
0.166299575426339
0.233290422376425
0.350860178114624
0.340206534781777
0.353301612814642
0.181045549067346
0.253038184245111
0.296827434117348
0.161618365896627
0.198693587568083
0.302405591822068
0.317117958005797
0.26951129598132
0.297627047312151
0.244031439235896
0.201961643924113
0.202821667053313
0.354058257318883
0.18918740250684
0.174381603938886
0.194461541690584
0.0761089054860351
0.21540406359428
0.219069581220358
0.25232425105719
0.291693113653789
0.366028054058295
0.245706019708379
0.345298780477255
0.291971590665993
0.309142616520562
0.335047577907125
0.091387122860016
0.22000769237825
0.199618995242872
0.123295316023066
0.364622454240967
0.304119724038788
0.335720427614931
0.331232080186092
0.30942166198667
0.275779074867668
0.342694130806398
0.408315867116099
0.321352733243497
0.273658959825511
0.308773198693876
0.324147122587967
0.337935236622903
0.315676967578305
0.32088309483425
0.276264132628856
0.326637266223473
0.272237130232766
0.31396529298363
0.127516115519983
0.289806942165986
0.42228539796531
0.313560048208023
0.397129233958046
0.310342323631851
0.271387087518301
0.307073846314442
0.310942956117461
0.246934175541817
0.414038342584421
0.250018739128071
0.172216561893015
0.270374314959704
0.365241260714582
0.347222454164457
0.25314921247152
0.385748917113605
0.481928844511772
0.361352631321594
0.175373148580135
0.378418106285218
0.305067715247374
0.49470851501505
0.352929201429945
0.342849671252803
0.339687253611688
0.522760005423916
0.319143822594443
0.417419685372455
0.425434569450255
0.426251335223379
0.402806202541022
0.461028308654378
0.485402374829944
0.401018510686822
0.35875783881144
0.341759251887751
0.448139650363464
0.430157913405186
0.473580719868694
0.466352366405469
0.363029552301799
0.490041236654494
0.393718953453938
0.330899075428211
0.423077859537931
0.347181306758925
0.453461169957172
0.419550569385965
0.357061300605623
0.527843218978724
0.509010549435432
0.35732975525212
0.449125221118321
0.286621680820645
0.52718034790689
0.319014669280312
0.519914308001571
0.41850175297896
0.320259922214781
0.443147640736374
0.537545306160991
0.492450662041552
0.358887437953462
0.45960722174668
0.283402959064193
0.337041622560001
0.490407555969657
0.722641725257432
0.30778029677183
0.51843499487343
0.498560137172911
0.495416013578155
0.720980271624399
0.425280764953296
0.579413269490751
0.593363471674057
0.480979299210171
0.503450550203126
0.465268891231559
0.644475125679851
0.550870633305856
0.53033525324241
0.600020989782521
0.396225465266704
0.611266018338625
0.490016244855165
0.60419759181272
0.526568731350257
0.427604687773163
0.537999647923845
0.445692999470264
0.461887865220881
0.669852270076645
0.492818484313236
0.535448357057505
0.581051794731742
0.535985268555909
0.572195316427468
0.478181178203878
0.655273902948582
0.572134263655795
0.476416247732477
0.674088870992403
0.477758555608119
0.563325946348556
0.594209495128111
0.618075523516884
0.464688095641609
0.565634761870077
0.577894944167798
0.556168522886129
0.537249453535336
0.406806289518931
0.612671249550063
0.616079962690926
0.587548309908788
0.485177189807125
0.703659229936005
0.549565483922013
0.554980588357026
0.618657289161274
0.675719036489607
0.546971992378551
0.519463333219674
0.620854428858483
0.593528257535739
0.676226679220272
0.526161880860437
0.510675628910067
0.750320454475165
0.642475552860055
0.574181134944462
0.657731639485757
0.533263810454894
0.573516851246704
0.533669053700466
0.697197198417116
0.610907216949513
0.515291523068474
0.620711742407216
0.459155870752541
0.422849352373882
0.635546867363207
0.728431698702735
0.653240347329119
0.662041088708311
0.595629691137854
0.790209881156215
0.46861207337599
0.767837815363839
0.584201044920434
0.756266001265468
0.51652655591707
0.532104363074889
0.523913338408528
0.558339406880124
0.756592533129539
0.696041995492806
0.723400344459887
0.507754430212474
0.693150769858899
0.770297152938014
0.649793132823623
0.553410040817488
0.666833442001901
0.765300666412648
0.565371013902021
0.633110241894606
0.665009758681105
0.603012410853585
0.688004468892764
0.766875569661252
0.528573485534728
0.681417998853596
0.6833437432748
0.645989504592686
0.751330407673718
0.804826692154653
0.631048667091218
0.723718865529863
0.653840935545163
0.566294888423253
0.677382256730147
0.852970657844757
0.635751033772152
0.817761228797945
0.741528677068247
0.81353414375541
0.67952882189615
0.638311064563751
0.634785465248138
0.752285570686575
0.626294898722289
0.86201477108355
0.693930492147893
0.718195203315553
0.807948912408384
0.821519184130968
0.875457815247761
0.858524103211706
0.791749622249422
0.754005568840001
0.734469510024708
0.889741164817879
0.87618716523762
0.741463540233061
0.782377132174451
0.774400052539711
0.830481016201501
0.799723664180494
0.80868569096218
0.642545579763796
0.830499792572996
0.85393348045586
0.637935974123569
0.619624801995437
0.81862460508997
0.733822527306242
0.815024756814264
0.746531271811194
0.751356241857907
0.922745870487588
0.696443308729939
0.825354278296221
0.731064216602564
0.869045616746529
0.757305180544322
0.874542453202743
0.998376006068492
0.724034390183781
0.847295024262659
0.785777669187872
0.900715670637945
0.738014367671871
0.8413058748918
0.949806044138328
0.753693653879686
0.962365375763843
0.817084957922252
0.81340908647009
0.851497143752098
0.911055757193681
0.7694430867156
0.732149616511093
0.837359424015973
0.846758045255987
0.895371395118517
0.646119595344921
0.719712392965995
0.800417670766632
0.85053827071579
0.836758647221069
0.913299346722858
0.807924680634205
0.729065816149032
0.772575483043836
0.968096763698488
0.901255363493559
0.778449995668209
0.908671878237802
0.812935655830504
0.928916219800502
0.815501965584579
0.914368448278957
0.888150278885957
0.942175412613645
0.799654520280929
0.885836916748885
0.900959037735394
0.831151089622688
0.904908600580638
0.935655444893684
0.902184907553834
0.673581628209667
0.846232639449955
0.785298534840801
0.944039899169364
0.844286251837258
0.827293394857206
0.873573928412189
0.805517405392366
0.933384058077153
0.884051345206502
0.910445091684786
0.897956817287645
0.872136691945287
1.02026858839777
0.833641874144211
1.02794971262744
0.926462754351327
0.85282337411917
0.831545786969012
0.887055775455283
0.989133317847249
1.02123421966499
0.933916430768908
0.775283983370562
0.873772278312822
0.934693358609131
1.02147861746331
0.840702882122237
0.910215284419639
0.971698708770181
0.861811289811472
0.914109133214125
0.995802490426242
1.0137585182736
1.00130535118868
0.860986507027778
1.01839417064623
1.09152285991494
0.897857721612619
0.978208491473991
0.956107399904372
1.0278898534163
0.942206742267418
0.96513029572626
1.05953974846723
1.05009851301387
0.893041364433472
0.994708945470313
0.970621176978543
1.00198676824892
0.808463425836428
1.06805323705396
1.09503465447327
0.983169307814761
1.08562529239177
