-0.854464475754967
-0.947587110999479
-1.13106023458876
-0.948010125240654
-1.06691787000943
-0.973048211387637
-1.00758103895518
-0.9833630870929
-1.0667123491278
-0.883686713181098
-0.904176025956164
-1.17358228650819
-0.960046289554677
-0.894394625732088
-1.03698054440017
-0.973033713604765
-0.973170507114519
-0.925714347586698
-1.03621937846968
-0.967073360707291
-0.945747174154122
-0.922789853112464
-0.82849638536772
-0.853311466493495
-0.953361694084544
-0.947494477657916
-0.892753653023521
-1.02574849309951
-0.913083170191592
-0.89082263022646
-0.874529325465775
-1.06130578066463
-0.763526606729678
-1.10447158268933
-0.929590434271036
-0.860588975837203
-0.918932257942716
-1.05078959774106
-1.04163628743944
-0.861192456450172
-0.941680660023854
-0.853359561555847
-0.9410132546227
-1.00713617339895
-0.814000818687084
-0.889725606146731
-0.925768536028001
-0.928333321429869
-1.01922636444534
-0.847237356822077
-0.915116868118393
-0.895913385032849
-0.857980778484141
-0.852981997504274
-0.725075701773634
-0.916726001514815
-0.901553275700997
-0.872308688603877
-0.884260595508788
-0.888848930141408
-0.798806767038101
-0.954830151832376
-0.947680969894347
-0.949324717974861
-0.97953700601385
-0.844092602356016
-0.930890602645752
-0.833754369608937
-0.861541792052693
-0.91289756125592
-0.935480455565127
-0.897729861309931
-0.996475605598639
-0.911323984531977
-0.865198497805313
-0.903551711655025
-0.83638098830943
-0.94281450514661
-0.856706168457718
-0.860258036755673
-1.01125440113949
-0.752013910868194
-0.866768659256433
-0.787418697628631
-0.852435451551984
-0.712591517303378
-0.807657479430069
-0.864690717967429
-0.835526579085727
-0.884516733732019
-0.761771336844053
-0.811619590987533
-0.694084090761425
-0.904974207395959
-0.783286008401781
-0.731372048413171
-0.781795527226935
-0.871520108828938
-0.880499124606068
-0.772334867146686
-0.712135547220571
-0.725296324593119
-0.680230490959115
-0.74491537066097
-0.805002463785654
-0.707952001006243
-0.782923994973675
-0.756061728454568
-0.729450818632276
-0.789779069131223
-0.628449149665395
-0.687907025343367
-0.853059383551327
-0.63514707961179
-0.854314173688415
-0.583168822218224
-0.776330288148734
-0.772554873129866
-0.610350918366472
-0.796232991507891
-0.767321967018467
-0.72079752667824
-0.776983564989758
-0.746489223119409
-0.606115794491646
-0.538887588673151
-0.844022654301058
-0.67392010326919
-0.742550380153948
-0.591419048462034
-0.733456212083832
-0.637486994956167
-0.652392117230029
-0.732841930850552
-0.887614941087452
-0.763621263429626
-0.865046398518631
-0.515509329460186
-0.673150614949241
-0.853838532379832
-0.697192947335114
-0.644709798699683
-0.666713278550392
-0.712745761264275
-0.835650440920218
-0.794740417881406
-0.722700375273617
-0.771664594734424
-0.641427249119926
-0.771184296009937
-0.627999413189879
-0.915706536146567
-0.736976815976749
-0.689782187382241
-0.648089938143327
-0.733520005367316
-0.536940764683232
-0.518881303209541
-0.693666596746801
-0.665875074456687
-0.75149034462442
-0.665858853272229
-0.680859338595811
-0.57687220356075
-0.718055599451893
-0.541701784374864
-0.596933174434411
-0.52709681596439
-0.708332473632597
-0.56437182380475
-0.786093517704213
-0.638259084660525
-0.757580530067783
-0.616524450097081
-0.607473842952932
-0.355950903831297
-0.698773247640199
-0.542502145620263
-0.572531360724762
-0.626998375573383
-0.796447172287785
-0.605147605991233
-0.680615586057691
-0.559832801554536
-0.704454893203365
-0.654831053175223
-0.506106728410188
-0.613033891152565
-0.661316663458345
-0.654813500408616
-0.510090435109838
-0.599491750509449
-0.591234693909346
-0.755257096840042
-0.707020710636451
-0.591933273854226
-0.711164993315784
-0.606685090904247
-0.44353376796424
-0.621202150253719
-0.588178987431968
-0.646640662866855
-0.587196130004333
-0.455340605674191
-0.655744008701018
-0.559818541846639
-0.607296700561361
-0.645811721062732
-0.586959058698716
-0.565890845502551
-0.419707338822575
-0.650778971345489
-0.629938849954135
-0.374692852153326
-0.554560613148161
-0.621736588493402
-0.617648391873863
-0.585900469526359
-0.647614966622891
-0.628596394637707
-0.563446719975733
-0.447245193684831
-0.458272786387995
-0.50415866721105
-0.545237616068526
-0.607274591545358
-0.571224070517082
-0.493982718486578
-0.542296834454469
-0.643302932243487
-0.482331528400087
-0.397622053858943
-0.508583789141419
-0.247433281114333
-0.435640729244612
-0.600624627613148
-0.45185827271821
-0.511951122288802
-0.632143871348495
-0.426892664293833
-0.470360086265566
-0.621127091779223
-0.704511382063332
-0.525726827640076
-0.490051170768931
-0.543649505969656
-0.538138859270197
-0.533833549021163
-0.534226551004894
-0.346568538163049
-0.440746688106708
-0.500819829571822
-0.568072316513233
-0.524887510879051
-0.513262317816959
-0.347300254135132
-0.475058092511627
-0.486702356033807
-0.623517853860382
-0.476918964112792
-0.437444466420725
-0.450197694672571
-0.43764655925758
-0.491142326451491
-0.47273768295305
-0.497339166112507
-0.550539398407982
-0.419766962891586
-0.438182872988519
-0.361771801327854
-0.559515489867926
-0.501457820171132
-0.400090848725346
-0.442389704906729
-0.404494834887337
-0.286424694125985
-0.353897498870426
-0.664850466389871
-0.375349225131339
-0.434235836881017
-0.311761749003539
-0.559707662617653
-0.429458541035006
-0.493638465543559
-0.371513012711173
-0.514341757924716
-0.262704067069182
-0.518827670568665
-0.5115167394336
-0.543232893402614
-0.349577899217623
-0.403481315935485
-0.487555231069481
-0.307624136767259
-0.458276060127936
-0.384837045154511
-0.421613567640854
-0.357006547882178
-0.302430868474827
-0.30179361001081
-0.42294509769691
-0.393908106963142
-0.349051739008414
-0.228830841657991
-0.402067590847473
-0.409315173686932
-0.372233600484549
-0.402740479415443
-0.398740007910382
-0.445752113732893
-0.324429364410129
-0.317336122228896
-0.359984094365647
-0.330392286944918
-0.461282690570958
-0.424192561707798
-0.363445947524032
-0.322590969681673
-0.354960877461469
-0.316006245219868
-0.194889105012841
-0.427964667139912
-0.527797390048857
-0.440982803080451
-0.263133884906474
-0.411184624679703
-0.371862056074107
-0.393022201317285
-0.300018077608583
-0.397354018785228
-0.381095355082258
-0.246652056703008
-0.255197525139982
-0.321338393474509
-0.371389144213227
-0.315472454933841
-0.222430404353941
-0.426340273719987
-0.288493390431211
-0.337762870274216
-0.295841154866479
-0.282696995582229
-0.239378124606578
-0.286615508303956
-0.233559750590902
-0.194020041247733
-0.173471506813844
-0.352888591849428
-0.305273429059127
-0.271908881369067
-0.385974055803962
-0.246738146404008
-0.25236607784383
-0.350772249528598
-0.218846620937511
-0.170748091622263
-0.151343655224848
-0.326209752804796
-0.167251979052183
-0.180759011394691
-0.145206529517004
-0.299003192746065
-0.347997891644542
-0.314238965941831
-0.267012101852887
-0.317732323021184
-0.300301690273145
-0.14954101247454
-0.126965868616479
-0.314970485782239
-0.243530889698739
-0.0554039835483832
-0.294328357525893
-0.254033136646985
-0.129904632824709
-0.29720576586089
-0.245576292556207
-0.358427496511802
-0.289322454976062
-0.141553572892745
-0.285684530523073
-0.292940284822734
-0.150506634359473
-0.157738599924648
-0.0629387150185446
0.0228914210172626
-0.292907154869362
-0.233803730070086
-0.195592716033254
-0.153116532461059
-0.243965166850772
-0.12620450802411
-0.258172490631355
-0.329335238429992
-0.105958159524167
-0.203687404660818
-0.138848813379917
-0.18345715367325
-0.420506475873158
0.0171655347989952
-0.214560883618025
-0.104399094931281
-0.226547997472164
-0.281559590108279
-0.155462731954545
-0.324247439215604
-0.16734926394465
-0.142625274429228
-0.199328278971384
-0.260700025370916
-0.40284404846617
-0.191574885662363
-0.154544192973641
-0.181962268908034
-0.115188980095118
-0.176647316080635
-0.130963595037431
-0.107719460463372
-0.0398100377424198
-0.237419629190398
-0.221633697753996
-0.0667845450172812
-0.173871979320729
-0.0397308821359633
-0.132048742687792
-0.116270188021725
-0.116242217794692
-0.116892734713672
0.0973587021772593
-0.138538278191397
-0.303067956366518
-0.188906459395833
-0.119615635712569
-0.138741719408737
-0.00488934328871701
-0.0936773001507739
-0.239258142367801
-0.133705204720913
-0.14852246105128
-0.0885770813459441
-0.168980389449397
-0.122840162768255
0.00663790351462589
-0.11095253805687
-0.097904101620053
-0.106631410501544
0.0268119367021914
-0.172472178646987
-0.112906894190312
0.0521245570526203
-0.0573985176945874
0.0537770150605332
-0.00529376164133546
-0.14332418970267
-0.112965361823901
-0.103514508946782
-0.159104350401898
-0.0457976109988388
-0.100238887692374
0.144566786003389
-0.0485586584222189
-0.155193704074383
-0.151596547605062
-0.174421219503118
-0.0299170962735277
-0.0279785857283311
0.00716756254190756
-0.0217924939260041
-0.0816493696313309
-0.128957262406808
-0.0928264960420981
-0.0710365055836108
-0.0555340177517163
-0.0332611019095991
-0.12379545092829
-0.0907701995348847
-0.00607302670575528
-0.109525381431649
0.000322671688083709
-0.0801468361882585
-0.241800595587528
0.061718515135802
0.0463802727111823
0.0655377549199753
-0.0255285787242594
-0.179074084880831
0.0916172170255073
-0.125204068125027
-0.0507471440504139
0.00254744111157171
-0.116559475075303
0.152217281588582
-0.00571937809101493
-0.00890050426371771
-0.112251728445239
-0.0228884805863504
-0.120061694649614
0.0126086129724783
0.0435177262283787
-0.0356844438927163
0.199521351634777
-0.235553242494558
0.0842150975972603
0.0104665915191077
0.134290946692888
-0.0304913468128545
0.131912319996343
-0.126343850336328
0.0832044197154723
0.0396788338437141
0.0682383196102083
0.0906780898018341
-0.0864832637339155
-0.127387019688641
-0.0431589915422565
0.0965834279914139
-0.143502874196101
0.12943971563572
0.0589105622288401
0.0218542346474955
0.0417071691497472
0.043626692569026
0.0717216660110869
0.152054215710097
-0.117338201124503
-0.0547193439462283
0.148416877777211
0.0639827381381894
0.0764692095351128
-0.109574909407197
0.0492164814598537
0.161916979105045
0.0542602927464001
-0.11183250311605
0.00582222954747167
0.102933575406987
-0.00591707993983959
0.0450111747909144
0.09285291101169
0.120370378534154
0.162537657129883
0.140853054581536
0.0883596302364637
0.128269458691667
0.116000115951557
-0.0630980863620752
0.240553416152694
0.0673285019611547
0.0136420395164915
0.0740132271467106
0.197947123122548
0.102422497809156
0.131109654800957
0.162396354054161
0.143613824202008
0.202587651444817
0.0706465675139067
0.17490801094648
0.19755876961273
0.246537372391528
0.135447128901932
0.235579392083366
-0.0461401283040062
0.201894678683105
0.103006723379769
0.111955041364064
0.144737252749172
0.0164518936466594
0.0732292830880652
0.203488007412374
0.188512036489051
0.169081761576094
0.240847957250286
0.242834345862868
0.0570871025716718
0.163302867412557
0.14840436662171
0.06730252113136
0.140630336629721
0.220103945641308
0.256920130770111
0.104583815568397
-0.00736226222526821
0.160204487502689
0.077154224019256
0.109561818037459
0.103279166547954
0.149051615529136
0.154153928255674
0.175153391349117
0.285500863268083
0.0870977265631678
0.208147271588238
0.300357103088478
0.305088475391737
0.221279719440572
0.0675184805664113
0.133428242452993
0.453685441530708
0.269685455022902
0.122563248818603
0.0925285282622219
0.195863047105961
0.127698407017251
0.204416660196999
0.282571047398467
0.147131212451483
0.286398791193318
0.247381751784676
0.304141349907938
0.073973437588526
0.172863032167246
0.118540660030965
0.184509441381086
0.173159463937374
0.0823627762170952
0.391132972263275
0.289698299815994
0.250477760349365
0.331606076443989
0.227707118457654
0.287469458067483
0.331832259262824
0.241436685744249
0.250792619751482
0.190759274613262
0.235056160696773
0.369778622248212
0.203976392605577
0.321015412828205
0.308452438520176
0.129353746324469
0.282701164569421
0.22327395563133
0.328228385227415
0.158781069570044
0.210889166585096
0.135921757796811
0.333243643692538
0.147153572834404
0.347131251376479
0.291017684690492
0.350802718229916
0.277479349088331
0.44436191799557
0.417541374167627
0.331056481471133
0.287698431664392
0.198442783970841
0.298188149345029
0.367413485383841
0.17695509214377
0.255442849696821
0.303846263454834
0.316533817729453
0.298275906180803
0.313367219098508
0.159783103978912
0.405912784265511
0.443034218459939
0.235500048602555
0.403059564942409
0.196030177949243
0.223253292956831
0.203967171235305
0.373119419779227
0.554701899630743
0.252623982151794
0.252881767932814
0.337232996506449
0.398746307305224
0.36683665564363
0.440967916952384
0.382351544832531
0.420640140005248
0.254615065836892
0.249398035205408
0.444974996827699
0.343484936344317
0.282254473669685
0.473508246400148
0.469288847891448
0.362895686230585
0.31598563321238
0.297757106936659
0.294480819807288
0.417298309966796
0.404494869716273
0.356485474034141
0.330867944944199
0.313150681668046
0.274648317444176
0.377887105603124
0.382889439007918
0.251550735613271
0.363604599372204
0.326314469309612
0.224909823846402
0.505007847865005
0.440256447570551
0.441501112525531
0.460926737174807
0.595162797858208
0.36169283660349
0.23094998881968
0.500067010478096
0.450866637256341
0.356576688344362
0.482823707077181
0.406481396989806
0.59469743448192
0.348516775526187
0.377932772751202
0.438266649898152
0.404894951614777
0.409768504348925
0.456520142970431
0.46982354560783
0.410800639640203
0.374915536097206
0.427313636802943
0.652043282741022
0.444396663483482
0.560613625971393
0.516512662226749
0.383972527109998
0.608673845890036
0.596637250235895
0.434213530639054
0.546342300056442
0.373151585802956
0.300288533754929
0.482565667595737
0.474734269691773
0.571629663786512
0.359811152860791
0.392566392697945
0.407850884139583
0.366382918913058
0.36786660058133
0.547966315811363
0.465368353738499
0.561805723401622
0.496195736457184
0.447928194776308
0.514436534854747
0.564482477145015
0.536602524874339
0.663124120802753
0.499756787882803
0.444868981553062
0.61669914835308
0.580486658209041
0.454123505132462
0.512289971475363
0.461171590525279
0.446496563321525
0.436866677399235
0.583573890968685
0.614753926419958
0.646212516754359
0.610449220809438
0.557470745180396
0.555028781429921
0.605242205953515
0.6249984359287
0.562666482942302
0.560864210812374
0.564465137964258
0.492366473025242
0.569041340480656
0.537146987059335
0.551991782770866
0.509029890217948
0.470602791006741
0.587515336794268
0.579900394456836
0.635089537190688
0.585400399561396
0.588839163987802
0.534917617367833
0.58880167304745
0.495655493736515
0.608471771772916
0.519492184487438
0.579258625605229
0.577398268878075
0.503739877628945
0.586542743702726
0.513274660490735
0.558768916259874
0.525457051644911
0.636446637353228
0.632595393347266
0.616023250879654
0.481128820502627
0.496230443457917
0.550869777203418
0.518519478275835
0.779472245497264
0.679410629489467
0.415096454450379
0.518700193406669
0.675531200246313
0.607937406484433
0.432297724827466
0.63819049812926
0.633063230264097
0.531600648552576
0.575077847312748
0.5660542009612
0.743576724903804
0.582219869486673
0.560666848747204
0.632397223384106
0.634122186785256
0.531558562795114
0.590858891452583
0.748897370473793
0.625407449233162
0.55477652333408
0.702858102010805
0.689336836601219
0.718239103804933
0.579895487907508
0.706357069086489
0.69058402863924
0.471712572404816
0.55640026772857
0.519346696920564
0.595804105654127
0.731758698817396
0.58259632857037
0.78556506051232
0.727042150765629
0.655057263362743
0.850933333024949
0.633118560147418
0.803393677039747
0.636213331702793
0.732922772734034
0.659381173872185
0.856858499824737
0.631475643528836
0.497902588248756
0.73310546817431
0.813542372669667
0.660578176875496
0.736111803600822
0.592542021607867
0.548931696765995
0.805433949514391
0.668690705660143
0.601023138269675
0.707131211054226
0.943162486772114
0.647591973539981
0.788834431134909
0.762384966870814
0.771106909325391
0.886404809886965
0.647194220852443
0.79363479818947
0.785110667147931
0.650810203341679
0.667467129243957
0.738121069633359
0.60267222756221
0.640485512326572
0.718297457924226
0.575366126917703
0.678190222814135
0.820730166462912
0.758117002918177
0.930276474582575
0.789857441599458
0.760175849040275
0.686210996251808
0.901318078920101
0.891793063493719
0.656884350719135
0.821223609926369
0.730993233770636
0.786030640265587
0.751359436030489
0.711188177048293
0.75284742972674
0.870350393493551
0.667103727945915
0.642864386500958
0.927135033986433
0.84636106384601
0.760687253897551
0.825927804743426
0.789866339275255
0.742019200700644
0.897143846944458
0.847355363502558
0.895956573789685
0.793663933205147
0.72062535948256
0.6765396506129
0.784718191379858
0.825835215764931
0.879427797594754
0.988596404533988
0.915203919838623
0.817175550578172
0.792140963875554
0.85440690927246
0.868583468538347
0.772994849103745
0.683157268261237
0.916740771175764
0.95233103634913
1.00142989043412
0.875312075055103
0.94130266273539
0.876238640649327
0.993243036454829
0.776060305982537
0.974337362414293
0.943499422093053
0.881847719351568
0.842187320032218
0.834791895574592
0.806972753018796
0.842488092124421
1.0197718996262
0.871470931001175
0.923625282188478
0.807184016911349
0.810706989118853
0.999964604884163
0.919868358101311
0.847812052063908
0.923151045949629
1.01913360704508
0.875160626013708
0.966626379037823
0.941599441439257
0.861613597447674
0.880736961775762
0.97092609731696
0.911681510123665
0.840225623950358
0.940592099644766
0.879448093954658
0.877128020688597
0.888883383651921
0.951916654559878
0.805525094745169
0.97023130199449
0.877800057261254
0.8453741888913
1.00671811165012
0.900912454520371
0.867706137509183
1.08097445706773
0.888631151858986
0.992414887248641
0.900087166985962
0.893424460523494
0.87108503527786
1.10041866590259
0.980038744349825
0.71902322515621
1.11781500765626
1.01062632771531
0.984490306324613
0.97893721801627
0.922964011632022
0.9180575392497
0.930048156585827
0.839289455366259
0.871837234096794
0.862753656471694
0.997415042353317
1.0342418530981
0.894752647908072
0.771289966241058
0.921133233407994
0.979836262887853
0.880679379325359
0.976614455834766
0.924181280405982
0.958850072414451
0.951279232169873
0.829842388199436
0.953787352120418
0.997023846389158
1.05613685357916
1.05479553538709
1.05123505265205
0.989274374310469
1.03361752464954
1.12824021564619
0.968884953173002
1.01223798196279
1.13402409937448
