-1.15706084360191
-0.79315511464199
-1.0165573043371
-1.02795918403418
-1.05139887970177
-1.02720720522908
-1.03544835643885
-1.13980769650221
-1.08858405426882
-0.805722246000026
-1.06475474270669
-1.0812426358915
-0.909387427048786
-0.965366363157218
-0.990856301336326
-1.0031561149372
-0.960641144316184
-1.06715318325223
-0.985256930119245
-1.0628440731244
-0.887165209612243
-0.983136507502748
-0.746979872417041
-0.92891626222969
-0.896750153215503
-1.01526754891332
-0.948625889121158
-0.960972585356883
-0.982686699052305
-0.955559001770209
-0.726088000735346
-0.976857568515623
-1.03067816030973
-0.90861564355918
-0.832824343653784
-0.847932759578493
-0.870963951130441
-1.03308634735863
-0.915625677095188
-1.10414882612041
-0.727241683734673
-0.939498137247322
-1.01424710697242
-0.908239653186366
-0.968672858361192
-0.992172997015946
-0.858089621610128
-0.836122018092515
-0.867851430716593
-0.871525072037555
-0.848193703640393
-0.947650090235367
-0.736085765351433
-0.833170249555668
-0.884611061557652
-0.88231167038761
-0.943545751330967
-0.838920157652642
-0.776129234536763
-0.866318165162098
-0.920100496280889
-0.909384808372087
-0.750667892880019
-0.994795949968931
-0.754814024330436
-0.935377955801062
-0.864287328824842
-0.954406501740029
-0.742567730733033
-0.804306697804669
-0.86027697241561
-0.752350214168639
-0.890331847503267
-0.762662661660978
-0.835597001332665
-0.861265311917912
-0.875246974324077
-0.926915227067066
-0.799656474309454
-0.735694062178078
-0.872148404299563
-0.753873640789918
-0.798377450297847
-0.898955369681862
-0.913268826690002
-0.780562711223013
-0.843959375609741
-0.845436059968272
-0.849536380129898
-0.868490987822933
-0.854760946397516
-0.86253761743841
-0.868248823348271
-0.815786039308484
-0.791337469848773
-0.814625531991646
-0.761795149747929
-0.893012247462756
-0.831819645527502
-0.702114835467669
-0.818468293974212
-0.856223835599848
-0.84997000661382
-0.655366601185923
-0.681192828849678
-0.960545700277549
-0.934117274390152
-0.578931908771489
-0.855731961922133
-0.733538416393417
-0.726210440761588
-0.889603576674101
-0.796013596977997
-0.638585047585082
-0.726923236472083
-0.835187458400226
-0.736947368520054
-0.73898355038042
-0.932548712819196
-0.754096934403905
-0.624948949035591
-0.839138996596671
-0.867127019972096
-0.725930098473379
-0.627546627707697
-0.841269498228177
-0.822112592723264
-0.573097548987201
-0.741531531072066
-0.599509620886144
-0.817834923156472
-0.758805946034709
-0.783943850213437
-0.683518866527972
-0.72972943864776
-0.695711415810406
-0.650746135436852
-0.563705610377231
-0.548995809181707
-0.780956237049965
-0.771955866496807
-0.682258183757535
-0.773151951139073
-0.774727950139734
-0.679211140809086
-0.743710042827343
-0.732006175094949
-0.811956708855894
-0.757755592305279
-0.559072038374328
-0.680411082213992
-0.793216947650229
-0.751376124463322
-0.768028830299259
-0.57563049630201
-0.634543370342059
-0.762586350724611
-0.723829579284959
-0.851403086305837
-0.665616032938971
-0.731191483539476
-0.631211178780243
-0.803045495732163
-0.582894256569125
-0.64760731460672
-0.668560651585035
-0.729191865375332
-0.549347482066839
-0.768101665673351
-0.819837923655791
-0.752385735083516
-0.603591715526919
-0.637622091470715
-0.557777254456608
-0.569299437071426
-0.622230778266466
-0.870982981822883
-0.581777671815905
-0.558492160000241
-0.73816250600958
-0.582904282424219
-0.457027681523233
-0.506870790705381
-0.720531327084382
-0.479941920030859
-0.545878325237751
-0.54588443207431
-0.623208234866008
-0.688583811720542
-0.592355047515168
-0.602554155512494
-0.604377758720547
-0.565386150590447
-0.615735167562039
-0.55155466528226
-0.611214424746195
-0.719278105577559
-0.616714422819127
-0.682233758304289
-0.542051956273947
-0.660633311568408
-0.470454975160054
-0.738683415129241
-0.501235195759215
-0.575108211781642
-0.582610299096156
-0.616077403161162
-0.481396857014707
-0.469871813179014
-0.596895774404046
-0.614972367840546
-0.651585098905398
-0.482552494015574
-0.522876694967678
-0.667401840390713
-0.509756814971106
-0.502862739331965
-0.691113597892319
-0.547014148233518
-0.565842873327547
-0.511945636693655
-0.593846096426243
-0.509667702246931
-0.64413873410375
-0.626654392665684
-0.542510689519708
-0.60779811731157
-0.684887053999777
-0.575522900550533
-0.549564210653888
-0.582475688722175
-0.709359931340255
-0.482332857647074
-0.451189644190053
-0.448683625358659
-0.46233735742821
-0.423094640111269
-0.582661167147826
-0.531857814321405
-0.577948497900726
-0.723437388867386
-0.270562383796566
-0.448967580350205
-0.604512545111731
-0.455805315725501
-0.461050574072203
-0.538835097101069
-0.492992448692348
-0.461917205742496
-0.446067863592291
-0.539886358245261
-0.511283404270694
-0.454235369269593
-0.619317181630448
-0.511324424923056
-0.501082444756167
-0.402297486701046
-0.448116138153099
-0.507898311996438
-0.450939521396725
-0.662968579878276
-0.356093304591073
-0.537718493213784
-0.44057380000945
-0.419892213454674
-0.605435286279029
-0.531793031808607
-0.496230485603359
-0.384631008339973
-0.447572658401067
-0.500273984941227
-0.488979194499974
-0.429144501320207
-0.314934751886101
-0.542105583722162
-0.416725815719422
-0.578472119517071
-0.501936849528345
-0.513092715312018
-0.374843101002273
-0.299108674935167
-0.423738074186923
-0.431978475300147
-0.415552329806229
-0.38304673168031
-0.341642932804547
-0.43244191186128
-0.301635393735063
-0.567065261446347
-0.370737509542229
-0.505706632612736
-0.574249816643379
-0.413966942643725
-0.356314031351144
-0.569354543908516
-0.40747510189624
-0.452711590958689
-0.331580263430814
-0.295806372935008
-0.316594758066554
-0.395746133993549
-0.392711460250255
-0.312636401013794
-0.398480482436118
-0.405809213846086
-0.457242152966632
-0.442173538169297
-0.374829219565133
-0.390338262031299
-0.418379816943544
-0.237464376456032
-0.267585671755416
-0.370003927232031
-0.41895002025644
-0.427581549822771
-0.519659086604376
-0.235767719284759
-0.46690712553341
-0.322373516393461
-0.376676300654176
-0.30746832659042
-0.380405604340408
-0.372463835950723
-0.390570381321856
-0.302645052748832
-0.325620643155234
-0.424332256711663
-0.345888476371997
-0.415670094090047
-0.424219887085174
-0.304824703790743
-0.370502767174058
-0.214480101533289
-0.165443289979886
-0.345445580115497
-0.308530568944691
-0.267376298930253
-0.307651086160357
-0.235086709207872
-0.287624124078936
-0.354488063835526
-0.273599003939533
-0.273462428814095
-0.342824350577577
-0.301260077796868
-0.284356858717357
-0.452829285554074
-0.435496135572171
-0.312313744873503
-0.242963017868204
-0.3786749025682
-0.315358202956535
-0.394928345306735
-0.349129839587898
-0.373878799816409
-0.349106603961178
-0.205664943167498
-0.299595865430049
-0.362571405392013
-0.256562416458517
-0.23299166591909
-0.218002457706927
-0.314567303234574
-0.204430738551438
-0.164149268208941
-0.154515923249443
-0.169848655152166
-0.305027102103899
-0.199422067130286
-0.27233541875433
-0.395563584019467
-0.244587152079138
-0.134153843523086
-0.143300339086442
-0.339182382231253
-0.378154033989239
-0.295516005566096
-0.361656605371649
-0.297597555074289
-0.289670614349237
-0.259982182657146
-0.331271488396607
-0.179341222215667
-0.238966997847701
-0.210427731683851
-0.237336581646623
-0.261156743331939
-0.227197567441834
-0.225333910101921
-0.178040547023114
-0.183105594767772
-0.259617871226965
-0.271901253779983
-0.187005667844296
-0.200560390815277
-0.166340273661057
-0.328585604239785
-0.233968045179811
-0.194706686458349
-0.154764509656727
-0.264544244772225
-0.132997372988243
-0.161043227703104
-0.207556192692594
-0.240787948753895
-0.158299157595731
-0.20237859114121
-0.264893312174419
-0.149758950862343
-0.0603200831808664
-0.173513896718505
-0.313437372276122
-0.177774122230994
-0.183177608951061
-0.244270330811566
-0.165252795969536
-0.15367491633967
-0.149683140362944
-0.187074500672681
-0.397897833474929
-0.286924531869803
-0.204600971766365
-0.0677577091273173
0.0124540374524782
-0.0659789588218196
-0.319554047800915
-0.050799611196711
-0.228002337014558
0.0225517448157196
-0.0780905573389655
-0.26150811688418
-0.103752638620312
-0.287726589543699
-0.111060580218243
-0.147237206924518
-0.0557298938542369
-0.293766309244487
-0.0916374241859229
-0.174020678847893
-0.232003541961681
0.00376436490555894
-0.269388387409156
-0.0946126682188815
-0.130043312026969
-0.0948357319526435
-0.0969838276168732
-0.223030042564743
-0.246478398930893
-0.0595216073195568
-0.294114797815512
-0.110681492631518
0.07044359360659
0.015710656331283
-0.108485058767128
-0.088190882789413
-0.0721697255594934
0.0503098820439742
-0.0107255830796608
-0.101831882710874
-0.166149438559241
-0.184635917323281
0.0405887590823679
-0.00201673189458929
0.122253623895619
-0.0648455306417938
-0.106672078695392
-0.0831556928121554
-0.194079285738914
-0.181022178466079
-0.187123602855588
-0.0553473163583071
-0.0569513084211568
0.0183471011835181
0.115132302552385
0.115135257816887
0.0892305424639871
-0.0512331546668908
-0.120841275924564
0.136284352803685
0.0683132191237957
-0.141549155116257
-0.107241910552635
0.0159205968690922
0.058501429897396
0.14990211736164
-0.0245401303295294
0.210910242193813
-0.0170383889327324
0.0552012023983252
0.0251375524419361
0.0369456199156939
-0.0575915671510365
0.0417928661693647
0.00181474451907736
-0.0710809605272346
-0.135046544296996
0.0819125165007557
-0.01818952729221
-0.0783908721301493
0.0565348170780651
-0.117805819411093
-0.0123586708443232
0.0131781122671836
-0.0685974495216057
-0.0850282995106365
-0.0995134051137671
0.051103962620918
0.0271249878164766
0.0511306896347921
-0.0108460889838994
-0.0562433650046804
0.0808614347354626
0.0603557306457511
0.0237261373240866
-0.0781845393626185
-0.0477318236114937
0.0651068645080898
-0.121381514973572
0.0375867761290429
-0.0949713392798528
0.0680899173535025
0.115992660915079
0.0402446136617418
0.0370072964072647
0.0192322862408737
-0.0635294857199378
0.0748096336842116
0.0688098854935329
0.0641895541251816
0.197997304497041
0.144501652651118
0.0660766963181944
0.125071045656465
0.219320890252836
0.121711359600881
0.0651233980915932
0.0852269533231165
-0.0739325459732511
0.090652545764388
0.0872338598618809
0.100242514532541
0.0922101783477214
-0.0236680642600675
0.05982554808763
0.212781328626298
-0.0386835186606862
0.0100007962854028
0.0916127854366955
-0.00156716382315454
-0.0249125355871933
0.150215643208009
-0.00864741044098068
0.0771141947277123
0.037548724368992
0.0623099317575371
0.0376925372212713
0.124959840691897
0.203134934737643
0.265068466089204
0.0319175130627428
0.194545636817283
0.0152184225914732
0.164886335339334
0.238720406750838
0.155373326879486
-0.0332193067086786
0.28985853919954
0.117096401928443
0.0857452802604215
0.194846534114544
0.0609893497680201
0.199588337944356
0.125938367927557
0.0544770405671952
0.0795820303560942
0.158390536754057
0.132904308923461
0.178937233047325
0.0767771080634845
0.198496799692498
0.0284004977420729
0.124049949767298
0.0667784769388659
0.137716863148628
0.147369810653421
0.131441425993401
0.150486585318446
0.031731552717882
0.139057488930513
0.106636995065665
0.198196615428645
0.106755543025099
0.151678904097879
0.201708599096111
0.243884657065327
0.231984953992072
0.261997977307115
0.219237357447438
0.158496214387032
0.317004623171576
0.0794998772703231
0.0778415343068066
0.21403309950326
0.177671037834927
0.204729517177969
0.163229619470516
0.262102439788092
0.15251509863276
0.195718136314275
0.179486045090808
0.0853490678444677
0.361982674906714
0.255922820806181
0.230139111933313
0.131429166700842
0.157981795829372
0.220990268246552
0.35427087064815
0.316020316573055
0.351948828646313
0.18091732021243
0.248905021050003
0.278505905694204
0.149913489204746
0.2205500923956
0.312844936371755
0.329308497219388
0.263273579229531
0.29727785013039
0.258169017444841
0.207053491600484
0.237068154354322
0.332263924183195
0.177747741596291
0.164775222575613
0.185536920358789
0.0773770277931014
0.212226837740842
0.235331474905229
0.267797211289417
0.297957442373533
0.35628792658942
0.237380593549946
0.365560870461087
0.282615177780283
0.29840314814693
0.348793740574937
0.0919624988435176
0.239638250521359
0.203307978347692
0.123444037369446
0.370675974668296
0.326559908010367
0.346690865846946
0.304033886981064
0.314055502332569
0.273121385895915
0.343615534770055
0.380386227489689
0.329034499663174
0.289078186045875
0.277144218908427
0.339298870424983
0.3300872894426
0.290298700893724
0.319178522946884
0.291642214667671
0.315448932764222
0.285139998962022
0.316676824904205
0.132672441334278
0.297491282809481
0.38894851339822
0.323333938193439
0.401319321062726
0.300476053393501
0.264761169975598
0.296329017105287
0.322771399769815
0.269309856541076
0.427477404620202
0.258516776488831
0.171594860723746
0.30142707431015
0.366747466273011
0.343858542425526
0.229645959800057
0.366044914917408
0.483592425671248
0.353491693062056
0.19315905562665
0.364139909892091
0.30654117346596
0.489290804444563
0.357478662261142
0.360172695063581
0.323590987222686
0.523420848851481
0.31646442533415
0.400615913636637
0.44741023190236
0.41933936850001
0.410832390911047
0.463360224507746
0.478463489053237
0.397747424548616
0.320521687940335
0.32221359549817
0.451976320425125
0.421915979222249
0.472868447317985
0.468855348584731
0.375451461365204
0.505207698201367
0.419345674353972
0.336559922569634
0.420735568759822
0.354201418657436
0.459395695868693
0.417876257688206
0.355576576299156
0.533812785193136
0.491207901180632
0.340699620392254
0.464509016563539
0.290383549141659
0.535357904001792
0.329339353563448
0.531523380985402
0.408625244079186
0.306639252562402
0.453883033036844
0.516509140747377
0.490047841310313
0.368140390626613
0.479192789722187
0.301564719171265
0.347758751310212
0.480136960965044
0.707858828118943
0.319827495985719
0.511136856368167
0.523352496292808
0.491618378636303
0.699371479220367
0.425835136594059
0.555761240434914
0.586495116320381
0.4787240607739
0.502312540488095
0.463489489385691
0.630198922780742
0.551798398737471
0.510365221954314
0.596106026290607
0.384975908416633
0.597582016952941
0.497149239889879
0.610209899381324
0.525348932466009
0.453337511709532
0.543131801249258
0.437702648053198
0.447411878217648
0.642232905795404
0.477276912527812
0.550354398162991
0.580082995400323
0.544844958804176
0.544722991754369
0.467620958927865
0.68603833312447
0.549080653620667
0.463269970833878
0.666500946674588
0.508591414210507
0.557734552352253
0.591642532692259
0.623207094232269
0.47144592188821
0.604674994571136
0.593380828152907
0.573106973584715
0.535164034337008
0.398754760878271
0.60014570329886
0.61462997735523
0.597546449002164
0.488821192206514
0.710265568971188
0.552061513183905
0.58988316132475
0.617560324314749
0.66244708399718
0.569150033145789
0.532913895336203
0.630584505520944
0.61058715725995
0.662273738976865
0.515270159428134
0.520770281823294
0.772759102210574
0.642728545616061
0.588648639796445
0.65197285616677
0.547373524385993
0.54709018597741
0.546933192631094
0.684959179039667
0.625467655756216
0.50513705885883
0.632686989105247
0.482483271011506
0.417913624680111
0.653404255778774
0.746077334249816
0.632132360946333
0.670868808038603
0.590810154505664
0.779168997146791
0.492406205922961
0.753176048758807
0.589930069986762
0.744503009412749
0.50987531741042
0.54791627249814
0.496760151466421
0.539963322156113
0.740973618481717
0.714680261834045
0.722554476618653
0.519132286006711
0.698111762093521
0.752707826791851
0.619372329185868
0.548601000855386
0.674514452250892
0.764649222414429
0.575643088176935
0.636941914649162
0.653712663577785
0.606101043864209
0.68542790675053
0.791174687879875
0.505786475098167
0.681513610436236
0.695319435645415
0.642200976735864
0.744394023439418
0.799375747865981
0.639419613618152
0.735900772911331
0.650949822476534
0.570663684046653
0.67125418261501
0.84383151194653
0.651197639526169
0.827833114772169
0.736771216468452
0.807905712084076
0.675347091904414
0.633052542355162
0.635129163531899
0.764976713939385
0.640411744748907
0.857844731004385
0.712568754164029
0.721214740571796
0.812268168760725
0.799120794219124
0.876336263619141
0.858302218140412
0.79257098471118
0.738061937363629
0.734648296331992
0.859376928785648
0.891472596844185
0.749815683560582
0.777605330997985
0.758945856902365
0.851583541821004
0.798039154138562
0.847230089857062
0.663909850534646
0.843623067350045
0.867124291161606
0.651607189966063
0.611997342885013
0.813038931541085
0.741767156642649
0.81942736123674
0.74343021795073
0.740665666708597
0.920144945714079
0.698743812042282
0.833695166914011
0.736176799980217
0.867128494911573
0.759621209828152
0.877338111818726
0.992721078192598
0.709617783163308
0.819422709987294
0.76388085095995
0.933553891470625
0.744562028138425
0.83019922414737
0.954793065645458
0.757643764413284
0.957350358588068
0.788076194067186
0.839674033728474
0.855233839622556
0.883098906773801
0.751258148552543
0.731176553094861
0.811411550868383
0.862318070798961
0.897136911404214
0.627874546696155
0.737486243492805
0.815184406438759
0.84759379426265
0.828570588105223
0.929789431838468
0.843776653835448
0.732114532795053
0.75007187367772
0.976669231009475
0.885804456158674
0.794522243129594
0.919852186806081
0.818897204026067
0.935517504012925
0.814921188071116
0.927705973211628
0.886795178860105
0.955338175064824
0.799678822155393
0.880103684732673
0.903897213992185
0.852351466133218
0.905693903302488
0.920179807158061
0.90314362660414
0.649112578338594
0.841214697359204
0.77804457947088
0.943407806371266
0.840786354931397
0.812429683912235
0.873249030758649
0.815465923498537
0.930263892542588
0.878407278936914
0.90572151734553
0.912436070800787
0.870342670392932
1.01225496212125
0.83890838757133
1.02998240700496
0.94918038695819
0.858504652266583
0.830246352527991
0.901185876321631
1.00229582889201
1.00398345386009
0.912772002414257
0.75939645455847
0.881923352595226
0.936509860601471
1.00789052812329
0.8538532731113
0.907849659959283
0.967458434055085
0.873700727928922
0.916303603438383
0.993033924853633
1.00947685513063
0.997136715428529
0.871413547526862
1.02603167660925
1.05927760916768
0.887466674138715
0.96921210446635
0.975639896975073
1.01911559706677
0.93888168487306
0.96617007735802
1.0457703579559
1.04428807538177
0.906734244746556
0.981812236299866
0.980428101735714
1.00061912083217
0.839073032148128
1.04046803170937
1.05955494009102
1.00557513957853
1.07944846934724
