-1.16093921411861
-0.789241543451199
-1.00458612281239
-1.03602877783621
-1.05201475043082
-1.02562766952748
-1.04509252825174
-1.12534750687199
-1.07687479235532
-0.785291831081901
-1.07858503231488
-1.10088281389588
-0.886865712089701
-0.964866803309466
-1.01256280900831
-0.998865640644824
-0.931698442705357
-1.08619084134889
-0.980157956780414
-1.05902860027236
-0.864063350327797
-0.967115857594959
-0.780654070304898
-0.947354645563093
-0.889330171012741
-1.01062009585866
-0.945090821998045
-0.984717529250479
-0.980571498014005
-0.963416748927901
-0.741523426757846
-0.956770469291979
-1.03282630579044
-0.883373104985066
-0.840644439345195
-0.838992426627383
-0.86957228332422
-1.02125979823042
-0.92848747890814
-1.10786368661521
-0.75301054077467
-0.937581748261379
-1.0179543231654
-0.908132111676064
-0.956682118740999
-0.962089368688319
-0.891933283887247
-0.823321685190955
-0.873514119311503
-0.893366749979383
-0.850272337312065
-0.970732007753403
-0.751390198014421
-0.820128186379055
-0.894601901303806
-0.915065643503076
-0.930160886565847
-0.847397616591986
-0.786580162156381
-0.861863179465978
-0.928982705142184
-0.914204041125537
-0.752932220902411
-0.998223382277433
-0.753602513506115
-0.932859441754869
-0.881822318472881
-0.943580697562223
-0.743607281812741
-0.812519328810104
-0.850631343402106
-0.755777946619647
-0.909677208879722
-0.757661085348028
-0.819688437490028
-0.874014512907385
-0.881607683121836
-0.922047318136664
-0.815790188826797
-0.74781695048049
-0.88312233159281
-0.748221115983576
-0.787240822686597
-0.880299764410775
-0.886509043424189
-0.785272348389532
-0.837750571606041
-0.859017611609637
-0.82449215254115
-0.877263358547789
-0.852357933465796
-0.852955346707178
-0.887648551241892
-0.800272974909764
-0.796890796897312
-0.812974708694866
-0.759290996335179
-0.891444521555461
-0.808395800352057
-0.719588147788888
-0.802155130201073
-0.842102735180567
-0.840627220776116
-0.655339191665476
-0.679638651384302
-0.958520327383253
-0.899788556968452
-0.586257211905009
-0.859463367966894
-0.737404125541784
-0.747258177752378
-0.857738070875865
-0.797656640266055
-0.603462683631375
-0.736868209951871
-0.843259568957145
-0.751415069434133
-0.735325377562722
-0.93358930268558
-0.76157479243459
-0.633058218837892
-0.850055441726312
-0.878925898442944
-0.723253221657381
-0.605555541412223
-0.842248394198576
-0.815115241977054
-0.577698853730287
-0.726993140027878
-0.61331529161079
-0.808733424390182
-0.739323537017435
-0.770617819951193
-0.717020255084563
-0.747904603941345
-0.694811952577861
-0.663451547015912
-0.565302687374639
-0.54749241906546
-0.755080079987853
-0.758362463894198
-0.686250150226894
-0.782846342523215
-0.756655086071481
-0.685312163711197
-0.748753212388162
-0.74418823574161
-0.801113053115113
-0.771882956366045
-0.576088490034532
-0.705395675574192
-0.799055575932516
-0.738989891221219
-0.766035680980222
-0.567936503082086
-0.649370186531352
-0.768939472651981
-0.74781823522623
-0.83770333625964
-0.686543183804236
-0.731314120556197
-0.649658116472152
-0.788939832895312
-0.578409317265574
-0.63749387574461
-0.665687317041033
-0.714893294882144
-0.550974198958241
-0.74937162744373
-0.825354666568667
-0.724528766243936
-0.584688490082068
-0.638765934581234
-0.561971716445159
-0.55183361925929
-0.628713500602128
-0.87379366871204
-0.580388769873443
-0.571354143518068
-0.726827565915773
-0.55880482134086
-0.446795809607009
-0.50380004633382
-0.748208623482608
-0.483208413186283
-0.530967054949144
-0.539379585485723
-0.634672136369694
-0.684320217582712
-0.575658158723935
-0.601853859757743
-0.604634945126986
-0.550701600394473
-0.60155120989228
-0.541502144254345
-0.61408039808689
-0.725709676333132
-0.623368144942182
-0.665621140127372
-0.547741079101125
-0.663858576277259
-0.487804426523191
-0.732780526868593
-0.515089983751897
-0.552991773974982
-0.551116826935542
-0.585277406130588
-0.469711642163703
-0.476004380891456
-0.583037167767674
-0.606782348511411
-0.672023220231267
-0.486481098892612
-0.502137385312739
-0.64936068083214
-0.50567664328031
-0.510595588519421
-0.68516449731474
-0.544990193957966
-0.54061372757479
-0.492892702558077
-0.580719888602063
-0.514734540467662
-0.639860225887744
-0.612931550935796
-0.571966757382775
-0.60954500200647
-0.688732538275792
-0.56209681352299
-0.566687036786549
-0.614398687544825
-0.741578338829317
-0.46140359644179
-0.46474790284442
-0.432259017316631
-0.452638012252484
-0.423356714173846
-0.579535863109219
-0.557121608903576
-0.579267828455135
-0.721866477382652
-0.294104020838938
-0.46010285100568
-0.59252601320773
-0.440577652999227
-0.453369706280559
-0.534149305378977
-0.484098180670803
-0.457924910035101
-0.412995864145517
-0.540525326270793
-0.515734038391281
-0.450014031385392
-0.623319886349281
-0.497120773752469
-0.488517609470603
-0.401055298159661
-0.464697082766665
-0.49935945205292
-0.457933334615685
-0.650806259284345
-0.351250967837166
-0.553760742107395
-0.44542643269595
-0.441847313680282
-0.607047670293331
-0.521281487264847
-0.487707358841572
-0.373880005889707
-0.423608601669127
-0.499221233367823
-0.477127627731446
-0.428661109448778
-0.319389296762462
-0.558413103060976
-0.428726321646107
-0.585961928588325
-0.513857850511955
-0.520405405994703
-0.374417500338577
-0.296082530667347
-0.433165515897979
-0.445385026541544
-0.40517415348115
-0.395001833401925
-0.334227532021425
-0.398387702086202
-0.315954455694268
-0.58932751376148
-0.371257330012082
-0.535507636176388
-0.587585796917052
-0.42361701171542
-0.32800668196323
-0.578792285022021
-0.406930601670707
-0.462254769476001
-0.340360852351212
-0.286591478711048
-0.338001164752338
-0.392530468018607
-0.396589620044358
-0.314029439522018
-0.385091448215281
-0.370054934452952
-0.465286302160839
-0.432793080730365
-0.391487570865832
-0.406081122777889
-0.423293985569818
-0.227910105900055
-0.260925794783073
-0.372477565860489
-0.427373966392365
-0.41642785134892
-0.508877581033974
-0.231160689900536
-0.469527695041942
-0.308483866300635
-0.37127310983633
-0.315860947511189
-0.396832267049247
-0.368070582478236
-0.386147101083302
-0.304877946995297
-0.372511115937507
-0.437762546339801
-0.352427731981902
-0.40358695486495
-0.41289306566723
-0.306829543303735
-0.382632953576224
-0.225744972843891
-0.186435571208419
-0.3299950655567
-0.319983157419812
-0.248485743921905
-0.300388279702811
-0.228897611897513
-0.263726784684442
-0.361302365035168
-0.258807060506439
-0.269490913250703
-0.344563960304174
-0.309148913821978
-0.271841191373482
-0.429042740251693
-0.459731895108266
-0.292732748134164
-0.236402244232028
-0.361448311316909
-0.327129793672076
-0.366937324772433
-0.356523382438123
-0.363547451849451
-0.329360306397111
-0.20593205269034
-0.303207223210668
-0.338281175313136
-0.240862259631517
-0.249456616087976
-0.214420504503803
-0.322572536295835
-0.207059064196343
-0.171787635670532
-0.169613778118228
-0.180569375547668
-0.297276686705781
-0.204080691301351
-0.291566269528341
-0.397779646671122
-0.231545919323067
-0.150551467300513
-0.154962014447109
-0.347045985315193
-0.392591961200719
-0.294409732198228
-0.370722252723969
-0.290561459391971
-0.317867841972908
-0.263357277853371
-0.318502260505506
-0.183710802815433
-0.244744287151286
-0.226888169913709
-0.233943864041056
-0.267771006698876
-0.22245793647851
-0.248678225141396
-0.183237456993846
-0.169607444279575
-0.255736242841835
-0.270067981799407
-0.186260002357978
-0.200280308207829
-0.176057952216926
-0.316048922647855
-0.225950682856521
-0.178752882964978
-0.150686521320653
-0.249348281848404
-0.107062103849038
-0.155995854984217
-0.205703795983174
-0.274282855225102
-0.166332514012008
-0.192426369901033
-0.261265631978434
-0.138233350747893
-0.0559936039957806
-0.173538904742493
-0.317459868742515
-0.181754653875499
-0.187199407209932
-0.226640268069615
-0.155027962776006
-0.149037831730248
-0.165088989293642
-0.192710663675459
-0.403655162328084
-0.307574519012009
-0.188924106982383
-0.0649444382818221
0.00487442966008387
-0.0659700624760096
-0.314032049281309
-0.0406686500934579
-0.227737760427792
-0.000669322093825844
-0.0904240119298332
-0.245340427549836
-0.0811783863722595
-0.277114220071373
-0.0953538461200436
-0.127208075567265
-0.0626092109414774
-0.28483377749739
-0.0911122980754814
-0.182237073689719
-0.208435655343698
-0.00411958242688731
-0.261261947244543
-0.0816979197505685
-0.127559794008596
-0.118050496415907
-0.0762327844508198
-0.207664114765803
-0.227324392266596
-0.0756744830695532
-0.293698020218035
-0.118787997975773
0.0882754976843171
0.026672250703591
-0.119103000473597
-0.0954648669958209
-0.0488182833732154
0.0417214534849628
-0.014716758962768
-0.112873709657448
-0.185224689906506
-0.196255053809773
0.0302685970619254
0.0159544829361521
0.129447606776654
-0.0557343415994624
-0.0823731560073256
-0.0855819852944872
-0.189777683614588
-0.204941854487205
-0.195422022412676
-0.0614052732741423
-0.0616813839259291
0.044664583697956
0.125200690090897
0.105828725183233
0.0948469710536273
-0.0538446393262278
-0.126941065013068
0.135500796290726
0.0555264664741255
-0.15966623066648
-0.115639297335586
-0.00534011700009262
0.0549845934902112
0.150227297022504
-0.0119642034291481
0.187455264004183
-0.0105218650905867
0.0369627876085536
0.0322294515595489
0.0327815081277416
-0.0635556561942855
0.0647733986508027
-0.00451412097017066
-0.0614888021483032
-0.129370496892419
0.064228852349485
-0.00980310658030335
-0.0652629817652509
0.06418424289255
-0.123686021837593
-0.0136452945976231
0.000331534302266769
-0.0736699143989636
-0.0753191194819676
-0.108866086110111
0.0359073123768813
0.0333073761699085
0.0627863360098281
-0.00585968235729958
-0.0454798730777231
0.112892959675443
0.0686953933311866
0.0111988690248456
-0.0821147012434858
-0.0337364638449425
0.0600463331258171
-0.130146469397755
0.0265552240913425
-0.110046881202718
0.072285303289223
0.108681476232216
0.0306731395607645
0.0137149231241188
0.0287225756697661
-0.0761143517659012
0.0785621627659031
0.0479493515852214
0.0484818312469482
0.192187409430036
0.134655005668736
0.058491639774247
0.126194129686207
0.241522117317816
0.135374282543193
0.0718159077686591
0.0750385475568036
-0.069467525906231
0.0987332719217124
0.086659427935811
0.0975906951352467
0.0812846288777686
-0.0180734140372088
0.0652139227375445
0.223217767274967
-0.0299556748892475
-0.00583156466000073
0.100551797205976
0.0139097168409087
-0.0194309654387708
0.165180181068131
-0.0240384827727586
0.0579095695601566
0.0493961392650689
0.0493881578913293
0.029231950594608
0.122068735720972
0.206537134428431
0.245520966432606
0.0299495192391091
0.181658383098444
0.014259056675367
0.163618704865031
0.229341646285422
0.161899118621301
-0.0291478344472073
0.285268274602234
0.123460939840669
0.066818221601812
0.204736842095364
0.0356342617182012
0.235961919410715
0.151532538332725
0.064444486443063
0.0688059812467652
0.159319615601335
0.147170059635396
0.18347602164888
0.0741094554461863
0.204253592517207
0.0323518611575193
0.116282173400525
0.0716153589991272
0.13927892482806
0.155017598667655
0.130637521974131
0.160330378724827
0.051244405160154
0.149965264103883
0.110370834787785
0.198611205153193
0.129981866758534
0.13916421684641
0.201392208146266
0.246341052619013
0.222322702586063
0.241281094309107
0.216153688558439
0.137801867250248
0.334281893665705
0.0794218161818772
0.052996962054649
0.200141411128901
0.195210507756573
0.192457014641215
0.143876186358402
0.243766743450123
0.13854910364259
0.200184281222109
0.178986896769743
0.0778334170637414
0.35679463931167
0.264505721147019
0.235124465818304
0.123637188468486
0.16305135565594
0.230997504943032
0.347230415909288
0.329410326534741
0.332712907481718
0.183183319449259
0.246945086419458
0.278888471232474
0.151028618288616
0.225722471780832
0.298410721727448
0.311629912821487
0.298378521702627
0.302926698178997
0.242310526562542
0.189934418831248
0.214558608750612
0.341117093964937
0.182465435462702
0.157441309771572
0.186462257025486
0.0689312414661521
0.190476895853754
0.227554863000402
0.253240644348855
0.293537877285064
0.362164071104563
0.252017187370109
0.375076331587607
0.296766976865218
0.296122228598776
0.339415731421003
0.0789143720452445
0.239140092377914
0.204254587676742
0.129243170209042
0.375453756254609
0.32897166895181
0.368084556512419
0.312894498289914
0.303559207967346
0.27594285502618
0.351523216902358
0.384767918881218
0.322552868301374
0.27470365840477
0.300564715517994
0.324395074853006
0.337798596042909
0.315116821965209
0.309124390883546
0.284690645740607
0.322495487649611
0.283341573364447
0.321326830189976
0.139014401948316
0.27507524771294
0.435668034979245
0.31322814914477
0.424559916487056
0.297933363211099
0.272702583015812
0.308250267809571
0.307679902948558
0.237468660000939
0.43054508935264
0.252501847856408
0.178222216133826
0.279247459085144
0.370367526673622
0.331267018798563
0.237096463611122
0.375909774598902
0.460699718586745
0.380215334808736
0.182496334098747
0.348085730061197
0.301825100547561
0.493868524777729
0.361500505167545
0.350530541700271
0.360683267868982
0.532230804010341
0.3110783703562
0.397831340499547
0.456929790484192
0.409168732543825
0.406523029723193
0.472336580391462
0.492861112718634
0.414519220303166
0.324366829446845
0.340875475842828
0.446297424155199
0.406138430767454
0.467234370403134
0.481969690075747
0.380260683372894
0.508317070196727
0.416625605285997
0.340842870555294
0.428601023518736
0.382291449674126
0.465454771784152
0.401357452851386
0.356707982185181
0.527164654953798
0.498598561975941
0.366562443071512
0.435147840394676
0.282098196441435
0.520024672212912
0.320966826736655
0.533626680190471
0.4012220568742
0.323834873783733
0.449104613484419
0.532773676213033
0.491605258630532
0.349583856966093
0.456558219547438
0.291885066626435
0.347739832449461
0.485926745166229
0.68963509604258
0.317199557862325
0.508519438947043
0.500823193224697
0.497629108669762
0.709806400484436
0.434646030233001
0.559473650327144
0.608465228815618
0.4903752358477
0.507165385409923
0.471593190459401
0.642276953161613
0.558974367953209
0.510954893753254
0.603323939617012
0.400140602905192
0.587995285996401
0.485684158308244
0.590663911477434
0.517993516903484
0.442772901702954
0.544231744067625
0.436465846164467
0.451664377357592
0.6382564660433
0.496177394415447
0.525833902611155
0.576178017941251
0.538614673774171
0.537065209222251
0.475844974510841
0.684223631515588
0.560052316809506
0.468230910320996
0.672057574253506
0.501028134524415
0.565120584783376
0.606178692744115
0.605830856229424
0.451921758435764
0.571353108805353
0.562632064634843
0.584589061601374
0.528453423442323
0.401891054597245
0.619110087786701
0.611844091649451
0.606867378640572
0.487579704229509
0.68689013882611
0.552328170376884
0.571257429410599
0.617708271751013
0.682224923291061
0.551947378260077
0.52834010728629
0.626479350457492
0.604982046526639
0.678674061316385
0.521225393108486
0.527507041871647
0.788677288708939
0.640663047997252
0.574706163356113
0.65558442844687
0.532842692893747
0.558079639815031
0.558770879978748
0.681952041433025
0.608113190000887
0.510413339622289
0.611801095521087
0.463238812528059
0.41194162002142
0.645048565316424
0.74745701257674
0.62940900705848
0.667651144970907
0.592966892882449
0.776750246212179
0.478657098671439
0.781071589628049
0.594157792075176
0.759008368696727
0.506271753765998
0.542437577231949
0.506577447423512
0.557656959339136
0.742021733336116
0.68821575889635
0.727965163260203
0.514402410482678
0.704257777460918
0.76900057278551
0.659568954501174
0.545148577338557
0.662923675225116
0.767956380907543
0.565732074161867
0.636086992329403
0.649329706941494
0.621764512321842
0.669163791843831
0.772173037506868
0.511255717555394
0.670045344864986
0.680408661308898
0.646438319909522
0.760077891090691
0.7998942160794
0.620099648722938
0.736410770412115
0.643477828670148
0.579675910781211
0.689301592909117
0.827633958709064
0.667712202100834
0.838131920132143
0.738178906964567
0.817995132324146
0.672206330135625
0.649083688318785
0.629257085387354
0.754823851179641
0.646821306360654
0.870196995505884
0.706364773570021
0.706632124007939
0.803498912904914
0.819562181617372
0.865855495974832
0.853761959792227
0.789641065424617
0.730246061188882
0.733804396042495
0.876072267045323
0.871893896438773
0.755480333164234
0.794713382894215
0.759268642037691
0.833318882213996
0.820632862070427
0.82659005708631
0.647327370250115
0.858324494903959
0.850820202411682
0.638192658929883
0.608127878194761
0.820899751183072
0.75320082904278
0.81809702617784
0.730952565601184
0.763122718217411
0.93209935623393
0.702885853714143
0.816877349755067
0.729132980636587
0.867799240769174
0.758202252725673
0.896555280848064
0.996803402672351
0.700874990753629
0.827452085103716
0.790895839810365
0.92707997880448
0.757149159194967
0.840544707797396
0.949198601846361
0.771294442075967
0.948946853578748
0.81347865638455
0.822419227821045
0.849082451915565
0.90072628721244
0.751094535135876
0.727344299286219
0.814049065505044
0.856867541674271
0.898225175647059
0.643634054926008
0.725797705678221
0.818387937756518
0.830692184022552
0.83389884889184
0.933962696269418
0.811788641470905
0.744410460534595
0.763378480996853
0.964067528526024
0.901929366403361
0.785274412193031
0.924236205287908
0.808985791476625
0.915217550918366
0.803864717337987
0.936038667971554
0.908213808441284
0.939343816720453
0.797256411849408
0.884084658771147
0.913553912038396
0.828318953759222
0.890392902836227
0.918875242107279
0.914831537348066
0.668657603126641
0.861034971904038
0.780512235960876
0.96406582230614
0.850172308198231
0.821574390494932
0.869938158227486
0.831367158857661
0.926105315639704
0.882197166521157
0.895403717422656
0.917985916686484
0.873703664347186
1.02521074637598
0.856995802536314
1.02488556832918
0.945257297102673
0.841357624222372
0.8394248123031
0.893340349265155
0.993362359538456
1.03170065865528
0.904237614990073
0.758209268776548
0.875806550268274
0.906314449130103
1.03580839695045
0.843217533690666
0.895033675530614
0.96958093794942
0.880915739894349
0.910889939615784
0.986875631930704
1.00717453812976
1.00005960760864
0.860066735233725
1.03130502358605
1.10799220755042
0.889750322666993
0.948550462263137
0.947876722456128
1.02901540459727
0.940653409804243
0.97167014688873
1.0567270167744
1.04695061364572
0.897188105766775
0.984903479818073
0.965569508385076
0.991931850840662
0.821821329791696
1.05754834695062
1.06492453854716
0.975830638803781
1.08949709730143
