-0.831007171538142
-0.942506330782408
-1.10338224073879
-0.944154461637467
-1.06749401346631
-0.958843373336595
-1.00423131943318
-0.988109141281372
-1.05054757530616
-0.879515624994423
-0.895374791696614
-1.17532048911172
-0.95497695468788
-0.914141755443465
-1.04087159834494
-0.961590666037494
-0.990440394342355
-0.935084596396049
-1.02529125119006
-0.963573161019551
-0.949786329307815
-0.938839858732303
-0.820591153534364
-0.863899994707129
-0.946331971368926
-0.946913957567483
-0.866559944444779
-1.03670596310136
-0.913932551108698
-0.906310617320974
-0.870625611511673
-1.05731059487717
-0.764995444155547
-1.08528676644188
-0.912058816935094
-0.857361776621459
-0.935716860432985
-1.03198228578272
-1.06269188207434
-0.850168728736868
-0.949826098704158
-0.849854822139911
-0.94777415603878
-1.01476243061518
-0.844722682507032
-0.871391240716217
-0.93197780371516
-0.922201312723489
-1.00685328158742
-0.854894852451136
-0.900506108395766
-0.907317626571309
-0.881251405051845
-0.859072436945656
-0.717757509979005
-0.916566542365973
-0.916620639181505
-0.878972028452885
-0.885979937084543
-0.888188688135864
-0.779651219531977
-0.963687943957767
-0.947114598831416
-0.925315632783102
-0.991605576550495
-0.842553331227893
-0.937042646031243
-0.823932320810386
-0.855508640899615
-0.914875719019109
-0.958643195074921
-0.886224869700502
-1.00086875033739
-0.905251768937738
-0.849110966689426
-0.897862976476109
-0.831995092212456
-0.942500877778124
-0.862664867543647
-0.880078272057997
-1.00035543926695
-0.757236097106055
-0.848983281633707
-0.794316487840174
-0.828652555895182
-0.724034470630288
-0.810580853145168
-0.877349923487256
-0.827122082059016
-0.881040807423094
-0.75673621757504
-0.829067075601771
-0.688720780809049
-0.900697094654524
-0.780171067700768
-0.715912737946165
-0.810750410386819
-0.863428801134316
-0.889697696299369
-0.790820627160211
-0.725802844842117
-0.711036859347728
-0.692364355160493
-0.776208695140256
-0.788119476713021
-0.696885210909796
-0.784522412754544
-0.757621238377145
-0.721484745748688
-0.777923918142751
-0.643523950628534
-0.69063565216738
-0.867040562415485
-0.643109122715615
-0.848635750720811
-0.598676618823367
-0.770966455240022
-0.777156675024984
-0.607443155374549
-0.821322414179023
-0.738633079498874
-0.728152816865601
-0.765608156439741
-0.735204867433396
-0.580739380918558
-0.58494154105253
-0.849654529102245
-0.683372505940752
-0.736664455784996
-0.585534307130617
-0.753916482234052
-0.631715122157041
-0.657841968186056
-0.722983330267122
-0.852530340008481
-0.768559414708924
-0.867121045470837
-0.523284713717751
-0.685223540446999
-0.861488411820441
-0.698975200070892
-0.63863839287247
-0.681955266089534
-0.716274197369692
-0.810267984287311
-0.768532595833095
-0.701773019614858
-0.75943125791965
-0.657078557632548
-0.780400996287507
-0.599956584360407
-0.910491075407166
-0.746442084361961
-0.700201958975907
-0.647647671100089
-0.739276609857491
-0.524970053447417
-0.523522578390298
-0.705701690859156
-0.673066048001845
-0.740790895580078
-0.64139333659879
-0.673394411049043
-0.570040962059653
-0.711060715238133
-0.540670072713829
-0.597076488897192
-0.544448468208436
-0.696190616079035
-0.586019101694178
-0.808944759590326
-0.631322630723236
-0.7552616970524
-0.615229263596719
-0.609905582320515
-0.357656126044885
-0.724900769591301
-0.556096490829589
-0.573317876095392
-0.619053226990168
-0.798831985073269
-0.609144668637488
-0.680546081939704
-0.57186935509264
-0.703515441006332
-0.643254623664408
-0.517172032437244
-0.63982948124055
-0.656471444284427
-0.649330538071928
-0.505286162327115
-0.591681994023861
-0.588089028644032
-0.747800378296195
-0.691965828862982
-0.59969119758155
-0.747126796223798
-0.623886543035863
-0.453071364184796
-0.640522591823636
-0.59044033607239
-0.61580781069821
-0.582729318158923
-0.4760068147132
-0.673533797968958
-0.54907646543862
-0.606821190518181
-0.642038623128271
-0.587524035626574
-0.534758985199399
-0.411759605770349
-0.65470176823876
-0.63168092455387
-0.35899365850437
-0.57218257789612
-0.631393520277404
-0.61693487285972
-0.59391862748503
-0.638678936221088
-0.637743824987661
-0.569067389933105
-0.450459322371453
-0.452606069243194
-0.479688410191577
-0.551093288447961
-0.618272624483851
-0.560235640409614
-0.478466406947188
-0.555405076033935
-0.649388842433689
-0.486959354012429
-0.433269810635603
-0.504212546358787
-0.220210137299894
-0.441339619373947
-0.59983224224959
-0.435766886777088
-0.510721773159307
-0.622404996251683
-0.430506921099919
-0.471166529094995
-0.616877402803574
-0.689285846915066
-0.552056221205204
-0.524299403731009
-0.541378892066577
-0.536295431116487
-0.528693843953646
-0.528732922925291
-0.336721649085866
-0.454956314409668
-0.518466423202359
-0.574809067331532
-0.516936577892422
-0.523342343260798
-0.349715380100811
-0.510686852223674
-0.489449993931513
-0.621679252725874
-0.499734936088011
-0.45663147080196
-0.431329073326834
-0.446195579867033
-0.486990845764846
-0.46131500265088
-0.496749680335629
-0.54522915485925
-0.407349960507466
-0.416950455484197
-0.356744596155225
-0.553769804394373
-0.488222428604813
-0.400624609449054
-0.435556557031108
-0.414226967239686
-0.291776391959156
-0.330801964102052
-0.66885418809742
-0.374654494078638
-0.441623542132059
-0.299586565989579
-0.544085081656358
-0.451547092513434
-0.498633300102407
-0.373904289641043
-0.5123059159373
-0.296680036643005
-0.520756764745072
-0.519828512788507
-0.551932049168797
-0.342536353164674
-0.406877582260166
-0.479021372563537
-0.296937974295823
-0.446517753987809
-0.394866188724502
-0.407056212455347
-0.34519892960534
-0.302356761503215
-0.302999237319595
-0.416750486794113
-0.380908814129541
-0.366320959140836
-0.240974594695257
-0.389056606392257
-0.417215366719101
-0.341141105320179
-0.398576926762526
-0.419270386061699
-0.451535276863337
-0.32806151773427
-0.305638044083129
-0.368599139393132
-0.320217753166874
-0.475139540112544
-0.424458811793097
-0.373096260410794
-0.304438783211928
-0.354620953105822
-0.295817398512789
-0.202728177595074
-0.429492805861163
-0.526076109210024
-0.441290593755002
-0.261808976946083
-0.408317646060028
-0.372228431796188
-0.374770159797867
-0.308613999050459
-0.364023183364011
-0.363008837971337
-0.251530127611991
-0.237393334444815
-0.304069861379955
-0.370333274566019
-0.339599380491619
-0.219513005950871
-0.42589183719816
-0.276964545664437
-0.353368287552117
-0.294912384183396
-0.294233054649369
-0.25613040432912
-0.280418948365589
-0.189467006349893
-0.2046450456133
-0.166013298009233
-0.362412455610769
-0.30543966800878
-0.254381645467888
-0.383661460792273
-0.253535612694817
-0.259460566224128
-0.35061958401796
-0.232281893177329
-0.16219785939609
-0.165525086910327
-0.32163848190025
-0.1799570428443
-0.201944040256629
-0.138386504195371
-0.316969805656419
-0.342875426971519
-0.331381441095872
-0.271099971086941
-0.322613041242473
-0.291743176605189
-0.130369423469197
-0.10996472694243
-0.32252798044942
-0.230757941777155
-0.0461241815518556
-0.284304923032667
-0.256380586471225
-0.134952962507755
-0.301058168886646
-0.236620014769158
-0.342212730995205
-0.282003571393889
-0.140291641456841
-0.29042535067174
-0.274927389352658
-0.134922687451058
-0.166538172944026
-0.0494180668039287
0.0396896574185939
-0.305601461767887
-0.203297008384958
-0.192660995461767
-0.130421742349132
-0.235679755279983
-0.123396102471726
-0.265398686068205
-0.313098521766161
-0.105388799089954
-0.213843598804262
-0.125191676265771
-0.162604456581004
-0.419463668789472
0.013862259991431
-0.230586628227784
-0.128301837938301
-0.228114818922163
-0.25736327064191
-0.159477064137342
-0.320563836376832
-0.155532550697358
-0.140794082237206
-0.200939929570544
-0.244057041149399
-0.38548606848798
-0.186424089438554
-0.171730372207766
-0.176844224030685
-0.144794759733381
-0.178318372728071
-0.146488583038038
-0.123429332581329
-0.0580105441139433
-0.24114023829667
-0.225679990614471
-0.0746251894062416
-0.190680571026641
-0.0499615666953961
-0.126689170407141
-0.100293296631726
-0.114804127282041
-0.126010287910989
0.0719120354596647
-0.153560509297418
-0.29496212788512
-0.199306406801918
-0.139779388394124
-0.136084028860317
-0.00813841969952992
-0.0749752277327344
-0.247806615847606
-0.118128930506798
-0.147396009243808
-0.0905975763865047
-0.172862926600009
-0.139500355623909
0.00685043585053666
-0.0954674546960842
-0.0840393793743792
-0.0914399574689105
0.0397531925473079
-0.142060676607992
-0.115300315246086
0.0509880870167834
-0.0574757368472886
0.0414869602676046
-0.00632470955521954
-0.134980913585947
-0.121807635885805
-0.104221749060571
-0.160040366306101
-0.033988145864703
-0.12866737979482
0.137637411554462
-0.0287192543054976
-0.14641727128396
-0.143529673751884
-0.192179012379891
-0.0249584077959396
-0.0234141034365871
0.0150893804795522
0.00533270347184813
-0.086242518485853
-0.115667864223373
-0.0946874799961445
-0.042376911869018
-0.0587143017627532
-0.0564939589246961
-0.12600466784862
-0.0987005472201986
-0.0121863104582661
-0.119995247079176
-0.025041047983968
-0.109198085380054
-0.225281116364058
0.0470709621030749
0.061140362304564
0.0508736146075009
-0.0373863586540904
-0.181572492558081
0.0922785821996321
-0.110394428155191
-0.0471356917955227
0.0149156057695077
-0.124915277471537
0.12336491282309
-0.0216980199916046
-0.0244427517574711
-0.0923478170269056
-0.0322547682531995
-0.123213020248909
0.00410619658331131
0.0443718282062898
-0.0345129936945121
0.191565193679296
-0.224229608408755
0.0702006615005508
0.0266682108469073
0.115970938947184
-0.0208040769597911
0.124401377996773
-0.12033047241857
0.084439080389668
0.0493375226995054
0.0488119082608813
0.0689359039218742
-0.0974587327958291
-0.126742111592217
-0.0383485428190547
0.0967563277255362
-0.153808043296664
0.117931061968947
0.0476445934598492
-0.00177259499869467
0.0292555456682307
0.0464027477034529
0.0630251054900939
0.16299261684116
-0.117228699070429
-0.0318034649755945
0.139110657376345
0.0470985545496007
0.0857737309089985
-0.110052712945631
0.0405680820398273
0.185009675548213
0.074841132545895
-0.112364281671397
0.0220416681589657
0.10697930519463
-0.00407887881807713
0.0388400858965655
0.0683021533488859
0.111738814570024
0.170486787670042
0.169857943964991
0.0897931444071926
0.114627359153301
0.0924298618922977
-0.0645761826322001
0.229490150776726
0.0660681932325403
0.0100562585048165
0.0855775298284411
0.188579326667588
0.100120791971463
0.142974327605065
0.169873508111972
0.115806022988962
0.201356042674614
0.0598565406535339
0.169057215085217
0.178201261959083
0.228131063441163
0.152462887588641
0.226843078817741
-0.0366975417107685
0.189116572566189
0.100757477374259
0.11984430392193
0.138028087213788
0.0132988542039322
0.0544727640194644
0.218281991463415
0.167285144824539
0.19548438479404
0.245746779663179
0.259132554852838
0.0574050263991091
0.17416448115771
0.129114078740704
0.0737894689933164
0.144868465520423
0.236638882239922
0.264524788824883
0.107985304327736
-0.00108315728813072
0.160815396019392
0.0800186992279922
0.125963000176937
0.0819757379741915
0.153234520657479
0.165642629325093
0.199865518653515
0.292764017866358
0.0925872948018436
0.170126123830348
0.283669958884372
0.285493524519106
0.18709953407968
0.0464546599745081
0.130144087144808
0.473267076692225
0.263733079753635
0.123187071901144
0.0987908041144169
0.195586693693929
0.129391738069995
0.218560463216111
0.300615679021588
0.167979742719089
0.282610554171535
0.242851598147526
0.289744309576745
0.0818432788262502
0.184178448329878
0.121235724158519
0.17733484182415
0.179170941075085
0.108957418352753
0.364001097570233
0.297186643605055
0.271145266029209
0.32370580801835
0.215236579946238
0.297675906043317
0.33035183292822
0.253164878689912
0.246518908644976
0.208637793933165
0.225656013596176
0.351929976260765
0.206849907643938
0.311720315439905
0.314823533918834
0.0962385198222128
0.290050875149477
0.235990459758853
0.331384982582643
0.152316519060812
0.217772125157425
0.136964034730808
0.353573185125553
0.141470650000936
0.345240341447349
0.283829308343687
0.364422869931924
0.266867852947615
0.439607368658281
0.409113615784773
0.318128376308419
0.296321346477866
0.191623547638247
0.311642496630962
0.368848491145095
0.172427505391954
0.232314243651067
0.295321949285677
0.31824127173526
0.3122694236626
0.299472175665619
0.135464438475083
0.398595879236485
0.448617410214266
0.246741450841446
0.407676817598572
0.189558362247517
0.237276823205542
0.193663783188675
0.374543000142937
0.565824959275046
0.2731630488466
0.229231917945716
0.346580368943435
0.401118840129069
0.370401262325561
0.453959729862451
0.375166373963459
0.434429822556022
0.218182179201549
0.267909831746717
0.434339545865445
0.310924639360924
0.265874730122391
0.473626585160403
0.454390501652674
0.358169338059208
0.304627806778695
0.298562196113338
0.315478680506877
0.407460224334956
0.390558254862021
0.362753404783999
0.360333129070764
0.325243871453469
0.27334410454476
0.385118309037013
0.373839788386595
0.258456787370195
0.368341680691774
0.312151296121943
0.220914044404055
0.500384940556927
0.422915990419901
0.417736469981472
0.461554397204588
0.613747703797659
0.354533149293747
0.24113656202933
0.51559855253862
0.450569573970947
0.358603236206579
0.494408234916906
0.406509176417018
0.579401672886708
0.340565595531577
0.388065501607322
0.456724920202909
0.414065634612926
0.401491784263241
0.455119772565536
0.447876248748786
0.406700972875858
0.405505555687932
0.425387218117521
0.652466655018443
0.443876035592225
0.565351034391986
0.484730851212461
0.385272419199487
0.598339429018618
0.599154195783602
0.435003327891781
0.548788730747525
0.381708391189266
0.276410525334592
0.507933329635116
0.481141869987478
0.568657941928945
0.359393072261336
0.384400931689755
0.416794167909521
0.355029685574949
0.366354830794194
0.545053714924843
0.468404185487604
0.561756229781014
0.475198041638
0.440920937721846
0.5323224993738
0.535003079378058
0.547621980840744
0.646442300314784
0.497131553856244
0.431446372422776
0.621037385440292
0.568476240513031
0.450011786839856
0.521495724841906
0.482960756275316
0.459710623284396
0.427590052672618
0.576518215879757
0.596206346165211
0.644258114952475
0.603413811997233
0.569341680917448
0.540614070804635
0.601826567106629
0.621490621672327
0.589293614265586
0.564261838693903
0.562858855456694
0.505571962980512
0.579996334169421
0.538836294833072
0.540454270891254
0.502748437446295
0.45474279806767
0.595175341437081
0.564966905551678
0.636642746714051
0.57843952834603
0.578998587456625
0.532190398737787
0.572953777185397
0.49394713999986
0.61593275829798
0.538784588100439
0.617065745222808
0.581360029695897
0.506272885861
0.606840399239557
0.507740967760335
0.550394121169321
0.517882169803274
0.640658589117593
0.642627943720927
0.615612717442098
0.494525505332453
0.485845941271337
0.551364992700125
0.516023784388703
0.777225012854526
0.651846658063253
0.420482105008417
0.491170916074276
0.665495383072156
0.6091924583348
0.446394601031595
0.642040708790701
0.594279771394463
0.548627973244354
0.563080824339282
0.576443324275008
0.739523373586097
0.569451000132453
0.570002949836082
0.639086964942468
0.639732862331934
0.541640537353562
0.59149608878295
0.752470490781086
0.635218084898653
0.557794225516324
0.69984603444048
0.710244058581356
0.722178263868437
0.573495022967358
0.69724270015306
0.684314575138015
0.475452763430157
0.568400679778229
0.520014577731259
0.590168937322582
0.712669798056004
0.560979539418441
0.759870393162076
0.717785420367517
0.661557632029102
0.858193855001708
0.637494070486394
0.793102218961759
0.637449450923807
0.736991477896147
0.664776446786981
0.871532891989989
0.635490626057562
0.497342629724326
0.726438490637035
0.80940438696181
0.658780714132573
0.748276580000097
0.579238139280078
0.562136152553894
0.803787772223346
0.674729659203641
0.608685370371119
0.70848494395035
0.94335598040684
0.648418548999037
0.790759471405657
0.759663610032587
0.765098861365763
0.84477329763074
0.660827519914667
0.812152536166867
0.783191729887963
0.658191848474658
0.666991100800327
0.732111752315019
0.588252318430598
0.622359528680896
0.726535732950904
0.59514408206801
0.691091878381338
0.818884304191483
0.765840974096974
0.934067329091393
0.799510418696892
0.755304101790126
0.67876332219653
0.921459420096938
0.902418555944349
0.687191072924919
0.818737793093926
0.751737364895347
0.831007893617568
0.782570434739209
0.714613844927222
0.750721917537743
0.890428375319126
0.674465640389945
0.660373166272522
0.904780909238446
0.847232974719015
0.767378729532689
0.821163714874756
0.772626759856192
0.730099919337692
0.900140588019725
0.828113932924702
0.914288255852398
0.792152127111533
0.69097968761576
0.687362096199446
0.796182772257412
0.838634097466288
0.891203176115249
0.978184591379369
0.895926824451499
0.80286361439331
0.801184037504143
0.844611571087617
0.861227668835248
0.789296293792768
0.699606237376471
0.918941987270849
0.946468748472476
0.982545880458503
0.892594735092677
0.94800525790851
0.866469245021333
1.00416332445436
0.770672487895418
0.979547796394625
0.937746647009152
0.875169624230844
0.847710374398774
0.847962486990797
0.815538693741878
0.827174738038825
0.999249469615251
0.876916018570058
0.926837780254145
0.809812361711636
0.814279526402739
1.00817610143356
0.928874352545856
0.819000108413181
0.928766697012763
1.02756268173323
0.899203241176318
0.97002783876422
0.946652060114542
0.866870422243853
0.891564676705334
0.977834633366501
0.93164276226221
0.830481499580912
0.943452257556611
0.897724571423885
0.882405373817262
0.909057648765253
0.960064763172458
0.795049315129277
0.969496197951229
0.877729498002508
0.845579701244851
1.00663094211179
0.898233283894626
0.887671477928085
1.08953379943319
0.898013296508113
0.976785544599427
0.900389834556273
0.889313738213282
0.837570900326061
1.08587582634483
0.98912291572357
0.730630193335075
1.12017005590216
0.993999787329992
0.98148411072856
0.967512791794116
0.924735004435248
0.921367851478729
0.934507341798204
0.85631039827387
0.874142616414586
0.856147901658563
0.994309398844938
1.03494927971361
0.907269442241945
0.778246121648886
0.934366016033914
0.959515135577751
0.895124381985241
0.972067793672733
0.922636407556656
0.976662018386742
0.955343298667397
0.834045154483022
0.964972182746275
0.997789466452523
1.04504189425577
1.05066040503717
1.02522662713865
0.979640188462089
1.0619504694871
1.14667934610497
0.953882400497395
1.02052187486762
1.15600402294435
