-1.09358242050792
-0.931316094074191
-0.892392219333842
-0.973387682635068
-0.943484032524138
-1.07465477418699
-0.993709324258245
-0.978698783210542
-1.13395981911065
-0.88982200741355
-0.918477366493945
-1.05915079322099
-1.07312038917823
-0.953512021960975
-1.0074891131517
-1.05072949460033
-0.998870688587139
-0.939503272927164
-0.89216379049881
-1.00476423564492
-0.832962469738967
-0.919735585398284
-0.867415303556104
-0.891403080725931
-0.897696025726884
-1.01199240075879
-0.889769122860527
-1.03970916042032
-0.987774093885207
-0.952655285550166
-0.815655422906934
-0.857173696664769
-1.16887398787395
-0.877649826393585
-1.0272513191694
-0.919784988793244
-0.979221316638372
-0.896011877713293
-1.11433120560931
-0.923214024379353
-0.773338547296086
-0.952476530594411
-0.924003339443309
-1.00183157788614
-0.890338362520073
-0.895071416446033
-0.863516195754851
-0.943848489371478
-0.889855104571892
-0.919533668469809
-0.95014983623121
-0.858238040786553
-0.867346128053489
-0.827604991437187
-0.769771295590107
-0.789527313598027
-1.03900860200376
-0.754408991109566
-0.790819121558823
-0.736896022921647
-0.985998673535288
-0.796696797939427
-0.912086925681864
-0.784667356303803
-0.88421203827639
-1.02539450319433
-0.786479236524396
-0.83003904598132
-0.778723918797255
-0.691684599614638
-0.70417242830769
-0.742756793592374
-0.866812674595453
-1.01368486621223
-0.779302693554635
-0.924411077740682
-0.842313574692458
-0.948665006107253
-0.787585937396416
-0.864293460667922
-0.7948882919743
-0.82219004814973
-0.9650339759205
-0.811343369965966
-0.80217483200594
-0.774730302258253
-1.05281763392172
-0.926096316802049
-0.89700778894976
-0.751889747525216
-0.626665205967724
-0.6687510208992
-0.759466313712869
-0.922188681003656
-0.749700901392819
-0.759471656705729
-0.869488426631823
-0.894148364578606
-0.792491878955847
-0.813684441059445
-0.841014562174282
-0.824143060665438
-0.828653232616913
-0.861002357999647
-0.760565203020586
-0.693446552553065
-0.887377575484195
-0.715194438193742
-0.733313556961004
-0.809569087708065
-0.634587113469333
-0.959386543646646
-0.708226133446864
-0.824529819999385
-0.759794004335796
-0.780558936543903
-0.862828595117929
-0.70038502069939
-0.737842635219372
-0.710982680116851
-0.7814907006738
-0.771268639906795
-0.798592374701354
-0.644467321361453
-0.718992879362469
-0.790707528207084
-0.552295795929519
-0.691151539245174
-0.792167346997719
-0.747721702650913
-0.51387558217277
-0.645965188695879
-0.777165381024436
-0.78587574927526
-0.651582429148753
-0.738654228061156
-0.67318528378024
-0.595307127139466
-0.702261270653169
-0.859139115090691
-0.735829848551205
-0.697234349028989
-0.587130157155812
-0.665518184818503
-0.694042397493428
-0.669678849356207
-0.615619890628665
-0.687476302254088
-0.815867735009167
-0.691948560423822
-0.777096106799152
-0.73384226833925
-0.653583890103061
-0.787867611926928
-0.540828172736383
-0.630704181855136
-0.764332354245974
-0.739159502171877
-0.648125079356632
-0.732891367202048
-0.763831996553546
-0.552609143469049
-0.696190161270767
-0.61216588138917
-0.833934296741436
-0.673561649619924
-0.67744538489443
-0.601463795587883
-0.651811269997631
-0.763271523813336
-0.72401892810807
-0.555964398709087
-0.679816562575571
-0.649612972459603
-0.465963846132615
-0.738625271362786
-0.602012537908391
-0.718338187186174
-0.529984612594047
-0.525590121372408
-0.578112906896167
-0.738701651122588
-0.530990439491651
-0.598865258052091
-0.592572887987097
-0.515705410853084
-0.70628684292783
-0.686935770726047
-0.655292170888706
-0.734544797675178
-0.647359797783039
-0.759571746750335
-0.566917448490214
-0.625280388702786
-0.44245046512211
-0.538589256314031
-0.613500234349677
-0.588070563847031
-0.569402472734466
-0.632392038646267
-0.589867439771899
-0.626001868905226
-0.626398792579705
-0.50176030525161
-0.408675494862412
-0.514593369171117
-0.706155982926469
-0.457139617925311
-0.56887685096602
-0.498997430304806
-0.576661240273412
-0.693262689590943
-0.579541622581183
-0.53041933390068
-0.607737474641973
-0.40286620679116
-0.440636420275852
-0.536208336045365
-0.669646760190543
-0.651932808294385
-0.626617336807251
-0.578550353550731
-0.616326597098835
-0.636671883931551
-0.56374616382354
-0.542184076788007
-0.645017690980231
-0.616200171118002
-0.591642985988566
-0.607130165809757
-0.676286180532054
-0.572391882674163
-0.517905509470523
-0.36798924833926
-0.589280386176955
-0.565513135111496
-0.278885738466937
-0.569386806597068
-0.453326276813934
-0.600727694714593
-0.612747895994003
-0.818917978334408
-0.517324881653759
-0.496192820955956
-0.53268352902179
-0.584364102161941
-0.491353988385622
-0.481988896556916
-0.491671737612864
-0.522588038802319
-0.430227922825711
-0.358737604384994
-0.587295708262359
-0.519694204659573
-0.408406779031322
-0.442601108617736
-0.485993615454936
-0.38143030449527
-0.461853453546721
-0.57266901540473
-0.489714763061198
-0.613536854655471
-0.47652866668679
-0.421310821785767
-0.441248964385679
-0.410641625615426
-0.561666718537679
-0.587375407761991
-0.31550523975616
-0.414012039997055
-0.396763574255072
-0.361277311380866
-0.41506603281418
-0.422476560780503
-0.361008611570335
-0.501111820305586
-0.432880546775718
-0.644752915137025
-0.509120351130882
-0.558293598683941
-0.471209204948505
-0.462708525677578
-0.406200237179204
-0.45390000769436
-0.479821183562377
-0.262617515133126
-0.351139152315841
-0.464540824010531
-0.441791931098209
-0.304150335407525
-0.406698269362822
-0.475919356367932
-0.262110575817607
-0.454714269797023
-0.387084680247492
-0.311480328632417
-0.425377707660912
-0.325995010745135
-0.412742919216236
-0.323024347258232
-0.38389012927997
-0.450227232647485
-0.367832990571254
-0.235142620838428
-0.178013985545914
-0.413966932424161
-0.386979088019108
-0.380728272013479
-0.413743044000799
-0.431546990587033
-0.320803442187268
-0.405305087945265
-0.144637220267045
-0.352569415344653
-0.281605818555957
-0.532302366747012
-0.356618722859187
-0.340021863355439
-0.436372086136923
-0.270450885231775
-0.384735423228389
-0.368209292756429
-0.339400689735195
-0.317821371173748
-0.337474014152034
-0.422089339869541
-0.361087544207711
-0.407978155859039
-0.328134877883235
-0.310534908992394
-0.393292671257401
-0.42911130410675
-0.354633386040883
-0.379961252028939
-0.372415623240686
-0.337291190263471
-0.42332222036874
-0.271151117346278
-0.261677108162367
-0.253820916761857
-0.36807327581982
-0.328894930108094
-0.430313714141079
-0.357562676953868
-0.398749628164693
-0.28550427497495
-0.369771331996322
-0.2142001193289
-0.229159659299157
-0.248335732153214
-0.348591630383351
-0.2412591124775
-0.194370473780754
-0.356537757883822
-0.309573530337566
-0.158053350308487
-0.226591511592916
-0.192819616519257
-0.399225213535277
-0.205070521791061
-0.220986757313345
-0.317333762713705
-0.21691732602434
-0.1586644003442
-0.306187070225507
-0.268426116262891
-0.209435170852689
-0.209046685215583
-0.372486011331078
-0.297462905374665
-0.241724423104075
-0.416469727608181
-0.310540607978602
-0.245299128625908
-0.398470102612496
-0.149427493020859
-0.252297607918627
-0.136174740515479
-0.197117080587547
-0.345970513257238
-0.285689340941912
-0.228311093414225
-0.327625556746857
-0.301536339221493
-0.204559479873026
-0.24379668127039
-0.323283679041071
-0.233765570741687
-0.30147217069697
-0.105623884110851
-0.247621027881861
-0.220706274370376
-0.189261598752738
-0.0862235274325273
-0.116749163321746
-0.114597959226867
-0.096841120002912
-0.297113628475442
-0.196570424946852
-0.331230219712951
-0.328368160536601
-0.108345654716772
-0.290672128470505
-0.0963311523527923
-0.165014175960154
-0.190916602054809
-0.181269578802308
-0.107513007655775
-0.135084331954977
-0.295030180606714
-0.197749730920375
-0.110182727619231
-0.0598920221157134
-0.162230096645886
-0.238762634120634
-0.108220251251506
-0.194139583106124
-0.26638869664546
-0.169318026742923
-0.152397389921414
-0.16495232550791
-0.22757922619448
-0.119135079800781
-0.165833447293748
-0.275479657474055
-0.062800483205578
-0.136214958861174
-0.244709030541425
-0.170187871998327
-0.159068210097404
-0.139863981049781
-0.190674673307285
-0.107092542002361
-0.179591130845769
-0.167559100954698
-0.0610971276882584
0.00528334107610758
-0.077414534193297
-0.0636823190752242
-0.249522156963219
-0.16368651509121
-0.219126390940834
-0.15052556893307
-0.0978751102065262
-0.217420134195212
-0.030973260670246
-0.018375533086462
-0.207456918309706
-0.267147974671698
-0.288167260121852
-0.109742907828943
-0.0753014579716213
-0.201917660434533
0.0172432257173343
-0.0577965467201066
-0.117266594177112
-0.0800411967997786
-0.0268403186486973
-0.12090539074986
-0.152799333855936
-0.115329963041703
-0.0181447620290287
-0.0115468623362883
-0.0749261768349069
-0.0816750620822275
-0.00679504339832356
-0.0273023004046479
0.0911150754748702
-0.212067910946521
-0.206721176453557
-0.0868419224259821
0.0137238731604996
-0.121146443775727
-0.0637366912457747
-0.0885914382501518
-0.0872851968206889
-0.0851762703972717
0.00342243246780127
0.0677055049545019
-0.18433501664481
0.0550174013673049
-0.181619532073586
-0.0653738471880249
-0.219835156655234
-0.0268448682627232
0.0770714675691231
-0.103336149630847
-0.0904114560144286
0.00349882447271398
-0.0662216246634527
-0.0098660307038199
-0.0186685039642921
-0.107626996229869
-0.0331541293972835
0.0901978121900116
0.174187054297818
-0.14024345007699
0.0122967825466582
0.00550664254211074
0.14321896735123
0.0633255406852215
-0.027068314139242
-0.123789697513134
0.0553775799800247
-0.03768853571793
0.0834855509854691
-0.0200272629793477
-0.0182762183660518
-0.0664453409516438
-0.0378470370173285
-0.147654920616883
-0.147451511512169
-0.024449863302569
0.0182751326842804
0.075759063658971
-0.0496215315878202
0.0358466539169815
0.145318177453355
0.122816185325595
-0.0410665049738214
0.0444333640869991
0.0696242694867368
0.0562731668012848
0.087840175155975
0.127619274091511
-0.0215987736392819
0.061405277975728
0.0910236665495029
0.103666781807706
0.0573593266823555
0.0553587007881393
0.143050643262544
0.200840419790734
0.130280814972306
0.138117997470967
-0.0255783261297909
0.178099174773502
-0.00676791778597917
0.0771593136209176
0.133327025054661
0.0309972028938208
-0.103297691160766
-0.108410878710308
0.0792251023162419
0.0818596416996727
0.216771782989543
-0.022461776370282
0.0192591541565226
0.131141484694882
0.143626664413843
0.12248358999159
0.073358963473954
0.115619854869425
0.219172882940763
0.00126416168852751
-0.00216298569974906
0.266800409402026
-0.057752973534521
0.139408806003169
0.218595316812185
0.112245100559502
0.107640966106837
0.232429234174886
0.248932449105224
0.155887988026338
0.0949244646533374
0.153632780932978
0.0831618265869339
0.214732875267565
0.156443493793271
0.052744640364017
0.259003265984497
0.03632266370059
0.0751533234272856
0.194387656751432
0.105129065435592
0.171025862251909
0.103233751220821
0.0828724122697362
0.116206221859411
0.116290831842733
0.0727354969209653
0.287530487558165
0.215299367568931
0.237498434850323
0.0353325909609694
0.00641619030349761
0.23263751463167
-0.00572714496347277
0.322732979846888
0.175168316342988
0.208870769934141
0.199186165101579
0.260571871660773
0.217728620565282
0.169901791849887
0.185723069234688
0.160201010033349
0.241681214002489
0.311734072730271
0.282685122145301
0.132032361697853
0.145332558548352
0.155683757273408
0.25114845910238
0.314600420217064
0.199353935565773
0.168185460247432
0.133997558240424
0.268443178803968
0.289501494319754
0.231483221381484
0.215587641685825
0.149116146192333
0.264314353844714
0.255447874663342
0.147668461602942
0.140124898436179
0.266777977259901
0.222718857002178
0.211332796733427
0.252379334169336
0.23662082712691
0.211568055672561
0.246985126837152
0.161916337443023
0.184082244987511
0.293931187465343
0.341425453947561
0.29656335314916
0.337191835025695
0.263107121267367
0.346539434339878
0.247042066108375
0.032676945534145
0.161533994427294
0.393150082331319
0.0498025257686044
0.272875329296944
0.234495264413921
0.268448864799743
0.436993917333155
0.366312226232172
0.405704951861998
0.299322312954423
0.269500213954889
0.266466327709135
0.283191078738006
0.304249107347222
0.345764666507804
0.523688056441283
0.42915777272379
0.304589789975444
0.168168306179738
0.236327836513086
0.218218559513595
0.443280979994144
0.288098033593725
0.253191553955724
0.237818771351769
0.362786038208908
0.278225670010704
0.364689308489799
0.352128666633258
0.25092977853902
0.297038346282149
0.329537722194806
0.341909529196462
0.300061080146902
0.202174644128357
0.221083968877468
0.374707519345976
0.343659694952901
0.219346269084804
0.523350953587787
0.327206769491684
0.26249218810593
0.384832001341169
0.320189663077274
0.353608428894753
0.428812546741916
0.401578645365281
0.449352815011901
0.114355291220274
0.317147854440838
0.485499190441833
0.24528029490052
0.403162462468946
0.476293920775179
0.394261587529118
0.440288188727686
0.288045234433993
0.350151676935151
0.299232069979766
0.415643600123772
0.531463542481592
0.242609316291051
0.263567842876154
0.384287767559398
0.369151942945351
0.400520620170062
0.3752176507594
0.384123986933598
0.411900612505775
0.25780347491708
0.449033980171681
0.409443543214528
0.41032893174983
0.304010847080482
0.422951289085264
0.333565744614947
0.396753870690961
0.456214156399045
0.439945619415573
0.476815149442424
0.430883626914598
0.379607216913608
0.478598085577722
0.654774928899047
0.54474401448205
0.417461805062796
0.398261822097223
0.444118026378834
0.509644598714347
0.479286435281695
0.418046586795578
0.375448465032024
0.340206520887589
0.593911938410401
0.489490411142657
0.577132793337989
0.306283676496773
0.565132717369816
0.44442792367471
0.397305062006794
0.509405072992839
0.447489944647769
0.407970629378327
0.422591952445637
0.433914466626475
0.568759395438041
0.48620429453285
0.475964002670073
0.566298926569146
0.387362028605647
0.42583488076291
0.440055925571318
0.555699829504635
0.389061987528341
0.408584654389024
0.443371725989349
0.431530955791043
0.443948001609517
0.519874117724069
0.352202375074035
0.532842671098498
0.597861138889932
0.549958684900749
0.586274166849934
0.502223152097473
0.562672194695163
0.461521363084409
0.520596181597472
0.518359913416203
0.719298209239918
0.520599302395355
0.522011618760564
0.458491471418936
0.568426670679887
0.593349164097314
0.504435938159343
0.531728315362327
0.60451507896336
0.591623845282288
0.731283734416824
0.633958588112409
0.458312260642362
0.406270914079159
0.712493790742121
0.484638081719717
0.467522383638117
0.595183256823006
0.516836325312746
0.609787576062518
0.573085134467491
0.641085591278581
0.613663687242058
0.621591724678944
0.680134918320742
0.588702986112144
0.557293425848875
0.591018299132055
0.566349635856963
0.484900676252378
0.65285882823387
0.627842329172406
0.638318242350963
0.668837543480076
0.611044150154332
0.4893250855547
0.525892740313752
0.617220809612668
0.550359120798199
0.525183070449879
0.511405950274402
0.628907406906942
0.626141026598725
0.679055115706205
0.591170845958313
0.54150988629857
0.817916056194197
0.612668249100187
0.735341329293707
0.700910253698609
0.70039723916366
0.631606099255626
0.693419446452377
0.497397992546786
0.672207382414984
0.600950604516109
0.486520110151219
0.633641354293996
0.423704722346071
0.491966941972671
0.818280895561071
0.54855095029847
0.783421273583164
0.747289432540971
0.587639473140359
0.552022869182784
0.599913990209507
0.696863692191791
0.761647196807461
0.545198843892609
0.724196695300487
0.439762484369399
0.702628329448766
0.71749545504682
0.665976546085093
0.687194615426993
0.797839057394428
0.657298924948709
0.776290154932036
0.667094007617176
0.582002600191451
0.627512369305856
0.717878307283927
0.715236292673644
0.677791742851003
0.786850459921697
0.590535439851894
0.601579291111633
0.661386069524502
0.668399588877135
0.533851095557233
0.687334745499855
0.664012381128463
0.778518930502164
0.659649087016924
0.707558670856518
0.725892120324983
0.810937878070257
0.690598010509435
0.563927028101469
0.672538903709583
0.731266401567967
0.614285739008928
0.599780565149596
0.696390676281402
0.784412176432763
0.867545266292759
0.6967019108332
0.671709167452154
0.748069050622162
0.680606273361047
0.633607642363173
0.742932680318663
0.78960612000085
0.741977052653436
0.767174138853797
0.980475166831911
0.724019566287676
0.888545692306584
0.842853607375893
0.501675279052985
0.696170980252698
0.869151889134961
0.780825980406534
0.77124176673312
0.824192523502419
0.610187398543095
0.716139920083929
0.794886792781277
0.6755069622484
0.806267454827507
0.880530068594371
0.841926006513213
0.777693447771456
0.723228430816809
0.920990904687307
0.972641924249888
0.640253955674212
0.994978913296656
0.938676670092702
0.737612629542394
0.759526631860301
0.847251049067227
0.961048900008345
0.792331252817754
0.871398640809897
0.876940221525722
0.914328791927162
0.912231237197438
0.904411672206859
0.754881609955517
0.784868491465658
0.935807005583972
0.931161940596885
0.855682405567036
0.891832760670428
0.811341558974331
0.695374476367354
0.836623171792749
0.788263893026289
0.951001227994783
0.803846803166027
0.73063766212362
0.793839935930455
0.883962926257877
0.940171151785875
0.823017778377634
0.739893956930504
0.91850598241703
0.845855895084992
0.966053043132792
0.972651190607888
0.898083233402225
0.783050050381103
0.929987536035363
0.763411805159428
0.711760709235666
1.00231838637646
0.954107527345078
0.840159465660963
0.779210645552998
1.03540000915489
0.904303558227114
0.918230700932552
0.934864215625926
0.855507592977363
0.884268789115572
0.953188813087783
0.943306528318882
0.938896094309065
0.760722171385014
0.912381278714746
0.855003584121434
0.860467820397069
1.06077751508628
0.896213917422806
0.902304780441482
0.853441345421043
1.05793991757559
0.904223612972622
0.901871492861041
1.01707610409397
0.972267840051474
0.985585687621965
0.845466532793124
0.938837281156699
0.780485731973321
0.942158307438386
0.85963038298361
0.966075400680637
0.913673689475087
0.833477470860535
1.06843376291846
1.093060697937
0.927436915667177
0.863255275328254
0.778997870797955
1.10097319133085
1.06402789743997
1.00683528726354
1.05543161249181
1.03430279146211
0.845131634058223
0.969353437720928
0.877615384852788
1.0123279431401
0.861213830001537
0.983092668649438
0.909402194293617
0.932427576774139
0.908716622494178
1.06992208329203
0.994942693717781
0.990870844381592
1.02409839200784
0.958806043553284
