-0.998449676011981
-0.948888908432891
-0.90866564303671
-1.22202818146856
-1.0570343127749
-0.92169175655949
-0.771811540083783
-0.883532759461059
-0.987581383656658
-1.01419792471437
-0.921664839795205
-1.05604910753387
-1.04242844286417
-0.998256216259182
-0.880913188052563
-1.18717022886397
-0.969354755759385
-0.9568206666716
-1.00562671974063
-0.857093338616553
-0.869775538888601
-0.873560050616892
-1.09792765651474
-0.897964313168047
-0.994309734801083
-0.939078082036699
-0.872240920810932
-0.931556608605694
-0.987629880960091
-0.892578392750716
-0.895061673617193
-0.932030017413438
-1.07938317920806
-0.733769215944317
-0.959144402947965
-1.07987566843715
-0.917138728992454
-1.05198519557128
-0.886780944160616
-0.972713539344105
-0.812154465813491
-0.964072939930718
-0.908551780998866
-0.878967856702516
-0.765273432014078
-0.824261133892951
-0.995224328894053
-0.938177988263887
-0.745373604356386
-0.915772700164957
-0.841903846358876
-0.89401047632893
-0.794479283590518
-0.982124474497569
-0.789452197230068
-0.965974699911328
-0.989838186429831
-0.903754078441637
-0.82363647406097
-0.982603535974362
-0.875160002395984
-0.942460941056729
-0.942267963749886
-0.950202288840461
-0.913181394928343
-0.652308007256267
-0.838709574922258
-0.896157115416064
-0.916481866154625
-0.881732764691783
-0.921777695434312
-0.809753037435131
-1.0152423356913
-0.865924529069645
-0.886763979194556
-0.863885913883755
-0.787712819980306
-0.857887904637899
-0.854166222733433
-0.834144452679378
-0.836522481717919
-0.76575016771982
-1.01692028171522
-0.780681364434725
-0.738309359923648
-0.900172337752265
-0.781357637906283
-0.723806720662194
-0.859804258006218
-0.901347250315425
-0.865400076021464
-0.715624982855396
-0.892596860749777
-0.719757524699915
-0.813914204702381
-0.746893778901355
-0.762874844685661
-0.774115277914775
-0.798320329555273
-0.756946388668467
-0.787995937896475
-0.74385278752801
-0.956584331861236
-0.837796316820058
-0.73954962661946
-0.833869709874896
-0.799671426113078
-0.792722166436875
-0.838553976735162
-0.661624280074413
-0.781111396743575
-0.691098833859733
-0.72700487074777
-0.70440726175668
-0.915467451515477
-0.777765168624847
-0.876955362814753
-0.660657771870301
-0.729017993310224
-0.63599526255957
-0.77415782003386
-0.774131801076936
-0.672326998772918
-0.685210096561756
-0.625582349060407
-0.643680111675379
-0.778442563905795
-0.703085875858419
-0.810684925996786
-0.72926145404339
-0.697975585001404
-0.840827360853486
-0.693262357866875
-0.634458761969583
-0.561191198737526
-0.660525241773452
-0.624628930781544
-0.627185765925727
-0.66083698942966
-0.651281577237466
-0.692724762531429
-0.750469443861261
-0.827118036899863
-0.697929911460717
-0.784794135793579
-0.728484507531088
-0.628241196523474
-0.753543922205386
-0.531736400581997
-0.75591472510701
-0.684406405320646
-0.876350586049499
-0.693906526586856
-0.657776264520625
-0.781933843448572
-0.672586071214899
-0.717462040731229
-0.797641842290777
-0.646721027320583
-0.704734822875486
-0.657011997275185
-0.750636403110966
-0.714944487384371
-0.604417665310537
-0.576694621430232
-0.746704800584649
-0.484495739978427
-0.874394169418909
-0.740440818637997
-0.634921412191459
-0.699441847380649
-0.734728807191139
-0.674913105276701
-0.848791208357585
-0.673847910379865
-0.501550009819162
-0.745215521613955
-0.714357511964572
-0.689411218452792
-0.642946581868729
-0.509525362232578
-0.531422605008975
-0.701490029849235
-0.65952754494893
-0.598061451394072
-0.668010476419834
-0.545003421005073
-0.782305444334776
-0.598024419454516
-0.708079026101526
-0.603469211265286
-0.672368004956146
-0.619787242555364
-0.597900772004478
-0.63071839445216
-0.651054873087025
-0.605908803600194
-0.703348844227539
-0.77844843802585
-0.696245332230238
-0.582265771656599
-0.680269641967217
-0.560837369347403
-0.480522255925825
-0.521926857651388
-0.587173710676278
-0.657737466344089
-0.754372767485908
-0.571617469125745
-0.647660024783405
-0.523721391181208
-0.496376190449364
-0.453769934541425
-0.753170230356071
-0.657543108000048
-0.592772794425553
-0.339692539857566
-0.555190181112505
-0.560787245069485
-0.657856244831543
-0.599163719320787
-0.521929175448242
-0.545026672572978
-0.505596450786267
-0.563872931875646
-0.410844117095854
-0.648994126750829
-0.581937725677003
-0.567440562667858
-0.581361799556816
-0.629310393985303
-0.627992803810429
-0.447827624079163
-0.589451506354233
-0.520396870406959
-0.521763972168778
-0.458873016328795
-0.749709267762838
-0.466803160027951
-0.571212757656791
-0.535412391006316
-0.535134128534086
-0.428310703430812
-0.374938633502331
-0.567723865372758
-0.398786332335227
-0.564806667123857
-0.475259585865391
-0.595258255894068
-0.436899860693777
-0.425506851973098
-0.431494964187326
-0.43911180672286
-0.337126153781699
-0.556104710378122
-0.606505872751174
-0.416283398214615
-0.332429287392744
-0.508605924816986
-0.551627501052651
-0.490503988825676
-0.392137083808555
-0.590417285092997
-0.489943367106733
-0.529477672529545
-0.483368921101486
-0.253666516863579
-0.546167968868038
-0.373005528520565
-0.517116189778718
-0.429798046580872
-0.359552423879082
-0.311273239051947
-0.287604723743071
-0.630707827220275
-0.33278993438624
-0.481895205231779
-0.516603595003971
-0.301524883940819
-0.4439765023586
-0.504028101952325
-0.430708898669176
-0.505259759746784
-0.374998866375582
-0.472499417959096
-0.454865093301295
-0.137223615605394
-0.530122913246263
-0.423258670757797
-0.338426843243988
-0.422448868881597
-0.44861605261651
-0.489231450750979
-0.267397963215984
-0.369235948000594
-0.33878320192499
-0.476687686952915
-0.317994711708727
-0.302401508937047
-0.326301289693128
-0.421067113977556
-0.421729494955616
-0.341706324106898
-0.36302332770168
-0.325371023267988
-0.269243381819473
-0.460221725961049
-0.427535576168834
-0.376066913002835
-0.34992845942971
-0.413281052285109
-0.484229851248665
-0.422249711104606
-0.370956456030643
-0.400616527164431
-0.572212007302398
-0.453339583474126
-0.316013485736447
-0.343916156887442
-0.393392023148885
-0.358292103384813
-0.34815059098183
-0.475030529173409
-0.33729023272742
-0.204277244774399
-0.413815349753882
-0.40380099708062
-0.240332267898024
-0.239690561785795
-0.336025812863392
-0.502259982797438
-0.399759511520433
-0.227148302627319
-0.37593377432093
-0.367957762605909
-0.265094089925148
-0.329937895588094
-0.328434128316031
-0.373872715547569
-0.326634183560036
-0.279447317973417
-0.532429118554981
-0.150724144725793
-0.275074977190838
-0.13470937953365
-0.300169365804507
-0.254639276439744
-0.280621588346847
-0.277224783659989
-0.215273912644321
-0.357505575272175
-0.283512118175276
-0.282613035986374
-0.25147866749361
-0.443910704712574
-0.267269219189707
-0.331548037296663
-0.2751645698423
-0.445615273186634
-0.389158149200176
-0.291010737825369
-0.348828032620712
-0.341487958095032
-0.117865232426748
-0.307980077124081
-0.227490919138934
-0.203623327076485
-0.3342238978471
-0.418328729472188
-0.299093363280464
-0.126271153236059
-0.351563750012893
-0.212340706589908
-0.270646971219027
-0.273839864548494
-0.261359252702078
-0.126245111389801
-0.334758338879977
-0.266394162231726
-0.230523248707203
-0.207679915255059
-0.157393504406061
-0.339068732884048
-0.311805058650102
-0.255065638321043
-0.258397312303825
-0.344137770368235
-0.189281066854299
-0.274389529619526
-0.293783832853347
-0.377477586069441
-0.28638355298271
-0.2018531675324
-0.173959021109504
-0.254999411588415
-0.229032513418094
-0.303789886660772
-0.219831806045163
-0.0711382417357291
-0.11193898900125
-0.245015928224425
-0.2481838747324
-0.180063651156407
-0.242474695733423
-0.32032743300102
-0.148154156973722
-0.259138481379282
-0.180333329903097
-0.174014499391498
-0.215195816388411
-0.212824641920208
-0.13476468536598
-0.253873653260938
-0.227969312330913
0.00936548863196716
-0.2312178738769
-0.226654769910614
0.00579961823169625
-0.277745523112955
-0.17217012681402
-0.0982282253228399
-0.18078665498438
-0.193709906368877
-0.043220587104135
0.0556768270887527
-0.0852651946215396
-0.0776101570536253
-0.0603015836712749
-0.287102176918204
-0.0709801146715463
-0.280042237100582
-0.13424353026907
-0.169464700053184
-0.0487928747377041
-0.0993917734243617
-0.150942477304628
-0.200651462984645
-0.0873816328337716
-0.137649527727924
-0.0776916573648051
-0.231781456390274
-0.0769237341468273
-0.0336920365771464
-0.2201905069626
-0.294957598723477
0.00281420858880467
-0.168348118747837
0.0176684609780468
-0.0774131512619498
-0.120195815089979
-0.134389903576267
-0.0891540201837576
-0.15255540711045
-0.161188801969064
-0.0922948293026246
-0.0881303513932283
0.0018545431821498
-0.0230412654891064
-0.0795968738611803
-0.121941959708585
-0.0127489641707578
0.0473549152490405
-0.130232404542932
-0.0508075055408194
-0.0265238620045148
-0.106060062820049
-0.0120492464139862
-0.019941162597298
-0.0141521980906885
-0.0322998074495656
0.0301001412072308
-0.108025556637724
-0.109532463036896
0.05817986180725
-0.0403560139678957
-0.161535196009668
-0.0485062396998757
-0.146633592668562
-0.0119330417845394
0.121447650668212
-0.0511297172666557
-0.0466390498117752
-0.00774478961412532
-0.0217255899712984
-0.114818433069363
-0.0548365898621005
0.24493622794055
0.152756934458134
-0.0081711213815989
-0.139349136470529
0.0504899896511608
0.0233789755700719
-0.0432213156877282
0.150752584093852
-0.0299689446119962
-0.0468803557832412
-0.0311922466996809
-0.0491226592423483
-0.192249126014823
-0.0426086624019929
-0.0656654093569978
-0.0643385063501568
0.0652955645030242
0.0653308506415405
0.138912095956838
0.091857758286674
-0.0533148511306409
-0.0764927275789389
-0.00371427887834498
0.0438591182422265
0.0138266533944134
0.126593822739171
0.0451925265559831
-0.0351569627703645
0.0509093619558463
0.0637853266125897
0.0496089804925606
-0.0301177313445372
-0.0623471756627061
-0.0589986501343242
0.0107338903735377
0.0324707356636366
0.0477420165856276
0.0655082656955445
0.0894124006704909
-0.107463938208863
0.262885619522079
-0.11813646651279
-0.0420159666096869
-0.00699432369246737
0.0892661358375559
0.0640410623348362
-0.072978918374414
0.0623652274775772
0.143150129207702
0.0831879913539259
0.0938831785510715
0.0392814825673847
0.0369745106535984
0.156025731535407
-0.00114973680394011
0.220841690062246
0.248798216151197
0.0338082896000044
0.0527537471185244
0.0315422887223723
0.150273232899293
0.0168082993597184
0.0983194470701273
0.0650050389430076
-0.00613392480337361
0.0694251664199816
0.0276445182411879
0.0964923308662092
0.056426798901581
0.147070160584323
0.125582238426423
0.171621642516943
0.132124007525589
0.129947788287945
0.180545831091697
0.019347684091319
0.0832965216257457
0.106111971596603
0.174224832467632
0.21555529438553
0.243735247824895
0.178294513470716
0.10653117810677
0.142947730324301
0.148918200995946
0.05300594594913
0.130185686976448
0.141503292067831
0.172240756159085
-0.0228362902003327
0.232751907101266
0.119064301205178
0.130856167767795
0.224099555165186
0.307277160362733
0.136674025762356
0.164866082387053
0.0791641753706987
0.142807835932714
-0.0209802526197604
0.302812663849996
0.398586757974661
0.114054824622901
0.211426902589021
0.0655325798146355
0.100335426364165
0.150091483074645
0.309807712282362
0.316905987849598
0.390637565077857
0.0601656670967298
0.24455648410063
0.228763832137056
0.11010672380799
0.148539877112238
0.23171347744169
0.240120700618343
0.166082098801556
0.110304472954146
0.236799768368998
0.355761183850251
0.308264609642639
0.240625705792329
0.250318277894611
0.218052332408335
0.209972840202188
0.127258375462852
0.316887631112623
0.293553597459687
0.305208251970221
0.373985258019245
0.293756244989991
0.118285000809396
0.270495334756588
0.210142360913344
0.304420454744098
0.289920588884709
0.424875898635873
0.18149220716428
0.304085700839729
0.198126924579627
0.166853066482531
0.228262063321085
0.209404726648781
0.292303309516825
0.264388157779452
0.30568940474903
0.43835829154076
0.34608797364248
0.321968309608595
0.241465995652402
0.355783025060138
0.302483622414801
0.297785126819216
0.171362996664106
0.348334905254108
0.293771162276509
0.303901456265466
0.311371858360145
0.165031230027126
0.235171759971421
0.35785494654584
0.486782088566346
0.295965504797282
0.368223576774791
0.217806098375756
0.340502927833394
0.220411382263271
0.285093752580255
0.316766062030029
0.297541023716918
0.258891261325166
0.354050362785047
0.438401785259368
0.334733420431301
0.313427847233899
0.451103824448161
0.373925122894049
0.3653611937652
0.404107042494725
0.332588394434026
0.272897916060499
0.181373783088108
0.401668349809078
0.482976599881271
0.326002556180368
0.404222193566564
0.497180465984363
0.357408342635384
0.330562960274456
0.354876466287381
0.309916484254715
0.29991687414514
0.5071588361372
0.356256922516106
0.573197059994267
0.4273995785861
0.300987047558267
0.233284453006684
0.345041026921357
0.469916103981007
0.314467527431229
0.412464109045355
0.335016755825936
0.305085949206718
0.531622038995549
0.469702521021942
0.467965772572316
0.346710731991528
0.438899971628291
0.378854100316528
0.583719814780186
0.36942696938937
0.423212970693846
0.394838388812001
0.471525304112423
0.499804737790486
0.432023557312602
0.350671435241735
0.463668080455476
0.311879673676355
0.357005157601018
0.441021593169372
0.433772926363479
0.385235885896168
0.490058861367186
0.421501196655447
0.385751652249828
0.270591354239301
0.368413592916361
0.356457530115775
0.350500291147508
0.463015770210207
0.451171457748826
0.463564531374564
0.331940054500315
0.314880869233251
0.364022851682225
0.481596488202344
0.58630506202934
0.451144355666075
0.536389925244136
0.491522329377218
0.511054537591261
0.44656118459737
0.382473257955222
0.534051110071292
0.410428674419529
0.540169199080652
0.510943546819431
0.506590870936836
0.589861082873892
0.583534127696642
0.499731499413336
0.487542989161871
0.404721369317304
0.38615292053801
0.535847775924212
0.5317196819394
0.536522076184722
0.509776334075807
0.552930210953681
0.540620674455978
0.457249789157993
0.57928028404573
0.466941824117245
0.395372064249004
0.439890274560543
0.518110855234927
0.651612097617491
0.496785529383319
0.449202373060216
0.564087282482068
0.652378522520764
0.504326120668415
0.426240680550355
0.412153861869973
0.518073339017033
0.57925716371092
0.57984648159072
0.498843038965792
0.465684147706251
0.441670542821474
0.427477251864942
0.368856086081542
0.525665510794233
0.443815900914433
0.697915960401211
0.637244295172833
0.605246192360036
0.631848822775767
0.523388837564308
0.587289657932036
0.470515114671237
0.511469189265482
0.548599909080119
0.37295869786987
0.7518230475676
0.634672248504728
0.596136839482789
0.645715405097352
0.799807233333648
0.583373102852463
0.590190109888379
0.747461322495416
0.743686809132046
0.699710518285076
0.496381856573751
0.62303519582958
0.598233091980917
0.548730682930765
0.682927548443037
0.64138384442894
0.534059407620182
0.708508883125958
0.575024723295899
0.79963611839801
0.593026763573011
0.586306943008636
0.695793591598506
0.649183389158763
0.70961182260059
0.451928842588088
0.686057753635972
0.596824257996324
0.747741071588243
0.59138227114928
0.554417965209838
0.524091906367328
0.625273276396715
0.722947394334379
0.672567782353289
0.614524524181314
0.763119059738361
0.732441252686405
0.436122540670557
0.609720483547111
0.703682612472302
0.714689591091934
0.544031117411514
0.575385632322864
0.60450964006065
0.539595180409185
0.65148695536403
0.724287207522556
0.676450475826749
0.566901623477749
0.546638272032187
0.606328437630409
0.748926876659283
0.699277159209815
0.729340860884671
0.653410344596174
0.689381042117313
0.586807355925186
0.65053023803776
0.776080703302284
0.82580187110626
0.564812660196553
0.725373439673133
0.705930650665113
0.751775571487553
0.684680297353204
0.643984361964932
0.684432131336055
0.647430595203553
0.790755787970018
0.579716862666463
0.767480263852518
0.611753214719707
0.729383993198751
0.603331045015865
0.702419914483401
0.687231977014646
0.551662909360924
0.523384901475251
0.825765004890845
0.615962026972656
0.696561171792712
0.892069411697898
0.811707401470198
0.806096623204061
0.687989342774906
0.742399438156368
0.719563287268384
0.705723842380354
0.724706836031497
0.815629047985495
0.764222921841889
0.763894146240813
0.809453816610779
0.715138680221246
0.745551239079237
0.751880154515126
0.876845028014594
0.904046620035383
0.885459753731883
0.775228666951017
0.829380083523859
0.791437107001927
0.652828341726113
0.719221861853212
0.918651523601378
0.98892938133078
0.603543465473211
0.724915736635135
0.776465899889705
0.809990761029632
0.7403349358094
0.869239241135442
0.875585698656872
0.597163290820097
0.845188908537706
0.867616459798715
0.801631698074432
0.755377036203813
0.836494704256903
0.6576344411497
0.717203669925762
0.839823365090543
0.803571864097132
0.925568515637039
0.950580367312198
0.824100146507317
0.744070691411479
0.931640910077338
0.762539743768792
0.737692396360736
0.997460268658407
0.684174294273415
0.750712115736291
0.784809297574805
0.644399083744644
0.830462400191635
0.844821085077073
0.950801907918075
0.779492552978086
0.778751380902854
0.872942869065647
0.943958723494771
0.87903998729917
0.699545033497398
0.939752862694089
0.870956214271464
0.790713594051154
0.815347380135863
0.742733593548586
0.750921810182663
0.868885091696523
0.958295409898687
0.679900280402756
0.738009278818247
0.93667393578671
0.837487087624496
0.922718430321024
0.979462618872815
0.760023303344949
1.00030439512273
0.883070826417287
0.905259521096024
0.956023381955802
0.862037443221271
0.792602643371863
0.987528505793879
0.867232417633178
1.08146592089636
0.762964699938985
1.01331369719501
0.688105041276124
0.864261169007082
1.01161743039441
0.878277901353966
0.836294438630523
0.843402980858716
0.794271644657804
0.948893989977021
0.763202405248153
1.00760421592208
0.97162788993256
0.953194930468474
0.914052666212165
0.891856654046135
1.051573218527
1.08790133938776
1.08354175260962
0.837106935168144
1.04623613116535
0.837619778638271
0.957157606310016
0.75955886350383
1.10702985268293
1.00589957795486
0.995257883098268
0.995221260891092
1.00698205373956
0.9140992289431
0.894817655585409
0.981326341234637
0.974016752083335
0.928129547610589
1.00181795884308
0.977793351890117
1.17977027170184
0.864829446824409
1.00906546966646
0.908293867445034
0.97060466913048
0.88734896620471
1.10197734631956
0.915163983317302
1.09814568168593
1.14387182857748
0.923391771720864
1.01069236658402
