-1.08528039788643
-0.948344386698755
-0.877982560242126
-0.970389025345193
-0.951996254488379
-1.07991837776348
-0.981815184964562
-0.99025168327473
-1.13691299856415
-0.895358749940584
-0.903228461859274
-1.07109619215419
-1.0973949492602
-0.960054881450415
-0.988902254341874
-1.04357342993229
-1.02185676296901
-0.954164236616374
-0.890702043647322
-0.982398821481977
-0.833124513656983
-0.918304845691992
-0.862688173349094
-0.90027251409132
-0.89652096508832
-1.00330060744193
-0.885542585135437
-1.03909787644125
-0.945617506803587
-0.95703921040896
-0.832789584283109
-0.864230438210694
-1.18468363801621
-0.876268708810798
-1.03449910799055
-0.923957140338928
-0.979501051887392
-0.911230048771537
-1.11388765639777
-0.918502219114913
-0.780582152738604
-0.953935165631771
-0.93700258552504
-1.01218840732733
-0.888091499488813
-0.907891171002043
-0.854615679880029
-0.940922936944797
-0.90103131766989
-0.933437532213939
-0.971208085418287
-0.844458196928654
-0.845183039722824
-0.818302713267953
-0.769349234291451
-0.810088562850625
-1.04750540576777
-0.778272541942153
-0.811914471476356
-0.723427817955804
-0.998927553938735
-0.816502347811426
-0.903614086414706
-0.783117044592262
-0.873865059193159
-1.02578108390747
-0.761255765287968
-0.829920030875761
-0.777307009578171
-0.685324382524957
-0.688790189246593
-0.74911882246329
-0.875118224653866
-0.997163657784395
-0.777449520947411
-0.900394651923763
-0.826517471161356
-0.9439925975199
-0.780513750011124
-0.888804011011699
-0.809285322540236
-0.839284900606379
-0.95690288352949
-0.797337836294944
-0.799284598876221
-0.744799835074111
-1.03638249341791
-0.896237687092895
-0.876647350462927
-0.761001721025642
-0.643296147080523
-0.670592128230881
-0.766223201397458
-0.923422846952598
-0.766405491827302
-0.777061361024138
-0.87712653211579
-0.851940779063907
-0.803181580924726
-0.797391882973112
-0.843058908385254
-0.808185840327349
-0.840248493353277
-0.836810579475021
-0.790588326373374
-0.709357766885542
-0.884749282025347
-0.733243284051527
-0.735088909188128
-0.822292129801661
-0.620795247701075
-0.948091954489675
-0.694149916318488
-0.831406576993207
-0.755557401677049
-0.779867822289609
-0.865961762015068
-0.70392463392473
-0.745216776849636
-0.711964259713571
-0.763745514175824
-0.778393980165947
-0.773874614748757
-0.628893977188537
-0.723089590189049
-0.776374947735629
-0.564244283045486
-0.688690571519154
-0.80796547086924
-0.740927700480079
-0.534166641502556
-0.672599421376643
-0.795769749393495
-0.808079885140881
-0.661454216694157
-0.703455692159118
-0.669618847601837
-0.61792572216176
-0.717707834576465
-0.88132853007573
-0.713611610611698
-0.699525049812153
-0.603540551297939
-0.661794202405262
-0.670877311907343
-0.646162615709512
-0.637451005302722
-0.685602332388722
-0.817488152042485
-0.688631964425239
-0.77393601270426
-0.737816467246689
-0.687995715572341
-0.78152038215994
-0.531920748555126
-0.637736036035186
-0.784686649439266
-0.74967531045623
-0.652303909701065
-0.735945674328885
-0.758053884847382
-0.55382357763312
-0.704470322145505
-0.597576275807438
-0.833836789556456
-0.691856144425465
-0.648793753353475
-0.617227596579624
-0.644775332998997
-0.741036265474668
-0.760214524612184
-0.550781201833376
-0.674278322895962
-0.648889706118421
-0.460573492324771
-0.720874605349775
-0.566855150132835
-0.735635695582628
-0.545626088873008
-0.498055981938885
-0.574706031545378
-0.747424949198808
-0.521679277806869
-0.588417159997575
-0.596917616155195
-0.515550453098047
-0.719453081717326
-0.711021603488657
-0.678596836469236
-0.717392947686499
-0.659289726965537
-0.749334396834087
-0.572402030983274
-0.621455751760549
-0.420603474297658
-0.538759846569887
-0.602322656018935
-0.589112987538386
-0.566979265194864
-0.601889767447549
-0.580033654084851
-0.60747000680037
-0.644251011841318
-0.499076917655812
-0.413886890276851
-0.534264360654774
-0.677757076450926
-0.471247193666086
-0.571232472641514
-0.50483303728668
-0.562537956031858
-0.697773818341343
-0.577180233492702
-0.525417439046139
-0.615765172791118
-0.422439066057441
-0.460754337372302
-0.552522473488825
-0.662998592138014
-0.645645664679645
-0.62578462242872
-0.572323777939614
-0.634177433079797
-0.618121524603571
-0.567604482723016
-0.546532499437366
-0.664578421133346
-0.62786753317185
-0.588841031409785
-0.598854474251595
-0.671753419432076
-0.571571943682441
-0.528989699503757
-0.379402969888792
-0.614983683491024
-0.564224594033473
-0.243539965846768
-0.558296162989652
-0.456498878297992
-0.594219097448725
-0.592175215727277
-0.797766405610521
-0.484268104160251
-0.493563166743996
-0.524825079710146
-0.593867222200368
-0.496722611925345
-0.486856997577909
-0.497403693001365
-0.515440490611635
-0.418125421955083
-0.367114665994285
-0.576937983892832
-0.512562627280665
-0.399489414965484
-0.43700931492372
-0.488443681544056
-0.380477361942231
-0.465599682965345
-0.569586714981453
-0.484691584905987
-0.626220975412105
-0.490519361649452
-0.430260890746669
-0.440844914841829
-0.411697244881563
-0.57400736563107
-0.616468849806624
-0.332135571303955
-0.415701602764403
-0.403193815733926
-0.360731889203866
-0.408379238999944
-0.418073042668686
-0.366060942599929
-0.486302905868855
-0.416040436307443
-0.655964144042721
-0.518407147740621
-0.545190750594575
-0.471969778428792
-0.441583129199626
-0.415765563726957
-0.448284953260459
-0.487184427612787
-0.261404548269844
-0.352364126036132
-0.43460877526923
-0.418781599250691
-0.302954404625166
-0.40885671068873
-0.471071993719963
-0.284636802547878
-0.475058873347834
-0.388110554122485
-0.3061347079963
-0.438125418125571
-0.324774841206743
-0.418011144708474
-0.328937249783077
-0.369901207098708
-0.456751050909059
-0.369308794558511
-0.21575374028841
-0.16925343700877
-0.423121598939086
-0.367187355927008
-0.36259031973702
-0.425021691455021
-0.433193422224932
-0.300090776318742
-0.407910151866597
-0.155227159287042
-0.361660001287382
-0.263143798476255
-0.530919816486982
-0.346048923142688
-0.336039424989752
-0.462930773150203
-0.266242855594677
-0.36954199430737
-0.365745885777439
-0.330567254044981
-0.32654361989264
-0.326738572524617
-0.399972985040557
-0.383434399510664
-0.425520982742235
-0.349260347236827
-0.315964013390004
-0.384448759365768
-0.441673893944177
-0.365703628214849
-0.381021457605686
-0.375393458205221
-0.337428398660743
-0.432205029041267
-0.28351192557801
-0.269458122551538
-0.274905537241214
-0.351234587835125
-0.352562522023217
-0.413589905793105
-0.383049240430174
-0.381754714690574
-0.278352024545415
-0.365387573213197
-0.18509613737909
-0.252395100441012
-0.237906859302981
-0.342690674308188
-0.223856716025704
-0.215587952716907
-0.344624646880195
-0.290162325898924
-0.163913003566309
-0.228931485638717
-0.216850998469642
-0.423986514699284
-0.196795428245189
-0.208121551614558
-0.295866496355104
-0.224899512651127
-0.135670197629104
-0.322503064898835
-0.263824937946958
-0.210687898882331
-0.208331140219931
-0.376957838518216
-0.293348172403305
-0.216540529011516
-0.427512900204327
-0.305888680541823
-0.245490258810205
-0.415892427540274
-0.156101860652321
-0.27663836872228
-0.125968524759299
-0.186284813097257
-0.342645462055348
-0.29086512709602
-0.24125530417417
-0.328254500845151
-0.32256210584614
-0.201028418558706
-0.244115235186883
-0.310662843675641
-0.215227655029269
-0.29310452812087
-0.127375015391877
-0.235093037223029
-0.199540463944168
-0.181660941028977
-0.0760452644388576
-0.124028716661133
-0.105448605198987
-0.0981206208080282
-0.301120007046407
-0.195207573870505
-0.306124824830053
-0.343098430138469
-0.103504079569458
-0.269682265771941
-0.104675017193578
-0.186576895717228
-0.196519149361653
-0.184080272299903
-0.0840800701907891
-0.134261915847457
-0.287700946487668
-0.201129429422002
-0.106930089310845
-0.0489725279345009
-0.154014370044287
-0.20612455373878
-0.100415031941358
-0.196152640473046
-0.282061410284533
-0.166294265732179
-0.142893599244094
-0.151157106244451
-0.221294749746302
-0.12669988113902
-0.155555508285041
-0.270868668927085
-0.0712665316144694
-0.129008528385791
-0.242588629641659
-0.181564583853064
-0.171629345950695
-0.114237834352587
-0.172108322837223
-0.125820471889369
-0.191127449308633
-0.188005095211994
-0.0674169438785605
0.0330401885346115
-0.124935891180758
-0.0416560801751426
-0.248852724874413
-0.163315740217689
-0.231103084379588
-0.120698250309284
-0.111490093764878
-0.225999213324784
-0.0350123465332783
-0.0223640285938704
-0.196906276313303
-0.24434542813574
-0.310481649860749
-0.105835557228877
-0.0970706313522562
-0.214120368527828
0.0221203980811211
-0.0532580286690564
-0.117019212818678
-0.0621505079538116
-0.0224965219969529
-0.140376220669595
-0.151283064001256
-0.0990072431332171
0.0256580206298569
-0.0435341745403531
-0.0828598188826183
-0.0851695466691882
-0.00556379914285549
-0.0271787712214109
0.0872186940248749
-0.225943488876951
-0.212580280825351
-0.0961546494023112
0.016017181712414
-0.133126848338696
-0.0521858958870565
-0.11403938409075
-0.0846708151479809
-0.104786621873223
-0.00392229795490757
0.0702262234101946
-0.19835937801033
0.0547828258551491
-0.177689865536924
-0.0721718584442761
-0.220398075710659
-0.0365652835167688
0.109594687763853
-0.098246058160345
-0.094060397831562
-0.00535977066175538
-0.0361455961135152
-0.0231408815288312
-0.0492940983443684
-0.109642931902134
-0.0375145402806087
0.109163638362952
0.167946710961685
-0.139734415442723
0.0335886071622355
-0.0140789419734254
0.141527799888918
0.0582232764627435
-0.00921460282273804
-0.123054189974454
0.0870074584694648
-0.0398114184992119
0.0690315587511969
-0.0270935309129559
-0.0136737936105635
-0.0739913035842258
-0.0543730209640002
-0.134825894397047
-0.161243827544596
-0.0231381134089495
0.00325738231018805
0.0903841567205224
-0.0403914123892151
0.0369916126125426
0.142804934285081
0.113166978188446
-0.0240360667459927
0.0366961172941506
0.0682148041234256
0.0350637088941367
0.0985500171516536
0.126123107648875
0.00167051988635129
0.0544288941801667
0.0980794595406833
0.0944229798780753
0.0684351210898381
0.0484954331878797
0.159006265699937
0.206727449100885
0.121883608429095
0.13970282458489
-0.0256427419407304
0.161931422987092
-0.0400200836616789
0.0655768676927719
0.140880233000669
0.0520887565955198
-0.108506240226925
-0.135884907429921
0.0632599506951117
0.069807172652759
0.225027410739339
-0.0262674088227359
0.0399225778544279
0.143524273041424
0.143596208917117
0.125383569039003
0.0609258224229692
0.13384319497437
0.222895907972363
-0.00395645094115116
0.028198975546604
0.265123928109229
-0.0451763709694884
0.136874215109671
0.231210495572008
0.0958750457736119
0.116342833092838
0.230654300148165
0.238450631034607
0.159958911034038
0.0935913336993962
0.135796165729304
0.0832144223735355
0.246741253838729
0.186809826104807
0.0761911883561144
0.278678045378913
0.0292416395612726
0.0787949873738937
0.175565564751462
0.111937471413847
0.161980978884194
0.100697012781847
0.0823441775395754
0.14147465068228
0.135100050122772
0.0485701238166579
0.286574900549917
0.204123627014883
0.243997589669291
0.0138481892900564
0.0287749198040635
0.221674706702613
0.0143197340797905
0.318195281891904
0.194373968817007
0.191975509833541
0.210381243662908
0.257365875583644
0.243612168829929
0.155685446246958
0.191393487470102
0.154251216078026
0.214792226640898
0.30510509729075
0.283582158690631
0.142518837858922
0.153384941525801
0.144468300473181
0.258599083652439
0.340414076740879
0.21336693809717
0.152787483949139
0.162209375762287
0.281992364762912
0.289577670001689
0.237091550467903
0.209146333842414
0.147323114271363
0.261529804293565
0.255923233457844
0.157480502114341
0.110615688442244
0.261076139755085
0.232109558090871
0.205750475354454
0.24419477213093
0.214551325621913
0.22518577687425
0.245988387192246
0.184268208718068
0.187939385993275
0.303960548911241
0.358770263308875
0.304563267786677
0.349793631097352
0.243587910148674
0.339347799244143
0.259049776299552
0.0301651720020366
0.168874712478312
0.380086229170956
0.0602495456763461
0.268696782954775
0.244373337463125
0.261806372400524
0.435476494673677
0.371343727099942
0.406695135329928
0.297059648900397
0.262018972757156
0.270381301455052
0.267080729196611
0.295419489894532
0.352140599274131
0.509624707537127
0.457646666001006
0.290752395424683
0.171565641304146
0.216134253122428
0.209130141939138
0.430752093505476
0.287566560094547
0.266295129899498
0.278899742816079
0.360204756204255
0.291122436172468
0.358109828886902
0.36923999296958
0.263010660185251
0.28795503208708
0.332675305688262
0.347014879827574
0.290633995057205
0.185029844725908
0.240726309052028
0.359321384484552
0.34301959936606
0.21990451576397
0.530593713794989
0.317769144946061
0.26594673868221
0.369873849237271
0.310062771003623
0.353654641747846
0.457283872462066
0.375053803410336
0.442900847566398
0.106178166704969
0.325839282171084
0.480209429260735
0.261642759668565
0.388894063190927
0.472859315718826
0.379816145057795
0.422517626047326
0.29432939373107
0.376244061506177
0.270459744157936
0.411359777906803
0.527293361428433
0.230684598411611
0.273833069040193
0.397122080919842
0.359326221631518
0.398634812626529
0.367909511554004
0.361734551268198
0.414477431792008
0.293851743488634
0.458352699770627
0.418959987160702
0.392845823157408
0.305928051479239
0.427484120794389
0.324589820141657
0.401506384292486
0.43473514585597
0.429641440579421
0.487875372978568
0.430601442132641
0.367769083581362
0.452815751965895
0.653023693939222
0.539279913757021
0.400284809128086
0.406668019414454
0.454376752573721
0.500070386521029
0.480312189661612
0.423342511781222
0.362942055851718
0.341855960023232
0.621346993607927
0.49595325001969
0.606844424869463
0.316873566416179
0.570581619468023
0.464427630671648
0.388950229303194
0.51002948296187
0.457342655449265
0.424099229243249
0.41786397976874
0.446285639099261
0.566583289140861
0.506982242254929
0.484842895806747
0.568427738020721
0.390345819879482
0.424687165215801
0.421145256824217
0.537735367223259
0.38908658290265
0.412887392663276
0.447168312180535
0.431765525592488
0.426101050713045
0.498443146819417
0.339035156161472
0.526255634666782
0.584786150678455
0.555404277134346
0.589254995716293
0.485402740005967
0.581644615903117
0.470367738334785
0.523499489213027
0.511578329148283
0.702234596056519
0.520624874004378
0.542601562848969
0.465618057837196
0.565025218172867
0.563609378171055
0.515014919243418
0.536052244993305
0.603375142097633
0.609426163623203
0.723607844237675
0.632275570170775
0.459544621956075
0.394685686368604
0.698397494703949
0.465709539401472
0.45885457880713
0.602113039495102
0.507664187700081
0.61669540100808
0.552260880966264
0.629653349653303
0.634993359676572
0.614208987975527
0.688226562414813
0.588807261231911
0.534406962317381
0.602164194562878
0.577703186449636
0.47930773847194
0.645289933046334
0.627323542964445
0.640500888309525
0.707784772904467
0.627484713874132
0.478473322602654
0.505516929232389
0.617414071696213
0.535099484275955
0.519124319935535
0.521458603916885
0.643457131576914
0.644860419990805
0.670345642019407
0.594590888810764
0.558768622002088
0.788724906496027
0.6285039544563
0.72258121891836
0.674624005918264
0.698016241383413
0.650184965406668
0.688730137010339
0.50666181528198
0.692844038522142
0.593646080861757
0.472848198456875
0.617290001101692
0.431392608868621
0.489402391415786
0.835229175294466
0.559691373718883
0.777618668259056
0.746216791817646
0.591178020817244
0.566841719825294
0.615055362059998
0.707836805724473
0.750478441280753
0.544792096157281
0.706793911313516
0.425560318502131
0.703181260993211
0.736212020070487
0.669901165095538
0.681742735602065
0.790816412906489
0.657777576573479
0.779445607152047
0.698735987412414
0.591491243261657
0.616799422066576
0.726138334322397
0.746346473025775
0.667604951302514
0.757507620239813
0.586947092318861
0.612270573384362
0.674373607831459
0.658481590036005
0.536807996403864
0.704214546229431
0.638627302882095
0.754095671095419
0.664557392491458
0.699753890505796
0.719848275681232
0.78335837051457
0.694352566791094
0.546563167281117
0.670663104470013
0.73855964886914
0.623083843535711
0.595406933590009
0.677072699444285
0.784696419837745
0.832046101183853
0.717764902254762
0.665097437277792
0.749639568918186
0.688716866168722
0.640798971087424
0.736192125651169
0.770875808719866
0.75929153052465
0.746327861080747
0.966751365181729
0.73754930915006
0.890625106558603
0.832159102196412
0.491210894176136
0.690982706883207
0.88113545222533
0.767255646185985
0.79174244267971
0.825334548594023
0.606372695870678
0.717991506791248
0.782490773270357
0.694220490845939
0.800416184466272
0.85677153049514
0.853633119165734
0.780886850567203
0.723120661074228
0.929953858470801
0.967037813683771
0.652767220114417
0.991839859200957
0.922640046935113
0.722210456406016
0.76528949075118
0.828200075853712
0.977270677819539
0.798901363319969
0.875531238720323
0.869085042711149
0.918106490955842
0.901508900301729
0.887475188687208
0.774246094450415
0.784335191515104
0.925669011363478
0.917960843829083
0.860070728697247
0.881741098281196
0.806981162449994
0.71376647343826
0.848614948357586
0.764377855312175
0.944458635659974
0.783323089537887
0.742659019632239
0.772872925988956
0.867866937765417
0.929710487161758
0.856335662099535
0.744610608801728
0.934710319863524
0.884269474572198
0.964841190383069
0.948643149782319
0.904855187182842
0.811657977382649
0.934318237863742
0.758077405191771
0.688203071353737
1.00541866661126
0.950261470892768
0.833946859454509
0.780556307162053
1.02719139085681
0.89466572387636
0.908909680917234
0.939670703198097
0.841831412679215
0.884029895430809
0.96335594519012
0.943637953852169
0.962365620967395
0.76491913113086
0.902706779851335
0.849681671239288
0.847030887113602
1.0774885021311
0.885784007333655
0.922652460303769
0.851862567210771
1.02826612692841
0.90515284201278
0.905227640537217
1.02512198262454
0.96261560302858
0.966827218392907
0.854553492234682
0.942694710702347
0.765042462015416
0.958019332594378
0.842658885505068
0.947695777885785
0.916487600210923
0.822734883187068
1.06234781086382
1.05242200399458
0.905133356954256
0.86000042106624
0.781699133224093
1.09037401446625
1.03958252829479
1.00211441977989
1.04625884520225
1.03284199268322
0.841457276412439
0.972271554708806
0.85851225117646
1.0109695177311
0.845711604202228
0.971940205228982
0.93954421593567
0.953766560958573
0.911952550818111
1.07311169888961
0.992892266051567
1.00239792838408
1.03304075010683
0.98087716962984
