-0.839506122444084
-0.959554045859663
-1.10925541277269
-0.943670050293717
-1.07456975578608
-0.941391870349439
-1.00273800225602
-1.00084097870505
-1.05727831867853
-0.892269646466594
-0.88670026311684
-1.17914862165173
-0.965076685782094
-0.909507315605102
-1.02388087687151
-0.966231502855027
-0.968867793021421
-0.929825789201298
-1.03053553936312
-0.975888485253663
-0.973120514351481
-0.954386201036882
-0.818341182692899
-0.850462270657247
-0.958717006580592
-0.923616358365927
-0.881716676868996
-1.03716270253087
-0.927080786326621
-0.899360471929334
-0.882739891423199
-1.05723105261272
-0.766728158143969
-1.10256066664035
-0.928506847348776
-0.853690177657953
-0.898105587086813
-1.05269462706328
-1.04636851875992
-0.851419754938038
-0.953879092483975
-0.843128376190259
-0.943424259293718
-1.02554201514761
-0.832983308449537
-0.869425514966765
-0.919979400107393
-0.919396696572479
-1.00386710410767
-0.841650173065123
-0.91405444098229
-0.899359523326366
-0.878446119963173
-0.852493151366684
-0.727593285247619
-0.913774759018139
-0.897398686603422
-0.874117337445951
-0.861033593485362
-0.897348200516896
-0.793741381134726
-0.94434296553074
-0.941683411671084
-0.949665454310663
-0.999536803875294
-0.840228181566486
-0.940237753073851
-0.829485382163925
-0.859930855596633
-0.911044925573511
-0.941822989159784
-0.888405720858608
-0.986540352069798
-0.927833130404626
-0.832747930451409
-0.901285038851408
-0.829660604967551
-0.968817105084326
-0.842503732790771
-0.863379448230979
-1.00609334468588
-0.755821237961146
-0.8700239670203
-0.763729286991998
-0.849943601644856
-0.740699992776453
-0.804156135349411
-0.865756172612048
-0.817456722383358
-0.885321541134308
-0.761946554593176
-0.81529030520297
-0.689092137914735
-0.904715539186056
-0.779149766945145
-0.723067263949577
-0.808062562574232
-0.877316476919097
-0.891255643723432
-0.757467987507089
-0.699635342679973
-0.704637744058907
-0.708995776806449
-0.748626822076563
-0.789684034353976
-0.707000798893558
-0.763739006004823
-0.739920961290961
-0.723017371924968
-0.783286873720853
-0.656696677388062
-0.691466822737671
-0.851646912856879
-0.651047704704864
-0.849883677484197
-0.598218457128073
-0.795394537543683
-0.764607726839811
-0.603268381307764
-0.817497567842807
-0.739430387980467
-0.7471660045397
-0.776455994661052
-0.731984760795795
-0.596603473435619
-0.557867270802838
-0.835259816230476
-0.68178655636129
-0.725499825908983
-0.578118556880798
-0.755184026889147
-0.624069485726112
-0.646484939624536
-0.716321670209687
-0.887034928411719
-0.752185274580382
-0.842894824047095
-0.493454932116295
-0.684108837390559
-0.862608855297282
-0.703062747370502
-0.636615512436592
-0.688654239334362
-0.71428605799506
-0.818368032835
-0.795355121287787
-0.70333020411705
-0.770382424188568
-0.650457346784463
-0.759902995490165
-0.612084910554679
-0.91483099160592
-0.740617380846685
-0.717013805940513
-0.643146221055649
-0.758797003506834
-0.516722621968239
-0.530648444354221
-0.68832365175556
-0.654013631633092
-0.735238294044129
-0.649886513126414
-0.665797354296111
-0.577052036065293
-0.714456944545218
-0.542788554974074
-0.623355576408036
-0.555441108947316
-0.706294178255748
-0.570668496102762
-0.807934336438737
-0.624546968854113
-0.751056121000816
-0.618114021322162
-0.637661081221549
-0.345953392948731
-0.720718247353321
-0.534139831203393
-0.545907810153927
-0.639316172080113
-0.810326065364203
-0.596281069062299
-0.682476383011603
-0.56538243832673
-0.722538186774634
-0.657900680159714
-0.491878827195967
-0.662382353093978
-0.644283182803829
-0.65729745074634
-0.527169423976623
-0.606395367683751
-0.579941250611977
-0.755012120026893
-0.701652149179647
-0.601865941498025
-0.736564677201189
-0.611910660405779
-0.446423728744936
-0.62747650721951
-0.583977768143556
-0.633594749612896
-0.583648235079106
-0.465614342214323
-0.652361211967571
-0.576618868080727
-0.621129977658603
-0.651129556245366
-0.582160257858049
-0.557315120055265
-0.413430592432217
-0.66788876435465
-0.645490369702508
-0.347628675979252
-0.559574875441397
-0.657575950254522
-0.640009749766412
-0.571518590079298
-0.618027511917237
-0.620303337370587
-0.568354463693018
-0.460575835939593
-0.432430048617918
-0.490983186706495
-0.542410697776887
-0.616706504686513
-0.541200069774641
-0.49340840580082
-0.562044088543044
-0.628995840106602
-0.487167115207463
-0.414844868666707
-0.510544075868876
-0.229033338968602
-0.461661307732736
-0.594581065657351
-0.458419016571744
-0.520018836521069
-0.614554707673118
-0.438606194437403
-0.454295033238034
-0.620307037282769
-0.704334475292874
-0.536150924734182
-0.524124115359429
-0.544526831798618
-0.556401385966709
-0.535715817551629
-0.526066010644256
-0.349829515509702
-0.436946255829643
-0.500132150595175
-0.597513702901333
-0.494061675652353
-0.542208786664473
-0.342228982967737
-0.512370898369988
-0.480042742001868
-0.609040503031592
-0.458436863650613
-0.434633086871171
-0.432388676782306
-0.448124876658469
-0.513700662576078
-0.471000663752531
-0.498293471382596
-0.537551384082745
-0.412484585934496
-0.437945960494697
-0.365059970932502
-0.548024648791677
-0.50364687228362
-0.391768717613665
-0.433821958120373
-0.414595020232147
-0.287918964699354
-0.347808783160142
-0.651914879232288
-0.364663188365084
-0.446396869921615
-0.287782982369677
-0.542911118948891
-0.443713575761308
-0.502387329540546
-0.382078165515614
-0.5114316084095
-0.270491667207153
-0.524464971369275
-0.500504420437468
-0.552147612676839
-0.35983785167085
-0.372213092238657
-0.485656532161923
-0.310705681304501
-0.461066018593878
-0.417571060588649
-0.415304421336497
-0.354433572971929
-0.318839371442628
-0.293546966619183
-0.439910106709798
-0.37875570871572
-0.339384939372522
-0.220657400565701
-0.384424607294348
-0.411208312239377
-0.353752630237249
-0.391536754466121
-0.425356208218693
-0.453400711496928
-0.317951662748859
-0.317158136978928
-0.353163067682494
-0.328605986387487
-0.473321836040622
-0.43831900969627
-0.362401412933302
-0.314197582786577
-0.374282987579767
-0.315982061371704
-0.209392434763116
-0.431217985449007
-0.512910460548476
-0.443223559509777
-0.248440038458257
-0.405920451592712
-0.363904061641104
-0.383773520902489
-0.32607356240115
-0.391672652867242
-0.370940185289918
-0.261135874762593
-0.241711261181147
-0.323168226973677
-0.374869732447975
-0.329208746684244
-0.231179456930286
-0.428504341018335
-0.277900533576653
-0.339103210675418
-0.319463514113149
-0.27521156743498
-0.260437058811449
-0.274546124968068
-0.202578684826336
-0.180680227665688
-0.178421682700632
-0.343117668762903
-0.316646281800829
-0.262368647159718
-0.360242085834098
-0.258838085527877
-0.272326674137948
-0.34327749216233
-0.232375334380064
-0.169369659712381
-0.154552684859877
-0.322502768029213
-0.176282483594358
-0.210479356044764
-0.1650357981465
-0.328545162764385
-0.324525249840552
-0.313741657857848
-0.250420226348908
-0.327078589298552
-0.294806699926894
-0.141846921610959
-0.0991329246203741
-0.321883846707746
-0.239206294292002
-0.0643064644245861
-0.29184214305438
-0.250652561498616
-0.131755318906546
-0.302267334075104
-0.227901967416472
-0.343163055906413
-0.276601398311865
-0.150863566554559
-0.291039321632692
-0.27811372974854
-0.152391479240018
-0.165029377433109
-0.071433739538515
0.0488847399218206
-0.316787501881127
-0.224870588010285
-0.186678444494695
-0.13673916880644
-0.249736961272409
-0.109825353959234
-0.266890633581105
-0.311452021892075
-0.0974599027236281
-0.212829478204995
-0.129932014769559
-0.173659777432968
-0.410283068032218
0.018328812533074
-0.211829802678143
-0.119511947426561
-0.235889009323152
-0.252600343774735
-0.171991065283855
-0.322803182559772
-0.165976369744971
-0.140508064070232
-0.200588056362154
-0.24987366051013
-0.402028924598418
-0.19532072160643
-0.149598600228162
-0.183372604706374
-0.126653995854497
-0.183436536595225
-0.154473065569536
-0.12634772611955
-0.075043658534986
-0.234465838983273
-0.23199011826769
-0.059383114713558
-0.19824087277381
-0.0373650449079862
-0.130668663217436
-0.0898450463539209
-0.132029706447554
-0.149997878733069
0.068590382829999
-0.128586624258168
-0.317819175189146
-0.193792186192543
-0.126948817171532
-0.124701140831647
0.020362566962736
-0.0799667854332717
-0.2326941950762
-0.135585142097845
-0.148191688871598
-0.104217401074594
-0.150893818885862
-0.124451491590496
0.0183090492314835
-0.116347888218718
-0.0756966915854994
-0.103692473197973
0.0339031739004001
-0.166400660064752
-0.0978741158877406
0.0303030768312273
-0.0451367741468762
0.0464723012913294
-0.0249412433041706
-0.129883520313707
-0.130104023018784
-0.0986535112913021
-0.147545504971285
-0.0448254857062104
-0.130662488176956
0.124452637729046
-0.0573569436666792
-0.156673424573148
-0.155378627913416
-0.191549231363901
-0.0404082355691872
-0.026587816160737
-0.00819202112906484
0.00302506763727366
-0.0749077928548728
-0.118193551945984
-0.0925302714694116
-0.0467517335697664
-0.0825954237763569
-0.0412833839691633
-0.113686283518817
-0.104156809033272
0.000225504282967662
-0.106035096346854
-0.0255477680727451
-0.0825328842220605
-0.217363952544525
0.0473402017973986
0.0553020859267967
0.0516604453004896
-0.0286116921664291
-0.151362177307695
0.0414783688945353
-0.140584757299974
-0.0571723542355233
0.0155294252706873
-0.125757429758455
0.131982371454762
-0.0109835778243282
-0.0140246831591687
-0.109212926967256
-0.00521369411455567
-0.112429947945238
0.00300890544640127
0.0552060289165419
-0.0166966452953537
0.192231259634166
-0.237251470909551
0.0549961601198868
-0.00641751486720008
0.126422477559467
-0.0284852734317194
0.161215872064064
-0.149367825674594
0.0922413195941756
0.0465492710420512
0.059908540481549
0.0689432650128391
-0.0869834634827975
-0.116878351908569
-0.0601334160415804
0.112179861712361
-0.134636761469914
0.136306712832091
0.052005763715795
0.024737026442873
0.0486300584217284
0.0486095062911209
0.054320494259938
0.167658699305725
-0.12082818979588
-0.0356214634499837
0.154860119179327
0.0669467229233859
0.0711831438536519
-0.119223936253108
0.0370507343359732
0.181589862458151
0.0819371299005996
-0.109390046492465
0.0408908869621959
0.103606258619789
0.0131790810309037
0.0430633745345554
0.0930545415322887
0.120178618071579
0.173606954475096
0.141043811517625
0.0928888571434258
0.134700456947849
0.0952008157811266
-0.0846679401698143
0.212827181682177
0.075425993661692
0.0101992955612357
0.0787144622909556
0.186302429795264
0.111691632574276
0.151860777891947
0.174727093612822
0.133480663351413
0.198301248036303
0.0548155175492803
0.170746536502292
0.168352688565875
0.252306499142842
0.14262783002807
0.230787554082862
-0.0414446921241007
0.189820982568382
0.108015116560863
0.131196256701483
0.139575969479473
0.0100230406256806
0.0644302923247674
0.202380823347491
0.181769968445175
0.158914785678531
0.24470349687755
0.230859144819748
0.0661720736594081
0.176886734278809
0.146944607379112
0.0836489236809136
0.129030955419771
0.233772800896824
0.266174669377743
0.101048824949574
0.0177505953889328
0.151911816032965
0.0885219323292996
0.107632906377038
0.111297512625195
0.166478209858618
0.170751488145648
0.185386979571906
0.307586804991228
0.0931880455310578
0.175377666000391
0.303975085523606
0.298533392460291
0.192481171887106
0.0376544196811244
0.122547141561743
0.473696314584429
0.275673716700542
0.122725463747243
0.0925474825691184
0.208226081198415
0.127847868283748
0.218421109243101
0.297778967835063
0.144783457131019
0.274372743778236
0.246551490499234
0.302629928506222
0.0837532995720628
0.172829556371518
0.10310940794636
0.169386228201363
0.154641268895653
0.0806357052682306
0.377902249612772
0.288737179657163
0.240822277157628
0.336438486453827
0.225373420517617
0.311941450839236
0.349166881107893
0.26420476270778
0.2708498282403
0.195648868456188
0.24611047138847
0.350063354642706
0.205664897172625
0.30902346095069
0.312233397645967
0.0982743014474313
0.304390339093511
0.255756569694177
0.329765384885483
0.154636544482736
0.216248845207135
0.133210903397136
0.333176415370838
0.11289607911016
0.328899539541875
0.293239569425099
0.355376204256504
0.251801666877486
0.437660272122027
0.408314508439499
0.331404751725631
0.303472153197318
0.191054680915001
0.296992257440288
0.371364677186334
0.167966234917516
0.230636866642138
0.284146457243827
0.298936521239614
0.321264716019842
0.297511723183821
0.139601171516847
0.409940891681357
0.429195472765827
0.249524609089068
0.388707103098043
0.199830299188201
0.224444805997195
0.200118963340765
0.378874881393768
0.559298938518127
0.268928282194357
0.226206913172972
0.345250640821194
0.394587982372793
0.344833189402501
0.442259889021519
0.3740629160171
0.431520599604999
0.238989357384211
0.274082122292769
0.419036450470727
0.325864553511102
0.284163324100893
0.489322757328283
0.472412646124662
0.357570369231888
0.327600496301023
0.285589227618096
0.328351931846207
0.415195426747245
0.369603767094156
0.340234331394881
0.327942994799719
0.330838657884377
0.274495445962041
0.369705011885181
0.347879787490651
0.228858781237185
0.363295442764652
0.321033165745024
0.204383529014708
0.530072965119719
0.438390455049557
0.439221597210114
0.451256186256479
0.58869280976219
0.354483920713603
0.226010343316104
0.517361195432495
0.447784202338038
0.356230094597104
0.494672146502476
0.393731011924298
0.598487772554412
0.348212500995958
0.389591293875945
0.460076829114962
0.399567944063239
0.413491804815108
0.440909196025317
0.463601213248882
0.417703728318535
0.38331462439006
0.415755469571152
0.674742397985619
0.451204627851288
0.568990741599112
0.507098613062431
0.376521662649233
0.610205664071519
0.62185640722504
0.437279040399147
0.521342999005368
0.378480786823525
0.294521798229417
0.516363302408191
0.467355819273005
0.582247055834688
0.360081949624055
0.401535280501788
0.393709029302536
0.363783592620973
0.351011159781343
0.549035392673896
0.49154097791644
0.549602569348732
0.494883347279755
0.443791885135554
0.482499753045012
0.557945452862706
0.557189434178134
0.660018037646366
0.477358770855314
0.445324162731273
0.634008405733116
0.562913009717548
0.444149778647842
0.507733592321337
0.474213018423581
0.466426989282408
0.433821372075852
0.589435663017978
0.610927516641831
0.628827192092382
0.619636564707957
0.574684077154907
0.532009368378821
0.60011941389974
0.627992213279544
0.586900159677061
0.55065508119494
0.561613409568388
0.504910562797248
0.558122048817905
0.528236299033647
0.515893859996548
0.511722036381739
0.455384659858088
0.600647448119178
0.553619758711964
0.639574043012137
0.581704432303779
0.590145513870792
0.543482773467191
0.573216201983635
0.496704620718802
0.591299079709592
0.537173549771438
0.593333974510853
0.564054412282704
0.509870443647576
0.592899795806823
0.481054263562535
0.569923733924339
0.524252270923081
0.623862966951989
0.642007540702155
0.632515152368847
0.474280290265946
0.496047290818934
0.544514005877083
0.500917671078829
0.781975606873554
0.67605906614418
0.436150354191315
0.505076054526557
0.654111035951692
0.595561678228848
0.447814468562879
0.611090178046758
0.62664580406576
0.556520385634131
0.578623675480048
0.594361974369747
0.759547535656534
0.568370474162483
0.56646843555739
0.645885382415171
0.63684760785877
0.527510699473761
0.585504596840892
0.753147736771362
0.651554407297087
0.562859409536371
0.697166716693896
0.693983640372489
0.707877865358024
0.568426475214697
0.697442485879572
0.682571026417559
0.479435150258363
0.564332736321518
0.5323623899007
0.597168826372196
0.709754721907309
0.56416601458095
0.764836871111639
0.714760238838461
0.655430989440525
0.836092692906504
0.624591863306723
0.812726058634881
0.638817565921334
0.737183004140338
0.651751713946715
0.852732762022326
0.629350997987235
0.495178590347297
0.720378816871583
0.802453604300301
0.629861810064595
0.728312575337907
0.596451467177054
0.561386466987311
0.803781461017156
0.693495073286422
0.598169340064537
0.719920271812608
0.949613647633415
0.635060988227924
0.77418439442372
0.772121981646429
0.793764075272452
0.86381183475909
0.630874226785195
0.788452701432947
0.773931369680309
0.66714485322843
0.652214744059405
0.741111331467387
0.602608156156103
0.613916008607239
0.723457907797022
0.591169094033887
0.686079875482169
0.842383623822286
0.749295405761678
0.926106844801768
0.793292033404055
0.762077892939828
0.679594603551514
0.93240875009249
0.908718620537513
0.6758970139983
0.82315227532928
0.710572859416408
0.798824527869557
0.771561874798467
0.698067729620657
0.760997118095226
0.869831890028745
0.668396814707925
0.645867932298969
0.905892473612114
0.835743668874977
0.761305203014145
0.842252631734969
0.785536487706717
0.743487710604631
0.8894290787969
0.853913120569677
0.902027215245687
0.790093923790116
0.708993147468386
0.695005098753861
0.793127586508065
0.841310333711501
0.883011370155254
0.983600271260292
0.920133647958432
0.825913139164347
0.788552431417523
0.852469471439949
0.858126810301658
0.787839787937836
0.679258202707575
0.904778122418084
0.950950966737789
0.973657152252637
0.872560137586885
0.960364507237214
0.852834914158359
0.986756303494505
0.781118906453349
0.963959149062216
0.945680029933634
0.868302197997085
0.832240704603626
0.862235773236894
0.817692832115595
0.826159523814272
1.00521571632723
0.866442981377281
0.912085617956649
0.804571696165776
0.817731702639697
0.986917328272861
0.91134394504666
0.853069179048939
0.923953646950265
1.01901170510717
0.878528884234026
0.973287519424344
0.93971800027956
0.856360499085296
0.869177420838552
0.955952318184538
0.912528091081569
0.850168787375713
0.949177431615157
0.888226762214703
0.896711996469706
0.902125102095889
0.952981020655423
0.813326823052073
0.964540754850325
0.879501867694674
0.846474052612469
1.01206554262203
0.910547097174492
0.876219437521073
1.08989087684984
0.901222189387328
1.01839774088393
0.88046417518093
0.875861339235152
0.862479417579136
1.10808694337957
0.981125816638232
0.754391969846404
1.12811332940323
0.979992086173367
1.00321739745194
0.966833975962761
0.915508023343038
0.912228503862038
0.925006222446864
0.852841562137936
0.880552234032337
0.866636142613984
1.00573581476592
1.01745084582539
0.884892089220845
0.779072391283812
0.932756975316599
0.987711428504797
0.892230630781209
0.979416822391887
0.931765378019621
0.975175370840416
0.971626589899675
0.813228849383663
0.956380444054931
1.01176827709613
1.0492910043014
1.04669438253659
1.02575065934975
0.976191708460778
1.05010565117229
1.14222637462711
0.967483677137066
1.01985021977246
1.14280146448537
