-1.14729032955408
-0.795188826639472
-1.00907649073207
-1.03003400529796
-1.07642448671683
-1.04099875286756
-1.05953907144024
-1.14162060935207
-1.10551473272943
-0.799048707181763
-1.07439513262049
-1.08225070158965
-0.908644295242405
-0.964569778638991
-0.994239634269195
-0.992486911508813
-0.955485300635353
-1.09282580695
-1.01067748794004
-1.04320707913018
-0.878314076371993
-0.954368698669577
-0.754450028040557
-0.929192586711131
-0.88488815050539
-0.997528536340572
-0.953600729158448
-0.968493633804837
-0.98325405851872
-0.957344620605989
-0.736002133820795
-0.965871443833529
-1.0170761778666
-0.889649556334404
-0.837728015956784
-0.851426772002295
-0.865908849625433
-1.00190235679544
-0.916214557062281
-1.11314525817864
-0.735995987351431
-0.942009909868459
-1.01087316770668
-0.906781023706441
-0.965853024211101
-0.964661457729069
-0.876245038170366
-0.791895143021146
-0.875814659332451
-0.878244483162268
-0.848375880119179
-0.968722150152044
-0.738357224199209
-0.829133654440593
-0.905645483103423
-0.905519200166302
-0.935284868704032
-0.848386197645128
-0.807601825933608
-0.868945931026982
-0.929801063292084
-0.91221429186982
-0.770256816786564
-0.985810047804415
-0.763292957790903
-0.927416008296457
-0.869429549588719
-0.951698092753818
-0.723686268282073
-0.814753278841873
-0.855790039517116
-0.748556297708866
-0.90759333936938
-0.750216874872477
-0.797971580397572
-0.867018758278731
-0.884833956779923
-0.935820225000622
-0.808808038463085
-0.738304890760653
-0.895674417574508
-0.775229342415818
-0.794331201327393
-0.903070622311145
-0.934858962676078
-0.791856775495475
-0.840283889094546
-0.845897461473967
-0.815169846367003
-0.879981161798365
-0.849316994234465
-0.855799323645856
-0.899678863599592
-0.783649950570743
-0.78362906094523
-0.811024360823947
-0.748820212865225
-0.879727965492248
-0.832126168821413
-0.71069497035364
-0.83322940511256
-0.846771902851883
-0.856423818391928
-0.665119085705321
-0.672916438288893
-0.966860179658504
-0.916002730375594
-0.57799701301932
-0.867575598096006
-0.710586968144405
-0.726485864483982
-0.885007508686447
-0.814374291740607
-0.611667525609891
-0.731698630873719
-0.843579045159845
-0.744957060600086
-0.733473022063735
-0.925772410007121
-0.758889226534252
-0.642392191219706
-0.844426380011017
-0.862117492910582
-0.721240358494112
-0.60328840367637
-0.868290303570574
-0.813533758919794
-0.6064066922176
-0.725239771827365
-0.620806568807213
-0.828860702295922
-0.76647046481995
-0.791678291969123
-0.703036764782717
-0.726872510466327
-0.71542091753946
-0.65860318106258
-0.549297234982361
-0.535725800121111
-0.762851397841218
-0.760424739907734
-0.678156975295798
-0.78277272814436
-0.761876884827741
-0.692859437494525
-0.761787918119335
-0.738565866660309
-0.828544547871372
-0.764895009442608
-0.583612892890642
-0.670362774808843
-0.786270418416681
-0.740750624788121
-0.795168874665491
-0.582678444835169
-0.644990052112242
-0.789251228782178
-0.751083673107499
-0.835956860767911
-0.675554815702244
-0.735969842392243
-0.653956670098237
-0.79379354476769
-0.583834744579974
-0.680627382787857
-0.662718794383869
-0.715367173597598
-0.539482103504477
-0.768184454225821
-0.815664881482384
-0.739773221487652
-0.604752746494979
-0.632877961604659
-0.554697448352283
-0.557599927153721
-0.625507990705349
-0.864124159260916
-0.592379757971217
-0.55326020605804
-0.73677445284515
-0.580107618741657
-0.473672569838776
-0.508068836406769
-0.720770322711525
-0.482868929187795
-0.539134418291492
-0.537019562458484
-0.609808625467482
-0.696423873300662
-0.57827930833866
-0.601033155243608
-0.597874049304029
-0.543431219967198
-0.605446785730406
-0.540035336015008
-0.622673794991002
-0.731198829609274
-0.604345629330012
-0.682895185222482
-0.562109178118885
-0.680090734732362
-0.454754460230116
-0.720984035216996
-0.504487642081654
-0.562349022990422
-0.550344748149978
-0.59609271702758
-0.457836906285239
-0.495823433557777
-0.588812593914413
-0.627046433817176
-0.658198907178888
-0.477734353671343
-0.51572192855858
-0.662840203981696
-0.518746832752818
-0.502317765786869
-0.681777882639079
-0.541933627777121
-0.539452622810487
-0.474440061523096
-0.593966568475528
-0.528884536736261
-0.634396446669063
-0.611701921798401
-0.566250306731605
-0.615594164094701
-0.695387691237833
-0.588759690219692
-0.574999045518491
-0.618516768122868
-0.744601543956691
-0.481962901212851
-0.457321854665146
-0.443276420612174
-0.439755375075803
-0.420868634240992
-0.591445717114376
-0.529242426851051
-0.546050634128032
-0.714514507666971
-0.302724229901136
-0.452573718890202
-0.581308669859617
-0.45151411160949
-0.450496499041197
-0.546819823003512
-0.492523632874549
-0.464629511343891
-0.426893879293543
-0.532371142221269
-0.519100454497427
-0.449206027171123
-0.616684040967205
-0.506693567852775
-0.486430326553028
-0.408105863662176
-0.472974083569043
-0.510227561609244
-0.44972921306193
-0.660953877376175
-0.34753184030157
-0.552349468846363
-0.42197523890316
-0.43056480709157
-0.600905310010935
-0.520750013119101
-0.495464382938537
-0.370687167108383
-0.439173999012171
-0.504963331866644
-0.500186329430961
-0.430864785665756
-0.318056763986484
-0.555240367974665
-0.434099317209152
-0.581000697615494
-0.511241055201767
-0.518816064370586
-0.380377289185276
-0.309642484715986
-0.42894032232728
-0.439703586961923
-0.403769374502175
-0.386919746145394
-0.336524300513942
-0.437306326688704
-0.303536816996561
-0.547567748834966
-0.380283271131234
-0.53442283600481
-0.574684147719197
-0.416671251776463
-0.342533185831643
-0.571003080838974
-0.392541776518497
-0.472113672021915
-0.363715927066957
-0.280421222739462
-0.335482045492233
-0.390873436687414
-0.385366737783632
-0.326733332584882
-0.38216973556803
-0.390040764329775
-0.470690805009797
-0.44343690053041
-0.374953954326695
-0.39719429931856
-0.41958124143012
-0.240547050094536
-0.269882350741714
-0.372622083632108
-0.420564751892807
-0.408400589455187
-0.534232587246298
-0.207902391461435
-0.442103167173638
-0.326472766810913
-0.370546212846361
-0.308592696508319
-0.367421155810769
-0.354363633352235
-0.369899699870859
-0.304973405673909
-0.35091154218071
-0.421725928081559
-0.36389248960003
-0.412845033807984
-0.413872771650306
-0.310169726391501
-0.374421080907979
-0.223689475297927
-0.172724026380714
-0.345464155465702
-0.295028815680287
-0.231544787637661
-0.285329708609986
-0.218092530948654
-0.283441672261597
-0.354689869800278
-0.262691771038536
-0.289911934956796
-0.324045867374655
-0.306734972750563
-0.262757804916522
-0.45107693513648
-0.445595885284981
-0.300466858784879
-0.256812878239565
-0.350400044308619
-0.292593664464236
-0.373292101594589
-0.345627643701194
-0.383173335027389
-0.353019202299459
-0.203566850577493
-0.309172272612412
-0.359205726128933
-0.234996350185753
-0.226691578868011
-0.19153640126074
-0.298766710247393
-0.19084978906221
-0.189579898193463
-0.174962076834508
-0.171217113814509
-0.29233904411555
-0.206769650367191
-0.276530150470539
-0.397554082932329
-0.23060247642404
-0.139127231293536
-0.144091607461831
-0.330773351315714
-0.386623449650501
-0.293355086108779
-0.387942248737684
-0.293138842474647
-0.304304668549035
-0.277290530806275
-0.329327502621879
-0.199735825060505
-0.241014147763531
-0.201817627841734
-0.242365529009321
-0.258564231073015
-0.214986891816875
-0.243193342473052
-0.191413266621875
-0.176597723390284
-0.247059543647466
-0.27201422616727
-0.187850045323594
-0.186425685413549
-0.196215323009944
-0.317129389334453
-0.234924814925421
-0.207132026490748
-0.152209918975629
-0.229170981827738
-0.136797185123917
-0.149751382119589
-0.21834018266142
-0.260128813489356
-0.120725597468933
-0.201285671443198
-0.245492097623298
-0.138106050248535
-0.0534638859017455
-0.172672366650526
-0.319289333121092
-0.159720288774565
-0.200085314547849
-0.235322937879444
-0.163572714177171
-0.126152309009206
-0.158307939783767
-0.172413809292549
-0.384425978430056
-0.295765936293243
-0.188817055270055
-0.0659564119843599
0.00431460349744957
-0.0689710564899147
-0.309747759890451
-0.0389466546463942
-0.228254575585614
0.0239246775647936
-0.113536041482519
-0.218203687988796
-0.0915207106858049
-0.294052946046574
-0.101249662579179
-0.133505598435656
-0.0572037370967544
-0.292619452061208
-0.0864791417025359
-0.183389368744226
-0.234858251905054
-0.0150370301578213
-0.272686372445287
-0.0707654509278993
-0.135679211214235
-0.122858746653975
-0.0975002075042608
-0.21300574757245
-0.232123244939796
-0.0995622839930111
-0.274345089761394
-0.123986613652795
0.0719181755195424
0.0159551576849988
-0.120837816983103
-0.0803937671541245
-0.0732421778190167
0.0434460610698548
-0.00722772606323406
-0.108823215149399
-0.185532048646126
-0.200449163039501
0.0352469593779104
0.0184910055572244
0.135902407682639
-0.0565759435142542
-0.0898010667942579
-0.0833908937761239
-0.196148552060396
-0.193872129222765
-0.182476596123862
-0.0687689084299417
-0.065491014537876
0.0385080155913547
0.110927847434151
0.110792843300752
0.0991493558731028
-0.0601123205359137
-0.102639018248402
0.112798376522763
0.0367307204244414
-0.159674368207517
-0.114743005191079
0.00169697758755313
0.0615229421866454
0.128723846897585
-0.0294194725517123
0.200591541674226
-0.0198073972015192
0.0520298534282631
0.0346326245125247
0.0257465629826838
-0.0316851160656932
0.0652071140353469
-0.0063554784341129
-0.0619653696915105
-0.148006918075219
0.0674160584556886
-0.021979689445851
-0.0685669223788145
0.0731197093178022
-0.127719354955252
-0.00845791899878706
-0.0041591294854853
-0.0531236481987622
-0.075399764187289
-0.128837987819923
0.0573481067863313
0.0238630795834567
0.048733220138368
0.000904116938511307
-0.0526312785371098
0.113301278484388
0.0715860372359829
0.0120206180689052
-0.0872661171014381
-0.0543722280516233
0.0611582947351756
-0.108417322688563
0.0295220230539182
-0.112328064593952
0.0680574635464906
0.0943837819657607
0.0413408941800339
0.019611615485209
0.0313280688572916
-0.0633909312949398
0.0871480090386687
0.0566096341034627
0.0576279984339528
0.187167413535572
0.129695790557521
0.0711116132959621
0.119882518264922
0.250206175072096
0.118157494591445
0.0619838664544288
0.08572185022835
-0.0812331846482617
0.086484837385848
0.103740438653996
0.0953233586258078
0.0819678269727568
-0.0343703890092639
0.0834330337962125
0.226975592539593
-0.0503808075642709
-0.0128894058332321
0.0999645512145042
-0.0107235906021388
-0.0287883028286647
0.161065215640728
-0.0154757725309387
0.0827856184278152
0.047454432267764
0.0550068616658777
0.0237299469483044
0.132240622076682
0.216121333495293
0.252199379619705
0.0610161988554296
0.196526023548283
0.0162709790758679
0.156523889703438
0.220265385265738
0.165835120506318
-0.0371477340091469
0.290837209934183
0.0992260507371963
0.0756887626906902
0.207551712469496
0.0706335316485289
0.203160917225834
0.140731365534029
0.0568464577347639
0.090129021252984
0.148691956643243
0.121679765430022
0.199338990781307
0.0737825461498623
0.187075263758637
0.0485794488632196
0.113706282969235
0.0736439773219628
0.129531246894504
0.153126429035257
0.138895414444827
0.161878354118113
0.0586016643338102
0.153111239639965
0.0919861882491258
0.201007934299984
0.104704894827127
0.175553913845695
0.194233233381166
0.242370910860699
0.224802532596135
0.249080993222449
0.223150250866212
0.15584424170063
0.332110879508266
0.0840146008004446
0.0547281837766098
0.207595707909718
0.195538230398843
0.21817356332659
0.159158444876887
0.238752093547895
0.13238614632906
0.205895997950561
0.196856814552222
0.084132942641361
0.368872562316251
0.250014028842505
0.259339943242846
0.124275141428308
0.174248281497958
0.233095665930814
0.349984866126321
0.331186242826812
0.347669303777209
0.179866998449727
0.248532065958022
0.270668102379729
0.154225031660699
0.221471881380362
0.31320101923795
0.321127244524521
0.292787930989685
0.283516058654879
0.234393138462462
0.208581560619684
0.228223766575765
0.332060090144758
0.185169477105959
0.166686521751017
0.170420691787911
0.0932909156920593
0.234550332918157
0.221133028082427
0.258556068092694
0.313790669911617
0.356566929594947
0.234636884788978
0.348992805532077
0.286709225380717
0.320919893334967
0.316571194857032
0.0761589856087916
0.224077833055436
0.218956426169823
0.106137002725358
0.357014726410726
0.303981182187658
0.358625123743353
0.319159860826021
0.313970534045336
0.25461606192407
0.357666313652336
0.40370936544768
0.317019075240038
0.271066400021789
0.31548005798906
0.323021327939482
0.347905987806106
0.284533324256009
0.347383785266488
0.276170038046677
0.323957724949943
0.297814040731805
0.313123603734932
0.146200690322389
0.300497352750234
0.409639948328046
0.305411489649884
0.419895322837661
0.30488646489912
0.271624558186662
0.315770704674316
0.327429634654269
0.260806872436214
0.415445533652653
0.243124816820587
0.160588421989014
0.286107292193122
0.372009007001042
0.353809035958584
0.241953396830294
0.372848333152113
0.465262073304941
0.37290700713284
0.180552433059589
0.375147856491291
0.315117298505822
0.498861414909093
0.364229983749597
0.357102367034908
0.33417191352204
0.527076438683922
0.323574484066143
0.420916105934399
0.424930671029462
0.424990380243623
0.401348602497329
0.465799982453483
0.489990245899133
0.406453825593072
0.335661268437496
0.323704581033374
0.446023224746467
0.403172034383234
0.466270515913885
0.467090854224355
0.381515849477913
0.489664737882804
0.419060803444118
0.337408357638379
0.427543468845219
0.365378960126377
0.463086031053129
0.413979774963449
0.36209364544493
0.53598857157824
0.486271871386769
0.370220726223588
0.461004556313603
0.262314673088538
0.533197384437036
0.337637643534564
0.52825907988471
0.409120326950758
0.322561581771579
0.46600531349435
0.513760020626497
0.486222090127552
0.352830588554333
0.45947983701998
0.26552828776652
0.355830870211078
0.496882777646832
0.70146489168406
0.320200519138858
0.491684215323138
0.500479530222127
0.49380397640185
0.689087204309009
0.454944543268994
0.55862327464107
0.61470090249342
0.494325978612196
0.480368896520389
0.466520210217166
0.623111733585138
0.566564555641215
0.52292721596649
0.59762279398086
0.388313963426145
0.605204852976231
0.490879107752731
0.590222880317608
0.519712948270176
0.465028683990081
0.553421307783293
0.459381456635047
0.434103639651737
0.65610222652528
0.475426270366436
0.51754371319911
0.581109850400615
0.55378312413786
0.531290336377229
0.468235880109835
0.684309784523703
0.546194924236248
0.470639354771771
0.664825857791737
0.496674764362826
0.553586607884442
0.615512253150328
0.629593051978907
0.446455638641697
0.587984507214843
0.56897165320933
0.560001032721913
0.506497681714929
0.417297036864865
0.61842586144578
0.606120048848891
0.588949735183066
0.473998784231043
0.689359297760255
0.552979587464203
0.569336883178685
0.62719953908312
0.677435839773225
0.554298764609703
0.510235251199587
0.626570338387467
0.603328503995384
0.659625043193927
0.523200282682374
0.507667312212111
0.787831284958909
0.665031191969548
0.587152250510939
0.656803961531475
0.54175033258066
0.547947128589261
0.554381333684535
0.708495210152369
0.612436443865332
0.511080146862717
0.621224999617613
0.472302470902992
0.404676005235433
0.645256552567146
0.749148889264706
0.647356078774251
0.670279856073959
0.605987199246741
0.778299985113242
0.488460460536217
0.745402726073672
0.589389008538513
0.758962496922089
0.505811459875221
0.52842135224
0.508362883222869
0.548424273946548
0.731328259964869
0.701056511119188
0.718654375851125
0.521128657439829
0.682244403352148
0.74267730817344
0.650875797177026
0.540355066171069
0.670999792912065
0.788274230957207
0.57919268150967
0.633580508513154
0.658155764497471
0.587970507289386
0.686573461281426
0.776808685030528
0.528179212826866
0.678075941775013
0.67318627619236
0.655894527563879
0.7370234683362
0.769576492027019
0.62724445202115
0.73197814187429
0.644593036450727
0.587793641650674
0.685553574882086
0.832110647203886
0.664785388675249
0.813591911749626
0.734650267184016
0.814721801266822
0.678153190276736
0.662353030225829
0.611347913471865
0.759275591356523
0.641598943664678
0.857306931099633
0.703837088692026
0.708069254715015
0.797495458073667
0.814265527535773
0.866124632563662
0.865775984099286
0.812821798478926
0.727761734118677
0.725287191643109
0.877083602154691
0.871077671248172
0.740492608197411
0.786813329955583
0.776675731718721
0.8342106352763
0.812809092231436
0.831162651871595
0.665262092176649
0.859253562088241
0.864579855068893
0.639202319088799
0.608673502173239
0.819653844071853
0.751644274741487
0.828536049953322
0.748832824900538
0.735691327820923
0.935606356821405
0.689793497935003
0.826475763413618
0.722882320074788
0.862574904032744
0.754587257189905
0.887773068286517
0.98222113118306
0.696276153642811
0.808967245879525
0.788679703893791
0.932412354434208
0.733495879542826
0.831910701927281
0.95505328390926
0.752397894718799
0.949352702206056
0.807758789178062
0.81248254990682
0.860701595023395
0.906394992809489
0.767891259438902
0.731411721010305
0.822040391418517
0.858127922375787
0.882308594260905
0.628697532581233
0.721355685153484
0.787660824122496
0.850388338607052
0.842272194495325
0.934902513223256
0.815392546195621
0.730849441053075
0.744844896177402
0.969111347394132
0.869050375375615
0.789281198104552
0.906672303654733
0.807766690866252
0.937546620698526
0.808719195559227
0.945815523298273
0.907205027017701
0.942686455597417
0.804262884753964
0.8622028364049
0.904515614173416
0.862479544202434
0.884245848085888
0.91322119660359
0.917043519127999
0.66927541795056
0.856264187527524
0.785509357519012
0.937112559008625
0.860380743511733
0.783730459122326
0.893915190395885
0.821931049792845
0.905524511521853
0.887475777713162
0.923147147675
0.906500588719726
0.87017901071373
1.01454618241685
0.842938473987778
1.02745498209253
0.95256408901763
0.847170481261924
0.844885999037463
0.891728287002557
0.9769929790768
1.01279365830583
0.911327222655476
0.763118128528887
0.862846473808267
0.914762457261883
1.00482836583109
0.840046981209993
0.906613566485032
0.963949676709688
0.867510135506523
0.895999206734148
0.984934889362663
0.987780718035315
0.994587249944664
0.861185120793749
1.0247211785393
1.06761967846665
0.887046623848342
0.972109992396648
0.956482403517298
1.03794550006759
0.929538268223583
0.96099565223972
1.04634789400054
1.04844225128803
0.897364727748666
0.981524383636178
0.980979499397684
1.03303883435543
0.827224896487264
1.04158792863159
1.0472959073744
0.984091060761945
1.09046628949518
