-1.06473008248529
-0.973467858385461
-1.00282309708386
-0.932859055670542
-0.904775780027827
-1.10657795848789
-1.0646617913575
-1.11331237187025
-1.0853312242277
-1.07470553894559
-0.903612657835187
-1.03206610752513
-0.941180831736317
-0.96535715720618
-1.02456125344647
-1.00700464820433
-1.04901425350657
-0.956854997512461
-0.820393897353062
-1.09179866303026
-0.861641764947288
-0.96692986821411
-0.984486395032356
-0.895959340548282
-0.890757187450767
-0.88170039134856
-0.939058608144185
-0.835597352156725
-0.979000131673914
-0.850913561200333
-0.952432396143255
-0.764833269487418
-0.974846070739476
-0.737341062331894
-0.989137796612513
-1.03930541478062
-0.899743692085504
-0.896186988462797
-0.736141380930668
-0.83648864027536
-0.890562813188631
-1.04637960591083
-1.02227302956619
-0.71430048520931
-0.816625332386524
-1.07781992838417
-0.905731433495035
-0.779942105208421
-0.778786469809542
-0.921829738426351
-0.943782426437927
-0.972776022159808
-0.95855727197666
-0.916225264625812
-0.986921808609399
-0.918121259375317
-0.876934518949066
-1.02967065422253
-0.835149528910512
-0.899677114979385
-0.903115312659286
-0.784691832898665
-0.957172983967198
-0.879682113115548
-0.880307611196888
-0.782313490558128
-0.924985412207701
-0.868586933513484
-0.844227903410916
-0.878119823275867
-0.94897296803171
-0.835790982698231
-0.79156743957115
-0.776530659362739
-0.687886740541956
-0.798735088292496
-0.784205967237624
-0.830608422182281
-1.02972706220054
-0.858282280716754
-0.80379016864614
-0.868527550504353
-0.759860481300905
-0.749639593939796
-0.851536872436878
-0.951112956914318
-0.70756269017892
-1.00959414241891
-0.793573257858092
-0.80745058683315
-0.959949580735596
-0.926670749814691
-0.769648388294854
-0.891819268664652
-0.925422469721981
-0.823461831933816
-0.774904841398359
-0.915062888282457
-0.689921321154217
-0.778128758142897
-0.799970604116412
-0.710444959626787
-0.801080662910982
-0.915687084835829
-0.893877980505194
-0.777913269124023
-0.89480178243604
-0.756203730413636
-0.764156244830908
-0.903523397827281
-0.69771554181962
-0.752074810328385
-0.833794890932475
-0.77824622244664
-0.778855078767863
-0.751224285152197
-0.727760461220588
-0.79716179795954
-0.724114138362779
-0.796306884521168
-0.824405156186276
-0.86000872037865
-0.677519906094568
-0.740421055135049
-0.675543152365241
-0.686064783981701
-0.850460365440564
-0.899397954090719
-0.787861722203228
-0.732955506424451
-0.837678427528601
-0.66790421326313
-0.672653028988246
-0.814356373334583
-0.682188444802473
-0.700858505201592
-0.830800535432713
-0.826614332532878
-0.689715236876465
-0.654287193311807
-0.786272538441542
-0.765102176118499
-0.717794020258091
-0.797570553861752
-0.736210287181765
-0.867729327950139
-0.681990256149755
-0.74804364668436
-0.722713395429703
-0.699913006866234
-0.742614927681567
-0.704890989661966
-0.558047122836645
-0.632617215422271
-0.565701169349761
-0.623530782415951
-0.594618832542551
-0.678039578259261
-0.744759181662323
-0.683873328004555
-0.713926387105814
-0.838054868637304
-0.72668061809728
-0.567601745060032
-0.600885514763456
-0.653201824825239
-0.57098271060946
-0.865705409735434
-0.608051359993173
-0.6436856084039
-0.720558214729534
-0.736563307976329
-0.688983280520967
-0.765070286252522
-0.56983721023429
-0.581567007167333
-0.611279075895968
-0.768505494594631
-0.660839874774189
-0.491000689016191
-0.483858070557569
-0.669290220633904
-0.741147908067355
-0.484987776546284
-0.645834071009435
-0.57697892175025
-0.762757472173787
-0.679534469449011
-0.710663544991995
-0.648839909266032
-0.66466869745399
-0.594901956109506
-0.498620221140444
-0.747738402848335
-0.665930803782177
-0.604890942293206
-0.683011067138843
-0.72953612789013
-0.616575046847992
-0.72259423004424
-0.602610218291682
-0.664550728484728
-0.453006906963992
-0.660538714310147
-0.677607812914643
-0.621185622506229
-0.455927854843395
-0.619430175531325
-0.690033876365978
-0.667308119851342
-0.619905367178945
-0.554019212093074
-0.53741724984863
-0.534333222810789
-0.628893487754755
-0.62245438882482
-0.608549537218738
-0.52621485132574
-0.440481363536743
-0.578782839188873
-0.619608979055168
-0.709952059071486
-0.383496634878244
-0.465670998270248
-0.504017557405778
-0.571990790819459
-0.552846752349869
-0.569867733916637
-0.418504779677656
-0.695832875325065
-0.652353156260679
-0.565074396334527
-0.449300933407954
-0.427550384964313
-0.413700079443891
-0.674175386053837
-0.309491293801148
-0.506466235887244
-0.534002639176487
-0.474791418881551
-0.546167628675253
-0.556480352327134
-0.421728325956127
-0.473986772459884
-0.514642415907975
-0.493267402951925
-0.524328242955967
-0.434830671991649
-0.350502070951655
-0.627806617885426
-0.562752131967653
-0.554596201294622
-0.532710475626687
-0.570476038690136
-0.457651797664466
-0.37117477438159
-0.563977551414522
-0.450047568015561
-0.568347996666487
-0.597486992518485
-0.291934614751123
-0.417929888711504
-0.425251319245424
-0.637106244884183
-0.443983430693471
-0.339995655212141
-0.456821002127376
-0.418179243685439
-0.482481679009522
-0.465403569501315
-0.572659654640014
-0.396572037446551
-0.504358454457725
-0.47091822794709
-0.420210710998665
-0.395509633573716
-0.533009530238398
-0.357886732320651
-0.489465953284033
-0.449301343600985
-0.41836439266702
-0.482351320961387
-0.559451753111736
-0.488722884578104
-0.232294251824747
-0.380568630920685
-0.424310515732808
-0.381248059199383
-0.510849231456527
-0.327037643375971
-0.541826337855607
-0.403228091992184
-0.380941544514735
-0.180624896835299
-0.409390334727234
-0.401837903049715
-0.355108893404002
-0.501321704413242
-0.440115477352969
-0.494381363925204
-0.325175272046343
-0.525531310239521
-0.493960695302911
-0.36796704063395
-0.466476552953419
-0.36088669285222
-0.449884714167301
-0.334576545784202
-0.492624856963698
-0.397457490059996
-0.479534536414353
-0.350273742646517
-0.394620162146419
-0.238797082042909
-0.438394837507741
-0.235319555958365
-0.563270367233697
-0.169050742978676
-0.280558295315674
-0.309824421646343
-0.369628458605575
-0.288448930548771
-0.27746389042737
-0.483415036227429
-0.295077603098296
-0.351796997555391
-0.30446464045552
-0.467668264860948
-0.243119213346176
-0.492525613945057
-0.345665974805338
-0.38934233828128
-0.30804437578135
-0.507070436081292
-0.217899629334775
-0.31263488638752
-0.147109688079058
-0.336663553710265
-0.253342991680408
-0.330713397254768
-0.257977962122514
-0.256398854680916
-0.307086054081599
-0.366946630524803
-0.213355215802569
-0.140928073068686
-0.342909787273874
-0.356671841106231
-0.355627867238298
-0.319598653529614
-0.193961462769546
-0.169850270548421
-0.229892568768914
-0.328317032822174
-0.146927454843718
-0.317249077519144
-0.264753467487415
-0.287924974618751
-0.287334878424303
-0.262407419205473
-0.208803169076458
-0.36547601182278
-0.239115011078072
-0.38058701023409
-0.306244604017058
-0.25516305410907
-0.322312697463351
-0.167062981228659
-0.310355884806513
-0.3061088841726
-0.172940968412742
-0.156404536875502
-0.374457136766371
-0.224030146573476
-0.269761698988424
-0.22874084872044
-0.265485265135089
-0.259567704414266
-0.267823012356432
-0.274133721248743
-0.139044075968587
-0.196014481638037
-0.392906040907145
-0.172732430510103
-0.221445142157961
-0.131999681089196
-0.192447998716894
-0.298036664975665
-0.165490079421135
-0.323140852618073
-0.199527850826109
-0.228342900407217
-0.329430487472359
-0.246750910078446
-0.249327049899894
-0.116669944621434
-0.266783913008262
-0.281621593725378
-0.330782865136444
-0.128303543644405
-0.0908378266058064
-0.0109976146537352
-0.182943312635012
-0.153769129612876
-0.306313068348895
-0.330634202308635
-0.146386777643947
-0.121864389581284
-0.0917734434944261
-0.225086675622073
-0.20280953748336
-0.0701405522000262
-0.124671427222691
-0.278710596823169
-0.156036221412535
-0.248056034030621
-0.11873931595185
-0.00807657611628451
-0.0815178628444344
-0.146113680647183
-0.0846467161849901
-0.120864654244628
-0.105412115144224
-0.123688851660738
-0.118523183540708
-0.178856061257295
-0.0328964986673988
-0.117197981076349
-0.118506725109386
-0.252871918347411
-0.0245407377001783
-0.180863293824585
-0.173214084050384
-0.178159079187758
-0.0903860196594512
-0.184764520163491
-0.287481208450307
-0.094203804957763
-0.0519728927273056
-0.209470598830952
-0.2038382202543
-0.194695578904705
-0.105004915514749
-0.0475438115375547
-0.235660028041076
0.0286912337268265
-0.0593703222947769
0.00968844125762267
-0.253735448558384
-0.080291610748563
-0.187267295617042
-0.092631671811493
-0.224164898913289
-0.112901205441516
-0.00435841888977076
-0.11655679520889
-0.237033626768526
-0.0727564820902941
-0.0206817624277458
-0.0116552927006877
-0.16436907021773
-0.156843522851351
-0.00433229397896739
-0.135006680818019
-0.123454772170859
-0.12172748948821
0.0524018278083459
-0.0774178611168928
-0.0573431760924388
-0.129471335078667
-0.0286259102638438
-0.199474065303798
0.0328051719867643
-0.0269912450969632
0.0458058227187684
-0.0901817724046011
-0.171210507734569
-0.0169527262782985
0.022383950674385
-0.0681256238081357
-0.151991970267661
0.164497768201065
-0.0769308436330271
0.00314012751005426
-0.158921678953971
-0.0487026604703897
0.0784531123591304
0.0306871362313036
-0.0735633298500171
-0.0520047660985215
0.00297808188845592
0.0394058613004147
0.0279822248052469
0.0379432476381622
-0.0937759877476186
-0.0186044554262636
0.0147770646494021
0.0764003050403285
-0.067821089695953
0.0274007247248175
0.0319231966304071
-0.066596287516891
0.0875316085233573
-0.0394769794432603
0.135363335293569
0.125535243651765
-0.0435133416716193
0.0444597168597569
0.119792596670102
0.0590093010304329
-0.0183120180529337
0.0134008473783832
0.0451601611028932
0.126326328668897
-0.10967233064104
-0.0147661031651657
0.082622915594358
0.0964786423651628
-0.0197479743713226
0.0792805920305347
0.0508288786116849
0.131719060948766
-0.0788018271296208
0.087563098525798
-0.0134736317444415
0.149331242349736
0.155032814271705
0.069632333688761
0.0498523870138735
-0.101517661355719
0.150408026549184
0.0465644004549511
0.151399217548078
0.113403397873868
0.114398556998451
0.0456003118529664
0.00316893326923006
0.178603894476559
0.163351896148762
0.113544849594514
0.109212045986141
0.0903704486125011
0.253967400235157
-0.00801371105549262
0.163374400217445
0.19569463860707
0.113403178849864
0.244881438925429
0.0524637200454175
0.25370756983226
0.107206172522219
0.0224655453214518
0.212377856843883
0.0709105173430327
0.155174917119549
0.326976351088461
0.0383706607596801
0.119944887310414
0.280278378707557
0.0201046757183968
-0.0074206259676528
0.120234240530738
-0.028434405895488
0.235746483799151
0.212300200574632
0.164970173211825
0.0475763074223768
0.242815525676745
0.163697796123822
0.0908375753421671
0.173330087339812
0.190351281381699
-0.0649810782605536
0.166020063574336
-0.122873073792374
0.080841182669106
0.208466134704447
0.221179311731826
0.233864193122328
0.32250308382637
0.209224403810891
0.336185323654191
0.207891972032195
0.205680643170267
0.161041077408341
0.198572918563137
0.116432584779614
0.132056908771698
0.169126309428518
0.208197418180943
0.203118762609489
0.277765382098214
0.164281016120593
0.193197328825871
0.25142794116131
0.0961832052322406
0.268054778552438
0.244913051113426
0.28893923521932
0.26522926503147
0.163482097091103
0.361528715722581
0.178883504729497
0.371627311442294
0.323700680112722
0.074145162609525
0.199081964556877
0.417023040522257
0.207200346588868
0.37932632598264
0.097885731124749
0.175485244670174
0.36369098168016
0.234293897486244
0.211144140093378
0.326575465639237
0.202416772675283
0.231176007142362
0.307940577347703
0.207005419286784
0.211087246573794
0.271652955566104
0.412927437048448
0.335056967691463
0.204187794365627
0.197798721897101
0.258683799727332
0.285874180776243
0.334002329434585
0.231808794623156
0.314102617652831
0.216878725667502
0.218020730218678
0.166819747041245
0.344658541194849
0.332890084300498
0.313639924779369
0.258821832347567
0.140239066975323
0.305872131461153
0.36473063011005
0.231108916587212
0.423380955811315
0.286526370418449
0.362433499188717
0.263104644084747
0.292240572435677
0.257011797436351
0.279567593770892
0.306388699783992
0.153405516147359
0.20977659694989
0.537135060045273
0.340807138495011
0.298636926456708
0.416911350331423
0.285549256379307
0.358731310338231
0.191671420471527
0.248924958614177
0.458808224640351
0.321761680608926
0.194008734147015
0.365583918804342
0.20673308054858
0.290838959514131
0.318640014350458
0.331291417604966
0.322216451102498
0.30614754673579
0.267357832516831
0.259470836500723
0.287679183243889
0.302371399910747
0.377618515010714
0.33521777715638
0.361266130570677
0.180536809158102
0.363204859054388
0.309595787741341
0.44725404086693
0.340122372228433
0.29992528653833
0.371721698731118
0.33872649577911
0.320513425177033
0.377427169342109
0.465035819299567
0.44621909208497
0.524728641200218
0.337261326335157
0.297183074688714
0.625815082389575
0.337338380885728
0.335528933223912
0.514834585529491
0.41712126725849
0.341882408509821
0.375556602568706
0.397820203962172
0.482705332511578
0.383703717886086
0.401082426843007
0.302922666799475
0.216890842314379
0.407966568946237
0.40172981183882
0.335198823594498
0.565226262495811
0.391049671223801
0.454609301437108
0.466469278704407
0.442060491528754
0.501726284362483
0.388426307578121
0.482828333051667
0.370419448809364
0.339329441210118
0.370414240918767
0.404267790386354
0.3371223115003
0.451067175195752
0.463144431699204
0.447387611918842
0.457513135366352
0.347505703731374
0.233877403589853
0.588554290390378
0.45961611752294
0.557102204669046
0.46113333490614
0.496422257166345
0.468635037399176
0.42344965920427
0.480734111894573
0.474381907697864
0.387837635238374
0.418105367207352
0.505502653935072
0.408674816583372
0.478806993069622
0.45267847902199
0.479312445690698
0.564682807704552
0.509076516329981
0.498095674522491
0.554319136307067
0.452012276177715
0.596057053427142
0.331262555768139
0.413467737274308
0.673523992085916
0.538893663136395
0.476907184861576
0.465600083068285
0.59606708733538
0.527554881765809
0.442958375216974
0.482527413361628
0.536117162725258
0.618056065877404
0.541926391691892
0.419317040797736
0.540838264151072
0.480209849868725
0.496316141403258
0.76636392537441
0.438771085043846
0.600223357965182
0.619556404540224
0.520074700625813
0.589313045354473
0.625169528467453
0.660592210393842
0.587090913884912
0.706515073391192
0.554876427280616
0.579246209035203
0.5724175870042
0.458824475957048
0.514080280028321
0.606995431932582
0.701650816050729
0.539083501726011
0.633651738984778
0.610564486575761
0.469961543455926
0.53945007671068
0.522447318491817
0.637629142772541
0.628833900929934
0.548032646041841
0.483598784020432
0.666783988578357
0.659326418746113
0.593245280052485
0.679607191588142
0.721086835117713
0.598945518836295
0.592859316160013
0.697379643095446
0.683706176330711
0.627788630618816
0.583504538117193
0.614482479997171
0.56265616352092
0.579826976022219
0.661248992128133
0.557278338770764
0.634218134967638
0.542554327419212
0.527659177707859
0.709509761626614
0.551596903642924
0.573900814381816
0.789542411612653
0.439826405270976
0.572372040226086
0.651883790792653
0.696643409693919
0.59210581460869
0.651481645311034
0.669492760458606
0.57318621397827
0.713550807933051
0.615730371485962
0.775088682848921
0.636307024331465
0.557403314085054
0.731894592379783
0.735211644953165
0.608475122628626
0.751486585456137
0.730868813024706
0.51609537224346
0.83513778891136
0.636126713024445
0.755499867320134
0.769906410952746
0.58490429999694
0.803243383640152
0.778503669219005
0.642237971768186
0.792561628734252
0.652197938296697
0.521845245526481
0.680014558710273
0.611673911939902
0.805704401096515
0.723699530073201
0.575297460943431
0.621593063101009
0.624256207496475
0.823912446751543
0.807026459592811
0.696559922890878
0.599949237604237
0.656724425054675
0.579420682123843
0.689576220823626
0.648509547267749
0.611595266170722
0.735071735058521
0.742410377382046
0.738778271123334
0.637621369600401
0.577712026275261
0.874266232920106
0.684083660061963
0.777016840676895
0.722073082886522
0.693645054652658
0.762684864383345
0.578848472963904
0.728171981710012
0.894901081692795
0.86652319181725
0.709398036861485
0.894662867516238
0.800001160914135
0.702640260008998
0.758361577205119
0.836542445240692
0.804927556492303
0.823656328453874
0.678851121247185
0.71609477932908
0.773215240466197
0.685742732488319
0.886879329864608
0.804675975033854
0.626332310113748
0.675684677076953
0.741969497780105
0.874130849286979
0.765706862821134
0.819599865856899
0.857426492573818
0.80091351171798
0.621253314208046
0.870294925429741
0.779779622976447
0.721156794464464
0.804766389770678
0.751549640722347
0.947276912948331
0.77102819492744
0.893106664057129
0.758294799609569
0.657805757657553
0.755333214338222
0.790819365219919
0.759039029711037
0.766354488134119
0.750250229817484
0.760244935657844
0.929924895263931
0.918755545447947
0.922624665385271
0.807984378331231
0.925095931156072
0.878538890646737
0.879816454257054
0.941317130931894
0.756920419894041
0.977433318156212
0.872090621093457
0.74281554855779
0.86292228472793
0.812086778248736
0.815618168909854
0.864833428642566
0.934896241434982
0.887378976852285
0.89239717038867
0.958196656130554
0.794619226740625
0.861540453167752
0.799504060159678
1.04007272696011
0.822802061458577
0.806182820305434
0.931425146750983
1.03339216570318
0.794974069209591
0.90716652591229
0.719335352321541
0.969219863960976
0.840873857293929
0.956908964285073
0.851275833207986
0.846317871643606
1.06066806820584
0.91998435024411
0.920436583264415
0.680245457493164
0.904199183645506
0.91625977035947
0.88887941574277
1.05289891418265
1.04023346333412
0.821428049182067
0.919317583782683
0.921217327900599
0.959560459548997
1.04648323462698
0.996491665075339
1.08067602518705
0.957400921504539
0.95474637900551
0.832516816057996
1.00407293575368
0.921441154213187
0.895706249337369
0.996390831156707
0.984500683953888
0.848753813373826
0.974926298574699
0.874833827419968
0.84104074839384
1.11843112175835
0.840371479431556
0.872539763838027
1.00004524102095
0.969784351871576
0.833792172003702
0.9000747148508
1.00862238880951
0.971645077795185
0.840805262315628
0.962700518408393
0.87240218397707
0.928712487387067
1.02113049319032
0.91739751695473
0.87535941715699
0.969014863999959
0.927260196790361
0.977277357638942
1.02714510034301
