-0.97887323784946
-0.965009807184343
-0.927706537079864
-1.18902070029616
-1.05387554973718
-0.90858007150337
-0.761681478487788
-0.87308969986559
-0.989520387873424
-1.02641082151768
-0.926052754819821
-1.0630147143284
-1.05613642195739
-0.993817575610612
-0.87438090082686
-1.18831924376425
-0.962802321237446
-0.957989681670819
-0.993478179680921
-0.849008310490998
-0.871594731787153
-0.858889980035937
-1.08670938413513
-0.892624867282233
-1.0118985093049
-0.956951196162132
-0.901440613476355
-0.930151031139515
-0.990494248078354
-0.910807433477731
-0.912997721287055
-0.920375405731562
-1.07759831948983
-0.747153626418821
-0.96621970150942
-1.09255404932453
-0.914704872869693
-1.02294142736614
-0.873134151795075
-0.948259965677456
-0.827504974886145
-0.956486609861203
-0.901372451185564
-0.875116810958869
-0.757867440891934
-0.840460358379989
-0.997497776697618
-0.91474393356092
-0.749460459344796
-0.952089248869277
-0.849033257841094
-0.884421384692282
-0.794267162757259
-0.975936034012415
-0.75777937222319
-0.954644855397412
-0.992364666064495
-0.927832425388235
-0.827587061540257
-0.96389562615883
-0.889979592246063
-0.945322482038759
-0.977787523334674
-0.926292322868588
-0.901866817710036
-0.672572316894638
-0.854080211937519
-0.921791935585776
-0.925709643099801
-0.879020600833506
-0.93218826874326
-0.807505079299397
-1.00606425280641
-0.879200528045428
-0.905791349133549
-0.843680211048388
-0.794089521490473
-0.851065536604754
-0.872205906848145
-0.813870659441303
-0.861787969297074
-0.753723005289616
-1.00595059898721
-0.792261824036166
-0.726469649539732
-0.886931972590326
-0.78327712334043
-0.730990837027188
-0.844957434295188
-0.903137916315292
-0.847897191113304
-0.704672769706692
-0.910923111649576
-0.730895608533488
-0.81817434128586
-0.749923307285148
-0.788541213887974
-0.779277962779211
-0.787490339103126
-0.755389887046446
-0.79491336026454
-0.720536946906092
-0.951468510830101
-0.857797699148888
-0.73043338777241
-0.825789276569598
-0.788734456418286
-0.801066515507781
-0.860706690258717
-0.672604154336523
-0.766754777742221
-0.684996703138902
-0.736169642335069
-0.72433834339794
-0.915283528573516
-0.773259588522515
-0.884422184127899
-0.66568216034372
-0.724153535801861
-0.611273855196713
-0.790767583222226
-0.754177335936073
-0.676005617597843
-0.687580390305143
-0.631840439636143
-0.638903196317416
-0.783580088453739
-0.719560752124198
-0.811640636227877
-0.727342910095128
-0.693697636043999
-0.830746888344676
-0.684808871194333
-0.656414809253221
-0.524954040079
-0.660629442029831
-0.623554809726696
-0.646274829044645
-0.64893191707037
-0.628828544553239
-0.690059095698011
-0.716056954364494
-0.828467250192701
-0.71624232605906
-0.777485233085859
-0.719274097421625
-0.648356916365422
-0.756942405149082
-0.552033332590082
-0.739850229291962
-0.683717955656453
-0.883199766596358
-0.704601802901492
-0.648379174594943
-0.787876322138939
-0.695036320105674
-0.727115003665402
-0.796373763242595
-0.609470020549334
-0.712516917258871
-0.670485208436122
-0.73997245120753
-0.723390401380593
-0.626162466643671
-0.578345844283454
-0.743439115279577
-0.479270980888167
-0.860001021651887
-0.746749579440799
-0.635796426089429
-0.692075383826016
-0.719416219153869
-0.672022975719319
-0.852492009264181
-0.658551506548693
-0.531381779053035
-0.74188466828931
-0.707692237064092
-0.715690133478051
-0.629447932501446
-0.526620275729124
-0.535555186587044
-0.690540306304656
-0.638294066447996
-0.613640407556961
-0.689160927677648
-0.5598473718795
-0.751515337365677
-0.604365567723466
-0.689134172984076
-0.624748271891472
-0.666754320849684
-0.643825222579442
-0.603730442866851
-0.593890702205851
-0.640373691002064
-0.612422133601254
-0.717401121356583
-0.782415792117952
-0.688161221482211
-0.575875159306996
-0.666507964408822
-0.569530415589695
-0.488309969826864
-0.520992966859574
-0.574412891582644
-0.657247272904868
-0.731392478584799
-0.552593688525816
-0.64686728640682
-0.542298114578916
-0.497584890169767
-0.442189083316328
-0.777341670717401
-0.659447920775587
-0.59418517435698
-0.368059760203701
-0.546365361128714
-0.54992890728514
-0.655316657667997
-0.629509259576271
-0.513646482331685
-0.544448086542367
-0.490765858789539
-0.55266699596853
-0.383313806120092
-0.662312758345388
-0.609838972104186
-0.558878328504116
-0.572828396737517
-0.606045662840437
-0.636115918745473
-0.427435056017702
-0.580777908472321
-0.512715988261599
-0.539981581844272
-0.447867173850181
-0.761893792621432
-0.480104234693967
-0.579705473431976
-0.554030925460211
-0.530080286314658
-0.427510421646333
-0.367719500362921
-0.56224620889428
-0.392201986430875
-0.553689046610081
-0.467147380518524
-0.605241162637692
-0.460836960856087
-0.413352558324931
-0.4352147661777
-0.44937488111651
-0.376425353753824
-0.561568284513299
-0.606741991866389
-0.421097370492289
-0.340650807087514
-0.515399131355084
-0.527950010196019
-0.469638140844352
-0.392490324808376
-0.596379196014319
-0.479803750069134
-0.52478066949591
-0.486988850483104
-0.254517181885293
-0.567584836174616
-0.382629358563474
-0.520952860938017
-0.411574594531028
-0.389275064939953
-0.323244245567267
-0.287799573239561
-0.644751047145569
-0.329559336286621
-0.480672504965175
-0.521771171984815
-0.338038661231077
-0.461583264011103
-0.515215687132869
-0.453453151786292
-0.498198045480613
-0.368192138791668
-0.465056393133772
-0.446152398145454
-0.155766915926681
-0.54258770257304
-0.407789285713099
-0.326967387830509
-0.43523513996949
-0.421115188982629
-0.488396846266387
-0.279121574896548
-0.373387095038089
-0.334186219455914
-0.475888857249374
-0.319179467119058
-0.313204769733568
-0.347622945676968
-0.443075796675154
-0.374891111504452
-0.352592781482809
-0.364346439718668
-0.325355741795784
-0.276432159011066
-0.472256157595472
-0.416049146110311
-0.371407087167366
-0.346405040721736
-0.411750917771069
-0.49227251238735
-0.414327959081832
-0.378471427805581
-0.39533561647447
-0.572452712834715
-0.454985882645548
-0.324826498419508
-0.358185929915294
-0.386980467585867
-0.337786803522797
-0.354629051166714
-0.468986338126282
-0.298813822316158
-0.186637127133067
-0.414132806810996
-0.407561639376947
-0.235083236927088
-0.246080793781294
-0.34489771026203
-0.5074006200025
-0.404080253172909
-0.230822120683829
-0.34608016386117
-0.401133685545111
-0.291462432737148
-0.336254884581256
-0.345786672878813
-0.368891661836518
-0.323460418539967
-0.274003724826046
-0.513682049604356
-0.173103803436617
-0.297593644320375
-0.105718673016084
-0.285952276713684
-0.255364313668498
-0.288758726862165
-0.289308246639278
-0.238939111157592
-0.353166841918071
-0.293404228751042
-0.272987496457964
-0.284992282728174
-0.449320060781617
-0.263769354899518
-0.342427762217061
-0.261239286183794
-0.448532181187126
-0.386132322552811
-0.267133353029264
-0.363754902180077
-0.367890523247954
-0.10533411139951
-0.307322510587588
-0.244476313587196
-0.220832774246563
-0.325006030475839
-0.426694214469485
-0.302854626226274
-0.117952035708679
-0.351493403059152
-0.214182552142356
-0.270774480752851
-0.276415124089548
-0.275244978320401
-0.131021047171915
-0.351053073784611
-0.277361796916675
-0.238921865965566
-0.212179644325934
-0.135433984618655
-0.359689279654729
-0.298556961435955
-0.249629733864692
-0.23942187480689
-0.332385558674402
-0.207710697977613
-0.291730499142097
-0.301226686103251
-0.372705848506637
-0.303058284918041
-0.217858244116641
-0.159581480914499
-0.23525370149395
-0.205689488962453
-0.299423298888496
-0.205585850059774
-0.0778359413770672
-0.105867759983934
-0.22027300919934
-0.248795069264757
-0.198677013043349
-0.263072815769254
-0.313613269652538
-0.151333340902284
-0.25274900910438
-0.167408754764881
-0.183330951343552
-0.220462462705596
-0.197494636411677
-0.158580779166378
-0.226406978631467
-0.239877441376326
0.0038618754046
-0.241638715830514
-0.212285370721474
0.014391211831621
-0.275203647119647
-0.151308352422491
-0.0882674653616531
-0.171522482042936
-0.169371130653379
-0.0371938391719404
0.0620929588778552
-0.0748984010798289
-0.0901031872724757
-0.05232775394049
-0.285546184790016
-0.0827754755960867
-0.277679325731596
-0.142756918244803
-0.180772647673175
-0.0345399398786147
-0.102180388597401
-0.163613877983377
-0.184384236745836
-0.0938016906388118
-0.108207197181316
-0.0934293519914647
-0.245612201989519
-0.0624651523299786
-0.0368129776793363
-0.216252389243899
-0.309521814914448
0.0084536964809979
-0.158569984733928
0.0140351917259239
-0.110061774617505
-0.104975356856298
-0.13638360148444
-0.0901857913093362
-0.140946406893595
-0.147434889897263
-0.0994027559162387
-0.0929667785355834
0.00198232969049816
-0.0268692652323323
-0.0848872633762908
-0.10625671040395
0.00598769593441082
0.0469725089354585
-0.132328147812053
-0.0546842239294366
-0.0346697976587813
-0.0922274224802171
-0.0253408417855426
-0.0258190199602757
-0.026140285854973
-0.00441077395066816
0.0462261372155398
-0.0832292304133546
-0.11480883746141
0.0391607444475485
-0.0688215455320426
-0.148064459451185
-0.0563859339461754
-0.148575160632397
-0.0172061840379331
0.116314911684284
-0.0515012225156711
-0.0428156725269353
-0.0390164130285183
-0.01867941166224
-0.123426119752602
-0.0844587008651038
0.231818958694163
0.146662820917821
0.00712428370917023
-0.117284838277251
0.0566599564749897
0.0421457827869588
-0.0602900672576535
0.143270258975369
-0.0205502685577608
-0.0390845531255214
-0.0227418673932828
-0.0485202577154119
-0.176073112709538
-0.0310438845290155
-0.0531693575639462
-0.0757869625312201
0.0703482283501358
0.0514810872202284
0.127945603116435
0.0966801163896425
-0.0524634118886763
-0.0702466646338391
-0.0123198610111874
0.0347882946721593
0.0147096922401085
0.130868873364671
0.0558339655144611
-0.0561350049124259
0.0347341524150648
0.0583593087272432
0.0455417657507947
-0.0218992207744772
-0.0754723416463177
-0.0658120730460715
0.0228406624854333
0.037820923099773
0.00545188819091114
0.0578069456392426
0.0641825686850438
-0.102130122481999
0.256326272380482
-0.139030635943873
-0.0454551756898058
-0.0176961781812334
0.116887937528908
0.0625597546274495
-0.0853169577633878
0.0736001317455383
0.14984882046017
0.105520772545382
0.0714300315792925
0.0328240562965519
0.0386133907663159
0.139914080277758
-0.00937300684266295
0.206502417540394
0.237761430951562
0.0492042512239881
0.0462089756750408
0.0321254260702423
0.141567168205947
0.0147958380850479
0.134950375743594
0.0615495710854903
-0.0235649584627066
0.0809335443885138
-0.0146714959492879
0.101798308300258
0.0751316254565482
0.166211100500045
0.151375940210446
0.158610918158743
0.127064209015171
0.127639995189626
0.206203207436152
-0.00307921022712173
0.089306937271258
0.0973722993005982
0.168701742992816
0.204272624318338
0.234464438531338
0.2000351897207
0.106279009131656
0.130597623437391
0.131184805018242
0.0437076164324546
0.14328382577709
0.165257626591215
0.178527275692608
-0.0321580580545457
0.21154998670324
0.140634167602811
0.138428980214072
0.233103507089399
0.301148057012371
0.154066456594415
0.160317461906512
0.109414514970722
0.111652775922304
-0.0399943213890703
0.307165061503077
0.398419875774537
0.122673865835436
0.234008566784532
0.0843546390135613
0.100761712155563
0.162584661150609
0.292105948282933
0.313895917261565
0.427687819463048
0.0692593660355643
0.235052761532491
0.235158961233733
0.0951479488092331
0.115089902471263
0.225869980433777
0.217527688633603
0.176429202601002
0.126027940632798
0.241571584063954
0.340151750909331
0.293127282937382
0.247331158815341
0.245299629398953
0.21285765617023
0.202896645259636
0.135195031932987
0.341099052003003
0.256077013350611
0.301697123710909
0.374056990898452
0.299450684874194
0.13418341442071
0.264945570748911
0.216695340241256
0.284079511654806
0.285119227349568
0.40996714201604
0.200122504041021
0.306270864048639
0.18289590019899
0.178718116418279
0.205824960192966
0.205394801994134
0.277984138094528
0.245672935847441
0.299643190094726
0.473890790923349
0.320249067635045
0.334544042218547
0.244210869216105
0.359067599659318
0.306590247065326
0.288190099385089
0.20420464168978
0.355876157502232
0.278512035156649
0.304826223585038
0.304530703517188
0.155068431128804
0.245937089900285
0.353804933029203
0.490995093073836
0.301074645963693
0.374062816247125
0.225941148861346
0.318559540059919
0.229499930107694
0.279390067870432
0.336912101038197
0.293198753294748
0.25908443725843
0.376277410544849
0.444801948971648
0.330295065216246
0.305511974105615
0.432513692729319
0.36066548833993
0.377861951061192
0.388965388039162
0.34241798391879
0.274495981708729
0.187430265095827
0.391464089870697
0.492452344712228
0.345619727513495
0.396758284329215
0.475088842834786
0.351016277902071
0.315876317846198
0.364199000094929
0.279354217009768
0.277470443829046
0.512761096382807
0.380839601172969
0.557640763552964
0.412080993544238
0.317474159215897
0.253758064388911
0.346268993889843
0.462826962931608
0.339961545714495
0.429172332276915
0.317372809899897
0.306493766711978
0.522790068749203
0.483240359000286
0.484984890064717
0.360427225599524
0.43417990858156
0.380039147052657
0.590604384898836
0.376384631067867
0.407359111233852
0.38900624070337
0.459852441910682
0.496373587642109
0.410783422727704
0.35948194216204
0.461696044170916
0.279800462771038
0.353579257200117
0.444572735224783
0.441080468097107
0.374846441377291
0.486590426160094
0.436508508573862
0.398543195029635
0.258976702342975
0.354328225152284
0.365951870159582
0.370304243809394
0.448141128141687
0.46788951459095
0.474923517691052
0.341505070895505
0.31411739826399
0.361410249593789
0.501582648691035
0.599435371202574
0.4501610285445
0.540867245618566
0.483013152896593
0.511672741296023
0.467108392599868
0.391213919363928
0.551700873454839
0.412535988302093
0.520712101021432
0.511828182390548
0.512953610076707
0.595536283055643
0.569798219831869
0.503974343440672
0.469906421004068
0.40152199974701
0.386483276584306
0.52016230247682
0.527308275266064
0.526152625220421
0.495691315627787
0.534333876083205
0.544649081469721
0.461823930014019
0.57939858107605
0.462284474934953
0.38213230608209
0.440898545579755
0.538083618973222
0.638774705879604
0.512607184239025
0.460116430043502
0.551989473696067
0.634306891042576
0.506551170351232
0.416058028024964
0.412567523616746
0.525029001838638
0.581603292128739
0.543380597103799
0.48242654895835
0.461383761624477
0.436281097973056
0.440842148425196
0.382516487399846
0.536572289580687
0.45428792506571
0.698705588725938
0.632115064217228
0.586725143906244
0.624415141285286
0.521626069905199
0.577650111827444
0.479669144698742
0.514827685998164
0.563885232812815
0.397836272122477
0.767853415588583
0.636657692988342
0.596104891287389
0.62414746267403
0.788144088515806
0.599421880375017
0.582485492823524
0.756682455137147
0.73455001094539
0.696893442690661
0.495267802711825
0.620647506798991
0.579777927324861
0.554237601204324
0.695303775165455
0.645248795341166
0.542427422858586
0.714467613414022
0.576128686108569
0.794796009727663
0.580482168764166
0.597847668718559
0.691083548413937
0.637085684556821
0.710202698617299
0.445666615771401
0.64676569456855
0.601942913185658
0.743159635517377
0.600546874995854
0.556880915655201
0.529449660030487
0.62916765771207
0.742942872150354
0.688220494652274
0.616619796764604
0.767618842773635
0.72945144052821
0.46162434760876
0.61344544556447
0.677442427355078
0.711348472569764
0.524846154404198
0.570262998868742
0.614286304002699
0.546690740491847
0.664615001195337
0.708607627667574
0.664113451329772
0.573473479314721
0.552941639860267
0.59625228743685
0.760763737076549
0.702265554510242
0.73408996943706
0.669692908281689
0.686448677834264
0.581083625736645
0.627483227661227
0.787101041099298
0.837804736412614
0.555344576487363
0.734177184527757
0.706019866604607
0.740782818522714
0.666727926707042
0.638959078870626
0.701446607686491
0.665563077311679
0.799436168129914
0.566834846797707
0.772604741153667
0.598112230856289
0.711331527167333
0.621603930839669
0.712922979621729
0.666590227387667
0.563474519543991
0.500504661890495
0.825734267134525
0.597105477675797
0.693894570169942
0.882716131133897
0.798611956561215
0.809115570899249
0.714914138587879
0.760252053336681
0.720749534036736
0.71358512296766
0.71996345571098
0.800744706993644
0.746420502585709
0.776594014518152
0.795021988065225
0.766644011381325
0.759123877619218
0.760962155800104
0.88581404934518
0.891337785427352
0.857402085817601
0.757425879975823
0.838871295093054
0.778099493078154
0.659190133772614
0.715267943748747
0.89723715882588
0.99092466069998
0.594943866538085
0.745779696838765
0.764920607369315
0.817101633303364
0.755641210793762
0.85223006969922
0.897589387283171
0.581722535481079
0.855182140662961
0.875819262721279
0.791292773929386
0.757475427530932
0.836242721917271
0.673378739722835
0.710740128599818
0.838263368451238
0.801137652275147
0.949190924984489
0.953532757206626
0.817839527713287
0.754226083393401
0.953894485568664
0.757353997587703
0.720715258122181
0.992112143004669
0.679661650684386
0.743734956742139
0.79169389967081
0.653233293226076
0.818830200934023
0.842150041570242
0.951220907081769
0.788743555308424
0.758088690510568
0.87169469711348
0.939126135288842
0.89359050995564
0.690229868997518
0.947772449920652
0.858511787818639
0.78765365367561
0.833389112517173
0.761864541911795
0.736575285229624
0.832298080960511
0.953438118825331
0.673510427324477
0.744342218674476
0.951229345135679
0.804492829100893
0.916322915563401
0.970143313545295
0.753358365882793
1.00405775687617
0.899204684412696
0.918708957196942
0.975683305917206
0.87740136123438
0.799855224232117
0.969059917491518
0.835384842070291
1.07134846221017
0.778586413838865
1.00827660852422
0.707823009966419
0.855036940294655
1.0121471865309
0.858845334119154
0.825156973448299
0.85457426784039
0.806601769939029
0.937874629819703
0.765075382388508
1.00336795257875
0.980784924626694
0.936317477773321
0.938735118992189
0.891843743234462
1.03853455137043
1.05570276612818
1.06015088448307
0.834959964198121
1.0322945782028
0.84706869499509
0.971838017600475
0.743886560435204
1.13223861347108
1.00349719745968
1.01538687284209
0.999896127833081
0.998986774979942
0.935261939563396
0.916242776167551
0.981239910405427
0.960775398682324
0.901252581767234
1.03805271561329
0.991215896420093
1.18605171166133
0.882218843184596
1.01060375471192
0.919706083855473
0.941618207895053
0.895107367109925
1.11640090578235
0.930379086256165
1.08855556053768
1.1511896650656
0.924920943864978
1.01976157570843
