-0.993068486506793
-0.955223362418474
-0.913776774602149
-1.21728053007615
-1.07878358402791
-0.908353329146025
-0.770691418947493
-0.907423966352987
-0.989943001800527
-1.03597543525088
-0.945688383671048
-1.06248365221653
-1.03094773505721
-1.00842615214837
-0.880270726442639
-1.19667372448075
-0.961644363741003
-0.9577545200428
-1.00414839969592
-0.838906854469653
-0.898245422423493
-0.853728951534306
-1.09228845671853
-0.893409977587758
-0.992377387552692
-0.946364099331901
-0.890010846273838
-0.92178643550105
-0.95777325244804
-0.905455070975034
-0.922010241361171
-0.937014591929489
-1.06831028488487
-0.752990733239113
-0.973066960616943
-1.1059896499544
-0.928471601815545
-1.05076607748351
-0.886116847979617
-0.99747176023001
-0.826625544807126
-0.963575102406569
-0.915265004837027
-0.885872510909693
-0.7639135491665
-0.854593741967544
-0.991923085862299
-0.932908002734143
-0.727859794707652
-0.914228062278512
-0.847793786209311
-0.891411871454647
-0.80918344093319
-0.986123827595032
-0.783903607204879
-0.958391115711446
-0.984393782954046
-0.924568037801429
-0.813943224965905
-0.970613702920651
-0.907908920391463
-0.950312228948841
-0.96607463303629
-0.947676195415778
-0.888918452025342
-0.652896019482125
-0.849624872471584
-0.905683117251988
-0.929372022981599
-0.885311182284314
-0.958000185432475
-0.809718302330122
-0.986725115741775
-0.864265401977176
-0.891442214565011
-0.85453594049526
-0.797162304097025
-0.876261164796446
-0.863258873206757
-0.815340729447214
-0.846549405337009
-0.762527032179218
-1.01680293990195
-0.77784818348132
-0.732256262303087
-0.897181147192211
-0.768993374837441
-0.738116403072114
-0.862701725286436
-0.894496616174552
-0.853130915600558
-0.728248136600994
-0.908618582266691
-0.739796126109706
-0.816518685977571
-0.74551880637594
-0.766968064957229
-0.7725245427714
-0.797360142116502
-0.766616062744374
-0.795704794350297
-0.710908115036731
-0.952892895792043
-0.877595173957849
-0.731764480141224
-0.820366235978612
-0.800874522396477
-0.801689600296902
-0.8530342714383
-0.654987680471103
-0.788939853109047
-0.682514477740266
-0.719023036406464
-0.687314990654712
-0.894618586516822
-0.75097679199381
-0.878881309649834
-0.675989131784092
-0.736187126508603
-0.600517466359256
-0.765816002545142
-0.750044063144591
-0.653317662676203
-0.711745046273476
-0.626305185788635
-0.637329153527955
-0.7920277201589
-0.688576067789766
-0.83756232486777
-0.722920408634641
-0.698769626895143
-0.826115209213427
-0.71493171402728
-0.652030744190536
-0.555198712305748
-0.667380145344097
-0.604250249299751
-0.621582567562899
-0.655893581716318
-0.655623019558223
-0.686624221256794
-0.756082721670763
-0.82100023034676
-0.723789720536146
-0.791942601526564
-0.717596639037104
-0.633479511489161
-0.758436699098898
-0.534666715577895
-0.754091218552163
-0.685279048183048
-0.871747882946153
-0.696103646082427
-0.665019936475123
-0.779949778633421
-0.688793276088063
-0.727792288159126
-0.7970203081265
-0.623567046000173
-0.705818656574709
-0.665035813666143
-0.738955841659785
-0.715343146914248
-0.618735847372365
-0.581094629327134
-0.750334135843822
-0.50097240373338
-0.854487713072309
-0.730890217013522
-0.640685807349917
-0.697703611835785
-0.743615789627622
-0.683311886060732
-0.865018620920073
-0.646604829638785
-0.520650865287942
-0.759069492981396
-0.702921949909655
-0.710841383330053
-0.630547177182226
-0.527513626308731
-0.534816416496646
-0.705772050485675
-0.639333629087423
-0.607058905752444
-0.670126839479167
-0.553886801750925
-0.767324283094219
-0.613353594043497
-0.70030724038067
-0.61425026304383
-0.675412070383671
-0.614205402086122
-0.606940278737296
-0.606131658155153
-0.632885048693093
-0.615211835441961
-0.720864835397447
-0.770881134577945
-0.697379664412168
-0.57992116285795
-0.690347678319116
-0.573590307164504
-0.48651121424396
-0.530551660781815
-0.579153621670665
-0.624218548592672
-0.727669147333869
-0.554311836757697
-0.639912883286991
-0.54013323444238
-0.504590049608287
-0.456699807575025
-0.76905559054469
-0.667305412598044
-0.596528112530304
-0.355020665225789
-0.557210021011164
-0.54071823187947
-0.635835038259385
-0.625842693086357
-0.518466441357739
-0.544277575357316
-0.503328382736935
-0.554497622338145
-0.401430339644428
-0.663300422572291
-0.604094397518129
-0.553643384759707
-0.575006592569602
-0.618043087834563
-0.625367850743365
-0.436453013079487
-0.605405866207238
-0.519595520873566
-0.545900003529561
-0.450011587100617
-0.773693333270701
-0.4838614918588
-0.56415271012691
-0.528772735536457
-0.546959005330845
-0.435483249228318
-0.383064631954211
-0.579823341947304
-0.399302807238669
-0.563383671862005
-0.462063204598161
-0.58118612519312
-0.446107876717549
-0.425704822430984
-0.448550798208907
-0.433096450996825
-0.346798486482299
-0.555669076735649
-0.621703406502728
-0.415166057472193
-0.332588428304238
-0.516688104278714
-0.52951320224238
-0.478746736904825
-0.399304494980304
-0.60394707276426
-0.480640461739906
-0.529821361575614
-0.495147292335904
-0.247838519360802
-0.56871545894493
-0.376942582177481
-0.536864093095354
-0.409436356850422
-0.388920975644258
-0.319455631610245
-0.291666253299628
-0.631873833576399
-0.322414875303835
-0.471239491341406
-0.513258887514804
-0.330108954971662
-0.456544815258654
-0.517043617287984
-0.43404723749045
-0.513352772833017
-0.3832545868482
-0.466461806883879
-0.447652785805853
-0.153820371232501
-0.521534946263605
-0.417271851338634
-0.334633787086069
-0.41426710239376
-0.440332862033066
-0.484063145772536
-0.271390362041766
-0.392632054444786
-0.327253388904174
-0.469780865163099
-0.327309880045326
-0.326168878762872
-0.324316703711475
-0.435990857975308
-0.405707566406244
-0.321080291622967
-0.365813418170488
-0.348983461850077
-0.269472563106454
-0.451527729980655
-0.388645048144386
-0.400909937615531
-0.331812252308889
-0.430216377312459
-0.477404455648583
-0.408888741088673
-0.380598500491908
-0.402616657501598
-0.574894394998614
-0.432866613592775
-0.332934782201606
-0.348242627609676
-0.380465358647626
-0.328908628516507
-0.344291460052888
-0.463007403546395
-0.3134441439671
-0.191685605706832
-0.405150709278226
-0.403557758672296
-0.247187231535372
-0.242090791646455
-0.344264566741827
-0.497998720522762
-0.406154300828488
-0.21638566465626
-0.387322997792438
-0.358938349397777
-0.28717074398553
-0.340594352488555
-0.330401675510997
-0.398677168642779
-0.333652419831431
-0.269470551179427
-0.506468288112543
-0.175383615593704
-0.289652339033503
-0.125775309585237
-0.282664492829493
-0.256915814358358
-0.27704382090834
-0.28840881611749
-0.248707162804677
-0.36177962942563
-0.274609861903932
-0.272306105691341
-0.287413364010314
-0.427956282367892
-0.249161895403604
-0.347058723421779
-0.258745273934841
-0.439099452595425
-0.379454606825416
-0.271514848667421
-0.339091969986568
-0.348869588154694
-0.12972325714374
-0.311229308020447
-0.250222068286168
-0.203717608313494
-0.33553464065926
-0.429912048885926
-0.316185519157292
-0.128975864135546
-0.335807972399421
-0.239488802754925
-0.264721338668462
-0.273660245553708
-0.25690289860396
-0.110435935822998
-0.344537375683178
-0.305152514397728
-0.231147789745469
-0.202686332316019
-0.146172063585471
-0.354348195521004
-0.316502064572108
-0.242650697183112
-0.254673453532802
-0.329221431448687
-0.198088969414796
-0.29756670771418
-0.29434126045735
-0.379077268053778
-0.293864577665869
-0.217994115117369
-0.168381985529274
-0.248547979168488
-0.216110640026332
-0.300881195461101
-0.206656290237533
-0.0603133727215939
-0.119654355968
-0.243488486538194
-0.237906390176624
-0.179065661783789
-0.263440936903022
-0.311830561591023
-0.147622507198226
-0.241537992754514
-0.172204582489195
-0.186873546247749
-0.221208198406486
-0.198264582872837
-0.151619386640425
-0.250531576294213
-0.245997397928231
-0.00598269371591769
-0.220620729999127
-0.218876161434313
0.00669200559500968
-0.27617472804283
-0.169918915357743
-0.0973147915577643
-0.194259897284055
-0.160751816648391
-0.0561424964898773
0.0762926769734748
-0.0855745069598599
-0.117615576094454
-0.0270735003465318
-0.276091041861984
-0.0686155804774889
-0.275414868480434
-0.129576375386782
-0.19699100169836
-0.0260836203424924
-0.0918936090592803
-0.160454387668689
-0.196073221874313
-0.076412997502338
-0.10679588402201
-0.0837235311921281
-0.2085470346545
-0.0733753057486558
-0.0334819466077427
-0.207439866752191
-0.30174080837986
0.020084540147636
-0.16767878356634
0.00503581298046039
-0.0822994870043824
-0.110292115950964
-0.12353500980622
-0.0892683724607736
-0.156094828200136
-0.155023310626347
-0.0731526855070622
-0.0963502156681613
-0.0285229994938058
-0.0230133131171583
-0.071342722727617
-0.103034352232018
-0.0179590154098024
0.0404484418553211
-0.115970392456534
-0.0345732647252744
-0.0384753197791634
-0.104633604261805
-0.0236598116484282
-0.0354614946989478
-0.0214953592559855
-0.01039322570037
0.0179910172519396
-0.0734633280092748
-0.0959005703306064
0.0349508682500286
-0.0703419563483524
-0.144935059607945
-0.0510067363709071
-0.151533483128983
-0.0234812722301637
0.108679993561659
-0.0689419408892108
-0.0492121150627628
-0.0203860209712109
-0.010253592085575
-0.113087015914183
-0.0768705499597261
0.241121711652416
0.149495072968315
-0.00732230645058757
-0.135353479519994
0.0585534448184654
0.0351262224867631
-0.0409188457207731
0.131281606496632
-0.045062400945791
-0.0302956316837956
-0.031582901724579
-0.0358219906598947
-0.180137160553312
-0.0321484249934324
-0.0621887323811347
-0.0662883801610134
0.0605843301544955
0.0587894256682654
0.142112258783307
0.0760869320255868
-0.0872455262032342
-0.0665950410491103
-0.0096858658515853
0.0433447727892904
0.00657810723763811
0.12518009249644
0.0565700091346771
-0.0610749083742384
0.0316657509927373
0.0739399059267085
0.0693633303273439
-0.00908357656130252
-0.0729453088709425
-0.046866937116931
0.0114141915170821
0.0386131660882076
0.0240463332708617
0.0575214672270012
0.0728268297245683
-0.110194883559411
0.255925501203819
-0.12934872368422
-0.0389589138082872
-0.0112953651841595
0.094147519821904
0.0811203037832011
-0.0756967178899257
0.0801422865937654
0.150999381726585
0.0712866530690448
0.0965715639923912
0.0478730717736521
0.0372715787704385
0.151967542226975
-0.0089738801295849
0.16892404237952
0.263911271361951
0.0458618830309767
0.0438538670231787
0.0233972733615163
0.135357188730674
0.0129512143745524
0.0915062417335087
0.0753829217795835
0.0113846640301824
0.0768848864562287
0.0151402941253812
0.0938183802171223
0.0587448475500832
0.156187031910504
0.139855852711515
0.175407132142805
0.133737934870402
0.126155736692551
0.188121376612603
0.00401214079658333
0.0862105339596252
0.101520961909708
0.178386664997422
0.225818719080278
0.231407356550344
0.180826459562971
0.103206286067717
0.140329630124971
0.126476542108365
0.036559274182658
0.128640533157009
0.1482213122603
0.165570354150925
-0.0123132212618283
0.220170670635593
0.127970272071587
0.175165042733031
0.210920420573355
0.297029122165879
0.130800671891826
0.141613155325268
0.100600511636442
0.11023613542171
-0.00855719926939073
0.301377482411165
0.414626517468398
0.119860334279088
0.205460552589649
0.090930074494657
0.0788823674055451
0.148584668038203
0.316574850153545
0.304036274417877
0.427326246698443
0.0552395621222098
0.243697921452537
0.232896113636362
0.117009503908499
0.148165741579744
0.218926246906129
0.231947398774741
0.181629712479921
0.122482545308035
0.250203985428577
0.325036024793545
0.272362376537543
0.246436451716665
0.211733788388685
0.221568042486576
0.223202618126482
0.125329409301273
0.316686212639967
0.28854187995201
0.309755953738855
0.382968183779974
0.286040372011
0.129666424428083
0.252031106975368
0.211884158831971
0.276410200383632
0.283517120980944
0.421959404396097
0.174692901463359
0.297781617036911
0.193305939652891
0.154112637634747
0.220550411164483
0.200699378705904
0.290101589252175
0.270029363732442
0.311298288284317
0.460742494009243
0.348538465768639
0.309403881770762
0.255111138095467
0.369659719800292
0.307667616277606
0.282351546865099
0.198128907901392
0.349546094475399
0.290948225693643
0.322448299343407
0.302209436302544
0.151375381825447
0.238693666303327
0.355176562357102
0.496869679230105
0.299543256772602
0.364810862172375
0.219590504742266
0.333987031700733
0.221634312822783
0.275480348140874
0.325706558981199
0.290774633261737
0.25727610875272
0.374970627046165
0.445483601226115
0.326344790454308
0.297054865813271
0.441718046786241
0.382472793126868
0.358254926131434
0.399274465812367
0.334210124154158
0.259287716352295
0.19119326064858
0.397625479448862
0.476839335139261
0.334625473828597
0.395460021212545
0.483844080795273
0.350624549748147
0.332483108675928
0.352475540979032
0.295080195101722
0.293120801109871
0.470538785330232
0.369816627850342
0.541311684887107
0.427738896007459
0.30711258422166
0.240425001347007
0.333414843615723
0.484856780510414
0.343943885857102
0.406211703505674
0.326509102668251
0.306264238863343
0.507254416180653
0.490145793272168
0.48705222031617
0.35553478836544
0.413537787932495
0.367744439938038
0.603809377382233
0.370679468743435
0.412526406630351
0.388910662623755
0.484478010277771
0.504772164286262
0.421675351062756
0.342234396203789
0.448848622982494
0.295733215155374
0.369625147077924
0.455205509782938
0.441329031214021
0.351965045462158
0.503245984243693
0.41450434070547
0.404648852010716
0.264556942477562
0.381937213338256
0.36972792130087
0.353659428298874
0.46372178263631
0.462976748735683
0.472990958061086
0.347412603364787
0.307685838434112
0.375028407364101
0.498430233920252
0.57532766266959
0.457070389624569
0.553381562621706
0.483567819919542
0.503625733818541
0.456350934026356
0.377654186375356
0.554069472512724
0.415152938555139
0.52580859549927
0.496329169185915
0.501487624268132
0.581457993108202
0.577518901405218
0.504789797090715
0.48637973871475
0.410563121279818
0.411065787446137
0.51962809684527
0.516540341475901
0.536528216177422
0.500816565668297
0.548623977835827
0.547159836497195
0.451094622223878
0.580192767739912
0.466014127169206
0.400687444829932
0.428163884246511
0.528960039327816
0.63827535207258
0.509897042743059
0.443395570616484
0.565027581973524
0.637284059481991
0.501921679942871
0.421999880979066
0.393387216963877
0.504877517833925
0.581819677853583
0.567035326370596
0.489040833922967
0.436899630348134
0.4461956092652
0.437555584624944
0.368841155432234
0.539794787191921
0.458419023158095
0.694822395416911
0.634113933408752
0.618472359636453
0.613383498397107
0.534662952868459
0.594800867872259
0.475910063349364
0.513876554975471
0.542286106838456
0.387788362566178
0.776098787710982
0.635404077236094
0.585303320192479
0.634358449315883
0.814783262088011
0.583560911125606
0.588601539608502
0.745742706726326
0.732655695992571
0.712195790838193
0.50657576461788
0.594799428922664
0.591869403568085
0.535847167575726
0.678449788303289
0.651914941822034
0.529968079495899
0.70279333492368
0.575619330729184
0.791291820171997
0.580899664277968
0.589156308835949
0.696507607937064
0.630423343327355
0.713559245360751
0.43878045231284
0.667545579148931
0.597594523950242
0.74419697851827
0.59612626162975
0.566293605122645
0.5262531749303
0.62172310809885
0.750329065735806
0.673089753527321
0.624055442948581
0.762250077062042
0.70075715770694
0.465898982320912
0.608797257808709
0.701890715055678
0.710707271827091
0.528939671421108
0.577841197438363
0.623602955970831
0.532128117266993
0.64685910260653
0.727052649952439
0.680103697820448
0.569080238996335
0.557332291060535
0.617822319511148
0.72886478343447
0.704993880250223
0.731507033942351
0.687574428272021
0.696022980236657
0.592162195643554
0.653113105915767
0.791899345862379
0.837040090211719
0.559044369948841
0.750901906060691
0.705390815958999
0.740646098918319
0.679602800845073
0.639537149982975
0.702962031398881
0.672074798560414
0.793171879727377
0.57685739436031
0.756650699301339
0.602378830296621
0.725366332840418
0.626626633959044
0.712190795913751
0.667921335942356
0.536432756440729
0.503429175801969
0.813588830538269
0.609139977157225
0.679132569559522
0.893802467665461
0.816910540788073
0.810762383165554
0.695792110713523
0.769938694381287
0.707411709736123
0.71674697629862
0.733700444817011
0.820553675980185
0.757688294923102
0.783647828277083
0.799042348904929
0.723557973829446
0.737605683630677
0.752550663974384
0.870114329476201
0.909270001029222
0.879472049392066
0.755442787432836
0.838622578118094
0.782537099949388
0.642270777616082
0.726637039698207
0.904185312125266
0.993096123448949
0.58561533445196
0.72349467846845
0.765596618136852
0.804049439464454
0.753178686558852
0.86767494801309
0.890191463753553
0.599007560795478
0.856968879535274
0.871893473892402
0.800009805500993
0.743830542162518
0.835013366177227
0.680525688551154
0.724703820576502
0.819187182467731
0.79677868156209
0.917586176460418
0.94119713786679
0.819730549436231
0.747127426989518
0.929445556278179
0.771730972890276
0.736409913038065
0.98510642659798
0.703412673933578
0.7377567744766
0.787125603972297
0.641820468778187
0.795145544127865
0.863135816777484
0.949505413312022
0.78285481312706
0.761602266599529
0.878636281067398
0.933112325758405
0.890305824328113
0.689276817350505
0.95626023447154
0.867407964374726
0.776905356826074
0.822651948783616
0.749259657453079
0.747124102570577
0.869227119367297
0.949661968325143
0.68344531639449
0.75622974783303
0.916517311421269
0.802003452200694
0.93319161757159
0.97475543343656
0.763146745632673
1.00289236909544
0.905615112022933
0.91584731195319
0.988066413775794
0.86381717589932
0.804496008765461
0.97126510939064
0.862162628324493
1.10221082921408
0.771296735499348
1.00075898310633
0.691804803059538
0.864429940421464
1.01974514274826
0.876293872715227
0.858029368388665
0.865726169481796
0.812365453012336
0.956550531252572
0.762138872562504
0.998809829652566
0.99992640329288
0.964763019638416
0.902998954421194
0.893035391196933
1.05449024389193
1.06466475666932
1.06956358982808
0.850922577382469
1.04719943793678
0.848946441949203
0.966305557452528
0.753246906163053
1.12552439199803
0.995438761782029
1.003298657241
0.999212118565285
0.997303615442469
0.945785430614095
0.932706134856093
0.989408550519038
0.979033172310909
0.919888115479378
1.01728200488277
0.977361366911924
1.18242838393681
0.885349469361365
1.00373831334926
0.92771320726755
0.957793822097402
0.877030218801968
1.10998372603153
0.913706374947835
1.10327694311128
1.16497285328772
0.907433770187831
1.02761590273308
