-1.04753531549115
-0.962424765212452
-0.995173710947173
-0.918596303855359
-0.896693930972285
-1.11732854426415
-1.05665107050896
-1.12024009575377
-1.09442763009302
-1.09426102036101
-0.937166729560192
-1.04054040680882
-0.948316222396773
-0.945605731728841
-1.03339231860074
-1.00839940128168
-1.04639575957094
-0.972673393144195
-0.827599637527907
-1.07055304880852
-0.872691381729934
-0.957413905191432
-0.980922430775776
-0.924692200126616
-0.885229938561962
-0.876392558856947
-0.939529722334366
-0.836392089265468
-0.979520628753473
-0.859377609287903
-0.959858321851956
-0.772220377917112
-1.00850845646799
-0.744941466941619
-0.985436463408804
-1.01573365853358
-0.902785059880067
-0.89172068183334
-0.746805936189747
-0.829118743881117
-0.889277569770976
-1.03200461181713
-1.01445056617583
-0.722028819653393
-0.834033991945324
-1.0684235484392
-0.903302418103572
-0.789323809344233
-0.768740992118558
-0.91217219159925
-0.952590130193997
-0.954743572688415
-0.972441461335618
-0.929372338445472
-0.990449902162921
-0.926878047815106
-0.848753646317409
-1.02592696908475
-0.838986529946094
-0.891020033153667
-0.897720241270836
-0.8051317407016
-0.943963294282009
-0.893077536171906
-0.848969329862817
-0.777730823738482
-0.924904950822537
-0.86132827926467
-0.835927585543982
-0.872965611222836
-0.961335363159642
-0.858125482717345
-0.791333580203573
-0.78157387822471
-0.701480545694726
-0.791713560136567
-0.79800351743074
-0.843210405563306
-1.01128938052506
-0.889624609261018
-0.794052955928394
-0.868615763396887
-0.758277767953898
-0.756591417363214
-0.877665551784499
-0.977082580803072
-0.714576758306505
-0.990336210176288
-0.811485230231899
-0.786715433883463
-0.935404144951819
-0.892935112915566
-0.787707538314855
-0.880986813413702
-0.925524673242839
-0.820823572200075
-0.773763042014989
-0.905060302787822
-0.678995298737847
-0.802924815680223
-0.79269960156136
-0.719849791158309
-0.801793385869136
-0.923118763816742
-0.89429720838997
-0.789920146204471
-0.88597919846579
-0.759664007177376
-0.792012629105402
-0.901655577528771
-0.677120425687939
-0.741343544436494
-0.811389550196608
-0.777290722916051
-0.760145523117355
-0.745453166524041
-0.710641025834841
-0.797509962298513
-0.696306169020879
-0.80140226847789
-0.837843224573819
-0.878094840159023
-0.65601108871577
-0.733908103319847
-0.67531882273233
-0.689013589331174
-0.838811701453715
-0.893225615898949
-0.795298168742597
-0.750181529617523
-0.815555923033068
-0.688985498552629
-0.669025787512347
-0.815242997367901
-0.701866734286229
-0.674341722000631
-0.827053856331139
-0.815045801815538
-0.700548527767226
-0.652443002104208
-0.774815799143271
-0.769407050357838
-0.734392650328819
-0.802549789336508
-0.754071136981749
-0.871799089753826
-0.677355202655229
-0.753252215394076
-0.747547505015934
-0.707870909678078
-0.734070234132357
-0.716342531555579
-0.553135133369091
-0.619487401983378
-0.59171812221265
-0.626458307789117
-0.589901474849498
-0.667090363292149
-0.751416794589127
-0.672993170434283
-0.702830293843569
-0.838393444931096
-0.720066273749397
-0.584220567221311
-0.615637263200049
-0.655746841964454
-0.577996881914282
-0.864165039825535
-0.599119782036811
-0.664802287461259
-0.728013289032884
-0.72066590916896
-0.680958483588363
-0.764769931387679
-0.571414215945489
-0.590658945091205
-0.593295666189854
-0.768110187058075
-0.643727925089633
-0.498378763974736
-0.458029278002738
-0.671903363865961
-0.741492240343131
-0.501253758610091
-0.644274859992423
-0.580040906661661
-0.772479548992252
-0.65111898646306
-0.707442595642617
-0.652279242871326
-0.692630294046735
-0.57844863361413
-0.498050388690567
-0.742488378171395
-0.656755653954915
-0.59772146093748
-0.710400472222618
-0.709576953987564
-0.60607450411862
-0.726648613513442
-0.604773609678723
-0.690829610506814
-0.490050997476237
-0.648536323309476
-0.670344682033789
-0.643062478628392
-0.463670769624698
-0.606624954842926
-0.687870808255599
-0.653709410449223
-0.621869485201104
-0.551927346092494
-0.550894372147947
-0.528934942680139
-0.633454883898409
-0.621290725316611
-0.601393723723629
-0.542096225779585
-0.450965043104856
-0.578903578071966
-0.598772337366961
-0.711871506497482
-0.378794397093083
-0.478519398862027
-0.507772666151039
-0.556465158719608
-0.534686407883891
-0.560906450763901
-0.422552775444196
-0.682410754505751
-0.645150945659138
-0.57377294778908
-0.427222138011129
-0.431471513304337
-0.424817174487085
-0.678115457806877
-0.274590307908471
-0.524786462880822
-0.506810526497419
-0.487664743725427
-0.528254383688039
-0.558719809071752
-0.418782034110876
-0.48534478776447
-0.524099122804302
-0.467229034908702
-0.531711614127578
-0.433391647739413
-0.355827938293922
-0.62284456795479
-0.563015310707359
-0.566121400712213
-0.527233989642534
-0.573303044497211
-0.465410919756853
-0.355152405719193
-0.528684071502095
-0.433197305472634
-0.559087273969009
-0.586001553891192
-0.300729224356782
-0.414365460840708
-0.403763471021606
-0.618333853727666
-0.447680169346859
-0.328145960483143
-0.460516147089812
-0.391878556403535
-0.499131617745121
-0.456657158582988
-0.54274764579853
-0.390530527752453
-0.498569253044292
-0.490609830190432
-0.430263771966036
-0.400442261236809
-0.530217506635548
-0.358458667918618
-0.490468258911428
-0.452354655321682
-0.381397938192222
-0.471579067303484
-0.542206063653699
-0.485470819925333
-0.207211574752927
-0.370202209678199
-0.394616670364173
-0.353969134605921
-0.527502314084265
-0.317872589129497
-0.545336754376419
-0.375204958818283
-0.391852768633745
-0.172639501208542
-0.445662527207201
-0.409273545515482
-0.386139003185257
-0.518630636210723
-0.447647603557994
-0.480478017024265
-0.315889740820879
-0.518940487581184
-0.503669574675047
-0.366855205326412
-0.450323231753073
-0.343976347174229
-0.461163702808372
-0.331167465144887
-0.501842350439859
-0.396101691242307
-0.495051862348591
-0.344228018671068
-0.386636141720997
-0.25684836922228
-0.421128036253663
-0.239824767570504
-0.549444716441878
-0.155611953141836
-0.280975101314841
-0.314965043168118
-0.367500890561015
-0.272094585162291
-0.273985634379635
-0.496783771283087
-0.272982596755751
-0.361529046987291
-0.292082960356105
-0.492569209685254
-0.230584619025296
-0.481925371150975
-0.338050494251637
-0.397438058422966
-0.323862832031705
-0.504398545553953
-0.202422840993144
-0.305392266796543
-0.191323008242358
-0.350040912071599
-0.237529236502737
-0.333286616466215
-0.28177403897406
-0.234355976976552
-0.29758410108986
-0.371028982824689
-0.197873420980752
-0.162728542277889
-0.336463051819585
-0.335311042552266
-0.349712991876614
-0.339435499680008
-0.196177920457065
-0.213042322441311
-0.240315212814011
-0.309981774327533
-0.156588991123109
-0.31685979648648
-0.269442502442001
-0.246928644248944
-0.269581805485143
-0.281610928135981
-0.225932673254568
-0.396772785031294
-0.238373765748034
-0.352975505614322
-0.30343501536002
-0.261172770542731
-0.339152002509769
-0.158508648241574
-0.305754781135784
-0.293875529539108
-0.172937027071972
-0.149534706611746
-0.36977466557202
-0.211749870245829
-0.266990425898724
-0.239158453878321
-0.258563904216733
-0.258509663479965
-0.29199195671089
-0.284292549501204
-0.15793594071779
-0.194946028885083
-0.387358196408181
-0.168187003037713
-0.215143905564991
-0.139007348323397
-0.173727119222726
-0.317241052058314
-0.175341946994896
-0.311008846433031
-0.172379680444512
-0.209117652121215
-0.334298780897623
-0.236453375707053
-0.234042869844162
-0.126564615856824
-0.269681366259964
-0.24879836099234
-0.311291603255908
-0.128506049776172
-0.0846230685984342
-0.0110564393062647
-0.192351824415923
-0.14342027114656
-0.330140505784351
-0.315724200102768
-0.161134986587959
-0.123619366672903
-0.0689061242531872
-0.226730271549471
-0.20109725215428
-0.0805332044017579
-0.14125672771365
-0.311757113919414
-0.153569676531362
-0.246886981540031
-0.129342325720199
-0.00593524450375435
-0.10106878997217
-0.134424817632533
-0.0940792998712594
-0.132542533670454
-0.0937076404807622
-0.125935367613768
-0.113301043195735
-0.17811007447641
-0.0386007340636353
-0.110645045498132
-0.0991487219784979
-0.237290739801502
-0.0304216451384003
-0.166496595911346
-0.156025212569077
-0.183187501441248
-0.0937966966487534
-0.179146129921643
-0.311254844589235
-0.0842107688447997
-0.046062977119871
-0.223013535232522
-0.220624636662656
-0.204960939894748
-0.0671767131456444
-0.0709344175109228
-0.255803889278113
0.0156113334572898
-0.0507697388969078
-0.00106771086905992
-0.257914206311956
-0.0766886944368791
-0.192231100081365
-0.0934143716528676
-0.241145787016895
-0.12761708798874
-0.000222685872047515
-0.104777122875529
-0.232048675786156
-0.0738412029553892
-0.00733390957468654
-0.0124435638318894
-0.138743484514045
-0.154633627656562
-0.00447354875835152
-0.14876507087776
-0.108717863299454
-0.112728165912074
0.0218451192071249
-0.0982403009476829
-0.0871708223699661
-0.110075327179254
-0.0519499008528548
-0.214384337352156
0.0327798309236415
-0.0164658499095008
0.0219367681746065
-0.0834680148198775
-0.164557373645637
-0.0156466676789762
0.0449832346392066
-0.0695738792727952
-0.147426825013345
0.179657040838009
-0.0845156958081455
-0.0175595769110556
-0.146784123189587
-0.0718494871522277
0.0753966115737771
0.0303971441536209
-0.0546865229756363
-0.0437298329958353
-0.0188817576886185
0.0235887731684861
0.0471127244735104
0.0183991508164927
-0.100764346760102
-0.00882724031939459
-0.00217090115750023
0.0623459259269704
-0.0573523769730859
0.0228780099758868
0.031271851916751
-0.0711128296683213
0.0881490480942549
-0.0482553079729172
0.113308854658027
0.105479632889315
-0.0159323090582599
0.0489240733833586
0.117762372621097
0.0648468363136341
-0.0151520325443021
-0.00116495891172187
0.0372344735813893
0.114146264793231
-0.105084369730215
-0.0187713187329758
0.0702412617264636
0.101779786681391
0.000833998588854463
0.0904373399731814
0.0582666608017127
0.132745103228562
-0.0633516928736587
0.0650708612641555
-0.0042875041031646
0.159529790958579
0.150081029031331
0.0705591603425452
0.0517645664997547
-0.0913495734437258
0.130891156970908
0.0313549549621058
0.142980757000919
0.0933645183845034
0.102806304118554
0.0588933120216185
-0.0090612256597125
0.170555199602487
0.200282979459893
0.122853952820871
0.118374403237097
0.0695982245941337
0.259819682625591
-0.000783051359868399
0.162785907180752
0.183741374826895
0.103769372650037
0.2365224718156
0.0671795506723508
0.247123848793541
0.118723057597221
-0.00830250955206716
0.198491844112951
0.085106715988725
0.132707594870068
0.323925046512678
0.0518552544920247
0.138574130355287
0.283152196692729
0.0188385314990831
-0.0213632300925999
0.118428856711844
-0.0318026477443859
0.227014134618486
0.207153845017947
0.136992052959361
0.0244207214270232
0.253588108665677
0.180550747584048
0.0811741148079332
0.169056416519653
0.194714512064887
-0.0411623124636245
0.158903464765078
-0.111654640260623
0.09602389906537
0.207037262918209
0.21689565266988
0.232778902317082
0.327330131175633
0.166355468281751
0.310551408835498
0.204129068125909
0.182956741750195
0.176247862812621
0.193633842584837
0.124130934208881
0.131764836925914
0.165858086349474
0.194848247929852
0.193543944789716
0.274697551579688
0.184567724836136
0.189924537617284
0.2457986670977
0.116148911349764
0.269614413225517
0.26454406302435
0.288667516979748
0.276986431158409
0.158983203366922
0.356070088061271
0.153909322433215
0.371213803747787
0.334402991248693
0.0931002331184022
0.214730721518958
0.444706258520119
0.192928705180296
0.372824569553406
0.107862306096887
0.207794069346173
0.359631977180406
0.221233506557887
0.2213867943566
0.326419207473318
0.220107512474403
0.234877595278204
0.320610190934429
0.198769150153306
0.187935003671715
0.287605868401852
0.378125633255175
0.325336450106981
0.237294775300633
0.192165308131789
0.271314230453569
0.275463479348681
0.338826196313563
0.227682738585498
0.313815259624648
0.207233207784669
0.215091392201667
0.173273975411859
0.313836036736676
0.320832697904518
0.316001483818753
0.25475917844513
0.122001027849331
0.311380265080068
0.357872828594087
0.230336927107854
0.441791909338115
0.320686736990825
0.36372719082786
0.284532417959762
0.284452579831634
0.2816581252702
0.297087337360706
0.324592508935118
0.155132123062441
0.207026362516146
0.544398046360427
0.376082245917696
0.306346543472427
0.402323190223405
0.289758711608186
0.357048162849057
0.187205499489613
0.263047499744439
0.442119789738856
0.343614211009095
0.181775636545304
0.353142980809998
0.209368273457518
0.276661826901568
0.323114878668055
0.321514887347312
0.30474679276846
0.307372398426383
0.276402893580376
0.261890845176718
0.289706554793258
0.329465022926427
0.367056819343432
0.325763482957482
0.3536193647903
0.199630040069462
0.346324442597266
0.318684129906824
0.435135986923365
0.35276966531411
0.305717446956144
0.383360370245782
0.352622353504397
0.277427039777939
0.388567323528412
0.455238533248993
0.454782472505291
0.52250084537007
0.353933215791748
0.287080542894072
0.630370237375817
0.336566513506357
0.328858655130303
0.515231635577993
0.419326508391878
0.341522648773477
0.347456911196816
0.414948848198344
0.489474228433338
0.394106135873889
0.390589174938779
0.322054277943304
0.213912004357709
0.394870386284061
0.426494854551153
0.348263451718549
0.558035359284066
0.39448317702284
0.44619333882957
0.455949516208094
0.435779010118627
0.482884605730493
0.374171418081108
0.470876532543921
0.347891345955822
0.352987567980409
0.352932162699322
0.408926309060824
0.358053511305056
0.41765368565156
0.458889911918851
0.478037257169415
0.448567461383518
0.347378986528494
0.243268922126754
0.580093789000599
0.461830923922733
0.544377970861873
0.473256956844422
0.490027090344439
0.481570807237412
0.425176076627293
0.493248162602499
0.472658846290431
0.388583396617271
0.445469828755564
0.502605519856211
0.423654141564044
0.478510967364385
0.475167077464382
0.485340856031628
0.567543945651016
0.497826489662101
0.495705937376685
0.539746955263655
0.474976727508816
0.624529903763601
0.328359130145572
0.436620292021937
0.686104922029446
0.536435963283404
0.469221306819815
0.435130339597225
0.59582565772943
0.509621611246381
0.445333597422677
0.438299826423623
0.546738391204056
0.608180078563009
0.527246025107138
0.421976899500528
0.546874356784912
0.518598256274195
0.475750156637775
0.746716702845924
0.43752330743374
0.589840249889747
0.609310223260802
0.531349671773477
0.590986723314563
0.582286664751074
0.648893973655381
0.607045527029528
0.717186868955673
0.525591563887568
0.589340899771441
0.604073233074176
0.438712957379523
0.500976785664552
0.607438296368834
0.722059224613334
0.538355032911493
0.630513457419231
0.60930178708689
0.447643887696411
0.54522475594276
0.526031204507814
0.637467502027859
0.634625606544256
0.571905392594144
0.487447450243432
0.671911366345029
0.679151562383743
0.593656223448478
0.662665238623596
0.747285943656871
0.608730791010139
0.592688750453306
0.676275648787587
0.695367399263675
0.605057405656952
0.602663813957309
0.63251313129769
0.560314423824663
0.555721078316794
0.663023822621045
0.544350062918876
0.625994695583132
0.552077170891764
0.530814794917673
0.697659819321112
0.580273069771531
0.546868768731693
0.789723878801768
0.403228820624257
0.59519641614831
0.646636608314944
0.700116646976641
0.611861304008253
0.654252565832905
0.67250257833829
0.546857203227495
0.702800580761581
0.609367716966527
0.755794695924281
0.622095338833041
0.577270604603588
0.747689985584858
0.722460952306748
0.637374491118815
0.743487930912621
0.73570829746497
0.508031850823561
0.831483837891559
0.662258541869326
0.753744616317769
0.769400815165921
0.58315077777337
0.810403231301444
0.77362989228472
0.664515455584414
0.78808145099902
0.655965818098171
0.526597574588619
0.677931264963566
0.604926216019998
0.815970674341627
0.718918734297852
0.605654856172622
0.629529988746121
0.609041804761646
0.811877586169411
0.811002361021052
0.729026242713467
0.589027109374859
0.675088153704666
0.572141186837044
0.682206232457126
0.629189304078625
0.611077235212719
0.751775606706757
0.77835405428281
0.74628365972017
0.611993509711996
0.535565310705608
0.851243604881139
0.687212601686568
0.771703453285139
0.731377950712809
0.703275410532601
0.761345423256618
0.607192842018022
0.735508058321704
0.90257814376763
0.867074939496751
0.710738906952081
0.913926572896797
0.812285282114313
0.689528152163833
0.749341775080171
0.849346790137088
0.780749177901119
0.825251544363721
0.704993611800768
0.709234146236128
0.760449294410955
0.678346714961967
0.887793169523519
0.793648632838005
0.613585374250312
0.690332756629264
0.739406898096365
0.868270156704221
0.73833363196558
0.829115037351219
0.831658209458145
0.794502406323044
0.644930990383692
0.853403134722897
0.807049442796061
0.727316347781476
0.794113012091303
0.736678351391437
0.94866247681197
0.761130906295398
0.905863801626466
0.744077088813276
0.655365408756544
0.762270502112106
0.773067952085188
0.747618287545448
0.786300266557575
0.733471103633921
0.774727993463541
0.919404391444915
0.915960351839616
0.92375883431754
0.769384972746856
0.93188965622149
0.884504914086753
0.882464643813148
0.952949619660679
0.757656480420378
0.971484574481494
0.896930776593847
0.730122285457068
0.876563565340229
0.793103610076293
0.819891472122133
0.852626237756993
0.923621791404576
0.905420421876891
0.885150640516072
0.963713454999338
0.801653272853966
0.850780922447475
0.785884425575464
1.05056522452595
0.805301645518172
0.815556322620436
0.945619582086869
1.04762048261603
0.78911120150069
0.891250612700978
0.737775220896659
0.965896041527864
0.862660583154539
0.982826861036963
0.855403990091402
0.833651903954645
1.05900289599063
0.915895624640246
0.920818868536603
0.683946771524156
0.918233830387572
0.91866845410979
0.898653862804744
1.06520004595832
1.07988951114915
0.808851902072163
0.920972121974759
0.923476954039618
0.950200974324742
1.07022691592659
1.00290898337984
1.07226447692155
0.974301420200566
0.957773364916479
0.833037283817167
1.01765814379274
0.921691738641974
0.891736751444479
1.00451330668962
0.973202040220893
0.845485535642724
0.95608517826116
0.858827789762801
0.858357342494937
1.10658358453477
0.82740079034082
0.869796218223357
1.00221989546857
0.965807391329898
0.843597498774843
0.893487793926933
0.999605176210615
0.988224202302916
0.849213027279
0.950430353985577
0.859079792737584
0.929008044803691
1.02189503830149
0.934277232432216
0.882130529458411
0.960745178841896
0.936764420968173
0.999940541454147
1.04171504742805
