-0.826847123274389
-0.927606979559047
-1.1081915847881
-0.954499766360886
-1.07330868074417
-0.934613268396544
-1.00352448095208
-0.977828159529901
-1.07557721260944
-0.879644728477043
-0.879747808565957
-1.16685153005423
-0.979079052434603
-0.894070343732903
-1.02931238727437
-0.978178071470632
-0.961822108261748
-0.93585973590276
-1.00775627709711
-0.950561432924617
-0.957997357644474
-0.90312033655336
-0.825708767095146
-0.861964718836283
-0.958577411743596
-0.937560576592099
-0.86389101692912
-1.0182081750886
-0.920075513790973
-0.897698899335181
-0.884356399575004
-1.06453408314221
-0.757171858653124
-1.08648476126341
-0.929687432357967
-0.863675990325231
-0.902296408424405
-1.06804455255848
-1.0581349632426
-0.865919386289442
-0.955614367418408
-0.818989107094658
-0.953822522855723
-1.00469383801272
-0.83830925978843
-0.877662173473585
-0.914988562576811
-0.936448398234101
-1.02746182312789
-0.831615311119497
-0.910319714071547
-0.905153258211421
-0.876518143127331
-0.838758103959497
-0.732619215706001
-0.910797991798858
-0.899415341052107
-0.874494354749546
-0.87598108522209
-0.891458739276106
-0.771460794429203
-0.946581907664362
-0.964307160487002
-0.953119257943777
-0.999334221944771
-0.841188391183066
-0.931281614499286
-0.831687268285048
-0.856996601430123
-0.900372793668175
-0.960317289508724
-0.867803867347909
-1.00302258627916
-0.906386685625331
-0.848947570553268
-0.895244371022566
-0.855089037408521
-0.931674442406278
-0.841262433654375
-0.868292600309768
-1.00784689072374
-0.743306548592761
-0.853728773271976
-0.796798763874128
-0.860676059817005
-0.713110961287951
-0.809835482478515
-0.861533974080023
-0.816996547674983
-0.861637834722369
-0.756409034574006
-0.830000410923417
-0.699688221551969
-0.898856455369124
-0.777970833149159
-0.719462739489235
-0.806114351506796
-0.869289936339786
-0.873335137743202
-0.775425932249668
-0.693835883406453
-0.727566864079244
-0.687172090852999
-0.75340787622819
-0.789754930472473
-0.702355533331224
-0.764590596752238
-0.756061262479066
-0.735856965341811
-0.770732025636087
-0.621217275173865
-0.685261503044661
-0.851248316831878
-0.64649534972381
-0.835933405561301
-0.59517530025674
-0.789156615376638
-0.776294934896891
-0.607755988362862
-0.797131705833697
-0.754388038827986
-0.733569287757417
-0.778989813957461
-0.736794349929722
-0.586343088072076
-0.549678130293394
-0.837138708867555
-0.675323525561066
-0.764946555104891
-0.588486200101713
-0.745825340834021
-0.631786899375922
-0.642268773561835
-0.727537780705132
-0.879018079494832
-0.750837932217873
-0.860623116446935
-0.521469750145316
-0.685970423878258
-0.853603205612437
-0.715900016581267
-0.609856711641346
-0.686586670139058
-0.703273425177764
-0.820434675196931
-0.793345146286562
-0.708119459309998
-0.77807163672984
-0.673470193125978
-0.777487549299069
-0.61276131048499
-0.911935443487607
-0.752348040712021
-0.69825816659791
-0.651984778927375
-0.740454813420827
-0.536166551126196
-0.519312169843809
-0.709225132893806
-0.664368038151607
-0.749356830881576
-0.656833801950976
-0.664648906779569
-0.584749850481081
-0.716045891658726
-0.572305282360833
-0.597984310701291
-0.549419205111817
-0.701104837600298
-0.552010760590371
-0.797401061693829
-0.622084157772503
-0.74217342785685
-0.641160698730088
-0.607270561902102
-0.333139072521677
-0.708203585289924
-0.545221092331086
-0.559445351563451
-0.627795944298953
-0.806388661661951
-0.592283257522795
-0.664606652971601
-0.574817762868402
-0.731980735880033
-0.65018991104338
-0.52459402734312
-0.658613640384564
-0.631152259399415
-0.656240547243695
-0.50590341411273
-0.601096976790179
-0.58069051530454
-0.764199997706051
-0.694953658765013
-0.592240615713288
-0.73238678888964
-0.615946147897579
-0.448569252482835
-0.618750829876321
-0.578529791184759
-0.639505077659665
-0.584317625413293
-0.467116452745718
-0.654470379471717
-0.57006217307972
-0.630085195893337
-0.63499187664686
-0.585124573880148
-0.5819333134897
-0.417612902995122
-0.651275430481817
-0.638456176213298
-0.351171435390711
-0.565844467239194
-0.641033439151374
-0.639764540797405
-0.592991693971218
-0.620008807337393
-0.632786153906764
-0.554641934299943
-0.440703416112067
-0.434628033005794
-0.50227264239346
-0.552952402278461
-0.626718380355638
-0.554611653981384
-0.505068098470047
-0.559797810018464
-0.642527913483053
-0.496464846088811
-0.419202803384904
-0.50934493609454
-0.228020452931034
-0.436121820491567
-0.61512740453062
-0.448044677619513
-0.512121508000495
-0.640537398271046
-0.429098640556787
-0.454958981672094
-0.613108288508825
-0.705261268270213
-0.520247333597329
-0.53195391232192
-0.54097958644558
-0.557717243618245
-0.518754446608872
-0.523700277970776
-0.349526214054173
-0.471191615027176
-0.519975852880746
-0.568977499037057
-0.498864979538277
-0.523221830123918
-0.349199528245226
-0.498962092328632
-0.483338811741536
-0.618379284769378
-0.488895733181181
-0.424741735072182
-0.461771300571924
-0.45286939948797
-0.492126201978912
-0.496141114804355
-0.484128493601718
-0.563172278624234
-0.41158943341711
-0.454235610418576
-0.360371234786971
-0.558859316814882
-0.476619932912424
-0.392734323171176
-0.429284529842275
-0.422866605683163
-0.282584192166981
-0.327061263856964
-0.674292606717524
-0.392064769418141
-0.4448222928639
-0.306222490259957
-0.556204225876001
-0.443289484871252
-0.488058140307318
-0.369164690402307
-0.508913245988499
-0.273223046489801
-0.531196516378428
-0.502020196122884
-0.550103409270149
-0.329258510636131
-0.394686524119174
-0.484416197229239
-0.301727424592546
-0.445385052208009
-0.383661532722986
-0.407922956038518
-0.353205134225509
-0.306857386665623
-0.301120278436898
-0.424821234170204
-0.372023143085751
-0.359610765119689
-0.249744119084875
-0.395112120016177
-0.410458435087178
-0.355834886351173
-0.400402015047904
-0.426766214370525
-0.453350433892438
-0.325078832235657
-0.309449016849976
-0.365517969378526
-0.321761549928907
-0.471760577919186
-0.427144353909145
-0.36727775282156
-0.313742687639711
-0.344384966120579
-0.321191232821207
-0.199124816081352
-0.418543208039411
-0.520886596692441
-0.448427131750976
-0.269750124852248
-0.400614990973052
-0.376914900718702
-0.38978861863036
-0.29788613294425
-0.389382772028488
-0.377167981562085
-0.250920339073209
-0.258686969970318
-0.312358683464629
-0.383390851959155
-0.326706921570758
-0.2320099507413
-0.435303993609213
-0.284590185533995
-0.353740991220396
-0.300755699544174
-0.282902530436599
-0.24566318944211
-0.292767632933963
-0.208270579184777
-0.204722192018627
-0.159100732908823
-0.360283559689386
-0.316969731205653
-0.253113240675969
-0.372379994058338
-0.258994105690811
-0.25935122070538
-0.335753032692384
-0.226561585092827
-0.178244305471096
-0.173575725849317
-0.329903419011517
-0.168874561746455
-0.193654913661971
-0.143669946439693
-0.307411858486178
-0.346661762306845
-0.320926343160404
-0.276321241930118
-0.306239233036021
-0.295208292734913
-0.142010097405555
-0.1143237663486
-0.324169220116761
-0.254861002579544
-0.0645328740042263
-0.288112216118245
-0.234408239905192
-0.121268116969947
-0.302338851375899
-0.250368570799682
-0.359143056327549
-0.288135583999458
-0.127494994642523
-0.284374102349811
-0.271688030236932
-0.17166743321245
-0.174063001729356
-0.0577162117296004
0.0389402882057609
-0.29733338488098
-0.203928198044192
-0.196114361288244
-0.123638490052706
-0.256352767555058
-0.125742394122478
-0.272214631931636
-0.333370941727343
-0.0997702584647957
-0.212981867839492
-0.118304438617098
-0.178013090628412
-0.424943703131684
0.0209663525039816
-0.223442607607449
-0.102584522062264
-0.224420825143219
-0.274466559652397
-0.16333190979717
-0.312404500486196
-0.165384255459267
-0.145794455009896
-0.213450537415095
-0.245138460016479
-0.394449803685653
-0.202954190317043
-0.152444473241242
-0.17456771417018
-0.11142097882704
-0.187747452472979
-0.138300307792312
-0.124890769167387
-0.0747341223794184
-0.226449237649657
-0.216895532951083
-0.0628273193982405
-0.188109246481545
-0.047803173935194
-0.135473425462248
-0.107909256200245
-0.116863754313672
-0.113214343713763
0.0708722176185472
-0.146327847602702
-0.302668349561999
-0.184945806538889
-0.132484432818818
-0.12356514489469
0.00201129561343039
-0.0762701422388486
-0.251572403339383
-0.130659823343536
-0.161227792274353
-0.097486476639139
-0.171745608326558
-0.13164645874848
-0.00594358077913321
-0.105412046503233
-0.0909127905992884
-0.113641297762575
0.0439851048620677
-0.164459906586412
-0.11011622221125
0.0489911069300993
-0.0514448201856408
0.0595383306804793
-0.0307193459426809
-0.150494247199524
-0.123938086978974
-0.102606851618183
-0.170519525724233
-0.0396262560142865
-0.116774880938356
0.147747294877665
-0.0439287200249601
-0.151849929827406
-0.149445449163758
-0.181656653128521
-0.0184870474497895
-0.034738715258121
0.0109212783321966
0.00382733629968184
-0.0697776832917957
-0.13499058244812
-0.0948048891949741
-0.0599282414743799
-0.0731623945209745
-0.0432695888356458
-0.108043795860924
-0.0926687518123508
-0.0119521898801819
-0.120136231736248
-0.0050582038095329
-0.0858536400320372
-0.225315643784128
0.0488547751454807
0.0431086693151863
0.0484438516483017
-0.0460592430254775
-0.168056242366106
0.0707207798582722
-0.141758105245274
-0.0535719331220811
0.0235691590422276
-0.112581086147321
0.119344836875889
-0.027274264673879
-0.0261123278799828
-0.0954127007779055
-0.0310994637011568
-0.0916814847469664
0.014453859038553
0.054951650458542
-0.0338940215996587
0.210578277589345
-0.249950276372768
0.0681953460158658
0.0236021026952998
0.101158042547071
-0.0176252353643145
0.139629606589199
-0.140221575085411
0.0938485570520614
0.036993976799571
0.0644711587961987
0.0871904685342966
-0.0853948333330902
-0.130668086181606
-0.0655141263599509
0.118817926903755
-0.142999056421442
0.133466075728237
0.0510520427260554
0.0157952441870044
0.0333602306874017
0.0663500787919468
0.0649875133854974
0.170586185405307
-0.150258722941742
-0.0370190042047303
0.144024999429323
0.0349604025704569
0.0683716393580573
-0.0974575439642152
0.0350020773148353
0.176824809724337
0.0810668686448369
-0.124173500205811
0.027558356050167
0.0817295989687307
-0.00848787278363945
0.0505397709072166
0.0919175201784565
0.130923096336694
0.170835307305133
0.147040139654615
0.0834152733474094
0.133313126935805
0.103788429134692
-0.0847166465623889
0.236644147240594
0.074188907582924
0.0234449609454619
0.0589915824738687
0.212272178788451
0.0988785598140043
0.157966570779387
0.187480164288878
0.118218833255479
0.220156741340047
0.0346365783008504
0.172380318270572
0.173842679141124
0.249109004304177
0.128672785363086
0.227569410657572
-0.0373373261703827
0.192624236009449
0.0899098226649133
0.124486912987844
0.156889074861078
0.0306113636973225
0.0446016966063905
0.215073709735452
0.18771652757198
0.169374108891726
0.235723287765009
0.255521802273404
0.0508286290300584
0.157376677318113
0.147748125771514
0.0660570508628159
0.128666884150302
0.249653831937973
0.265475181350407
0.100846792428817
0.0152778641121885
0.153729918676512
0.0633000119772316
0.117268989744413
0.114877555623703
0.157724437707664
0.179226005529758
0.158240009031776
0.28755880606929
0.0944159000192697
0.185400457661466
0.311107059347133
0.309115620126168
0.209089071266399
0.054133467023813
0.132816476192677
0.478653184561532
0.270620905531704
0.136474071326872
0.0880117942093641
0.188099345255455
0.131201227650097
0.2029020164746
0.279374052575524
0.144544086284327
0.298680842422203
0.244432205007632
0.304958015818901
0.0674504515997655
0.186324045785442
0.104977534553167
0.183485346168841
0.157723393906975
0.0950447522944221
0.37779433731684
0.302147616904322
0.255498811724626
0.337807754346765
0.220215356396841
0.286656571090473
0.347108977630985
0.25871519253183
0.268193851187656
0.188579732353584
0.233119117067569
0.378094576570621
0.208274215077231
0.317498966351114
0.321657283565819
0.10762020550054
0.270363682565792
0.242169897422573
0.322107119335616
0.164017163717857
0.227966759261901
0.144795902652245
0.373024929538085
0.144307903601201
0.350499111211994
0.263715392878458
0.36010590217726
0.295569985507531
0.437933445060614
0.400457952932124
0.347494112326307
0.272760850338539
0.199104474487135
0.317189762082431
0.358022129473196
0.183105887863129
0.257483565991356
0.288359267715927
0.297528847510018
0.309974564227928
0.310623300594398
0.151437592100689
0.380165609740071
0.424079426863928
0.233802146811128
0.389472160646103
0.201229970263725
0.255620531325168
0.193412977955792
0.37745432559198
0.567734011624414
0.274947758464487
0.244534087493624
0.332211276409766
0.383660161676009
0.393080098288534
0.454217061282607
0.361445147296836
0.416903857405096
0.2361179618402
0.249996182751564
0.438080111033783
0.314784547915078
0.276636631183752
0.473838871050476
0.464199506412988
0.359149610746224
0.316668088141065
0.303174745156172
0.313860028215555
0.416035583327912
0.392891944040775
0.346672820422126
0.348193853364299
0.349366548595963
0.277490932293379
0.379068115217689
0.364179325025177
0.249688404356776
0.352039840089209
0.347062367498275
0.239751434711976
0.520745350325204
0.425434624536417
0.43571287938897
0.482650335019741
0.604104449042706
0.335292183743557
0.246734016756236
0.510630366133981
0.457395997672282
0.345186313737686
0.506690020282942
0.400865610518328
0.5929692105122
0.338917780816917
0.392430172170002
0.476433138944238
0.377323215317386
0.38212713831215
0.4643570520336
0.457232147320114
0.414121669133634
0.393485360772382
0.41779011970275
0.682501382798934
0.446039484383897
0.554055795500386
0.505050016444151
0.378382537550024
0.612480041426152
0.58948985983795
0.443103826690431
0.521281235191943
0.378233655299223
0.295550195665502
0.490816103748611
0.48519038756087
0.562356869241816
0.371915461905511
0.374680260306856
0.411287343151626
0.362002634475427
0.368176994480996
0.546375768582409
0.463940058806122
0.550162982139296
0.47691142560639
0.43420541101925
0.510110336270415
0.562226697883218
0.536001584073477
0.655658495496201
0.477775841922051
0.427069638996338
0.635997020279853
0.556311544996181
0.444114834167833
0.497027171789139
0.455283355627569
0.452624486887601
0.437591074839737
0.601034047336212
0.607192233830952
0.632732067269597
0.604025365922016
0.565559166040309
0.552441739398876
0.60302993388424
0.640149203654721
0.580802371686278
0.564922867853773
0.571603579648103
0.515416696296619
0.580929353770998
0.521288338063973
0.529387687093942
0.536525083256788
0.442012359046115
0.606561568108056
0.570405987578124
0.620048731135159
0.572945535128577
0.611199680388775
0.546160166147624
0.583159457163678
0.47932465082062
0.601686392372143
0.533323279157766
0.610180046527625
0.568628265369173
0.499123613342151
0.600471494854254
0.505074600413932
0.561541083134837
0.526769292159936
0.629954762611489
0.630753988892009
0.610285754429514
0.499870790119311
0.489290648258175
0.534559479486315
0.516003340977921
0.76530515922827
0.686431759306663
0.41255349324585
0.499850995834902
0.647091862264283
0.614500635674697
0.428532033166694
0.623595337113504
0.628029765895437
0.564900310540953
0.577693872377383
0.581903899598254
0.731173533633596
0.583372612500457
0.582432058724691
0.609301931719514
0.629404001595373
0.536548074583671
0.577866716815105
0.74637787329886
0.628405590392576
0.554107881845754
0.700885464839741
0.707530832200666
0.728480688569979
0.585768410775671
0.706563517149083
0.702823123654954
0.482096695320513
0.557860824118083
0.538732563683858
0.5724072129058
0.715027301493697
0.562604768622848
0.759808302134554
0.712190092743225
0.671087676411361
0.850871724740918
0.639793919766534
0.817174038066599
0.647845558284837
0.732142557346177
0.659682716746855
0.861296525645282
0.621726004760666
0.482083653872898
0.737856380080244
0.807518952466034
0.645897978709606
0.743043986652301
0.606401519650914
0.546414284488267
0.817208904118796
0.69363816192938
0.622690438929769
0.696471453142814
0.928385269836369
0.653513300156981
0.776591664762393
0.765279252595082
0.758280488428078
0.89612992091518
0.637484577851328
0.799397793868476
0.778809202451604
0.63329397496143
0.667392009601522
0.730696048301107
0.587935160935784
0.621783058179406
0.70558863589157
0.568501528290056
0.672093642191424
0.829080442980736
0.745026989012159
0.926562433342056
0.778354803251865
0.758008855571195
0.686927247605821
0.909814954649925
0.897804931822525
0.674414631693449
0.828547398661459
0.704875773067036
0.796312610865444
0.771566051944755
0.706983774599543
0.759527636596875
0.87838839377096
0.666102981144046
0.661745958698093
0.908806132169249
0.842724203243967
0.767040399172631
0.828693920136289
0.790939793058724
0.731225192387888
0.872737420662687
0.859674956650468
0.900963353696432
0.795957789170373
0.700420311985909
0.69522267157483
0.78402415591825
0.820892135668291
0.876090077812814
1.00029244165888
0.909093301617034
0.815616538507203
0.802999985038899
0.845266976936279
0.859867736625779
0.791017714639423
0.70855529808743
0.907455843858296
0.937835000320661
0.985688856429441
0.855718899204489
0.949408657581544
0.861814507273063
0.991539591820155
0.748382707459707
0.966572037482598
0.949411616537229
0.878339138121771
0.837958294939985
0.858200642172993
0.78129792008069
0.84663655157213
1.00416862914417
0.880655764338559
0.90103933042608
0.808306566557412
0.825076337259557
0.996198839865949
0.906528406234853
0.836793108638814
0.943515691133398
1.02985848315846
0.883830841240014
0.971630843225422
0.945536014273531
0.85937347769547
0.858558286915928
0.967273737934065
0.910766653048016
0.840084041497511
0.939513842218977
0.870887474246302
0.886911167458595
0.891956833283949
0.96859015803371
0.815889070960562
0.994590784794285
0.870252427728435
0.825665137290905
0.995173283745724
0.888472298967497
0.876398369467485
1.09862507429571
0.887171505743285
0.982913359808645
0.906486971522588
0.878186909073473
0.853996647536173
1.09424868888539
0.988696506949379
0.735797278034827
1.11763702271019
0.975550374876087
0.990636337927964
0.977981040621271
0.91300325690175
0.905589455016934
0.934867008146932
0.829139919431808
0.865523107853906
0.859959515776986
1.00856367560635
1.04265033993092
0.896473093279874
0.786565662627937
0.942237194641487
0.989932723339752
0.898225909079052
0.966474277386309
0.921710938157581
0.974146174445648
0.952948353319855
0.832609267826383
0.966008719955602
1.00654571750073
1.03659337596284
1.03949129620925
1.04180323343305
0.984265598599731
1.04418242167249
1.11443792440117
0.954029181650779
1.02827402944969
1.13226657667983
