-1.15301495774354
-0.797412073415332
-1.01109550203983
-1.05406680710787
-1.05928007348916
-1.04029315095274
-1.03998557369348
-1.13179094728855
-1.10262857006988
-0.793587349703262
-1.06689908371737
-1.10343455182783
-0.902438846572163
-0.981212220368705
-1.0027611262551
-0.98732244634307
-0.937971253639183
-1.08672001272667
-0.996638651955548
-1.05307187678987
-0.897790736372149
-0.973448748149789
-0.766233238680542
-0.924406108171582
-0.902907481221957
-1.00898883269459
-0.938710481573027
-0.961466359447083
-0.986795846202606
-0.970917300574762
-0.736747823244425
-0.977189746453968
-1.02953546409058
-0.88726464997375
-0.834705142001994
-0.86242321457875
-0.887392890157549
-1.01361197631292
-0.941799695740922
-1.10976253571916
-0.722810700876174
-0.955335416404804
-1.0157524677431
-0.91867497371856
-0.961924436918209
-0.992022947737086
-0.886673237548726
-0.800014295570768
-0.878190433280643
-0.875962667662582
-0.85900719330022
-0.956114346530728
-0.738007163189189
-0.843280223249925
-0.88387626146126
-0.892515470839754
-0.959743170090447
-0.850364914704132
-0.788606189785625
-0.847065593045804
-0.919701633588186
-0.905584191140508
-0.744865441852916
-1.00766607478127
-0.76099182300701
-0.946661469505457
-0.870427606651269
-0.94707718359695
-0.742829141056673
-0.817887202500136
-0.837555317667119
-0.752586547161367
-0.897475612058596
-0.770862878214136
-0.827357110197596
-0.852228676767614
-0.882200806960882
-0.924412741383766
-0.790264919397315
-0.724079733178269
-0.887979000942783
-0.770217730314887
-0.806830939681713
-0.881550422691323
-0.906943193580209
-0.789520690205203
-0.841122442156926
-0.851936439085988
-0.851570097040926
-0.866150926043459
-0.879783676244096
-0.835101763701093
-0.893486104658079
-0.789542885659972
-0.808017171487786
-0.819584006479655
-0.760791552783603
-0.863082043439947
-0.81567371290802
-0.71779303398856
-0.838269765977919
-0.865428857913389
-0.837819043115382
-0.669166905626443
-0.676696669473804
-0.96294573404145
-0.921908789779703
-0.585628400939824
-0.842275671440487
-0.706337108414069
-0.725019346195495
-0.86094846311348
-0.809438258960086
-0.61860250501198
-0.730110176437233
-0.848592036399295
-0.757206250679313
-0.713707000144979
-0.934589737714891
-0.750005120955721
-0.638659583451641
-0.840666021602517
-0.872350565525659
-0.701903256217467
-0.608301167543756
-0.844530165657981
-0.790472755989551
-0.578310231616805
-0.718773897495402
-0.614341845416509
-0.793090726235411
-0.771934110185695
-0.769482216572892
-0.673729392611319
-0.716912576788943
-0.693029787582603
-0.635322358709674
-0.573945065474323
-0.534840900149067
-0.768850798901661
-0.778299836837097
-0.697956231313798
-0.793781191814882
-0.768108875032064
-0.678603714254094
-0.751977887621956
-0.72757724157047
-0.797984862922897
-0.765646485334245
-0.567772418005493
-0.685447158945658
-0.796967611832642
-0.745897085780148
-0.786437338699765
-0.575943175044643
-0.664400346426809
-0.782334967020477
-0.727968321645355
-0.82283522716331
-0.658380205654153
-0.744478993091196
-0.635623066094817
-0.776053233924828
-0.58165207207862
-0.676615686974222
-0.659183490863607
-0.711844677127895
-0.540127769878358
-0.762790250262486
-0.811674026421099
-0.733477995846159
-0.592314583771988
-0.628444283836908
-0.56569233415454
-0.574651645332238
-0.63095658824217
-0.868514584256565
-0.570425823275126
-0.562957462666666
-0.729742363408188
-0.568076113973272
-0.44115310951662
-0.517548464365391
-0.734905298873351
-0.484370990493986
-0.524469644680208
-0.534743909453684
-0.605803920874053
-0.687303716878505
-0.592187527837767
-0.602659339136349
-0.618697183851549
-0.557460088659463
-0.608884320071774
-0.553315745246973
-0.60360525482463
-0.743281726265165
-0.609754851644527
-0.685167273106105
-0.548631738394804
-0.676477452871019
-0.474459187783298
-0.73552879103692
-0.524958615887314
-0.557860204956627
-0.567973254721967
-0.609119059183618
-0.484238618513831
-0.480528167730871
-0.59637596507387
-0.602832530044279
-0.649106415529544
-0.465252912916437
-0.511688710931207
-0.660003581588937
-0.514442338987573
-0.48472913034118
-0.685826085011418
-0.558358609700059
-0.535171464497918
-0.485438214928607
-0.588092739663166
-0.510484139446903
-0.62882365509186
-0.613606302796477
-0.57336265580646
-0.611343672578066
-0.697919201702645
-0.579154449124056
-0.575561155863005
-0.597354048876229
-0.738432448619551
-0.464793835160978
-0.451103658271304
-0.460314327613287
-0.441706816336524
-0.441577951171337
-0.594782368704098
-0.539998687419738
-0.573495110041012
-0.707708924493827
-0.295058007353199
-0.457346478978381
-0.590042955103244
-0.437502191678712
-0.464313836889203
-0.522746381924291
-0.482473287537285
-0.463078424167526
-0.436188152812904
-0.536198779826711
-0.500206166076353
-0.437032997551016
-0.602717941242355
-0.500533648756552
-0.485516642031982
-0.40156593455374
-0.470488722159131
-0.503570314091636
-0.46259763135773
-0.662473775309523
-0.370161100988654
-0.543794806797747
-0.432779096984898
-0.439243289211576
-0.606459346481727
-0.516835772928449
-0.481843736581765
-0.363253028477062
-0.447471574730017
-0.511715710931137
-0.491647568461513
-0.412099388329961
-0.327807342034836
-0.556893710152567
-0.410637112076333
-0.598443576270225
-0.487533736422634
-0.488247761781618
-0.366910369543731
-0.296238632403903
-0.440202832666718
-0.447553150858185
-0.417284796671129
-0.381830317132876
-0.36111407398421
-0.425472577002191
-0.307820512562544
-0.579833806523352
-0.368519147316992
-0.51046503068912
-0.566867446697949
-0.427029022860067
-0.370871516748859
-0.557671787713505
-0.388984138364815
-0.470266114221586
-0.339213487397268
-0.285391242938543
-0.32025590460535
-0.400216765769028
-0.394232327200051
-0.324723481370533
-0.392945196036661
-0.387556469060405
-0.473583251346102
-0.428049755143905
-0.379681697854435
-0.406718088723953
-0.42194468777395
-0.22858545237189
-0.273984768416196
-0.374625523225955
-0.434435793112099
-0.420027493208304
-0.50625127900429
-0.247105628887493
-0.438286511926633
-0.326825964905638
-0.371844844683613
-0.324810686225052
-0.375250842935857
-0.352111421523798
-0.372462480107693
-0.330632424071554
-0.323388072978668
-0.43380915545426
-0.37487144723414
-0.418594857617342
-0.426293472278869
-0.307186799360901
-0.383813207705376
-0.216381673540847
-0.185355752114454
-0.335212493838132
-0.322000487587035
-0.233895322049563
-0.290673643351041
-0.229688396751306
-0.281548776065534
-0.356608075114895
-0.240723717834017
-0.280778116716599
-0.319052511743556
-0.296549358986466
-0.27672895851374
-0.456386312538113
-0.456514873127896
-0.313919215618346
-0.249018916434423
-0.370618515487099
-0.315608865224901
-0.367577167548035
-0.353088055589091
-0.379762140487659
-0.33223140854089
-0.194428247402865
-0.307788941357525
-0.347393256064927
-0.259439043590462
-0.250916490167628
-0.197836000906527
-0.309970303385193
-0.199826549571779
-0.173869289730392
-0.167743773602972
-0.170375033525434
-0.295702832130632
-0.225436844011094
-0.26626005924964
-0.407379661663759
-0.224247565864931
-0.153748153812498
-0.162034360462693
-0.341976907614706
-0.358612625859146
-0.308480901077104
-0.361250937675829
-0.277899214728584
-0.278981521532968
-0.264013545113685
-0.312662941777715
-0.19425555305941
-0.213845316125263
-0.208509302591162
-0.22374082554726
-0.254753595682873
-0.230175536571455
-0.214722370221541
-0.178518851632607
-0.152350627100391
-0.247612952938728
-0.266514213998535
-0.194192184409081
-0.208853901406635
-0.160946987306411
-0.313560257195786
-0.227974641665594
-0.186970150671674
-0.171632237224203
-0.251373670639217
-0.116082222552815
-0.178178209186959
-0.21919425383986
-0.274032183387766
-0.151697901822624
-0.188710607104108
-0.262669227283281
-0.168146743175081
-0.0715602395470549
-0.188488433480377
-0.317152414151934
-0.161721715621927
-0.20376076702599
-0.237143730546798
-0.163024035569492
-0.145120387306042
-0.159291606588953
-0.180538043619578
-0.391863316649212
-0.311690767305687
-0.18346357119246
-0.061258057377697
0.0221557042238576
-0.072763591195644
-0.290847639650603
-0.0451277179476818
-0.244304067093617
0.00142953556434236
-0.0898501129464808
-0.227208460929974
-0.0797443756911117
-0.280258236836817
-0.09583371402819
-0.131643318097263
-0.0473341403893884
-0.315679957974134
-0.0816967153306196
-0.196806659826623
-0.230465118121593
0.0042702222138059
-0.264250580983022
-0.0902513929270577
-0.124923629686867
-0.134398220190299
-0.0853921428205686
-0.216535953709183
-0.228443546662225
-0.0818927169019764
-0.260192507521233
-0.129652322499382
0.0776848705151029
0.0431401753205619
-0.122436589791792
-0.0837588866662258
-0.0432477840362996
0.0587116197582767
-0.00807914773408318
-0.10020022973102
-0.182194073222081
-0.194465554588296
0.0302915213930079
0.013292143846673
0.145965208335452
-0.0789885657692029
-0.0885071901910561
-0.0720506164095107
-0.200082135634976
-0.192229897371367
-0.177363968862209
-0.0674760241999996
-0.0683279960570018
0.0268804872568033
0.121102078380181
0.133263220703545
0.0902847925090637
-0.0825737953137176
-0.101586996440887
0.129216765591521
0.03843162348119
-0.140781715314634
-0.105712090600571
-0.00566910674933289
0.0728830039381981
0.155020999058702
-0.0343004043212558
0.207697608406844
-0.0111898354505236
0.0470528186619306
0.0276765204115271
0.0401591597986558
-0.061952122872188
0.0454929028209193
-0.0087819327351473
-0.0608592791409919
-0.134522247073226
0.0748445024023211
-0.0222122108327398
-0.096537931299696
0.0525698367470791
-0.132938198035942
-0.0166864487516214
-0.00563203302625394
-0.0791875731919131
-0.104678267573235
-0.132933865325384
0.0402447900351336
0.0114680596339446
0.0344742559562799
-0.0142963380561363
-0.0523813837081583
0.091549798509014
0.067299588188895
0.0232467902381372
-0.0986063792199191
-0.0554571540507014
0.0521587392050904
-0.122619963906825
0.0476291047099381
-0.110284373875314
0.0511478043858348
0.1186375684525
0.0247178191023869
0.0353012975985548
0.0172186105124024
-0.065849605868288
0.0762624661419967
0.0693518781310732
0.058925272992582
0.202908717510276
0.138730270774063
0.0528347029936065
0.151548286655015
0.241970115408616
0.132070921319659
0.0658235473184991
0.0825779023648066
-0.0884482699913843
0.0915230616764578
0.112446763396591
0.0963085485202717
0.0942913775547414
-0.0343139469371581
0.0717381547441946
0.226018060148994
-0.0444749813588251
-0.0115119614233881
0.0949409993788995
-0.00827314246349518
-0.0234950423756401
0.147281154197556
0.00755917499956171
0.067296721068653
0.0546866260170063
0.0537658323137694
0.0200343879219833
0.12975611864201
0.220154858440182
0.254657244946879
0.0516979611801763
0.187382170270785
0.00435459372403273
0.164860707345286
0.229446695890271
0.168687706265759
-0.0388629142197698
0.288962306330231
0.109419484602307
0.0881221378756877
0.212819523401291
0.066453486837213
0.206204596256546
0.144836250578386
0.0771375726849505
0.0803875220567876
0.142395201773307
0.138636339550547
0.201114567043769
0.0705700300473266
0.185364733336551
0.0252527542955756
0.119994594628478
0.0518733155095306
0.123276809854178
0.159116927075577
0.137914286820728
0.1619520138078
0.0281207572345017
0.144489120842341
0.105375346766448
0.199784277464502
0.102431014263759
0.154521357015266
0.206003386126675
0.229857933936332
0.234447108718164
0.250525762898762
0.211385435984492
0.15141155211415
0.315368652848438
0.0688568427190957
0.056670582090299
0.209282532186643
0.20266174904537
0.20751077809542
0.138362288865056
0.240805908871742
0.158610843465832
0.196204582753805
0.172540649526791
0.0952906351763976
0.378196189297755
0.272413032676885
0.24135426600982
0.137833054765208
0.158787311818437
0.225818008543417
0.358920590494055
0.333203345935338
0.356373558451182
0.196035255667005
0.247305849090368
0.274278462265251
0.152265309434583
0.216730431768685
0.277406346877561
0.297827501585949
0.299431841826111
0.284647555672573
0.247377872999749
0.186222030109515
0.215957442617602
0.326654013302457
0.191272312701591
0.172360774177448
0.17858123085716
0.0788958278486385
0.221304247262581
0.225873565464687
0.26328433119636
0.298743225254149
0.355471006155067
0.253573612168978
0.363734915009325
0.27906418216872
0.287990371180314
0.309189459988599
0.087461291815696
0.23284766370951
0.208268088443414
0.126934245278707
0.374568576338885
0.290282335581848
0.33284102750764
0.30927938704486
0.313766569161784
0.27262991165974
0.344155255676741
0.39475608738242
0.322139419824658
0.28202407690803
0.309556088345626
0.326454913394665
0.351458717193519
0.32327848527926
0.315816438777043
0.293528073421164
0.33429257319207
0.290975948810951
0.309809683017246
0.138036198709657
0.294084579176581
0.400651587037456
0.302004674990956
0.423836748528004
0.288821264110184
0.272896710455057
0.310561669957906
0.308229832251386
0.252709505794429
0.410326024772724
0.23712294271261
0.17160856964654
0.298724165037756
0.382528528134443
0.332911569591558
0.239579053069535
0.366613267123743
0.489616950630197
0.347238695097904
0.185385194807075
0.362630600161129
0.294119145378313
0.481593720034411
0.357229572278595
0.348040252026584
0.328883192549249
0.5343940048108
0.315143217112088
0.393096341130112
0.423854207153945
0.406715339996557
0.394864043225492
0.460135011531755
0.489578864591941
0.407739273149318
0.326661683280741
0.342574307275438
0.462927893493548
0.407454034474282
0.433396246383222
0.489157557859547
0.371552048623984
0.503294515254957
0.396849113109892
0.355447923666793
0.414878870136422
0.357773738428669
0.471517892173452
0.405224057425297
0.356430557113399
0.546043848754251
0.489906253173731
0.366026080559712
0.441140477114134
0.276280451931879
0.539476052517011
0.352525056283016
0.543414930404363
0.402454326743229
0.303514895766395
0.467186481294401
0.540905310740758
0.469394108977307
0.35366202832451
0.454528778155122
0.285333571832114
0.34780244972396
0.503105940945896
0.711732223864174
0.30075701754315
0.512127391419157
0.511879027627922
0.500047431494121
0.712728492866556
0.445965807491102
0.547128096266464
0.608551687756857
0.501621246991926
0.500549370903582
0.466474261972386
0.624065977897557
0.547103721073513
0.507931769386822
0.596229689554841
0.39381521185963
0.61198382146989
0.481732266883885
0.580235851193294
0.513533253396875
0.441403964298323
0.516090319350859
0.454704985729284
0.425893599668221
0.659423461931211
0.485896726900248
0.543987420721438
0.57557580609059
0.550854962038855
0.542523364943513
0.473946154256409
0.676690769790209
0.56154065225013
0.483659627685794
0.669954957560511
0.491108872456847
0.581340844091125
0.597923208243668
0.632741280644709
0.455837623700167
0.575032520069094
0.564545162396567
0.558052010536099
0.535632314597456
0.426315940347467
0.628843212585365
0.60953605795261
0.574571011812508
0.469306535928858
0.679156354679982
0.570281835056054
0.563163680310375
0.599031322787877
0.68763543430999
0.563324013762463
0.518462077136042
0.615714111342668
0.597141517167463
0.668882352003945
0.532365444109564
0.512363324173979
0.781649679744033
0.648700308528672
0.575939044579081
0.66185634893354
0.53929103227588
0.557799158457246
0.537399812691456
0.677953953345557
0.639680131619824
0.49252594084559
0.62049529919302
0.461448430562953
0.419306331063118
0.641254690756938
0.756088515230846
0.641672744959417
0.666948078303091
0.614023309745418
0.791154605546746
0.478056030397726
0.737397675960062
0.603584740587063
0.768352742476141
0.52553178036642
0.530870579627388
0.522233069818731
0.533531751049696
0.744050262406742
0.703408791603267
0.724578573916784
0.507848746933687
0.696655536149841
0.762739339110538
0.644470310991705
0.555166936045623
0.643273995487227
0.763483866970054
0.563809301603084
0.61135167980134
0.650997563615674
0.599324266013889
0.684911720222512
0.778757768736142
0.545778531442104
0.67284323955034
0.699813490810624
0.663500164743248
0.737221791254937
0.799589242748001
0.639409949934684
0.731728672748853
0.650725853577066
0.575962694453692
0.703250329510192
0.859818380868341
0.653446949882369
0.834002689967465
0.724884376735986
0.807371170920975
0.664377084098626
0.622585985293688
0.628833683923394
0.751691789933059
0.626820222121516
0.867708704064589
0.698157285629186
0.719689912845575
0.793370872601216
0.832416031491627
0.864005728520283
0.870008379153702
0.800961605392426
0.762699468573212
0.73472547366064
0.864433947760528
0.879174431908199
0.732334455064715
0.771880163765368
0.756725055102962
0.831923759770715
0.799394979975795
0.826026374308465
0.648649989324535
0.850526972624906
0.865275492221325
0.627071186363811
0.60915701151479
0.808888984819165
0.743860416153184
0.81812745518913
0.738723038590475
0.746637862127798
0.925863425683339
0.694764140705087
0.832689321713721
0.722293099763416
0.857632239933253
0.739508945677499
0.87852727532643
0.991076059888478
0.704027411725444
0.824388755943998
0.791603731495567
0.92038702372842
0.743072699796224
0.847362301980782
0.946449932313595
0.762549886347008
0.956493290282766
0.818151598124103
0.847901207752438
0.834455731630763
0.902841136547545
0.758609085460927
0.715325380045857
0.834155556348007
0.86944819336884
0.891854257500016
0.646028257052839
0.708408430717411
0.813969299237024
0.826895853145201
0.831817816005874
0.936983647545924
0.822353246358099
0.756465268784457
0.769977690463263
0.977283189215064
0.894683796930753
0.798329715435543
0.917110029322104
0.809517254227897
0.935931982864291
0.802240331051545
0.911395371221962
0.905943608011606
0.931816089454412
0.809225957541603
0.881225652802507
0.888595363145539
0.833498257663412
0.88761623495818
0.910926787773354
0.906118786132047
0.654028834746772
0.84887501093904
0.782052205862896
0.957456668328984
0.835957951136363
0.816153644828432
0.904225406438731
0.81752800196833
0.906984450360486
0.872611442325781
0.898759749878585
0.902266604813779
0.887149473938228
1.01560682188526
0.835032145267589
1.02080297078526
0.951894108413345
0.842728693083729
0.848285711970408
0.896824807852023
0.990864093809473
1.02064388312274
0.920155706395482
0.763547850128709
0.871327264881059
0.923619619232187
1.0166557010485
0.837569035175932
0.919783243706293
0.965490086727817
0.876015169783484
0.915515078115137
1.00445840392125
1.00181444581104
0.994836276382708
0.87586066339879
1.04422495768163
1.0906188834952
0.905135202605198
0.981165707255075
0.957015882687397
1.0477244237312
0.936674007937265
0.976441614548812
1.0611671194785
1.04228862337727
0.897524978848884
0.97842005441109
0.964662978967969
0.998760014999056
0.847608529819189
1.02871293146885
1.05331278177485
0.970048596303301
1.08994116537603
