-1.16008932680101
-0.797412229407607
-1.00080328631031
-1.03828335697584
-1.06544723673829
-1.05435586910999
-1.05556934785602
-1.13171309638965
-1.07474017616455
-0.815199038510752
-1.06842377176813
-1.07396029640704
-0.886837880372574
-0.950452277235959
-1.00584942309614
-0.979408613458032
-0.934216863408967
-1.07120413206501
-0.987304809774009
-1.0773535770145
-0.885417411960035
-0.986665260867111
-0.761458383493049
-0.918929620943997
-0.896435652925001
-1.01350018732029
-0.973518445540343
-0.975573009770373
-0.981956813458657
-0.970652585815181
-0.725279760133238
-0.98507735286775
-1.00908585130825
-0.893816562365019
-0.833024803686654
-0.840365854575313
-0.856428775418467
-1.00339911914451
-0.908936467106985
-1.12074457367651
-0.715064798056508
-0.939766226506487
-1.0088962826163
-0.908491684248679
-0.977873884724293
-0.958074194518139
-0.87368207594318
-0.828221809703082
-0.867842425155518
-0.885996788057737
-0.842566508275202
-0.962889595243346
-0.738045394913734
-0.841005176307213
-0.887892301185609
-0.896043970915243
-0.940787148457782
-0.856677132254257
-0.793852361089646
-0.859697954352511
-0.898170599224236
-0.929113262068017
-0.72935159709108
-0.99148807776125
-0.771727037435073
-0.926180418205152
-0.861595757810639
-0.965329462102951
-0.744164387220952
-0.81776873340893
-0.846576878767495
-0.757460804199209
-0.896156973694956
-0.760932070061186
-0.839680738624879
-0.873838163962821
-0.865858399235817
-0.928351376266669
-0.798356618176082
-0.723222735364827
-0.890498299440096
-0.76210853741801
-0.796255555389242
-0.884661179481627
-0.923131396312044
-0.803350226887773
-0.829665076245951
-0.862900942085223
-0.822658806579902
-0.844545104551385
-0.860515726318323
-0.850832206075576
-0.880393882393831
-0.791756908671379
-0.799570012086452
-0.798306634069593
-0.761465502310944
-0.865075130196379
-0.837058216746837
-0.714332249186587
-0.842720815758541
-0.855077795493087
-0.851187028718452
-0.646990406870031
-0.684739389341941
-0.967784273405912
-0.924689623467101
-0.570402864067016
-0.859061602763696
-0.688971666542644
-0.729979473402937
-0.879266766201827
-0.770933454054317
-0.615462084964733
-0.728794801375435
-0.857475134684771
-0.767278876141138
-0.734207647464856
-0.929730951871883
-0.738675943609584
-0.650714903802789
-0.858621848660801
-0.879773403432075
-0.732457702128473
-0.622629146248842
-0.846984847264411
-0.796773096346109
-0.602009545801359
-0.726013808803431
-0.625922965361609
-0.810050666861531
-0.745225047527202
-0.786103844738184
-0.693649776555661
-0.728784226561676
-0.692612937040393
-0.641051797270775
-0.546448120306657
-0.540948054833475
-0.792827010044479
-0.768752317119156
-0.675499923993794
-0.769971071212212
-0.752192967274066
-0.686294204572479
-0.77022693814001
-0.743348296417573
-0.817581637946774
-0.756358542302208
-0.569573138876517
-0.686419109851574
-0.784490492161941
-0.75698864829617
-0.758865006117592
-0.558825621430363
-0.637727784971171
-0.770466308135512
-0.761159480797395
-0.839956769378549
-0.657341477423461
-0.741182401909679
-0.633183545291387
-0.787659630427311
-0.565860310338367
-0.661126775298668
-0.661629548198425
-0.73232605941736
-0.541160554214251
-0.743001658344848
-0.817360783037013
-0.741900472905131
-0.599117453582026
-0.636901720494692
-0.547664739714065
-0.578741941828778
-0.6366018328524
-0.860011503189552
-0.595393143571163
-0.54494874186218
-0.760783294910627
-0.579216594125595
-0.459183282952922
-0.491562467961022
-0.735368397949471
-0.467988609490922
-0.54018529277803
-0.547970908176713
-0.642668802961222
-0.6681137785252
-0.56186694809363
-0.603307521576722
-0.597209568932158
-0.546591456720946
-0.608563752436792
-0.519221641181637
-0.629429888092148
-0.736845364941211
-0.608811895254031
-0.695678932242017
-0.537472187221986
-0.675371646296946
-0.49360381615125
-0.723555629431076
-0.527526077765235
-0.572347794446801
-0.55666454815323
-0.602654582782647
-0.457973828690663
-0.489209099722932
-0.587128154540158
-0.609545976445684
-0.65830383159399
-0.489647256711203
-0.525773101843363
-0.648342576206404
-0.521380742264785
-0.477386328721911
-0.678330379805248
-0.540069230560436
-0.553960078747655
-0.50548022354239
-0.575328474384376
-0.511113522593557
-0.63724164818755
-0.595975863859868
-0.558859461908512
-0.615781398826131
-0.682353404362715
-0.565448766822878
-0.568003009048771
-0.628748385828504
-0.741939192820683
-0.467742788677734
-0.450472018813767
-0.431099660579724
-0.446866346662445
-0.420021592210139
-0.582932513246659
-0.54755022349184
-0.572895388121142
-0.700610198021859
-0.298907837874636
-0.455714762537005
-0.591548547623715
-0.438898280019447
-0.438361059505119
-0.541931367817226
-0.487628057500188
-0.478650337204901
-0.421550123796174
-0.5390816173255
-0.517327891967158
-0.436967017471788
-0.636888451734346
-0.508714197419374
-0.50364207442947
-0.400068267897444
-0.465627263759039
-0.509423931639704
-0.45218329102547
-0.665828670778493
-0.371369024223366
-0.566652657871594
-0.446660806095378
-0.429120846348544
-0.612869377125759
-0.518647486650754
-0.493461449914092
-0.381129596341014
-0.438850385198934
-0.494537442519863
-0.492643974382742
-0.412028051497438
-0.315368440337948
-0.536864705111867
-0.444996150437016
-0.577861339847131
-0.481482861877968
-0.508096362307398
-0.358709500270254
-0.296658495354067
-0.431956875942715
-0.436821777673863
-0.429354496167072
-0.386536847016953
-0.329896183388037
-0.425626183184437
-0.291947803533229
-0.58880584194823
-0.384997232681026
-0.532078384247329
-0.590181459590625
-0.432049243042511
-0.361047315543011
-0.568086585831847
-0.408214484775465
-0.469043861127609
-0.337350140910416
-0.302431485492052
-0.321076111094769
-0.404333083143677
-0.394830314420779
-0.310385513725246
-0.365906725998838
-0.405805688069611
-0.469594737771093
-0.423136033494063
-0.369496372591826
-0.382119232109427
-0.430165169973286
-0.236387785671944
-0.263258826066327
-0.378723402315653
-0.43172014979862
-0.446277817749878
-0.509305654346066
-0.236240775344232
-0.455810866538542
-0.322580741932098
-0.38340974678898
-0.314712756652789
-0.373742142770184
-0.342733038684342
-0.381835057757198
-0.307247246887729
-0.344884049605334
-0.420833881723301
-0.36637777987758
-0.403191082130977
-0.420101271457158
-0.316214323428531
-0.374204115498789
-0.215415597328822
-0.189276815947904
-0.336982200058275
-0.325700235503834
-0.228090688806477
-0.300664026440659
-0.237928827221413
-0.258909339126209
-0.36281764172374
-0.257900611804854
-0.261978135359266
-0.368958009469503
-0.311824840501024
-0.281999109135459
-0.448446816146312
-0.462120611117234
-0.313203759662226
-0.248500484554147
-0.352652114977078
-0.299216976411689
-0.372644017315006
-0.339148889032252
-0.385950949204001
-0.33833096240499
-0.211424565784347
-0.298774979179354
-0.358415967501637
-0.254088453048735
-0.251974022699031
-0.225892996860126
-0.295854496224151
-0.212089926507687
-0.160723587289618
-0.169581990565565
-0.174080507669464
-0.295199302551591
-0.20066393653725
-0.272819250527758
-0.384910884002097
-0.22278414360848
-0.143804565635593
-0.164752790021099
-0.353792128558522
-0.379209863839195
-0.289911591843598
-0.372065594139852
-0.30753741238373
-0.311415382947952
-0.29046296011326
-0.320638586578364
-0.18015902617928
-0.226488553415712
-0.208306083169259
-0.234961529781765
-0.253874809879051
-0.212573881552066
-0.234248998583201
-0.184331588476641
-0.158557079466383
-0.246601888813819
-0.264847094111957
-0.157649421190492
-0.211569788955782
-0.181007751220712
-0.316802809303978
-0.225168430104652
-0.15854347401466
-0.158178291380948
-0.239248124880454
-0.127663537739821
-0.176445534703384
-0.197021646411822
-0.26673992714657
-0.156209457424364
-0.189717604362498
-0.266767909233524
-0.138259585929788
-0.0490662879734316
-0.176093466442758
-0.30637915110208
-0.161917522537547
-0.202863748056215
-0.238431046332219
-0.177178671525782
-0.143534224927351
-0.161796084621118
-0.206936611217551
-0.403763762810765
-0.311390515603941
-0.195142364699071
-0.0654506163462156
0.0140454435273389
-0.0618156766487626
-0.31562019231594
-0.0490294560553532
-0.231734645840346
0.00893486059468888
-0.0795277677156921
-0.220908488563996
-0.0979957697156326
-0.276521378308258
-0.100170626062497
-0.116127027901908
-0.0417078727054743
-0.287638752759259
-0.0745229833915123
-0.176080838592731
-0.245394793633546
-0.023148884714394
-0.250606207240869
-0.0985470226915754
-0.125714794193916
-0.135295210942932
-0.0886241905140707
-0.212285253128275
-0.225321409582897
-0.0569480013114934
-0.276871841641488
-0.116732944577452
0.0790695592278236
0.015434523877828
-0.110321687645899
-0.0907551310578711
-0.0685589464331192
0.0579438043825004
-0.016312389722624
-0.107789358143908
-0.169554810031334
-0.203965810579653
0.055569007733143
0.0277285384945888
0.119126774926383
-0.068438770742273
-0.093886612063276
-0.083321425515913
-0.180393841871392
-0.182940494893343
-0.173028974501048
-0.0597193497736106
-0.0660490825030933
0.0257387064156479
0.116349092614477
0.09964973598133
0.0958870344429196
-0.0522512516809566
-0.099748189838124
0.122196761191186
0.0482410136187253
-0.139256075594425
-0.109920333311894
0.0154154872256298
0.0482621496728603
0.153728169141782
-0.0159482502968776
0.199062298017543
-0.006177036333077
0.0456832344430842
0.0199512811919031
0.0285282036669591
-0.0354936454470056
0.0499832692279745
-0.00199156687720981
-0.0559079441198391
-0.136749108891342
0.0699216652547964
-0.0180988794477335
-0.0800908356185431
0.0490702109566483
-0.133981383354868
-0.000553726613728519
0.0112694888718807
-0.0621473046101052
-0.0520045129527201
-0.122761265305736
0.0633790879122651
0.0125262622401741
0.067075890583163
0.0169688490030173
-0.0566289173745519
0.108230462018115
0.0729575010912292
-0.00614438446194957
-0.0980073178457348
-0.0262112652740356
0.058977130961133
-0.128438342921473
0.0378022858825399
-0.103812884140142
0.0633718634533546
0.0950814714590455
0.0522888298084535
0.0153232830872077
0.0398555531313115
-0.0715616699591558
0.0789769434804991
0.0823808566589852
0.0639461943267216
0.204639297620635
0.154083384679603
0.0624028237551334
0.127808070746181
0.234931693567518
0.133007266656845
0.0583203954081601
0.0759594086907014
-0.075962853543237
0.0712425478058344
0.0745449883873986
0.115065690858798
0.107249347216305
-0.0303152492241208
0.0863946957887732
0.221422539719552
-0.0424681519752499
-0.0247595652013779
0.100041152447492
0.0122400879772322
-0.0270626599872939
0.161819027599959
-0.0128678054761831
0.069846027985232
0.0579770299564998
0.0548477631516521
0.026412154543455
0.134748068109319
0.196854871858114
0.271726034808307
0.0508308671718886
0.182065657234009
0.0254614645667941
0.163714356819907
0.2434308134009
0.17472103118702
-0.0435337364012889
0.29228990703753
0.10197789178599
0.0647689582145207
0.205566404025293
0.0591761189862952
0.204030094713153
0.121563208386603
0.0536375903190425
0.0963678843701563
0.134113690138261
0.113068272010785
0.184293986817913
0.0691724281604955
0.187980320663781
0.038252000442647
0.144053745259821
0.0741662673371986
0.12865278280058
0.152386654996774
0.152466165189366
0.16256733335633
0.0347681424231869
0.145340557493437
0.111215668361277
0.207622828491113
0.108258223115345
0.144536034884319
0.220441834994851
0.251700150307204
0.249194587070482
0.262738391162212
0.216703920470308
0.171309526518152
0.308609506495006
0.0987419024508872
0.0623426070712922
0.203402429722163
0.194372311239301
0.195158442842292
0.157495947747268
0.2627310742603
0.160526324856655
0.195007960744857
0.185670665615969
0.0929320801512417
0.371577568726543
0.258333648435144
0.252557704415787
0.129756104058339
0.13372202829251
0.216995362446175
0.353320977319974
0.336991776208808
0.349427863858632
0.181051170744836
0.245794286474442
0.282633921906673
0.126214505423636
0.22591082826402
0.310877802721556
0.298314147233798
0.28458334835732
0.280125828503626
0.238760160902476
0.188391399574554
0.218485334890963
0.325354898195044
0.180309203586023
0.175876156945742
0.181097932298633
0.088077691581448
0.201036922751723
0.234826893792939
0.280180192158324
0.295766795375038
0.345276838935032
0.223864659697572
0.354567711912017
0.289012614944465
0.306203242279072
0.329676794033422
0.0738584055062357
0.217134413952493
0.204678201304529
0.121657898891652
0.384337841860896
0.310107534544947
0.356051685100822
0.321048533532185
0.307939952076686
0.285489149951835
0.336164625701696
0.381137222615278
0.318930535173475
0.275382669205277
0.296636745630868
0.330726058452096
0.35036342551876
0.298854598477095
0.313620278121093
0.295497093403837
0.303966394499154
0.291351997397929
0.30779315985824
0.12339492601407
0.29580080419127
0.413940436199832
0.313459031242983
0.412035449961006
0.312506617611418
0.278920330358279
0.317552936652154
0.306890140405295
0.264119715261839
0.408990248444558
0.255083341484541
0.153129351173731
0.300518606206324
0.379010080142839
0.351928409373284
0.24374968850851
0.384367739405016
0.46979766232102
0.381507260061908
0.183226594821015
0.368758319282752
0.307645901140065
0.487892999710257
0.340771930619539
0.360983555260741
0.330010390722928
0.528091041650757
0.308298365703537
0.412431989617324
0.425143580462068
0.420288122912678
0.384315643891405
0.449040779061082
0.508434541269563
0.416788597296072
0.32496069381378
0.316553860164047
0.455379933762431
0.435080925201645
0.459289733450352
0.469498589962589
0.380931312055722
0.502058284058804
0.423451540638169
0.338049575609634
0.411019270482196
0.360617085597522
0.460093062064635
0.409312830187778
0.353481765059779
0.542531488388566
0.486501541327345
0.352879553340241
0.457249845177625
0.28534484095858
0.53197661373797
0.348708939195239
0.531732441696183
0.401528077558549
0.30473563817273
0.444277640603774
0.493310475434147
0.496952651844607
0.350960302544206
0.468425596039224
0.300092910260909
0.337551368827541
0.492747296679552
0.710061052083011
0.310959381497642
0.514028358617013
0.489498957062969
0.501221761162815
0.700537724190064
0.425205688887026
0.560914152598951
0.605701814201448
0.504772844991369
0.499444458792783
0.468497163965417
0.61594559350278
0.566796433565245
0.514320735179268
0.613560190894395
0.383446704018488
0.592927140548644
0.494234317573051
0.605173723517486
0.53841702335491
0.440221312518785
0.527165896158459
0.450723851302336
0.441857299361678
0.657867201086088
0.482566717504866
0.541946885125062
0.570143711275987
0.554432892456805
0.54457753770631
0.503910966881189
0.680823202170098
0.548756236410094
0.465653663615212
0.660584252654524
0.47130920819245
0.57161140841781
0.596836080389039
0.628279783891031
0.439806489687346
0.578245171530652
0.57771757464092
0.572153818909805
0.522988808746024
0.40064296667593
0.627926107236894
0.621584617260385
0.579955808494341
0.482147648321572
0.696881745508048
0.543080155887641
0.572700535018858
0.621363889690207
0.684671280349923
0.553135901991165
0.539762080446929
0.606659034465035
0.598037322471575
0.669636510021422
0.511239411163977
0.520259399093383
0.774153955373256
0.642102903709001
0.593174073101946
0.655075538066749
0.565665693092745
0.559312345618193
0.552541431770384
0.706810501277768
0.624774733040758
0.513709989558006
0.612122642825958
0.473263742863436
0.431505255117016
0.644258656387795
0.740913423112859
0.62336520075088
0.644754367229052
0.605855340542357
0.784261641317625
0.486508738526099
0.76988268614102
0.588044473888653
0.767974946710804
0.511380263688203
0.53454771024185
0.507747457007841
0.552031531966015
0.717988305913984
0.718141479062649
0.699413162673595
0.532481847729384
0.676180372254047
0.774472344352276
0.658881082605222
0.538927542076288
0.673552314631683
0.776823882685974
0.562059151525124
0.620272682692827
0.674688008362639
0.610782090919806
0.678635079368997
0.784989231767738
0.535502889724038
0.668222768487288
0.67716360524317
0.646755233914957
0.741397688362377
0.792061319534355
0.647770585952369
0.735645274670046
0.64443647918722
0.579391616968273
0.696607394756613
0.855284839625986
0.669070176069429
0.82869267795358
0.74636689961107
0.796085212320026
0.671114547553613
0.638427190510884
0.627594541608192
0.754997896298386
0.642289133177132
0.860166265636392
0.701547904769023
0.727698451312195
0.795189669108218
0.831995023094089
0.862024954124549
0.843192176773913
0.805468709903099
0.732237417724064
0.746484286335076
0.875781443388181
0.880779161665206
0.759532855964195
0.784931782495582
0.760580635351526
0.826248289515236
0.797864503458337
0.841421808264043
0.67732349294807
0.850647779876857
0.861491431293192
0.629941849689836
0.614229015766457
0.822635991523742
0.747999352652001
0.832944452061186
0.728649990705292
0.744628621453492
0.922860305048394
0.691515067535108
0.806091004044276
0.732943257481896
0.866029264674623
0.768731156442147
0.885702506421486
0.991197364495744
0.709248159684493
0.827722132933297
0.776127875553089
0.918830582600605
0.747865394374023
0.833141315399655
0.934263731161659
0.770031870503487
0.947197158877668
0.799342186791841
0.829235482470945
0.856240461822832
0.888121777506681
0.745250897320045
0.711604433313852
0.81985537959166
0.846650024519526
0.881016376190978
0.630176903912763
0.738194943539968
0.804316279850772
0.838405367846663
0.824919566530878
0.93334356557591
0.814045496693736
0.750910364202268
0.757274267463194
0.967092190158541
0.898639216880869
0.791250899058377
0.909653643381346
0.825566361166304
0.929010246585758
0.794112034010727
0.915011903270909
0.88237796176182
0.930142158985964
0.796557498045561
0.87726113435837
0.897124453340107
0.846215830581313
0.89378736364905
0.914746213412865
0.921108179472034
0.66290432476159
0.83745956706799
0.795419600031188
0.948209722837478
0.869867499612866
0.818742240169323
0.888696445838891
0.801428689721011
0.920650461258637
0.885614548455554
0.889465982996017
0.900916492854506
0.888278955342797
0.999515954232456
0.850310588681659
1.03761660184238
0.941752097009671
0.833405118694533
0.841048524277321
0.915097698062285
0.991619866649459
1.00408611326983
0.939757944162944
0.765945410161579
0.882216861685924
0.91018769576639
1.03607034892188
0.859401083871182
0.904314722394088
0.979012874204316
0.886310817905976
0.926068107578836
1.00864203152721
1.040288416845
0.996124343067912
0.875834388032463
1.01186597128047
1.0852825135953
0.903039953901164
0.973666376615626
0.970018839249759
1.02695168308367
0.94380088015521
0.979012680648684
1.05039314898046
1.0521038564975
0.889978338904219
0.97629717039474
0.987557567808166
1.00207183936626
0.837358506930157
1.04643009848362
1.06123870173415
0.976625021677412
1.0850547156286
