-1.08959426125128
-0.917951138680486
-0.905936740466835
-0.981338369719103
-0.927026993370514
-1.07578493422579
-0.988053542087737
-0.979732528062327
-1.13380184217003
-0.860052436836811
-0.937608109878671
-1.04845517203665
-1.08531898130765
-0.958083330181864
-0.981812370126078
-1.03122680828031
-1.01790946070613
-0.961985250699563
-0.88163093700548
-0.990591749914808
-0.822669704923625
-0.909107494758265
-0.855734595509698
-0.900053909334236
-0.905392365793967
-0.991943716480467
-0.915869768716477
-1.05812045050552
-0.972257427777531
-0.959132823921511
-0.819001562430144
-0.856351530454572
-1.18295720803937
-0.871796626812716
-1.00890033909959
-0.906230095689296
-0.979276996271399
-0.908887208948176
-1.11672517351505
-0.922403830912188
-0.783659107760661
-0.959271488231848
-0.944242396048633
-0.98241575297163
-0.878019133319003
-0.916645367845437
-0.877458001035371
-0.940065386367365
-0.892392634119301
-0.935623102341873
-0.96525932205227
-0.867178926685073
-0.85259312511482
-0.826078877617589
-0.776084646922118
-0.800667929481447
-1.02577757973148
-0.771544555333136
-0.774104719840974
-0.755388030434923
-1.00166769273427
-0.805465444019111
-0.900003399902926
-0.793010088707747
-0.896050381702846
-1.02738741515754
-0.780925573531624
-0.830665045602924
-0.773748908033989
-0.705920734107476
-0.697915556298954
-0.746247959775912
-0.86434038042139
-0.993335390553504
-0.776127058628843
-0.919854149707906
-0.820572173882487
-0.943340321273639
-0.804402054155203
-0.866556723746429
-0.81578937871601
-0.832377828992034
-0.958395639832173
-0.805657330688045
-0.786028400249618
-0.767161098705865
-1.02471082456222
-0.885553612224565
-0.896663953410272
-0.764063107763402
-0.628613038563775
-0.659706962563354
-0.77503139934907
-0.931291559497288
-0.767387307514965
-0.781554624948063
-0.889832433128922
-0.871796020963067
-0.812966794064248
-0.804117623044483
-0.831057588827488
-0.822619708862066
-0.82970207024192
-0.850247519135552
-0.779517061145459
-0.70189995908006
-0.895339647927751
-0.730465393678502
-0.749855005908237
-0.818806685119483
-0.63130809593385
-0.958189520884057
-0.692251456488828
-0.832208873673095
-0.763134013659749
-0.786797008731224
-0.896819140136018
-0.709055791615102
-0.746342890037044
-0.709362899659006
-0.783746259710421
-0.7588745273834
-0.796152740456371
-0.658391744542119
-0.725912902412704
-0.780494149294727
-0.569693043476095
-0.703608132563618
-0.801307610691814
-0.739896461042804
-0.517377427853043
-0.66132249079935
-0.778886504114055
-0.791383730611889
-0.648368631038197
-0.721362175210919
-0.682991170036505
-0.616550755737456
-0.707309967240653
-0.863502748050097
-0.713883814393185
-0.686855233777692
-0.603942728894419
-0.653784287757391
-0.662669897467905
-0.65140427718949
-0.614285514845551
-0.686457760626287
-0.805808720863378
-0.680055953927425
-0.767173213495095
-0.723690594602154
-0.663659393244791
-0.7878607077549
-0.512172089428568
-0.645209999489357
-0.779402373309642
-0.723485869437279
-0.642979886753424
-0.734903993292133
-0.757059396572678
-0.538066311217434
-0.70689778424921
-0.589022279925206
-0.847269080678365
-0.689956985582457
-0.665653242831485
-0.627856376909298
-0.633828977727085
-0.754100841779297
-0.747875493599021
-0.554370201262694
-0.674252501677386
-0.646644049139776
-0.463628720032596
-0.739006258455736
-0.606125885224231
-0.729485088854488
-0.543935466697728
-0.495685062927188
-0.591321522821749
-0.747217348716441
-0.517930893609886
-0.574780666844962
-0.595663946303034
-0.542690308096409
-0.705593900307187
-0.696226426688583
-0.6786459528164
-0.738452275847372
-0.659743033281258
-0.741377888615136
-0.577633937271291
-0.629700042195041
-0.425843872456891
-0.526198879999553
-0.605065931997447
-0.58617221304154
-0.579121326386363
-0.627641380523455
-0.590248453909439
-0.625245949845753
-0.619812183945814
-0.508315225558355
-0.415714575534873
-0.541545379841286
-0.692201312827394
-0.464261183139703
-0.558366793372686
-0.479817394292596
-0.570895267307511
-0.697687017149235
-0.586158040317971
-0.524775890112736
-0.611020923569154
-0.438357232425155
-0.460258982051854
-0.541095217357116
-0.680511041690048
-0.648811077458128
-0.647866120510256
-0.599471403457041
-0.628704377227175
-0.650275629829874
-0.552733512425291
-0.53400995024931
-0.677034123061531
-0.612077493480466
-0.58960553600099
-0.584264589670557
-0.675238170790513
-0.566396293976496
-0.524324537202557
-0.390118413538824
-0.599215854243933
-0.565885463020233
-0.258862870096289
-0.550389205369247
-0.478999347492932
-0.592730567925019
-0.592291621709267
-0.804540671415036
-0.512094138426516
-0.518800599007749
-0.53185947091926
-0.585738349354049
-0.498945062088062
-0.473929546721123
-0.519167637139787
-0.49735352900265
-0.436462279590036
-0.35527900180474
-0.579910988509591
-0.508701192442149
-0.386765070945701
-0.429822631952579
-0.483932005136639
-0.369471845919286
-0.448955445459479
-0.562443841509833
-0.470626779436882
-0.593566894217333
-0.476524853215303
-0.437293914663178
-0.444911924549312
-0.40819233886168
-0.565667136326924
-0.600359334189838
-0.329082093041356
-0.411372344675782
-0.398394865646032
-0.358832574666672
-0.402872730330585
-0.421897948971909
-0.37147068500256
-0.500335556260049
-0.444528287245995
-0.667737579955544
-0.528385795133176
-0.531217245354584
-0.464443334986939
-0.451460086122062
-0.436688984631248
-0.434232071677168
-0.470774944401667
-0.268197373952382
-0.364747473180043
-0.450498438871685
-0.42341615271848
-0.325071614249556
-0.411866873825184
-0.473174932732941
-0.287050269774732
-0.477109739964156
-0.391819073597987
-0.316607392765812
-0.433890602404191
-0.327823682885703
-0.42060774486659
-0.341886955453194
-0.39753255432165
-0.458152225280288
-0.356195388556757
-0.216864362374889
-0.179267956916687
-0.447290802273948
-0.374897023005445
-0.390038635949052
-0.42580003467882
-0.456198819702606
-0.322616884356316
-0.401282929079691
-0.153687108695474
-0.361657391465179
-0.263573606358128
-0.54424888993133
-0.359933518980831
-0.34120141009127
-0.437138641530401
-0.263260906270553
-0.371030095554594
-0.368466907198601
-0.336061225867449
-0.340847883725803
-0.349413947783403
-0.409715662347531
-0.390688732505273
-0.410178555782523
-0.320301676873815
-0.302943212572973
-0.39332952317941
-0.438812858564173
-0.353482418440782
-0.373105247222658
-0.357427954965256
-0.333957694912167
-0.431778425224954
-0.284677965215461
-0.28032757323865
-0.245315135510018
-0.332973696155469
-0.331142274678415
-0.423988383699421
-0.38661447631179
-0.388263020079438
-0.296020197738571
-0.357894832647824
-0.204553354164178
-0.220246679460421
-0.252491305912687
-0.369681140743793
-0.199024836066246
-0.203454399282948
-0.344315467530385
-0.308467605459262
-0.175073369250774
-0.220503643864071
-0.216095718891164
-0.4081307610184
-0.174134891678535
-0.211749214374478
-0.298873972581234
-0.200765109130376
-0.164666724919714
-0.304760460729837
-0.255010982924864
-0.19777862742361
-0.206806541392125
-0.379266129582859
-0.31735867577753
-0.236771541494074
-0.415424067454409
-0.303159752085122
-0.233448557880352
-0.430054542222349
-0.147104362777534
-0.244130120409596
-0.140795770787473
-0.190210557307536
-0.328129216665675
-0.28446177135449
-0.257092260687185
-0.33525890219711
-0.300010449935637
-0.199152952627954
-0.233347679184872
-0.319379186288853
-0.202835420041046
-0.277045088623997
-0.103160675474358
-0.242687962850178
-0.220272698523938
-0.178569167081523
-0.0752657890215944
-0.112045631699599
-0.117407352668675
-0.0828005696419185
-0.318216891778059
-0.177284078993238
-0.301577096939801
-0.338104134466957
-0.104189074129487
-0.277094318317554
-0.10021919311149
-0.168515226108301
-0.206824934540924
-0.179392564668866
-0.112681686653112
-0.130447941306014
-0.285602885485143
-0.211924511634312
-0.0933614511733364
-0.0713949136851273
-0.160380718365812
-0.210798162349516
-0.0980308319054141
-0.19915461143098
-0.27686282433714
-0.172221148945509
-0.165219869352327
-0.137772957623038
-0.232518400925478
-0.11430658722937
-0.155832963483935
-0.273093003757843
-0.0736295677198985
-0.12942964576906
-0.236569082224311
-0.173402788349134
-0.152370549250433
-0.135740709419648
-0.188592490210551
-0.11571366643895
-0.20961751811208
-0.170918174025258
-0.0663175312914357
0.0160843540015303
-0.115607345274849
-0.0338675537762082
-0.262132574366318
-0.156336386663428
-0.222948523960485
-0.128912752078893
-0.0825168517242288
-0.220986655516588
-0.0376690146200172
-0.0147044303254533
-0.225479467986012
-0.248622193636488
-0.293725343803226
-0.107766851321566
-0.10203048656692
-0.172731636991515
0.0159170464037862
-0.0699320147185648
-0.114398502460959
-0.0759914945269336
-0.0162309792676014
-0.131776409218548
-0.158985874068504
-0.096756479225648
0.0140019643116767
-0.04006425468832
-0.0889839503060392
-0.0741097735344681
-0.0264062711701522
-0.0304297830180065
0.0800395615115723
-0.238254150399939
-0.202726896355511
-0.0998689032460311
0.0258830907897647
-0.121287213040248
-0.0626907050036301
-0.0918056662263485
-0.082940770646584
-0.0858609181853678
-0.00638210298865355
0.0782724690839429
-0.180206927331442
0.0637937623564487
-0.184803077918777
-0.0924213587724324
-0.19420021033706
-0.0245478999873788
0.0789070855522302
-0.0952945295675687
-0.0668237248081061
-0.0033781778314584
-0.048109741902651
-0.0150256879007518
-0.0333977738433908
-0.129346612826246
-0.0204409716821342
0.116641008009561
0.164207025625126
-0.130090687645267
0.0145675524779509
-0.0167779792213931
0.152117205660591
0.0480639201113717
0.00509950822477515
-0.125806349889533
0.0361943845055924
-0.0427439663554405
0.0676465787700025
-0.0339739470000313
-0.0277851943704853
-0.0517891718795212
-0.0430155715867665
-0.136949081682969
-0.149295808879741
-0.0142828080470348
0.0144741717581685
0.0796259226943549
-0.0606776919032386
0.0293643985750965
0.140985654039544
0.0973195705774642
-0.0293323050700194
0.0375931070976611
0.0833783497880551
0.0592005863604653
0.0795968324452727
0.139645139846454
-0.00806297483340009
0.048343159023102
0.0709058454273231
0.104777277029417
0.0545325657855513
0.050866985309804
0.158319619240193
0.224377923458486
0.14413366299521
0.132439202057859
-0.0110759533951102
0.166624345822315
-0.0416159194976694
0.071007569259552
0.169096016876091
0.0371572072840528
-0.104161112129322
-0.135530079762629
0.0458245479597603
0.102326940339458
0.241952163768148
-0.012289190477809
0.038416105613172
0.104805864931084
0.159780430329299
0.134268996345574
0.0728153722264687
0.126147308667276
0.218526048454563
0.000213570749133357
0.0169432322110568
0.258307901998029
-0.0350929032178634
0.12281524298846
0.222996420815967
0.0908853824041853
0.118595898984959
0.22791892448668
0.244113929300899
0.173928926087021
0.0863191075053024
0.12298295882941
0.0777436987078552
0.236774872756894
0.170535906622039
0.0512343450318118
0.272520857524048
0.0261075114745934
0.0604757781717268
0.188784376004533
0.101990003268242
0.157146117458503
0.0950935378785858
0.0831723343558587
0.13251723908909
0.130686093551546
0.0694066156645889
0.288897162368106
0.198260990324572
0.25367062010018
0.0241942705785957
0.019678314850034
0.225550756096734
0.00748503583551992
0.349319883555798
0.153346244761891
0.205348761265752
0.20416312194857
0.247388290606809
0.246009926601527
0.18179080757107
0.174505821293546
0.170155868892738
0.233828870614207
0.309119341947078
0.283686051111573
0.134679620015166
0.136076717878063
0.122179677127275
0.26161118078394
0.316629557887508
0.21140977039959
0.188363960881963
0.148537492260503
0.282521382487255
0.281044815915343
0.218752987429782
0.211971316800452
0.149664960883825
0.268911904137027
0.260109871209066
0.153426912216357
0.119234440747988
0.264653387346734
0.233960545277772
0.189940949507786
0.246798036173958
0.195656594113941
0.232474261254553
0.246259913799358
0.20504764876515
0.17031157607839
0.279272578968994
0.364437715472287
0.298551590101113
0.365923509187222
0.243750313606438
0.321877392455388
0.255254058712681
0.0489794844230033
0.162155937689412
0.396953247605462
0.0491866395534706
0.257194127480196
0.235722921638386
0.255464499829088
0.439330508201823
0.356738643690523
0.387732350105903
0.30474760412851
0.263007958388372
0.248342066283652
0.277401827116195
0.294747694767718
0.353545949121959
0.513126012863937
0.441903381613401
0.299055780473601
0.165270215608931
0.205899032387965
0.210054495542119
0.439271168587748
0.290394677471817
0.269849107827861
0.268267111019752
0.343471500356734
0.292195914033463
0.372435572749191
0.36857901808511
0.278902576902939
0.301783926420117
0.340522467193847
0.340087421512905
0.302222696028346
0.205393029028159
0.21924948575711
0.355300856403035
0.32977021343456
0.205962735257665
0.518129786750275
0.32611610938224
0.258379427756262
0.388657376072216
0.320867409802237
0.359167927854963
0.44475775114932
0.402173766636364
0.425582815476773
0.118968571400608
0.303424177232511
0.472190758389187
0.242359464397223
0.400549170258234
0.48466536715938
0.397835856665634
0.406066222622429
0.270543381682658
0.357270177531232
0.293512048982485
0.420625777837145
0.539978617214414
0.240584871868188
0.250248958363434
0.39207767939069
0.374925072491028
0.415012955309284
0.36621616382984
0.358048161297097
0.442738024321144
0.280858424517644
0.4676743775313
0.408614503309439
0.403631347842873
0.312671848594036
0.423188027722952
0.352245819361318
0.373236489712177
0.443629294864508
0.429880312979705
0.483313457155411
0.431346992656149
0.375689218241081
0.480708352965144
0.661666397482965
0.570965850906088
0.391029149590313
0.39361270258747
0.45747982328813
0.49158742038882
0.489446347661665
0.43439277316441
0.3663442714914
0.331212756434904
0.592560732211913
0.473741286887042
0.583642257097843
0.323115372060955
0.555064387319053
0.465215896268648
0.383648358699998
0.51429806269916
0.450831759662977
0.4161876242169
0.423492846485255
0.44367515630992
0.570740042076163
0.492673324264345
0.469429133330305
0.55452813027
0.390471524730267
0.457146189649377
0.426156000678914
0.558721552302865
0.387738309841976
0.414336589637248
0.451215680538169
0.415395582949963
0.447166235741241
0.50181391417989
0.341642821459033
0.509208699974654
0.591388204898295
0.576559109358761
0.592197154264272
0.493381960492227
0.57378439303338
0.459199332164776
0.508731484060324
0.538882168194606
0.702026237960558
0.528308837928895
0.513574515362139
0.453371239922452
0.560886339376411
0.567236078264517
0.497182540753061
0.527686889149127
0.578816010434542
0.597968953249848
0.732374460083899
0.649442094063297
0.443458337308332
0.422254161234991
0.71058844518011
0.476709786631639
0.454051246422974
0.593713790165014
0.50587007716612
0.625795646599711
0.556123455137745
0.631715740458819
0.61671445172379
0.640300516021465
0.713302988230685
0.606965128314705
0.528410486027695
0.601529828814529
0.582924154234204
0.488447634253867
0.662389182585306
0.63270202091516
0.605089153833783
0.680949879405079
0.608551121823435
0.482561367735747
0.544041969846526
0.619478829257755
0.551664016901118
0.527638559435325
0.530359074046162
0.610147887079696
0.650405905477149
0.679741534321118
0.594936723904432
0.527912833708625
0.791385840302777
0.613589533981553
0.706900444842082
0.685531202632252
0.713617940056706
0.640984397806494
0.696326405836313
0.503138941119945
0.709773976109169
0.584582141994368
0.47145887653129
0.62716922571682
0.413778511650291
0.502232132314803
0.819689804552621
0.557110369532651
0.759086783307709
0.74543954779333
0.58771922118473
0.558343637679384
0.613923475242096
0.706602488796225
0.768882606217928
0.546659170428988
0.715795736510164
0.433826960106041
0.709083309556295
0.71958994942056
0.677425057988378
0.688874822010513
0.803949011044638
0.653458805138092
0.792053944848466
0.709602351689324
0.58932332810971
0.633205543523398
0.750784976206545
0.716001344223964
0.651606585675144
0.794099778358852
0.598391536106268
0.602761505077504
0.651701119355596
0.665681275350599
0.558022884339091
0.70590511961069
0.664885172244682
0.748723695306701
0.635706052225422
0.688736861541772
0.744309141173729
0.786110799327258
0.673099554802281
0.55658832501977
0.668810841966325
0.743432117444607
0.611771790510926
0.591610033333904
0.683652346812528
0.774452756084828
0.873867844581263
0.707860712940375
0.66715774859893
0.748433514411582
0.68133026667154
0.653174133030945
0.737057332368521
0.76683744383627
0.741452160001706
0.744837358131553
0.965573996358491
0.722173120422167
0.897792604578218
0.833671165295802
0.497581779044118
0.70465824153299
0.869047306124739
0.766478135308846
0.795347777358467
0.824400366001062
0.604785615890057
0.705418259330002
0.800137533438685
0.695129205354873
0.801473749250407
0.879393969468837
0.83346286378685
0.791875383093647
0.726868155223887
0.942885085533384
0.970254920122359
0.64739023742292
0.981651379533706
0.903437700216063
0.757050655786328
0.758027984090701
0.835084153374391
0.952452454416891
0.793697001239935
0.872134560452846
0.876803629449746
0.911586911847739
0.902801792592977
0.909831726327784
0.760191356887535
0.792203703149613
0.92618912046388
0.933309514065176
0.834957649063528
0.877250047967445
0.811798009506697
0.686402584651012
0.860262625690991
0.794639890326328
0.923730892428768
0.764431792268158
0.737114769511363
0.789462061104058
0.887571029381804
0.940527917364885
0.83235542374025
0.736667047909015
0.92696335086681
0.851858266971218
0.971143301728324
0.962409072547051
0.912395095619141
0.813126440449281
0.912031757769343
0.776176178019416
0.697132171366177
1.02365401158921
0.970029207877776
0.845756214647163
0.778244347143412
1.02797223321576
0.904700538588331
0.90743080526291
0.926942119502229
0.866768104466555
0.896574954301608
0.97775203672498
0.91460432659959
0.931125280232132
0.763635702958239
0.917017773927385
0.883489025775182
0.862315713151531
1.08220393240183
0.872041546050188
0.892989717885758
0.875196122956907
1.02980779557395
0.924167551011957
0.902506514641427
1.04288001212116
1.00478168239253
0.993369281869091
0.838070990037684
0.917710211609068
0.750271128688488
0.955774367503409
0.856812978283795
0.949719107925648
0.936204356696845
0.827401500286192
1.06208515702707
1.07008514349248
0.901087024447374
0.874313642203572
0.792022298742836
1.10397495845677
1.02965267247037
1.0094968786091
1.06651963563792
1.04498934613518
0.84410687060127
0.98245383086666
0.870053665394274
1.01328905320846
0.851630124166557
0.969348996629551
0.927504865447525
0.958332400227989
0.904685099356899
1.07115426884425
0.98561663440368
1.00281141239614
1.04061446907834
0.959513475232172
