-0.819470238111812
-0.943434468303126
-1.11110566369544
-0.934417248743068
-1.08414247567333
-0.938045387264533
-1.00043638907058
-0.996712406142259
-1.05799961508176
-0.897436568756142
-0.885140972756955
-1.168030600346
-0.96944151045374
-0.899881356580903
-1.02601342534238
-0.973749580095689
-0.960945577681438
-0.931280405516311
-1.00616034002842
-0.964691880619282
-0.939697034938212
-0.921561305684293
-0.82121900266824
-0.848040710346205
-0.940859093618165
-0.931464771632965
-0.889462859518401
-1.04109715003738
-0.913788946855618
-0.900008952425987
-0.88175951682854
-1.03875258044354
-0.771970586524484
-1.08402290599209
-0.928133970987746
-0.865719005363087
-0.921260237499998
-1.0552981239619
-1.04122427696623
-0.85574771900692
-0.933645831287389
-0.832071689866444
-0.929689226798002
-1.01287485544203
-0.829274218531583
-0.865227398939881
-0.943631196293564
-0.922014565734211
-0.998174372974441
-0.830235145345849
-0.905299312127403
-0.905174674932178
-0.87761181881424
-0.851290051834671
-0.716390270888125
-0.905921937344757
-0.894519694471375
-0.874122549368613
-0.869746579737488
-0.888839794415188
-0.781137719484325
-0.945571124464132
-0.942966326840115
-0.93309045300301
-0.991466752723314
-0.855653080178517
-0.940119848886189
-0.82429195213453
-0.855882823399243
-0.916285658795478
-0.953050282946663
-0.88891204979954
-0.98482924660052
-0.915263159659191
-0.865223165485737
-0.879530380117675
-0.850429245057942
-0.930340410150299
-0.844256565699772
-0.877758781972379
-1.02256970705743
-0.761043943156034
-0.850119053143807
-0.780564954830415
-0.835740232030548
-0.730919454327491
-0.782287696526533
-0.860993507587226
-0.826977060621402
-0.883773966629298
-0.764633635512294
-0.808862939783362
-0.686228789848566
-0.925957415102098
-0.779554335581484
-0.716022029437734
-0.82308751355934
-0.88355673914998
-0.891484942582206
-0.77459213508081
-0.701138308197294
-0.717822590443017
-0.69732229274977
-0.779694151545488
-0.789301677033338
-0.69980291205018
-0.771363111367162
-0.743175577591417
-0.737414815071469
-0.77760920860056
-0.643691433236397
-0.693843663621796
-0.837709536342421
-0.649317215038938
-0.845078725281357
-0.604795917379432
-0.778048609279341
-0.751918872782003
-0.586589088734505
-0.810435522561165
-0.731535208692228
-0.731185643357728
-0.777728056959956
-0.726055269738181
-0.583982837646031
-0.537785251656056
-0.837237172502498
-0.682961116979157
-0.723654144687486
-0.606398096066897
-0.759883636977709
-0.622819027547674
-0.637929738306563
-0.727787907850553
-0.874871758883598
-0.749974242412976
-0.839114459532154
-0.5167821233546
-0.686901606234035
-0.865496572968335
-0.707750475088494
-0.624009985633075
-0.677139527909445
-0.721365261336001
-0.830311499005079
-0.778141750796023
-0.70010015136329
-0.768864874487123
-0.656656703006632
-0.781725137410895
-0.595629379884848
-0.898693856920661
-0.725139314275977
-0.693825261129081
-0.624858573962096
-0.739195943170044
-0.52512077777629
-0.503357468069618
-0.717143479022002
-0.660119464068008
-0.746491477025456
-0.662694683510168
-0.675002017905445
-0.564689110639632
-0.694217513495061
-0.562330998080936
-0.595050039085702
-0.547435131348018
-0.715136773091329
-0.573305772520883
-0.819335260679099
-0.633430463085824
-0.742258300478232
-0.624875081214439
-0.619592368150488
-0.351051726969821
-0.708366025730707
-0.548555118042522
-0.56799746604172
-0.624860770763401
-0.809364292334524
-0.589162864261339
-0.660685465687626
-0.564906394689164
-0.72384722311343
-0.635061905548424
-0.50838675938265
-0.647857868506503
-0.622377806365062
-0.64057617730185
-0.498363230841873
-0.597997128595425
-0.572053695255724
-0.747664023468756
-0.712396105482694
-0.603288084156896
-0.730109218095424
-0.599662076982162
-0.456125251918484
-0.600136064485835
-0.589708602417571
-0.614862392553243
-0.57005532960284
-0.455724221970809
-0.650147932696866
-0.573715533434356
-0.632463801716217
-0.632860971858436
-0.592525395951467
-0.56300754791147
-0.409241762802086
-0.659602112166326
-0.624392619905357
-0.356938211161619
-0.572068587295831
-0.642981739185166
-0.614143620866337
-0.602785745095809
-0.6241824881218
-0.632363185877614
-0.558177723207069
-0.452727199415227
-0.453959912476167
-0.497082087114012
-0.552935411686459
-0.625692296610579
-0.552845742327681
-0.496646477587009
-0.56210590154325
-0.642309762825185
-0.483124850836508
-0.394044146246701
-0.525432225016557
-0.222483849776266
-0.45875444459861
-0.596584701181704
-0.445774586337632
-0.528116986300535
-0.616008930775601
-0.430541307682199
-0.461640797837577
-0.634613520718461
-0.69378316990341
-0.545001344184481
-0.503394885611747
-0.533810714653958
-0.555392807664022
-0.517102308186671
-0.521012736898748
-0.338795377651749
-0.457515272981557
-0.517288596383277
-0.579840636769721
-0.505193252868902
-0.527029829549387
-0.334189874634439
-0.494787256658776
-0.476861347380584
-0.606251254176305
-0.492049314809205
-0.43420589259249
-0.43882233822436
-0.454669950524432
-0.493079233010277
-0.477657667663914
-0.485554126169665
-0.542849868473646
-0.399083171862685
-0.44454163048871
-0.345309518488812
-0.565490690288342
-0.491521153220892
-0.404604802236614
-0.435890400135245
-0.419821895986353
-0.286715863580542
-0.349796190381916
-0.67285042946972
-0.369269122462807
-0.447995059994686
-0.303925534285301
-0.546080122312315
-0.449190293969092
-0.495366913357431
-0.368829874234272
-0.52709458942639
-0.273380564444977
-0.519108506791515
-0.508931413947281
-0.547441097964907
-0.346896306404537
-0.403371033062913
-0.485518421883128
-0.285102498049244
-0.46034212985855
-0.411283192946493
-0.416684283672693
-0.335789828878675
-0.313368838883102
-0.325699836411411
-0.433632650001609
-0.390173346837237
-0.365569092364316
-0.229086555988503
-0.385174152798384
-0.405479470287425
-0.376218605950005
-0.372527814874645
-0.397908845493063
-0.45034339418608
-0.310894301078619
-0.329018268687462
-0.357361298033254
-0.340447557463223
-0.460050266229621
-0.424090774749845
-0.368945049869776
-0.304359507718147
-0.356336963124292
-0.311972473847062
-0.192346604499512
-0.41675236381821
-0.525638847114073
-0.447512711752428
-0.264261173098262
-0.429764490670032
-0.362158077092322
-0.36573878820977
-0.290904211301006
-0.401208386783354
-0.379097014004903
-0.239658356320863
-0.25476697029709
-0.323201163261345
-0.376341516386226
-0.335342680670686
-0.240791003568363
-0.426347931748779
-0.289378224013414
-0.355071568463676
-0.297524751529225
-0.276741399230671
-0.24632687313339
-0.287316932493596
-0.203828725129383
-0.19346501607593
-0.185561753788918
-0.333837765064522
-0.322341199377608
-0.250688689074272
-0.38040199452884
-0.254364979399073
-0.264956749243459
-0.361160731996344
-0.230330675929974
-0.173754272765159
-0.154116833492659
-0.335541559474823
-0.176559139019389
-0.187221538013152
-0.121314869172661
-0.311702506734284
-0.350474128906038
-0.323366357249003
-0.266331058348759
-0.33190518456288
-0.301897222953368
-0.122431964870387
-0.108528057878851
-0.328151563254538
-0.232364752739441
-0.045766446073292
-0.29760592490954
-0.257038044452783
-0.12255774877939
-0.303332340480809
-0.240826382043749
-0.365914421536172
-0.284479453441297
-0.11989788324518
-0.274112550220031
-0.289188257914573
-0.153222323017804
-0.154421344725524
-0.0681090932137725
0.0392882826802329
-0.311968080965293
-0.219783525372
-0.18706438451049
-0.130920218505753
-0.252176276623213
-0.139708155858347
-0.269358094061609
-0.322312996714198
-0.112232868184198
-0.218713719724425
-0.123491460948044
-0.161822359087352
-0.411471316963592
0.00675661637957114
-0.223874015377425
-0.113970863278483
-0.23560233870575
-0.264857024654119
-0.18009814970206
-0.334522955665103
-0.145918842963174
-0.150014055282269
-0.207895070675491
-0.256511451477606
-0.383125474896247
-0.198564986381592
-0.139926270682422
-0.188574894632453
-0.117332261505341
-0.185655652912079
-0.124585195831565
-0.117729307931664
-0.0650372588227201
-0.244195369676303
-0.231003653063526
-0.0576619146330203
-0.19693788425411
-0.0382146202418146
-0.117332683860846
-0.113435224492124
-0.11408760219796
-0.133552030569237
0.0835340649548237
-0.125271787153367
-0.311743854724593
-0.193924774935883
-0.116547558031756
-0.142637066733909
-0.000502644004606535
-0.0881343853923064
-0.237755874594434
-0.14679262169557
-0.155919098686292
-0.0945182094866821
-0.167332034426261
-0.132594646244699
0.00810511769078253
-0.128275788848197
-0.102623023997021
-0.102730148762922
0.0518207938359452
-0.158567837572964
-0.105746646696705
0.0500313082405805
-0.0838738333842408
0.0582159631987264
-0.0245206046821635
-0.119025741044391
-0.101525733760036
-0.102848206412615
-0.153261359119141
-0.0378668665849719
-0.121843498271392
0.120245304088721
-0.0491366810082599
-0.170612395511339
-0.131561124450171
-0.18230482581396
-0.023254634407916
-0.0186603598812243
-0.00574909800295458
0.00704261881401793
-0.0846835095683054
-0.142259121110692
-0.114855606570147
-0.0353697247500796
-0.0787428800886667
-0.0350596001749951
-0.127317567827889
-0.0964075236868154
-0.00750755303466031
-0.0962213359114113
-0.030163418490565
-0.102502983993044
-0.212880155285133
0.0783358930319965
0.0542754617686913
0.0597795826887317
-0.0422526223989997
-0.176549915330245
0.0723849029252334
-0.120406835558858
-0.0595380842766694
0.0149068106558275
-0.121069453099512
0.122457571927341
-0.00623966319055551
-0.00440816946620946
-0.0983238125777614
-0.0288734237150269
-0.122732255227631
0.0134427023976838
0.0633490070903069
-0.000998848484200581
0.21098844144165
-0.246589107402969
0.0726671568524383
0.0169739481913951
0.120563797064393
-0.0202695602453225
0.133636895809042
-0.123736637465229
0.067448728682258
0.0523444652921637
0.0677802951019499
0.0698697997503508
-0.0856906630951644
-0.140542027049877
-0.0589873819594532
0.105357034017593
-0.15425590354495
0.112282078287759
0.0493174512707111
0.0419561147124337
0.0458042117180688
0.0622833756706127
0.0717161529809081
0.172249996040799
-0.142144725903333
-0.0301055697436777
0.14826832871117
0.0653496574175788
0.0848705317276336
-0.11309107888765
0.0370178025790665
0.168470739539577
0.0749411561106799
-0.122383308657035
0.0278422124832696
0.0996234330780091
0.00212704538098339
0.0457563268471725
0.0826117898518106
0.128939058948812
0.162204826396435
0.153769570705902
0.0909794175557187
0.140473223150329
0.118831882236467
-0.0643437131051377
0.2413297199782
0.0845593851083652
0.0159111148868946
0.0546200382266312
0.194799774998916
0.110980164054313
0.148598002473374
0.179079795714897
0.129733676911141
0.208004366730071
0.0511744054052759
0.165420366474371
0.159972235391203
0.246903667742295
0.132045648600553
0.242559112361631
-0.0188897280056893
0.181690136722591
0.110504657967107
0.118859252182741
0.138937593469554
0.0296437038291541
0.0726871798467675
0.219980045812739
0.193012838654441
0.178948124171744
0.23934700716525
0.24944616705536
0.0733914426765819
0.15961939074497
0.138287020484386
0.0787253986323893
0.122294165742568
0.230055306529988
0.258177305465341
0.112556286725209
0.00647370615156042
0.180270933504927
0.0828952647360513
0.118783451294574
0.109521071450342
0.1576094434357
0.176867589416795
0.19541023059962
0.300930306976078
0.0912101442429224
0.187259911124722
0.300129578866434
0.298975756535218
0.184681174970955
0.0465708779690526
0.131487016572647
0.489801735039348
0.271486259937738
0.141337568348832
0.0783764696469511
0.19333910990105
0.142322871742447
0.211003958750395
0.288233278078342
0.162076197668267
0.290574855016554
0.233920210609159
0.328585040577628
0.0704909457825997
0.179600451215033
0.102732326088317
0.166638425777914
0.179104893386877
0.0852371532298557
0.38631034849008
0.295876860586066
0.260342765147461
0.334330757741054
0.203228579791296
0.308608318478251
0.351300889804841
0.267453444793944
0.260452255720347
0.185667664767868
0.222549973472056
0.372273474908839
0.231626085922989
0.316729220329828
0.299799161839372
0.114941656209637
0.282667567672776
0.249866617385544
0.325118702878862
0.16652832188951
0.208380120412229
0.122659886799889
0.372809906033811
0.12713031985107
0.3501312590901
0.282863828511093
0.36899528864499
0.270789762528379
0.444716744115217
0.399177490592394
0.325509779685717
0.302047075175436
0.202694175647875
0.311714598023022
0.383549658871988
0.15937335220719
0.240927576552662
0.290282301484188
0.320031068813641
0.318943037823852
0.30415722371444
0.170145973125375
0.397331619490142
0.438891412480764
0.250119705202986
0.398436459364593
0.205832227373
0.228222870901346
0.197139327027078
0.379686233140943
0.566918827846342
0.256262734384462
0.235324124523282
0.320430530808383
0.384022339908738
0.358361513990044
0.455653997412995
0.362674017276017
0.411732629735102
0.230839672700558
0.265554722977292
0.440698286567985
0.339178411656152
0.27669899176796
0.477320435855567
0.464767001542028
0.320955897636355
0.324367112337402
0.307957466258786
0.320565543635942
0.422843070018964
0.37543410607893
0.362444269206801
0.322021190902316
0.343481884637663
0.281209426642257
0.36536171573606
0.379439182654373
0.265994781396663
0.357047081929397
0.304679857888549
0.227976592706662
0.515317526252825
0.432119878149362
0.442613404111471
0.464588841005694
0.58761083536038
0.355936106525839
0.248561375440233
0.524095057261955
0.444064723037693
0.360606265785515
0.50674964159268
0.405582947957202
0.581894771302905
0.324255967045754
0.383179161669146
0.474433810717839
0.402174015269412
0.390540223591488
0.447722889643012
0.465733787781853
0.392901317877992
0.390773712898332
0.414782408057854
0.65848870534091
0.451323155583294
0.549686648580658
0.510735924904617
0.389228542352706
0.627325605167127
0.613180781355635
0.420830069311759
0.528515594716097
0.376644847306101
0.315752538728182
0.499007270284042
0.460560563247737
0.574015116424824
0.347940214569176
0.379332678670987
0.422040545860365
0.368412711575968
0.369743571462541
0.552645140001494
0.478199747539288
0.560401310631989
0.485172759401045
0.425708690881493
0.481242492263497
0.576523436112171
0.533280360877115
0.637487208270243
0.493227550577767
0.438066854248657
0.624624897539853
0.557761315384642
0.450712631485618
0.492708293305143
0.476045873806459
0.458654848625189
0.424760402333457
0.593179790965955
0.622715098545338
0.635084309808099
0.619634800802143
0.56116921640932
0.530227366850569
0.604740439922622
0.624545237729486
0.588680515022288
0.551476620779068
0.574934012621507
0.516085735075329
0.545822984622585
0.536549795331662
0.539231230821095
0.522562649183555
0.447307490007711
0.591981394259998
0.590000721791318
0.643823004079381
0.585156202150313
0.59283987888114
0.527584957935139
0.567355183591696
0.483862729117432
0.614050707470087
0.526877985812572
0.593899589480879
0.577498484891617
0.490231203007436
0.585797266543272
0.497790808298241
0.554832932364408
0.524504615634041
0.63269315693647
0.633881643792441
0.629700905139773
0.491516394629711
0.479336868534487
0.536579727236871
0.52467090005163
0.797029788894713
0.69550442172619
0.420203240235301
0.505655888493237
0.684212072341601
0.602334336053822
0.419647657453414
0.613788987864892
0.611042998628008
0.551235911792826
0.572807513169102
0.579065256194127
0.735329316352515
0.570572700750345
0.557877675991154
0.634267618357946
0.623486907258676
0.544792889238054
0.572325718498759
0.745988821917299
0.638830612543372
0.556524074086816
0.694684226516655
0.699121090663174
0.706150934248248
0.569956432815806
0.70081439482233
0.688543363796526
0.483749626349681
0.544343800852123
0.51264400136817
0.599496650538776
0.711618744408076
0.567016280642574
0.745231938508777
0.702774195597728
0.662409974568899
0.860547567942676
0.637561791012317
0.798766592898716
0.644115928407855
0.753383094342458
0.650239461833075
0.887987670287119
0.634111550699086
0.506442862604798
0.729196578333323
0.797286583377756
0.637057061112176
0.734707007471108
0.58288484249226
0.558822622834942
0.800241690868704
0.686708772244173
0.620838290904889
0.698047656696674
0.948195777840658
0.637853861970177
0.785584369088894
0.763786221181052
0.767667123454406
0.884169672047968
0.635617558427734
0.808805272770851
0.778672484717469
0.662662434570214
0.66074939460784
0.742828222307789
0.60137337989202
0.629763841309058
0.727241209037195
0.584156202971404
0.68694917502932
0.817627704463443
0.759910374008272
0.921817807209887
0.795422496886484
0.765348898057868
0.675315805326337
0.924508722017965
0.895327563117753
0.697141345618028
0.822069768540703
0.718125393271076
0.785125571286813
0.80908735874158
0.683646412939938
0.734023076560815
0.87676780742756
0.691643759928577
0.661661691543176
0.910060216180619
0.846054000877063
0.75694226957523
0.842450519116118
0.780681777318169
0.742919239802263
0.888801193816475
0.842096924574912
0.8797788424259
0.802504808404649
0.702938679516823
0.667599898692152
0.797156668449603
0.820099875681153
0.88870795845632
0.967389929562472
0.907408440340142
0.835201917812048
0.807256423988303
0.854531544010338
0.864787399567406
0.768666828664033
0.686920750367207
0.907102170716749
0.953245236768975
0.99042044700162
0.876009019728176
0.944655563867144
0.882144710129067
1.00358790914884
0.765184802590247
0.961934122865929
0.941727380628611
0.878511848620474
0.825057094397659
0.846469412536734
0.802850329734907
0.832960361775674
0.998830583014791
0.875850346997566
0.926905950966577
0.811858824746286
0.81885248845225
0.990182658483687
0.923927807385746
0.834832540224837
0.933164037726911
1.02846234121777
0.881645475596665
0.970427975000437
0.953845268387539
0.822608320473611
0.874723120387367
0.962639191161606
0.911653054052859
0.841952105423392
0.944421037491649
0.865196194105766
0.8797171464649
0.883918048194907
0.956530265463871
0.812227294613113
0.980917334516953
0.87051959258673
0.825465856789568
0.996909105817274
0.899908421719595
0.872527120398735
1.08851732650665
0.910336309201222
1.00851227066735
0.881870810656667
0.892677937402791
0.831161278486535
1.08947315783859
0.994055690173659
0.753138345580986
1.11857920108356
0.983177332672475
1.00048713815001
0.96691489216761
0.941133534027305
0.917288829386472
0.952600115418998
0.853728376508993
0.868647609187458
0.868489062180365
1.02532197240505
1.02829476710354
0.877623377550892
0.784416413187816
0.936147850984145
0.970860139353505
0.868923055782144
0.972854410662387
0.926843137920585
0.974079513346811
0.932620165013052
0.785702678598197
0.975308156729396
1.00371612306332
1.05864987181329
1.05295952680944
1.02551478649431
0.9916244449767
1.0450173174664
1.12581079134327
0.968882034296074
1.01816991275197
1.15490545844381
