-1.15091048315905
-0.776774732856744
-1.04597646840146
-1.04979364187743
-1.0505923758279
-1.05615471285621
-1.05709340157791
-1.15094177775982
-1.07005520051016
-0.810941630698464
-1.0811307689145
-1.08897819834954
-0.897685826618725
-0.97418798965499
-1.01155091280002
-0.996187249438626
-0.93902248872823
-1.06964123485967
-0.996758203914915
-1.05784715170504
-0.87364084538492
-0.9722572011632
-0.75234913035769
-0.904857776830745
-0.895813539560335
-1.02547377524889
-0.933230758430269
-0.972566342299921
-0.995924605880186
-0.966738812658594
-0.763764151455037
-0.966358843351669
-1.02452750666038
-0.907658871041442
-0.846480977447074
-0.854250110574772
-0.844702762616498
-1.02078550092465
-0.926654635482705
-1.10374769068025
-0.723133705161271
-0.941363654298624
-1.0130512577101
-0.902001291121118
-0.963208696051907
-0.975464834596412
-0.880881009773418
-0.780636839747761
-0.865520881681472
-0.904174914759457
-0.855575832199683
-0.969528621758358
-0.73054439565844
-0.821366365147953
-0.90529092082517
-0.894578383294467
-0.940094509518366
-0.850691246939426
-0.810807525534367
-0.864420419037639
-0.928767943426153
-0.919410380183445
-0.746746912836709
-0.996131808401912
-0.752427027730481
-0.934025515291912
-0.884415445375048
-0.976792310076251
-0.741344977840516
-0.814369815516158
-0.831786437912051
-0.740845435894241
-0.91014297125472
-0.757795624781475
-0.827728542313936
-0.859144804026963
-0.878986648180996
-0.924655525203485
-0.797701112173413
-0.74899484080132
-0.873278818482071
-0.745990276365383
-0.792769199097855
-0.882990549844082
-0.911943394553293
-0.78096426880964
-0.822465463818592
-0.849026382456844
-0.834725362083131
-0.866088999835914
-0.87793975087394
-0.847909745572463
-0.887636591386224
-0.80145219354131
-0.799847361758071
-0.819861692928344
-0.781568567330175
-0.869739201320136
-0.854617849987892
-0.701744756128711
-0.811930155694095
-0.843530926021167
-0.853666182895543
-0.648725409358449
-0.666465241939076
-0.969559713582743
-0.926210351232088
-0.582045716406596
-0.82340352122973
-0.709403942849092
-0.73243843100991
-0.859820836183528
-0.765378024036638
-0.614216595762264
-0.744330964741988
-0.852454108096059
-0.745249446082954
-0.722789342826692
-0.925641387376777
-0.772561534710147
-0.639941723485887
-0.853817425363941
-0.883524435961625
-0.719829050554839
-0.600007142897558
-0.83034996036348
-0.805315086093254
-0.584522963387147
-0.713492728653621
-0.63321180231397
-0.813071566432122
-0.760045379941059
-0.779452055349221
-0.710498360182957
-0.717930658183434
-0.706366159953496
-0.659076593433652
-0.5698176986254
-0.529628976839419
-0.778090718851875
-0.751596570669109
-0.689784543694966
-0.770097681430431
-0.76008098644569
-0.687507890344829
-0.762686105276068
-0.753121639795713
-0.827537874774455
-0.773142813463864
-0.571519115020447
-0.671675210540596
-0.783580764068693
-0.743501165254718
-0.759410594926948
-0.555278171167258
-0.650765474017851
-0.768349545785181
-0.751440973177621
-0.817610721290349
-0.668815635117771
-0.742753548839897
-0.635751151102821
-0.788736949250456
-0.591538857233587
-0.655551703422095
-0.689257241813472
-0.702476954860458
-0.536426228706276
-0.772317310067235
-0.798962979142796
-0.743656790979524
-0.590676166751545
-0.633263478371895
-0.552579896205643
-0.556084039572983
-0.627551072497806
-0.864816889070358
-0.602518010822261
-0.575672960506165
-0.724322275518247
-0.586310196180212
-0.461839754246773
-0.521014968002468
-0.716901997283359
-0.479084552464175
-0.524258877074153
-0.520931677893097
-0.628567369173642
-0.696394848436834
-0.575468327020061
-0.605576452735052
-0.609236343177142
-0.561362519503748
-0.595901390759568
-0.524411175366826
-0.604324777311395
-0.740636627260402
-0.608042747359972
-0.675088408197404
-0.529021689019234
-0.672364346189917
-0.46363448649646
-0.728527042132201
-0.504576764221949
-0.565587446632033
-0.558664428266643
-0.578387756983464
-0.475438010326431
-0.48335194267361
-0.601534626010295
-0.59129209334013
-0.655373307797912
-0.451554126432782
-0.503436147624777
-0.65577767538181
-0.518308118423382
-0.498891746843807
-0.683108764033539
-0.547995656874952
-0.533229323821556
-0.498722737221332
-0.588223881604493
-0.536508939244427
-0.658254350766494
-0.619522806862502
-0.557610581397982
-0.61833648549909
-0.691535561196015
-0.572692675850794
-0.558348292087016
-0.600140640583138
-0.760244673012195
-0.487430104338469
-0.444023905613498
-0.441392195749259
-0.472769973596272
-0.426961750675688
-0.58506554528522
-0.532940393826424
-0.561210486275912
-0.71276948702873
-0.30794895879337
-0.458921934517321
-0.589824758802832
-0.461078417955133
-0.449348458566829
-0.531812889834853
-0.484527315505361
-0.458234362051914
-0.431862145608949
-0.529472880753207
-0.504907176137335
-0.445887284430821
-0.630731646108775
-0.497302781685475
-0.511627483992424
-0.383379921758489
-0.449079558271958
-0.496737524223158
-0.457124003855949
-0.643946030347638
-0.367609010795048
-0.536717315012889
-0.425454677921244
-0.430182210173407
-0.607763165100551
-0.530259477551554
-0.488470250003628
-0.370749636144833
-0.421165800820367
-0.512980367697687
-0.480801418761269
-0.424411766485101
-0.310451944760722
-0.545041879582855
-0.426641503383461
-0.577722904383203
-0.514971795008395
-0.515367431646485
-0.353386515110242
-0.297643185271782
-0.436793227977464
-0.449424842562608
-0.407265476498085
-0.392348095120893
-0.333141345920188
-0.424564506721737
-0.307987213460886
-0.58510134090186
-0.369929158625016
-0.507285809151
-0.588419465912599
-0.430972128215926
-0.342285660436996
-0.574592892244969
-0.409335654567177
-0.471062920178099
-0.352102800609184
-0.280128313759954
-0.33538631473114
-0.40225590239873
-0.406026639839004
-0.325671118991675
-0.39573239341961
-0.39382892819992
-0.442385718271077
-0.436845198666584
-0.376676737864493
-0.391748659902434
-0.397638182286955
-0.229118826572977
-0.278064390611525
-0.363781162593289
-0.436817710315241
-0.412513513902316
-0.495784178081255
-0.227379682011326
-0.441886091006093
-0.339604781872636
-0.378265218050536
-0.331512731405728
-0.380375663616671
-0.341347233219246
-0.373030074374576
-0.30011507348262
-0.332841799397116
-0.435868047017809
-0.381004405682532
-0.405634143617973
-0.420058583957052
-0.335144119427499
-0.374981919448021
-0.209039955425484
-0.194926344611451
-0.355265921850995
-0.325257018524035
-0.259441619173779
-0.30316457433583
-0.220465498533161
-0.28431573283913
-0.358823820353438
-0.282177606811933
-0.254641173856837
-0.341234720975328
-0.336056284185742
-0.276670673949886
-0.448590313368536
-0.470573932976908
-0.297472708124194
-0.242973417420612
-0.351631386483488
-0.32679924989067
-0.364545925946252
-0.339335873222779
-0.370622392448319
-0.342316036453633
-0.205405807775228
-0.323150507033612
-0.361214668024569
-0.239445677320757
-0.24688208377758
-0.210617136854041
-0.309082573378408
-0.207364232000399
-0.163795275279055
-0.172713120808897
-0.193044161689309
-0.307816153386707
-0.212911440432931
-0.281998197768416
-0.39383853363753
-0.233250579797178
-0.148849048529268
-0.146440342787253
-0.349156767362834
-0.386348654210456
-0.282546150876753
-0.364924222493356
-0.300331211970708
-0.312643162443941
-0.273153241618076
-0.332361873739873
-0.184139635758368
-0.235338497058794
-0.192104785102235
-0.236899880559137
-0.271125715247786
-0.239626820330067
-0.235942897252193
-0.191142882340739
-0.173429318263389
-0.250293402952505
-0.271932912615066
-0.168976863389118
-0.191533616102285
-0.176022426838342
-0.317669374791132
-0.209567273870085
-0.18774416377652
-0.142120831200166
-0.25186098396805
-0.1009613847669
-0.167695023483539
-0.208562148180683
-0.271983555250882
-0.127121912602033
-0.203831124175769
-0.255904768240508
-0.142970547349676
-0.0653640090298418
-0.173730504228041
-0.310805222092588
-0.162229919491548
-0.199541950705458
-0.240139857934595
-0.172913213375913
-0.159905398484531
-0.170082072192045
-0.197218226575998
-0.387666726960311
-0.291893068127796
-0.181195110715278
-0.0733082308434345
-0.000329062348725308
-0.0521769857195179
-0.299526511746398
-0.0569052708271812
-0.228522492226239
0.0292548953612177
-0.100021793804125
-0.238826552080959
-0.0769105388667657
-0.28451841162233
-0.0894939394894447
-0.121144341700963
-0.0487575593931366
-0.278090753216584
-0.072186805061654
-0.18404868972133
-0.237556346945369
-0.0356936468275577
-0.249316649555994
-0.0924153886479232
-0.134034712307753
-0.120036224167765
-0.0965790206264556
-0.203929302232347
-0.225558707371193
-0.0877140359085083
-0.268734924836729
-0.121469173704109
0.0984481331907883
0.0185742931060211
-0.126199589413719
-0.0889891935100879
-0.0528747268949064
0.0542079780080194
-0.0088517254339588
-0.10959133620162
-0.179543662172066
-0.213294638938371
0.0523563743133222
0.0239857513988522
0.133546930732648
-0.0506415314060602
-0.0947860618739107
-0.0834579302701449
-0.197531192424518
-0.181476361674023
-0.187160763014123
-0.0714634740362217
-0.064281491135954
0.0283693198191106
0.110509085838998
0.125759062519176
0.10081236613091
-0.0609033234051722
-0.113034505267602
0.139457163915298
0.0405494237624353
-0.148090672490874
-0.129091359550531
0.0177420890891528
0.0748460224887728
0.151055036907996
-0.0108408522506136
0.186866065446069
-0.00796777376699854
0.0321675677566385
0.0318781185181419
0.0407033074014712
-0.0496568927231914
0.0711800709973044
-0.00362516087252579
-0.0682857622658406
-0.136649440033404
0.0760358478150612
-0.0361176868405261
-0.054347715479264
0.059495959825644
-0.122472339543356
-0.00190444479403044
0.00977721767211718
-0.10559042493642
-0.0679645888777086
-0.113336081149182
0.047772044493117
0.0221911650333727
0.0493877911922295
-0.00451256799711455
-0.0623800906480397
0.100741930178925
0.0540132452914789
0.00542058945226969
-0.0930910132230637
-0.0441936729769176
0.0389955460519352
-0.131947810412919
0.0357927049209517
-0.0764416668080064
0.0838603068104085
0.109392249299692
0.0442682378571136
0.0327276839895772
0.0364355092627299
-0.0542769995437187
0.0560996622279761
0.0701930458934445
0.0631499726119325
0.184414723910274
0.152472600310778
0.0621737690477807
0.117520301078221
0.224922777052625
0.117608853971943
0.087792980087261
0.0688967108221473
-0.0628515130443718
0.100918010878569
0.100412343623012
0.0961936561083165
0.0769139019890418
-0.0413841744765915
0.0864440088654398
0.226583828579802
-0.0464793357108158
0.00128855410863885
0.0873431471119787
-0.00906756448264275
-0.0151725414319573
0.167293284192585
-0.00308728722967621
0.0679504178495099
0.0487740351213492
0.0806009568869813
0.0138973040881006
0.125967323812428
0.192544350375281
0.260009639518287
0.0758173512757403
0.199565050503647
0.00970821548818331
0.171302970085214
0.2323352729944
0.170324273046644
-0.0366119636819321
0.300038062549858
0.123072601673474
0.0637714950271865
0.197734194993408
0.0394320574142156
0.217148374032925
0.139858584416688
0.0525711414204387
0.0748046820900959
0.150034795186668
0.12070021745668
0.173330391395511
0.0684721154242559
0.188018317311558
0.0343194408554832
0.132625453139524
0.0757217055023291
0.138351059882997
0.153463047326797
0.13856384245432
0.169282424273923
0.0415973202251412
0.147034852205434
0.125439564720726
0.197674570866641
0.100866654114246
0.165074665902967
0.206474333244341
0.240879190679049
0.23467831971883
0.240496010436298
0.221766798916155
0.157927525904615
0.323522497775048
0.0853604904354699
0.0610378283194996
0.206988690053876
0.201746602532506
0.198860629568155
0.149773726934597
0.270119155370626
0.145464251464192
0.197157544255191
0.19385177799574
0.0602228593736632
0.361757026338651
0.249258178486302
0.254680510856328
0.134286179057859
0.124571059131717
0.243646122613358
0.370045489443731
0.334018964129985
0.355909362176285
0.179523628425246
0.249572205104498
0.271671909918412
0.16499737597192
0.217706077125526
0.292495950272032
0.314099391583108
0.261784773638793
0.290194892821334
0.260771936281984
0.193748953308704
0.218506755804935
0.336062599025633
0.188682944849269
0.180889576173446
0.197376212003754
0.0873605271401497
0.214427886149733
0.218883631580527
0.282328277347517
0.311346592575943
0.356397863481609
0.241618895269152
0.342879064736115
0.294856226071327
0.288998743318188
0.325090879945225
0.0767706779123054
0.232844079684853
0.217089197028751
0.122202102710945
0.393530882364788
0.3126106702559
0.357399638125743
0.324581784021102
0.315732407040402
0.292373327439587
0.327096072780217
0.385357554335672
0.328224762209413
0.262394002190298
0.299686296529207
0.331771649734608
0.3505816445752
0.302816636702442
0.310903221802511
0.28630250545389
0.339611268068348
0.278127163160468
0.328905465874456
0.126037997599262
0.298590857872735
0.380520279111068
0.321668398666223
0.405426799443336
0.297816633789373
0.262661672044315
0.307019941084825
0.307428534417418
0.242676220991515
0.408121750329211
0.225790212083763
0.149608291350282
0.294751365855761
0.366262633513266
0.332841698438495
0.238633739472075
0.364479947919019
0.480770844415103
0.381925097117855
0.165121182929062
0.36584490109074
0.295141720880822
0.501472681655724
0.347261222089178
0.349395089135838
0.340869112115229
0.531059126273206
0.304190637283847
0.426885710430794
0.437217755893525
0.40413440981682
0.396725497575418
0.464860573970182
0.484810247216681
0.402465738497974
0.315531104945344
0.335401549445513
0.468660188807097
0.422997684198712
0.458064200702969
0.474516682706947
0.359847289250216
0.502020903531057
0.404138856618114
0.332212516251428
0.423800117164001
0.374936461304474
0.459071700044525
0.402182787887713
0.354427831749234
0.520915489618682
0.479503287748354
0.361715199324361
0.451645609750582
0.271386130540944
0.530623830167955
0.317518943845643
0.528636503948744
0.41890425852715
0.304131888461785
0.445973712159785
0.513323413583397
0.51034708135123
0.349635006309307
0.467047087222507
0.306192791992256
0.333486210687571
0.51306956877528
0.704252721933142
0.306796114473804
0.506053188918404
0.497978892961224
0.493417574533651
0.710852167370768
0.426738936083363
0.560621636178107
0.599921246924728
0.489584117522824
0.494965893684585
0.46085451853493
0.658566306791831
0.538488279021494
0.522845408311858
0.590920750857561
0.410099274953914
0.602130538193022
0.496576526382503
0.587275744707196
0.520635612961545
0.467356809048661
0.525732417324581
0.45548260408684
0.452799152559051
0.666375364600678
0.472112286198802
0.532890635365234
0.554405157473313
0.543863716765088
0.563131488656037
0.467441574525606
0.684846475689663
0.549479591969066
0.463896405097697
0.68147769258662
0.481501934317843
0.563390682954306
0.60820336816683
0.619057450830594
0.436813588198901
0.57835225840541
0.565994389274716
0.558912513649259
0.523119272202851
0.393943770351213
0.627752073919651
0.586247754648072
0.581321633479777
0.511045373558574
0.684201892349378
0.552676682725654
0.560479827978137
0.610300554929857
0.665693034923938
0.55856095612465
0.521412351311967
0.60793464374415
0.59174235670112
0.671320648592773
0.535817802611096
0.503320989222555
0.773476771372056
0.677083325464494
0.590375887431006
0.671267700241286
0.5463323648344
0.557428987052477
0.547927985116999
0.703477055744879
0.622805484049191
0.514876343221745
0.613753641529215
0.451928312488241
0.407550081994844
0.638780166281208
0.738279193647812
0.631280656718743
0.669970313113522
0.609569932036545
0.777284866488538
0.484863080172079
0.786978963519609
0.590348079679869
0.75300865484649
0.523965300007009
0.530512156449067
0.509890135428525
0.547663390343543
0.751218832771021
0.69786268926901
0.718793632576719
0.508967190133701
0.687589239813828
0.762237687466497
0.651997308200193
0.522339293543776
0.677747705309542
0.781316961528139
0.54984941711902
0.608335272375751
0.670671442473917
0.607193945423133
0.671334337022093
0.768191706573162
0.543893087113347
0.663867488323598
0.676987887070803
0.642865274734195
0.721687015113411
0.815897102914454
0.614995845952725
0.724097723649591
0.624601776898157
0.586846897420616
0.697471603774045
0.830804062841977
0.660905064576271
0.814742448959649
0.736665191867137
0.800486180089819
0.690071485060549
0.650533599974153
0.626108930747946
0.765908912518028
0.648332720423199
0.846998814142384
0.71597717983852
0.704812695785173
0.806638123637806
0.808627960180933
0.869058700172892
0.875214147252716
0.790665009686648
0.704024088343578
0.742658988888039
0.872398581466776
0.874435370966649
0.74611558419712
0.766365141934985
0.748813988593989
0.841664770297253
0.802956203443075
0.83924744411271
0.672859204527898
0.836914704092059
0.860259024451622
0.60942433302123
0.602237677890928
0.793744830332506
0.741363265097607
0.826016698877061
0.737172833483458
0.752530690598738
0.920236757481171
0.703235616076437
0.824587694794219
0.727019928601079
0.854184369281226
0.762857329261857
0.869792275940551
0.989698695108326
0.707419091960756
0.830486677025472
0.779173370459524
0.941649144766696
0.738330594047007
0.837797756187242
0.947276925181784
0.774626746153429
0.941523660801391
0.81066661560915
0.83051111444292
0.838868107289842
0.912378981484775
0.735593177907487
0.731522697775526
0.829304255361892
0.827626185620383
0.874427422549886
0.629555055624613
0.748881960292497
0.794688868371728
0.827764082243848
0.845507475114972
0.925922274680928
0.815341345326509
0.735580579630346
0.755071442877438
0.957492514153795
0.885173024177954
0.772456334346041
0.907676187038322
0.813226285464999
0.944799301261625
0.818249089171135
0.937514661489713
0.912320524145949
0.947798636533476
0.790902297344146
0.899249493332106
0.895057461219931
0.842490220415774
0.900369648927778
0.924356530571627
0.902810862830777
0.662834241180106
0.851348194120293
0.808670822190789
0.950218044002284
0.835170867410899
0.804489962295175
0.881644390128395
0.818383284404059
0.913071858883109
0.875237330807534
0.91434681677643
0.896991730905342
0.882268265621837
1.00150036060981
0.85016061703421
1.02802846717157
0.92652947811338
0.84581065297294
0.834046663269025
0.898910514382959
0.991414987583801
1.02502515624839
0.9089564854466
0.773572727465426
0.882736815624969
0.91625676631866
1.00575869264144
0.834560113863915
0.905010472227772
0.961713454097271
0.892542778717315
0.936262916662643
0.999856223140342
1.00655819597915
1.0017907081463
0.852086031314737
1.02138943913423
1.07583189874195
0.907950412098654
0.972841813502568
0.954980261123669
1.03176161976419
0.93390866922163
0.962453927780557
1.05527541972781
1.04769578683842
0.878052759758092
0.99403696470596
0.984908976732632
0.991941000082586
0.827795646122202
1.05639273341354
1.07214640783689
1.00061256355228
1.08294552243662
