-0.968768466491382
-0.964157468040825
-0.904280100511709
-1.19460233071261
-1.08471896960655
-0.918499336858551
-0.756516788392438
-0.888272960997773
-1.01818590764744
-1.02113055468531
-0.915160791725555
-1.05947867727082
-1.03631621560879
-0.983624371453483
-0.893659714876979
-1.16647232969509
-0.950103056578276
-0.959079316831677
-0.991785913113991
-0.860298701842509
-0.886890945240379
-0.855698404873929
-1.1120925772572
-0.902550825902868
-0.992539018910185
-0.962693649522431
-0.906300261155498
-0.94533935490625
-0.971817547841786
-0.916530811205503
-0.900953774721232
-0.934861408512487
-1.08404127536245
-0.745639873668887
-0.952342261621602
-1.08619016548174
-0.917495615377835
-1.05063817338054
-0.882751702636566
-0.9935497184949
-0.824180873605151
-0.959423945433604
-0.918451951350043
-0.883121843207891
-0.761988571384331
-0.845451029101084
-1.01103217164168
-0.910267555511948
-0.738356470992551
-0.927170842591652
-0.837758550880912
-0.900012759472322
-0.787085851274252
-0.982280449602904
-0.774819494262176
-0.949178055323135
-1.00293602638907
-0.905845654961985
-0.824412100528178
-0.993720333406064
-0.902541681679135
-0.944720689939069
-0.979735236883948
-0.947850597479114
-0.907335559430436
-0.642507191438255
-0.85419359275162
-0.913026038377462
-0.959486773830925
-0.868065926101238
-0.938097374059653
-0.80030251282162
-1.01676263569182
-0.869186215904839
-0.903862641086833
-0.864085453784323
-0.77662099408176
-0.862576421261429
-0.880305495048249
-0.809935449559778
-0.844220580473685
-0.77038470929056
-1.03344925353036
-0.780328161908393
-0.731025463135465
-0.895761693585312
-0.774945634200558
-0.739939176488478
-0.825453601378756
-0.912269774185939
-0.857236150721066
-0.704305684668403
-0.896369968263127
-0.72697289960714
-0.798385010457664
-0.752043016942347
-0.784778332683472
-0.768181939748549
-0.786326912999497
-0.773030655823798
-0.805800032229464
-0.731070519051071
-0.942103056254576
-0.858873412833174
-0.736679933010138
-0.841854723254697
-0.819289832034932
-0.799767074056188
-0.844856250025955
-0.652311449334064
-0.783383653298391
-0.690915360570567
-0.71944166000573
-0.706207119904218
-0.909028670699152
-0.776123053251629
-0.858813883300768
-0.702749503919929
-0.719767546420543
-0.630766611996043
-0.787482320551602
-0.764287734290965
-0.653754697799593
-0.700632780773764
-0.623105666762859
-0.652913754113192
-0.781700806705402
-0.70256334779176
-0.827827562278378
-0.714855780256213
-0.703780919065026
-0.832401124989589
-0.706243280904558
-0.656990671709198
-0.518216426298973
-0.674287124101209
-0.632888554058605
-0.623401964319726
-0.65469122311456
-0.628715984502347
-0.710752391977506
-0.741964393354577
-0.810855698435761
-0.697941993077734
-0.810774402174172
-0.730346610931936
-0.635627313816051
-0.771171539489103
-0.520308686790639
-0.768344005842167
-0.689401007525989
-0.861899272854237
-0.696971046449953
-0.661588589643787
-0.771884513113796
-0.677594104671394
-0.740741499181878
-0.802298436634135
-0.624982598312576
-0.70186406000232
-0.670584244679115
-0.725255399818992
-0.715098275263744
-0.590366253495281
-0.596937958892827
-0.776737226639444
-0.493724407224933
-0.863506224425281
-0.734844385533253
-0.635835024821177
-0.698014634350601
-0.73036637626483
-0.669279114106384
-0.833738791347785
-0.644659773113083
-0.529657420311747
-0.74553594300248
-0.695023230915951
-0.718172291951365
-0.631768103798855
-0.535212396006798
-0.526275972149589
-0.687549844596526
-0.650586085330023
-0.630987813985319
-0.67969334465083
-0.549243211952419
-0.758192407942522
-0.608620790644669
-0.716281381720736
-0.601128091611034
-0.668979041839303
-0.618377839551569
-0.6049265426161
-0.601994167177178
-0.633663652371028
-0.621241208008554
-0.71644845041651
-0.797919245804489
-0.702451003520869
-0.571250669112934
-0.69026893244554
-0.547704632437505
-0.467566381843544
-0.529299074673842
-0.569889926379303
-0.656006990771163
-0.722596161189554
-0.552076493051098
-0.656784104141942
-0.539427471009911
-0.514604705283948
-0.463755100829222
-0.758239103039272
-0.659257352463554
-0.581271763646635
-0.356195183616403
-0.557551151255831
-0.56079368900132
-0.648185987618371
-0.624232287035233
-0.508294745225524
-0.527718726661915
-0.487018920651366
-0.557020737653265
-0.392013160766612
-0.660652836130537
-0.582898666589029
-0.570585703665413
-0.595235563416499
-0.618907500257408
-0.627414429798822
-0.414705500691492
-0.577804519026518
-0.517390036515963
-0.547788166501394
-0.46786474850633
-0.768654747759977
-0.472795183243855
-0.570892657432619
-0.552770971702189
-0.522555507019894
-0.435364404128566
-0.40353314865012
-0.562880956494457
-0.40380560967388
-0.563028202175203
-0.468815760184958
-0.615008812130623
-0.452482693173518
-0.420142549581533
-0.425055100178493
-0.448197280554789
-0.364322206260315
-0.571364566668747
-0.610644331438006
-0.421731021253537
-0.349671430742858
-0.540988066162652
-0.549273235059422
-0.493637989343662
-0.381900288501271
-0.599263423928459
-0.485817719608993
-0.538108627160486
-0.494854341768002
-0.262050176734642
-0.558882808580983
-0.382996781256894
-0.518231439131354
-0.411337573255194
-0.398573788801421
-0.310248046992369
-0.280343379558747
-0.643037193860244
-0.31321583232024
-0.472863267729813
-0.497217323731199
-0.300088580315422
-0.472784548005796
-0.507848308819056
-0.43949623584481
-0.519646556874376
-0.375525058813637
-0.473243247400644
-0.444807324856256
-0.1744328167338
-0.524341853714827
-0.411332359962273
-0.330161206184123
-0.435917189039684
-0.455026768065396
-0.485762538921437
-0.30409206409869
-0.367951077587676
-0.355156843431303
-0.474734240278186
-0.304752441301333
-0.31466783444348
-0.33982942763826
-0.443695475568345
-0.404354322695457
-0.331549515385152
-0.35668907980708
-0.335954833392207
-0.299291017412476
-0.464364225365536
-0.39095056816074
-0.380083684027841
-0.363961762255373
-0.405497338254488
-0.502077079114669
-0.41403723042114
-0.383675256070123
-0.400331258348208
-0.555076593600723
-0.437056317605591
-0.331800815085143
-0.342271876962349
-0.394821320563545
-0.326257828663047
-0.376836624300395
-0.487692404419124
-0.291757214261168
-0.206428151540969
-0.428285569324448
-0.393685447907894
-0.2370867811
-0.251936124866907
-0.336218914790557
-0.507777655278801
-0.415020172790788
-0.238559190921038
-0.371898123181611
-0.375870513595455
-0.263922275177304
-0.348316186092836
-0.328467214259325
-0.390574380457154
-0.323149200112857
-0.269047293349404
-0.522736017093055
-0.157782898176343
-0.289733054097484
-0.121297800394859
-0.28688707639722
-0.256807499988445
-0.281938868327428
-0.276337434480197
-0.229010252854745
-0.36865823525527
-0.277726070063241
-0.276382470763934
-0.251992697905844
-0.440515599755471
-0.254688259679405
-0.350340424648515
-0.274197255060025
-0.452274104016116
-0.3982052707201
-0.266490362118429
-0.336461953499735
-0.362827636186882
-0.110226977711759
-0.327260364793315
-0.241818835347242
-0.219924020188212
-0.329980237270406
-0.429001254922524
-0.288445653717785
-0.130162917208689
-0.340178964059135
-0.22716246059824
-0.282919738972656
-0.279685252119544
-0.258693471845549
-0.0950135340671021
-0.327379483035189
-0.276178539673151
-0.257052256300827
-0.201308221638336
-0.146165936000903
-0.346725535158578
-0.316625863054196
-0.262061188660226
-0.260624025230256
-0.323623445086018
-0.198784415656876
-0.304116068224404
-0.298236640506317
-0.380585522715206
-0.302018006779091
-0.212237779163895
-0.175538099119947
-0.243512606323766
-0.207069945504706
-0.317312913106552
-0.213500514986957
-0.0606220996948625
-0.12554817281628
-0.22965678145605
-0.260988626912131
-0.191627431745167
-0.242918071798567
-0.315175516212462
-0.142369660331772
-0.247007728186946
-0.170290718062439
-0.172240366613872
-0.208023705667126
-0.212501522414254
-0.146221674704663
-0.250148424361924
-0.23157229716796
0.00995733014320465
-0.230057691043612
-0.225375935460859
0.000795400176502669
-0.283111032214831
-0.177446900730554
-0.101001069148932
-0.185297663182644
-0.170695771481595
-0.0316857859782454
0.0915672945888793
-0.0915908316631507
-0.104114364258883
-0.0390381666869715
-0.29327997832637
-0.0615601211199913
-0.278243969857648
-0.120926323724104
-0.168407407038049
-0.0258771008786287
-0.0754463771609996
-0.148576952940807
-0.195432589404867
-0.0837302271944506
-0.116131701009925
-0.0774428461414052
-0.209021298315161
-0.0674959479707945
-0.0411079407253758
-0.23329682830432
-0.290625310144326
0.010729460829162
-0.171141966937688
0.0182279128717179
-0.0969139238100177
-0.101276207618318
-0.127762917717789
-0.069877685130589
-0.138625668039834
-0.146169707498986
-0.0834612996690786
-0.0952707011492808
-0.00471611990667171
-0.0121072196174217
-0.0870534660689362
-0.0991054377817958
0.00584892419628741
0.0519110721608909
-0.107715554797567
-0.0437207820654682
-0.0154118138019997
-0.0836273232077253
-0.013807755651547
-0.0377674670279511
-0.0481838783492783
-0.0040482943974267
0.0321008950952033
-0.0954831251916516
-0.0896126001429747
0.0257694762457821
-0.0498428702267435
-0.167427555227532
-0.051800763121904
-0.137139994586781
-0.0236238445773454
0.133299601979001
-0.0446186443888587
-0.07252247782803
-0.0197161308072105
-0.0193639102723119
-0.105970856933011
-0.0703273191648569
0.23198502269916
0.13852222153581
-0.00860445816757857
-0.140134742031955
0.0551131783560645
0.0327941824308697
-0.054933856444946
0.13585971875231
-0.0437357339842689
-0.0233936077567673
-0.0291554126316902
-0.0455615335163826
-0.177907240828178
-0.0283361764223094
-0.0699494159414831
-0.0924898717460794
0.0776477967871053
0.0562879079159873
0.129968850570454
0.0827606990127136
-0.0542880524068344
-0.0573636282143834
-0.0124137936228524
0.0269444944621072
0.0040943650050669
0.134316139785262
0.0632134415009637
-0.0361742262173122
0.0502095009008037
0.0466874727388982
0.0483994857917352
-0.00571020486352181
-0.0675049060610491
-0.0482189617489645
0.00677717209910918
0.0234914470729517
0.0361375429239711
0.0580730188527209
0.0666724159150959
-0.0972335679853433
0.249183036089772
-0.146636886470259
-0.0342525826291594
0.0121897320061641
0.103493748933537
0.072243375132449
-0.0838817233293165
0.067888557949717
0.151415459811599
0.086019418006827
0.0646476794359036
0.0345850431051446
0.0290816483658288
0.154699090782801
-0.0240601404943234
0.182825358059744
0.246060950234308
0.0281448365934008
0.0356779949108822
0.0220958396051133
0.132585189051873
-0.00498122248650274
0.104829504294544
0.0762279208113595
-0.0158486609230932
0.0633117429223216
-0.00595595782822307
0.0881666796271002
0.0613686033987323
0.151128803083262
0.126254563797181
0.161706102142065
0.14349428019769
0.10934966490604
0.179886368682811
0.00859218642862334
0.0962650826569248
0.119395598507489
0.166686598322498
0.213312153832193
0.221355578127261
0.191124427616263
0.110318141772357
0.14429922434511
0.133498942575381
0.0440012734577328
0.124980809615653
0.153105987489791
0.170813870451907
-0.0427027203528983
0.238059174578523
0.137840653537596
0.134456961595758
0.211569104404428
0.316857564632695
0.137085501328192
0.157529607795503
0.0826273765791249
0.148525388555673
-0.0204759303373217
0.302281678421549
0.411107241486369
0.1283236710381
0.20795251527819
0.0802851650815397
0.0931404041966892
0.158154673973364
0.306855035887809
0.291216061628584
0.418747963390558
0.0358820472694567
0.240883272142988
0.248485615647166
0.106569810712608
0.138083337289913
0.233792512896912
0.231920881270989
0.174324747179771
0.118668281056424
0.253944839484006
0.328424665834545
0.288351908394883
0.247750718708222
0.238029993220174
0.207231903732703
0.233329483114572
0.135071446316881
0.327722436249251
0.284861407736231
0.325110711780813
0.380051657450674
0.273399539762155
0.143376115452566
0.242141819737735
0.240584702177345
0.277427738714869
0.277121687501542
0.425428241529137
0.180126626391397
0.30074611268821
0.192510948488821
0.164694121630968
0.219194976580125
0.184801232663723
0.292437761817824
0.273344547561049
0.288773165024459
0.449608537022703
0.344090132072002
0.333651242953083
0.257518409181646
0.358465235047585
0.319370707451063
0.31915464934548
0.194945911724308
0.344324224830039
0.289499398673773
0.296378264424801
0.313634459885987
0.156921072799359
0.246764135690159
0.345336265735827
0.486708728519247
0.287923618315438
0.366655019358887
0.211918675976123
0.299605447514151
0.205620459483047
0.265097257683198
0.31738910418597
0.312459853867733
0.247045780562119
0.362226488769653
0.453172279792246
0.324472798782818
0.303801909499298
0.437292830530897
0.360185671597889
0.38385334461307
0.380396926548556
0.339191550567583
0.301578002626602
0.18664456499599
0.410226531995864
0.483027950617521
0.346243867589361
0.393510118439181
0.494950746509466
0.360930700223321
0.343394700612882
0.342136078553335
0.283664566862661
0.277801758465636
0.496801205651053
0.373074726328998
0.563734654649688
0.415763497454958
0.301063479956607
0.242226937713359
0.358438811956872
0.464548432838276
0.334179344234101
0.419914939519842
0.339444361646873
0.305261889367834
0.516258039339294
0.489519062839526
0.464768965862257
0.355898733129067
0.449120221063884
0.372652787905307
0.588652497673499
0.375154356233927
0.395751506059917
0.419400566949949
0.464092071710535
0.503604724852248
0.420455590867222
0.357088938711985
0.468428729291395
0.287165194691377
0.350361600806549
0.44332874150635
0.445107630320898
0.375390161804494
0.490337296196603
0.430114543481061
0.398174454107206
0.262602011621622
0.362987829045141
0.363606353862322
0.348232588874132
0.454601939792016
0.455458526207911
0.473620882079591
0.327890076630134
0.314383137426203
0.357393210678001
0.484586579735575
0.592253584208699
0.463297534833599
0.559883094914724
0.477364729598374
0.511507223477516
0.462192800577753
0.406539922656796
0.55654296119455
0.422376815811207
0.522873413327464
0.517471856312709
0.50532910811405
0.588819485814247
0.580451420498412
0.501645850395608
0.48368017341288
0.399987948722304
0.397362512714478
0.515195141923908
0.542167603739589
0.534217457417281
0.522876916925525
0.542330173113868
0.527417632474851
0.46381661631536
0.582935079467796
0.465262792225477
0.390177168829453
0.436663978831379
0.520726876229324
0.642796761097833
0.523242855050135
0.452674726760142
0.563498769419741
0.646683463740457
0.50746021456769
0.417794652000514
0.387636885670617
0.513452229550753
0.580082152535821
0.571002849212661
0.491723661830292
0.450477837792823
0.437165500007044
0.429339458696518
0.372905908409062
0.533484322795478
0.459544203700243
0.698094369578675
0.646912051078679
0.610431560916701
0.632544475653403
0.526430382738599
0.589672903083626
0.493903091879229
0.526912551791967
0.535990833596434
0.380113824785175
0.769254947561016
0.629806530184308
0.583383750612344
0.648736477006362
0.797312213730027
0.603367845165626
0.591707406449393
0.733759180414818
0.718965191795088
0.696424557891521
0.503854122926357
0.634035908884845
0.575060877424914
0.545920780955349
0.692324121397614
0.631420500017122
0.559792364369429
0.711576160390196
0.560594678154506
0.768320048581018
0.58969681021961
0.587968785960433
0.703813188094566
0.635352930618784
0.707526612718767
0.450873897048603
0.66551250002169
0.600500089339892
0.740150379239471
0.617085693496689
0.568398621533205
0.560254342834201
0.621701458774413
0.756798582208435
0.670978927938287
0.622760678822631
0.757609853256404
0.704351703376259
0.445607405517871
0.605648180247383
0.689360568648065
0.735288584071499
0.533879668154395
0.579390523695022
0.618117184832375
0.547819510326537
0.651277532004438
0.743984913392569
0.66934016859907
0.586925594185222
0.549129530130688
0.617614420054373
0.739755030547507
0.710815416191037
0.714963247160392
0.672131454217845
0.685536522019206
0.59347580256323
0.647021548767827
0.767239492389423
0.833637589534044
0.571142973594032
0.708476204353403
0.724632937118719
0.756369750611809
0.690027670273863
0.640191465326912
0.708678259671711
0.664194895824256
0.800732955680545
0.569449201980475
0.77097041698903
0.611744503471257
0.718489386445657
0.61106520213022
0.724338683104816
0.670800891481378
0.522398733829316
0.529408050268781
0.83545052823617
0.608276985510199
0.704573916154535
0.894749119309119
0.796494171318865
0.799764996021106
0.705998833085228
0.763007702277889
0.731033465578788
0.706979792013022
0.716204166250865
0.823331684127102
0.751070899323115
0.767125052330996
0.79504932614643
0.743952302043022
0.741111434580379
0.765983993805624
0.880309797568643
0.911346115354637
0.900112598264915
0.762062775048021
0.837558565373734
0.786386606466917
0.643526186415493
0.739686798926721
0.918949677478809
0.980986611842083
0.594643704815085
0.733524407760711
0.759176376732329
0.807749379997268
0.750000123083264
0.851490831136334
0.89967852664637
0.594336943447323
0.824577529848047
0.880585236327926
0.815028525936424
0.743753958243757
0.833514283441409
0.653892201257077
0.721928396879409
0.81445570868172
0.819874901002348
0.922394263444021
0.933762707255586
0.839148051531248
0.752352026692117
0.930046203909452
0.758416897384469
0.73195745973137
0.987644980795239
0.686826115030736
0.774554429151917
0.798041003226618
0.645792854126864
0.821192514377799
0.857021511331705
0.952205738539165
0.790187691546674
0.769091805813936
0.848177257779595
0.956259623704872
0.912713102094699
0.677362276563295
0.953006286599655
0.855795637020722
0.78008101820317
0.824305496198895
0.757938110775665
0.740845038701728
0.867901051007644
0.960083122372703
0.680581660505478
0.766039716449203
0.939439966228869
0.832732491552187
0.922946955442198
0.996412540851002
0.74861327463716
1.00517004754349
0.879240504047781
0.913599409632228
0.993959841938827
0.858825520562265
0.806435019980578
0.963093426740775
0.860503178300396
1.07851789264593
0.770434806268043
1.01583896392114
0.70282689265711
0.854492343738212
1.01572609513587
0.862389993806928
0.837632288026677
0.88363241663093
0.803127752919724
0.931935469477696
0.763700386120955
1.00444899474805
0.988830735731664
0.947069776513903
0.912020277538721
0.886624235343067
1.04552857234747
1.07293923737456
1.06979379475223
0.845596404204848
1.04481970765958
0.85259849521916
0.971544450470554
0.766247498885107
1.11860362487814
0.987724704801109
0.996612335490389
0.983053228763635
1.0146742088021
0.927515054522157
0.911762833993305
0.963909097741208
0.982552841509451
0.913950972199122
1.03799673557558
0.991058732306318
1.19579112763859
0.869609734662232
1.02181089911511
0.915062183983586
0.968430137107796
0.920421241624174
1.09620387417373
0.930656932861974
1.10724695297951
1.16307851972897
0.90609387013255
1.00898416739808
