-1.03547410656599
-0.983083894608854
-1.01790192837323
-0.932730897322157
-0.901593734035113
-1.11515504878341
-1.06206342213336
-1.12028272577995
-1.07349663022099
-1.08019138167553
-0.930795015171503
-1.04481740577135
-0.930763289735921
-0.970714270371653
-1.04916645955235
-1.02386478764978
-1.04560698610811
-0.961441608623518
-0.821889923024047
-1.08433265256698
-0.872669469865245
-0.956069139808842
-0.974155440944349
-0.907141630824595
-0.880546752069925
-0.893450918248964
-0.941563583845791
-0.834500751341471
-0.977568415112713
-0.85028500928171
-0.93440708681748
-0.776237604682198
-0.968683008194371
-0.750904662424235
-0.979271560666019
-1.03254231578958
-0.908592278722951
-0.88851675892923
-0.741425433342863
-0.804710199618376
-0.871554429303217
-1.04359084883949
-1.00596015632833
-0.721159994499863
-0.81334782528481
-1.07459462888597
-0.909352176505266
-0.799721271617321
-0.77186178725054
-0.913395520226178
-0.964105405229078
-0.970256624411824
-0.967496173313099
-0.916982011334742
-1.00605166365033
-0.934958190273735
-0.857328550340288
-1.02745429720093
-0.845912279607203
-0.88897288427965
-0.902014487089843
-0.805625500049062
-0.942011638337805
-0.882924533354791
-0.868331879382299
-0.770797041064314
-0.939959760148415
-0.88119201287624
-0.857203597020369
-0.871510216148118
-0.942774689049851
-0.831382821381342
-0.790224461100641
-0.776237787092231
-0.693526442646021
-0.812995485241936
-0.795263082424173
-0.829789050672923
-1.01673266717525
-0.875418170050181
-0.776795006355994
-0.868539320231624
-0.774206381597381
-0.76045586823552
-0.841427602908922
-0.955592804411825
-0.727461176079066
-0.993807012781431
-0.800478692467275
-0.781197844474572
-0.946663282541333
-0.896517123922152
-0.775400357972684
-0.87442001878582
-0.934854218109756
-0.827224798933654
-0.758695894812094
-0.894111427223394
-0.687209347592526
-0.791052251080946
-0.809981448143141
-0.747471744466735
-0.817171218402293
-0.907226452174331
-0.93418279503543
-0.751444119141926
-0.894575845522256
-0.761955657785853
-0.793440702940178
-0.9281681393898
-0.688425295192107
-0.727229681928471
-0.808736153264687
-0.772911201774746
-0.773017534042832
-0.743685734093384
-0.71509484874724
-0.787730369206136
-0.709422362181208
-0.812058046768199
-0.8135833133431
-0.866647361233698
-0.651839558926537
-0.749755700641425
-0.6781125736226
-0.673274723528305
-0.840139152233834
-0.901690122055458
-0.801735332068648
-0.727913657268418
-0.84088747828211
-0.703475341467431
-0.66608109460952
-0.790333142343034
-0.668508726247521
-0.695696205422594
-0.850873982748123
-0.833777757976808
-0.713407547265781
-0.651968108388785
-0.76815486976338
-0.769526734015069
-0.735385590329202
-0.793239975256322
-0.743702849468881
-0.886045406076894
-0.669933773659911
-0.769582947215767
-0.730106987976166
-0.713787001879339
-0.74478388249832
-0.727520244589211
-0.55640871703398
-0.629734509801796
-0.56705372790631
-0.624929372247778
-0.599536167019752
-0.675383558312911
-0.730053469985521
-0.664757059279405
-0.741336496284571
-0.827918190121394
-0.722961038188073
-0.58517566803408
-0.618420852547286
-0.634114938655668
-0.564035401642209
-0.844347209884557
-0.613826191249666
-0.626094933561915
-0.714262473604189
-0.72492191499936
-0.668819791299682
-0.764124790378307
-0.540812215106916
-0.601104546546591
-0.60516938504648
-0.756290070260572
-0.636104031367872
-0.504957370957684
-0.480027000461596
-0.714872194198288
-0.745835886461868
-0.489237969953467
-0.648770932940291
-0.588094073340948
-0.769436251353332
-0.653607447399124
-0.724637982806422
-0.628024187554349
-0.671484841052804
-0.603486831194905
-0.495631831999686
-0.768498544547767
-0.668484238113522
-0.594812965687292
-0.702294009497166
-0.705309977879037
-0.599609024623406
-0.71631195914043
-0.609370314414537
-0.67779660685261
-0.520828914975907
-0.646735505353437
-0.677377990430243
-0.621027030792696
-0.46553393592116
-0.633293899552289
-0.707586150024041
-0.651556068774813
-0.619575158813625
-0.559019333504805
-0.542193966095744
-0.536025290430084
-0.628376576091219
-0.632298152328551
-0.587751694323236
-0.521035544714093
-0.456953919894627
-0.593531600016442
-0.608665201309117
-0.704102226494976
-0.387055311483341
-0.49173770042516
-0.506389022163574
-0.579857123217432
-0.554251608372623
-0.566371754463675
-0.391540788573559
-0.679994103543902
-0.644252374081136
-0.56354127758256
-0.447147825823991
-0.422783368045192
-0.406968764477722
-0.68291032210969
-0.276803127498742
-0.509003531902129
-0.508220592181337
-0.484982194007301
-0.550958047964751
-0.551840485574391
-0.394919052342226
-0.464621176950389
-0.510641154957071
-0.472780290526011
-0.546953645461069
-0.441393022226224
-0.355331011996211
-0.620182799149215
-0.564850050236322
-0.57342159303559
-0.523468563974181
-0.562075209466424
-0.473125828937683
-0.352323443870696
-0.528825740219226
-0.462203239240982
-0.57952491976392
-0.595949709709209
-0.27682788600731
-0.401918867534086
-0.417519213967723
-0.618982394668353
-0.43793751166103
-0.331052724012061
-0.45334586415484
-0.386485674246096
-0.497447192990029
-0.465000655816479
-0.541354127787419
-0.394132103006202
-0.506059290617278
-0.471665110123827
-0.424862737947835
-0.395430666689583
-0.535880583425889
-0.361586720575257
-0.505878482951068
-0.449935656486882
-0.410214764539728
-0.474530907543882
-0.587032120199277
-0.485074167444949
-0.247000425448987
-0.366295403128016
-0.406380681042003
-0.37582081805938
-0.528174029027141
-0.317515944364135
-0.532820698215357
-0.367817523262575
-0.398008865656484
-0.17442431337601
-0.441619030696713
-0.416043578346606
-0.356125161908681
-0.514483175617113
-0.452229043451883
-0.4969493956902
-0.33793623436698
-0.499430976821438
-0.510469766134493
-0.364286474709965
-0.453309429928906
-0.352251550360655
-0.428177661451909
-0.332900828556747
-0.486241882111371
-0.407222354340367
-0.50111006164848
-0.339187194122338
-0.394718143285146
-0.254805130284696
-0.412466207391163
-0.22925997869587
-0.54586207703148
-0.160239637188206
-0.293503413130207
-0.336719880242129
-0.365457821189011
-0.279589354673089
-0.298780462477163
-0.497265780463084
-0.274470624487554
-0.340765190058841
-0.292704248594284
-0.46562390037101
-0.248293360722237
-0.487638065453209
-0.327225671966791
-0.396729633564033
-0.33290377048172
-0.524066424974842
-0.220029248298516
-0.294592860841968
-0.197648565249015
-0.34724643340967
-0.224563951459441
-0.349932491410326
-0.281441956467393
-0.242719778611381
-0.322738097547984
-0.359746538455876
-0.216918255413155
-0.162465170562895
-0.343524810477343
-0.349740784651501
-0.364903703611098
-0.327761272993228
-0.213689061251899
-0.202410454222732
-0.224664977949133
-0.333628627005403
-0.151821069255246
-0.313436238828577
-0.25443551232689
-0.269943198798879
-0.276110094278831
-0.269024833041312
-0.233082042764959
-0.37957229087265
-0.236202482255179
-0.376615798605304
-0.322495145454729
-0.261422962893151
-0.319953405779403
-0.157944436102745
-0.298198950503512
-0.31921684590972
-0.189081109108466
-0.164046294610989
-0.369694955149603
-0.209427961950417
-0.258590650774191
-0.235585413469892
-0.280483491647481
-0.264536861288435
-0.290682281209919
-0.269383663915412
-0.133129538195564
-0.211488980543693
-0.385178490890676
-0.161891984013591
-0.213331042607191
-0.139717741454622
-0.180827679781653
-0.291796527910008
-0.150683388349092
-0.308965428962738
-0.169625547103391
-0.225288762677038
-0.330107333018697
-0.226882828768415
-0.258577147044367
-0.123285302598826
-0.266856678902238
-0.253392325223991
-0.323008327426612
-0.143547888214811
-0.0925040276411194
-0.0245371409382788
-0.20238407493896
-0.171910985286435
-0.322093323174299
-0.327912799138637
-0.156682026079416
-0.129681434612813
-0.0857265762682698
-0.218971153599316
-0.201904024377816
-0.104909066676153
-0.120684454372846
-0.285788515852152
-0.138144791154403
-0.250381101281129
-0.128145984694361
0.007422845922227
-0.0952819493632791
-0.159885261733226
-0.0918197620362352
-0.102165930538654
-0.104155287188018
-0.136520960356342
-0.123285515653667
-0.173886943957472
-0.0238312351831724
-0.124605191113614
-0.107922658850754
-0.257601833013924
-0.0306699624685764
-0.150814578723811
-0.156507006516654
-0.188940056643477
-0.100172677461463
-0.189465258541202
-0.298937967375247
-0.0848256972115724
-0.0334102589559166
-0.211753460308428
-0.209904436686963
-0.209242378661913
-0.100140343120547
-0.0481814048106236
-0.23985041360464
0.0202464070777976
-0.0362244343268757
0.0014437114166085
-0.260503872245654
-0.0958458744778047
-0.199836616267169
-0.0781124274722631
-0.223736018223006
-0.121141380185711
-0.00509784778643761
-0.11928705648273
-0.236906326321666
-0.083742106252914
-0.0352196374921494
-0.0218079865542402
-0.147636217829432
-0.164396234328796
0.00865334328734447
-0.157100228120146
-0.134154910710788
-0.112720118550267
0.0234344999525312
-0.0775383495770573
-0.0812995943190289
-0.13391897956646
-0.0310659558322743
-0.197217103526322
0.0191647442636644
-0.0210577893819773
0.038729456373913
-0.0754439551144188
-0.181680059153003
-0.0109557209498316
0.0271716813624784
-0.0558389433517137
-0.160774607816851
0.171823900434198
-0.0815641359759633
0.0153520327050297
-0.152468783516864
-0.0597779119072465
0.0655693192751227
0.0373016044716867
-0.0701004047991029
-0.0750947488452966
-0.00845607961756384
0.0428667100449628
0.0496668900577687
0.0236725500747858
-0.0911239881673929
-0.0132961078058415
0.0187515428926001
0.0698627563962276
-0.0660355416953338
0.0246280426260696
0.040004501051486
-0.0819201256193945
0.096914468878377
-0.0398251771352677
0.14238644271023
0.0978934699163587
-0.0291423131522894
0.0524422326292568
0.0953243533264451
0.0657340527726045
-0.0283966482562545
0.0475487579713937
0.0354122873305671
0.114462441433949
-0.101181964055778
-0.027710422503281
0.0756238857118184
0.116112673993876
-0.0186253071675564
0.0747019085635902
0.0499647366970244
0.117584558976685
-0.0456398444786733
0.0722757746647487
0.00216832617456669
0.157036724543287
0.159197952254418
0.0689453591793013
0.0639456107855105
-0.103170712356818
0.14768673654681
0.0450593788902313
0.148911066288759
0.102783311071955
0.122654234693288
0.0502571091283102
-0.0185607266868305
0.15024361724945
0.179303284366011
0.134646899247905
0.106327249719433
0.0807911311994727
0.251252692877751
-0.00717144366844296
0.157898156290934
0.186357788591074
0.126205352537072
0.247605543290059
0.0472483634803401
0.273787097827481
0.128307815787666
0.00648408814930259
0.192245635204791
0.0895461595677406
0.154414788180891
0.328237711555723
0.0461689156121152
0.113284465386968
0.279239791292344
0.0227571577689568
0.00625571780984194
0.119737424503515
-0.0194040550958479
0.232971077427454
0.212294465322385
0.135432399824448
0.0377754178973177
0.243823006631102
0.173405075239676
0.10941580495005
0.184811053850035
0.18967898296793
-0.0405317520911855
0.169173516993753
-0.102342446317251
0.0839042112893211
0.216081865162144
0.199551852122676
0.256992899688658
0.329391020749372
0.175886645988222
0.322781611182849
0.215369568001317
0.199671167173418
0.187692588386552
0.195602594861533
0.110945171488099
0.128104550848524
0.167098772843831
0.201754150880406
0.199923847585598
0.26360065128582
0.190553417656498
0.187314276039705
0.228288190092285
0.112062009536194
0.272267102707165
0.249123513800202
0.286450383137126
0.276557062001425
0.20027128695646
0.370083129875961
0.158605837359959
0.372479173814169
0.324065659520125
0.0794131328805031
0.215984441164596
0.417374606765452
0.21851881100352
0.384386225296704
0.114535758890977
0.184816356307419
0.362646133526846
0.246853959755701
0.205727933072874
0.320582706507715
0.232873446771695
0.232639578039144
0.317468406649471
0.201057270846215
0.203204468807826
0.305277621397226
0.371738602832266
0.326197818083565
0.208027926231717
0.19005972563988
0.268391100032966
0.281132696648342
0.326068962818757
0.22797442403548
0.307603912423593
0.224407458858635
0.208710449538036
0.180859140073609
0.307183715145566
0.311426399682553
0.325564081203416
0.245116741311593
0.127967098284351
0.296753989334581
0.37594131632371
0.235661688788516
0.419335459554579
0.293260196338913
0.351791035124171
0.263066436103436
0.298439675192657
0.274110848399315
0.280858870099512
0.30824646234758
0.154629917968448
0.223564098192141
0.539747077975572
0.350555757920014
0.309992305550428
0.406976192899464
0.283372186979731
0.377832457276362
0.19375989319183
0.267889399396339
0.432484595311789
0.342757874781961
0.172152210022612
0.35422784483605
0.204610011091769
0.310317748852897
0.336352096438487
0.301983367271854
0.317051131366314
0.306328860149611
0.26835539233952
0.247213715244866
0.302534497458661
0.305390482219682
0.395070309754141
0.339322418906732
0.341978417009719
0.184612418745625
0.362339898525748
0.312649543232867
0.466759681492923
0.351236957487094
0.284152563668186
0.360472579925517
0.343156175824748
0.301627974258016
0.370014376889632
0.444285897406629
0.44173549062464
0.525693343727476
0.338944494609921
0.287814739114194
0.607527447708805
0.349472705458402
0.332212862394658
0.512362231361868
0.427403756482577
0.366135295798761
0.340888943564038
0.407733985882328
0.466350969974526
0.396431715369604
0.397864808968966
0.310175430068425
0.199854196660316
0.394247028225589
0.404243384124944
0.327880860910409
0.574184385766749
0.400015588677912
0.460831194244232
0.474465744223788
0.437228980577552
0.50337120418967
0.362506888995608
0.468809063183563
0.334956204218326
0.346926183393899
0.375504362831442
0.414459158086759
0.363542679935721
0.432550756831156
0.451242671897629
0.45075576564951
0.453114895708456
0.368192769529015
0.265073241117083
0.585408258609176
0.43356503319484
0.540243270817902
0.489569215991872
0.512064312420681
0.472570224207183
0.440165232722932
0.487451117871057
0.476919672585707
0.398897548117778
0.419061203863239
0.493545723777806
0.417838922729916
0.477749129030362
0.484783788932328
0.479711657637906
0.571070948111923
0.502711764186563
0.475920582915004
0.550565548645392
0.466738317109392
0.597037967436347
0.324330305975837
0.420338974677694
0.675532311145814
0.563994330166366
0.508210485480904
0.446465428506234
0.605096978083124
0.512827911001913
0.452476152753851
0.489089488267777
0.53291763693483
0.600505079839013
0.529117433535485
0.419094853708489
0.563749284385439
0.479170902093088
0.476933684760907
0.757598905762859
0.430219432222243
0.602253718953919
0.599058848201898
0.524135138196772
0.582835273828725
0.60228100168067
0.644185627556194
0.602992339868658
0.697106426641749
0.528451846201446
0.585686115870149
0.603331626404826
0.452686762065511
0.509501367007829
0.579619673894054
0.72678224096771
0.520636401425859
0.610135091228275
0.593108675025529
0.476846361145513
0.543186008807996
0.538671970226633
0.630754161584561
0.623928782279949
0.546288374004995
0.474940212171703
0.664780648513501
0.669914294247822
0.581312272690803
0.67513506824006
0.740245550149317
0.617752570336933
0.601121642469094
0.692388905582455
0.691969639045947
0.600938045588314
0.588563238369698
0.618485627593359
0.554949392029221
0.56781577931088
0.650057479828709
0.576131998126063
0.638206207602427
0.528284781975433
0.535869793935687
0.698650238480665
0.574121101654522
0.561317714901256
0.782737591161589
0.40979225244725
0.57119460742087
0.629498087477733
0.718398802289538
0.603925057830229
0.655376402808589
0.657871072562556
0.581371008074351
0.71939258232912
0.623395177615663
0.774176199911756
0.634828116399181
0.558435581521756
0.725608661714148
0.722259726014209
0.636524181960241
0.744301466238528
0.756628699494004
0.50285971136016
0.835453796710191
0.650605044512836
0.746202716188957
0.757266304906019
0.590377238352428
0.789350259198666
0.772324489074064
0.638989544128176
0.790792364179513
0.660186397966452
0.544547520006454
0.700372996368542
0.623616134968591
0.797808835047942
0.739686307214605
0.588468078432299
0.624742639756724
0.593383913283676
0.821647942433186
0.797950501748293
0.728992694616296
0.595112880755921
0.691758865812667
0.590491478244791
0.674992390325794
0.621465295525662
0.612347458806456
0.740607151601131
0.744039552176456
0.754344401762699
0.638063015664422
0.559184633321682
0.874137804242068
0.698989774011179
0.76306307205181
0.71810066850885
0.703100290595499
0.759306281947678
0.577178701368342
0.719334537217142
0.914833633684796
0.859989323081281
0.690642816941794
0.896247713217946
0.799925907734616
0.687560853812454
0.740271129333781
0.825537047124716
0.809070986322793
0.789418698528019
0.682132382415652
0.737929962954661
0.7683734569151
0.692634422140971
0.885106710473344
0.827325493977764
0.612697302347307
0.666514239458891
0.747554269243669
0.89050239726915
0.768926835220098
0.821333363677816
0.852983165259531
0.797316908589344
0.611686613351479
0.867729722291513
0.814668668158867
0.737512904899634
0.801085689193842
0.746512783444275
0.935390191048738
0.78379875079394
0.906241384024836
0.764080619095044
0.6679211102484
0.760902904304561
0.790473626187662
0.770187864054518
0.807817016845071
0.730806522219205
0.765888706308012
0.908172677184095
0.907526429200159
0.903022183074926
0.793964151768533
0.924673063728816
0.896929414303287
0.854194873298412
0.936291939351679
0.759432303524657
0.980727507661242
0.898904683746769
0.750852461200166
0.87062085640374
0.808759230094901
0.818570636888577
0.857117482356422
0.931849620547135
0.875598240591911
0.889763937865857
0.961242403824118
0.790852077144796
0.864502528041597
0.785866477016188
1.04040984876081
0.799722573156923
0.805615749471052
0.928182727347275
1.02757101900772
0.785547904665517
0.904241139356103
0.710601628884423
0.961039675194053
0.874136525913533
0.975690390911568
0.851525837519024
0.848231614124324
1.0542554322488
0.918830240717686
0.932108064162957
0.667429527271355
0.927013679539164
0.915774926294663
0.909757020416216
1.0807462657158
1.05105327803049
0.813377048270736
0.91273061527022
0.949165399698493
0.957471830750401
1.04988542340185
0.993943391891038
1.05655061934807
0.968690528530561
0.952440065182199
0.835473696215438
0.991914858450658
0.920217361354759
0.896548891193885
1.00329107902168
0.976607005939087
0.862762479965818
0.98129445258462
0.866974530036815
0.858427856295007
1.11515034229025
0.827481897380465
0.858593119867206
1.0162560964726
0.968677637764249
0.851384844750919
0.905871732043082
1.00269585476778
0.985879663449116
0.833707258392264
0.954901807165355
0.866533904753112
0.952437970535125
1.0235961592799
0.942206529242513
0.882373408085961
0.945493260809194
0.935779540557391
0.990648637961516
1.0357007289894
