-1.0482222778589
-0.963223915286104
-1.00256899396809
-0.917041163625747
-0.926209007595979
-1.11425028320583
-1.07081801797186
-1.11776876229579
-1.0817511931614
-1.09590959653419
-0.928116310293377
-1.04335945648326
-0.95469123893962
-0.957956797110918
-1.0360658783376
-0.994903368974264
-1.04891975741073
-0.958987224515098
-0.827764429010508
-1.08376647819168
-0.870775274208796
-0.949118248994212
-0.992604853814964
-0.911812349847519
-0.91510590567497
-0.881862258549684
-0.939441824765282
-0.852193500095596
-0.973112043039858
-0.841209993421191
-0.946121978537675
-0.786618908173413
-1.00153776880304
-0.746553497263044
-0.988251886091765
-1.01544249040482
-0.892115290876676
-0.920298140728199
-0.759260374013075
-0.826725572101778
-0.869228021912468
-1.02950926205726
-1.01451120970274
-0.734529535503937
-0.823385360130923
-1.07036668842033
-0.902879764386846
-0.796001331707256
-0.743335510110433
-0.919558595221264
-0.973203529874948
-0.965616032160164
-0.967907898309031
-0.910802622406066
-0.999784012442938
-0.944295281763534
-0.868630769170745
-1.00114690107091
-0.838362433690346
-0.911292516418647
-0.916670704086935
-0.788991507099575
-0.960600022727404
-0.882226228708936
-0.871013854283725
-0.762948776841088
-0.921442784758226
-0.865781363878281
-0.84695021568252
-0.901513890590518
-0.930917033479923
-0.849916113652253
-0.782366018759184
-0.782354986976651
-0.684420911283258
-0.800728204346151
-0.787078939599849
-0.827638025144669
-1.02053111183107
-0.87269460188769
-0.823742336903049
-0.859174184165984
-0.762092958823424
-0.76220588319916
-0.847434020937147
-0.974968841972261
-0.734946377985624
-0.998646451776886
-0.802803175711282
-0.794600957760448
-0.948265560050786
-0.898459012727454
-0.77521980485104
-0.869827627488734
-0.936814055814743
-0.80825327753852
-0.772286964124629
-0.888179741759122
-0.686789097625212
-0.792670507265223
-0.798581746079861
-0.730499535007677
-0.798870434344484
-0.915271007933385
-0.912386135330716
-0.774488185860671
-0.903040305846015
-0.771366826564844
-0.788430153049991
-0.911168312979395
-0.700823751471745
-0.753913003873886
-0.81326805290695
-0.789926329222285
-0.767459229310436
-0.746808118260546
-0.701617881416008
-0.785598635353772
-0.703680496129843
-0.815456796947669
-0.837477183586243
-0.868349573184255
-0.678575430698236
-0.745395932477076
-0.671676198058056
-0.693708420303648
-0.845534840426076
-0.903372630254282
-0.790383922993938
-0.738166095528352
-0.840358809603038
-0.701240301970541
-0.668778549728527
-0.789924974600387
-0.673092984237487
-0.672273198064566
-0.842718192944503
-0.822653371986067
-0.696881419953614
-0.659308757638176
-0.77880440488724
-0.771330496329243
-0.743756201886579
-0.805254588193365
-0.758861219972074
-0.869638305390661
-0.676233200404995
-0.74894159588253
-0.719228326192217
-0.713384830420739
-0.742407262485371
-0.73021860809613
-0.555546007254922
-0.628139472739965
-0.585072498247101
-0.617263860506413
-0.595574011910682
-0.681045825609513
-0.757112268008627
-0.665441336061056
-0.711430344060839
-0.836282685023094
-0.722543171757705
-0.584148472732381
-0.598063263032414
-0.676977438042833
-0.575500737453426
-0.851085178073401
-0.631305803377019
-0.648434696837258
-0.729282094055142
-0.728219627587672
-0.690740647042047
-0.755249212365076
-0.553331309282679
-0.590527746180315
-0.607628363700697
-0.765824172165646
-0.673781994459967
-0.483181773107264
-0.468191546404896
-0.714535591236272
-0.761633656551582
-0.505610372573898
-0.654558321811955
-0.59604952432201
-0.774366783681836
-0.644916906124275
-0.717597310417373
-0.638790125784776
-0.680066567955774
-0.600059167545002
-0.50278079585829
-0.757866199944462
-0.670762290207143
-0.590855650194433
-0.694021799575757
-0.70993731456168
-0.608722219799403
-0.740940028454488
-0.625540793879044
-0.681114305329588
-0.495548729971379
-0.65037132106251
-0.655723927910454
-0.627729488660113
-0.456795636957377
-0.622869243672507
-0.685759210607859
-0.671221695106022
-0.636983442028618
-0.552927813232729
-0.520147010220351
-0.54067889645326
-0.626322783584174
-0.647510039645571
-0.601615127519612
-0.533438019169406
-0.459321603091633
-0.590715096644696
-0.607852447028647
-0.715678534307342
-0.414644620972596
-0.490562779385073
-0.531495355195535
-0.58424558642336
-0.552742878089346
-0.582372225501452
-0.413249753364128
-0.693849417865311
-0.627885611560156
-0.572872073926342
-0.445451819950678
-0.432560480836991
-0.427512823031082
-0.662256714312284
-0.302445626890706
-0.492254576149854
-0.519891180844076
-0.472386943620039
-0.550927852581362
-0.549047651390113
-0.406717729137527
-0.469378367345409
-0.526565228553707
-0.481299569135699
-0.539744370867154
-0.425803234825999
-0.366370238429162
-0.623970930829616
-0.549495680757481
-0.546391097292607
-0.525952774873567
-0.575519838150662
-0.45108823834936
-0.378321782770085
-0.535319352166118
-0.434729852968767
-0.584930424276266
-0.590077615200181
-0.285250396676396
-0.413134707240082
-0.427174728314514
-0.621174457655109
-0.457411675735945
-0.327673479178818
-0.434128207181961
-0.401779181741281
-0.490282822730644
-0.443126280161335
-0.536639084578142
-0.402187778121341
-0.510074456648113
-0.463023290630185
-0.433491461407655
-0.410113015138848
-0.531444918518981
-0.360890642109149
-0.487898647458411
-0.436946262704462
-0.416202493718697
-0.469839773449915
-0.572516256720906
-0.477917433038691
-0.223902509477423
-0.382998391134345
-0.385484330638731
-0.363902075832782
-0.511319633137774
-0.307414488874822
-0.558190972149868
-0.363143802225805
-0.402592963250644
-0.177043994617486
-0.427678846989592
-0.425391805404332
-0.37861753370357
-0.510028986867323
-0.441906855199951
-0.48658866662337
-0.344651748902565
-0.50333671495257
-0.503711835878059
-0.385036503049028
-0.458977162411891
-0.361796947684533
-0.436991092138669
-0.314424303274082
-0.482063504361604
-0.405368473891106
-0.501826058934372
-0.345442829382159
-0.362799349085238
-0.237718540923281
-0.423510619572665
-0.219445704832342
-0.564706900860134
-0.171713330974271
-0.294104635854846
-0.32408967325512
-0.361630080962317
-0.25852530322713
-0.262816788432318
-0.513367005116903
-0.27448620117098
-0.364463376585609
-0.300799302929146
-0.478376238320656
-0.250846995749959
-0.502285969591336
-0.339288530615615
-0.389553512163412
-0.312630930277682
-0.509947416975239
-0.205400973821279
-0.301036686288576
-0.149940312568457
-0.345043082264749
-0.228026519961612
-0.313736629841588
-0.294235367915309
-0.232902686418572
-0.314764542516905
-0.367744137799162
-0.205360539615034
-0.163389699894218
-0.322483511435381
-0.337978096357768
-0.358680252413915
-0.326669576794028
-0.183342140216435
-0.194103883039226
-0.244642073056492
-0.341526139430499
-0.16979294698958
-0.317712824517399
-0.243128605371099
-0.243098357858951
-0.284151327448876
-0.261084725841349
-0.230094934067989
-0.379171647322165
-0.246736122899126
-0.371913384536577
-0.305407479332812
-0.269421530985584
-0.339960792824057
-0.154343989620792
-0.29890429025464
-0.303992586649767
-0.174625064945228
-0.128202657840621
-0.369042663511429
-0.218457857707987
-0.269382882727664
-0.227932563238289
-0.274413698463152
-0.264697035488118
-0.292998704002775
-0.284174712962499
-0.131799450697392
-0.196966327736199
-0.396094149848337
-0.167150026700741
-0.240341615055874
-0.141283241623442
-0.186951846532919
-0.296305814942535
-0.173571413165378
-0.327729030578273
-0.183773396621877
-0.226079208412192
-0.334635201162762
-0.247534864224311
-0.253805532907673
-0.124128748771656
-0.276718289909393
-0.257304502915023
-0.323594980129601
-0.13600617956529
-0.0936268312971194
-0.0430290242422988
-0.19317721002154
-0.148196287569473
-0.326273313083554
-0.311038197392939
-0.158356746225931
-0.136866609913678
-0.0839387021447772
-0.244420656576694
-0.209407651205768
-0.0672194005418339
-0.111735964247759
-0.277027132557273
-0.154252723655446
-0.230430496373898
-0.141149995985806
0.00152693846680095
-0.0885699236630531
-0.139789946905392
-0.0980025311669158
-0.118815988732241
-0.083866968279996
-0.117964982361656
-0.110733788847088
-0.156470473850184
-0.0568592375459649
-0.13237630298047
-0.107146992307329
-0.258044396798665
-0.0354010361399136
-0.175573222349085
-0.135561284282655
-0.161909331944561
-0.0883489481818522
-0.178085916157177
-0.308478059980649
-0.0869178856521955
-0.0315284808640762
-0.214750381589805
-0.200531209077847
-0.195726770633515
-0.0889099266632532
-0.0509639641383683
-0.252884965060508
0.0070840610200278
-0.0550163502406212
-0.0191203903403635
-0.243780557063569
-0.109487437449457
-0.220568162901711
-0.0874708872351316
-0.234326117828437
-0.107522927251135
0.00276876600325605
-0.102718763060623
-0.217222730928693
-0.0884363451331602
-0.02028995898501
-0.0103232520791869
-0.136572467403165
-0.153817079466764
-0.00748353920015422
-0.141193733607341
-0.13364796897053
-0.117760356638051
0.0164318697882146
-0.0934967713568874
-0.0921817746652919
-0.138282812130091
-0.0532580854592205
-0.192506761022588
0.0246844745359367
-0.0123373478046215
0.0336715760264163
-0.0741092541268645
-0.160277408017867
-0.0203974205535441
0.0183586391021375
-0.0751527848640833
-0.136511827383986
0.180292069389118
-0.0754210102115414
-0.00425148975931781
-0.165286154429883
-0.0760865598611761
0.0701549030059503
0.0605803051138935
-0.0511296093711597
-0.0597985387692601
0.0159698824769673
0.0315304117460741
0.0433583415079905
0.0232337421319755
-0.0986650321326791
-0.0202211282286748
-0.0118852245566204
0.0629746614096388
-0.0303017987386067
0.0265417422892504
0.0228804983038828
-0.0870678350741081
0.117212144919992
-0.0184051181288733
0.121707659201246
0.100949777447419
-0.0327235247911328
0.044500812395117
0.108528549874296
0.0342251180590404
-0.0313841932818274
0.0163222124734603
0.0408836602575538
0.097242853639293
-0.0845363985993812
-0.0258751320012474
0.0741772766745433
0.107325167284013
-0.0203406472145072
0.089869880885434
0.0495955473838875
0.162581181558752
-0.0516987374407637
0.089491833225827
0.000469429816703361
0.148252568197438
0.155141938477345
0.0766333897821093
0.0465543158633628
-0.101209396651756
0.152238214482811
0.0313551822328733
0.138229005666849
0.103184730596812
0.0999034080207268
0.0511600590739739
-0.00891716877795944
0.164585288139686
0.179064812195362
0.13291820793423
0.116316492151573
0.100760091194602
0.233997012547255
0.00272483710865275
0.148319309738569
0.179972396467403
0.128501192487553
0.23471609179433
0.0509210018336919
0.241408410590975
0.103923824407221
0.018772373060844
0.205591647612022
0.104977366165642
0.128174619254956
0.313413479009331
0.0484424856757508
0.13407024393408
0.277120224114562
0.0121762458762907
-0.0104395649327155
0.11481822920438
-0.023153074570719
0.234741297197691
0.22985737986113
0.148276497770935
0.0362013000115288
0.236992878164096
0.160788074661878
0.110724932808855
0.173924370476046
0.190900980853492
-0.0498332979981484
0.180673653383122
-0.113330043891954
0.0743627712972808
0.197922941888111
0.224238857376626
0.247948230041111
0.326133618463741
0.181806491887452
0.33207451817271
0.211998331903869
0.173418238594092
0.177702549909546
0.19057229128453
0.138483733235689
0.133669357843085
0.166838940834974
0.191511644204084
0.198426634933614
0.26019715581309
0.189096791984459
0.196162949811014
0.221605366645963
0.111869776350846
0.285875520613579
0.258972023584706
0.28859395113132
0.269415658590466
0.176957216747622
0.369333667203465
0.160681132227416
0.376789863362901
0.307940379005244
0.0848676660832921
0.196308791568857
0.415391844111941
0.207523460389856
0.373912670863836
0.0973219872960758
0.195932082367497
0.342759365121533
0.23934430907205
0.213445535745493
0.329754142223379
0.242475009284823
0.218826738463495
0.321813369501179
0.207279218491029
0.205364456403519
0.283467870491905
0.407646624102914
0.340473074395501
0.203329780357664
0.191171005957233
0.271278564990508
0.271781173586095
0.348035230448061
0.243267478152659
0.292991116739941
0.213553276655994
0.221998084314152
0.163392070351505
0.30382199919628
0.325071764360503
0.344223089035972
0.26035551536948
0.128148768332424
0.30723842693852
0.380371813431065
0.213528910931491
0.438256376942561
0.299313567898113
0.350804065550099
0.261856283750382
0.286225311823307
0.269833920610963
0.282815462575372
0.318373693504233
0.159008531977615
0.210836602458376
0.527422038946585
0.352875475897323
0.310488363490615
0.411994493076664
0.267203405905757
0.355479777134974
0.182883504219313
0.266240169429507
0.451784956209047
0.33124182915276
0.175363481471035
0.345017280306187
0.214743916693345
0.311982520606299
0.340501867843371
0.328530208826289
0.33189940669597
0.314532245509435
0.293726565575072
0.270068404523743
0.280624476525755
0.300503135932477
0.382370545634556
0.335311867324249
0.357405117819253
0.191815564380804
0.355340646571674
0.309261141408328
0.437602100813049
0.364353522303735
0.292148298147361
0.377861300377066
0.331209941284153
0.291650767305219
0.374520186871956
0.472768634624956
0.430062663682166
0.534836065525944
0.337048345520395
0.2809828380768
0.613987521339526
0.328098210296201
0.32772094308795
0.503699896815713
0.417106251755324
0.345684256054072
0.380623001078892
0.407020238841178
0.485013605748024
0.412429699709017
0.39971747817891
0.31047271687366
0.217444853704097
0.409073251470983
0.403523554325737
0.319310302390967
0.580320553717266
0.379382569578967
0.453891147540096
0.460430781408456
0.444408303259083
0.508053471433146
0.383735512115135
0.458777450863802
0.322078432742126
0.33304751356938
0.362246338963046
0.405977576357813
0.33090954645919
0.436891016740672
0.454475257466609
0.466653233639199
0.454910297914903
0.355872656390869
0.255491788085139
0.61394203671793
0.459218430219314
0.544049321242265
0.470828256931016
0.494984386912501
0.469624178927005
0.429908951956121
0.481216621022394
0.459953258276972
0.407953258027039
0.42230441861683
0.478476328329373
0.409342152335519
0.473349605077449
0.474050976570197
0.485651849234458
0.564374092542146
0.50879460104113
0.482100378446492
0.555105531061772
0.485959452282315
0.610889635419074
0.332523226608496
0.42162772651156
0.672319765534158
0.543046198225297
0.475670404955447
0.429397733568576
0.614791227584788
0.52058516949356
0.457967787494788
0.472621033752329
0.547820874285936
0.596194209632496
0.520263284406142
0.410548236670517
0.558568708356902
0.520375811155674
0.469888845271339
0.770842540989931
0.435366772788243
0.587822112898877
0.601069539418701
0.523820010903913
0.582412964599966
0.602776660175542
0.656736509830918
0.623120863204889
0.690883844537536
0.544847287082821
0.600684337503004
0.601101316545937
0.444427605568529
0.502163687293619
0.602324335200378
0.713010593612545
0.538880036797884
0.638126780597752
0.609624037223171
0.478429097911968
0.552685022220794
0.520862089262583
0.636865447012755
0.608370071243444
0.545749151393503
0.464713960786278
0.683280473177643
0.65883073480187
0.605044037620166
0.679702926169068
0.745805819244479
0.615328663892513
0.592321626388735
0.698034447514675
0.684531649603948
0.615132168366625
0.575412339852943
0.629254427153389
0.559361376259459
0.566814971247628
0.670302696648232
0.585687471044957
0.638044546514621
0.559932081964979
0.530251073963341
0.71034050339564
0.573869698358575
0.56155200927709
0.79630738500669
0.440416113575725
0.575968623993877
0.642929834094562
0.714588130226123
0.588858455577639
0.640818065165292
0.677549340094213
0.558862855187301
0.724690849481486
0.614100764317144
0.772680428721106
0.635592094235241
0.560186284614771
0.751267998739427
0.735307245121554
0.616621799162715
0.730374562733591
0.747781895570568
0.506935396859291
0.825665820459273
0.648612677789678
0.776461427531717
0.744119495222048
0.598973906046708
0.777801960920516
0.784189942364705
0.630486677205262
0.792573978700973
0.651211900647967
0.518596717616927
0.685141385779157
0.617270979697168
0.798486696507374
0.728771063339968
0.564468643352006
0.630950386412913
0.602315160460269
0.839397942208087
0.815437506076519
0.738427815635997
0.592538953944096
0.666065322786523
0.583166937840804
0.681893758624833
0.639756552104167
0.570940545675141
0.740776711729758
0.761260199294571
0.752462573366138
0.614038098184314
0.58061973660573
0.868507305332959
0.68968320092551
0.783546937545402
0.734771089195872
0.706721506558724
0.773663630113927
0.593927364099429
0.747827848250008
0.911981544267116
0.873897158734574
0.701823434681843
0.923178256489634
0.816138676741075
0.676925116212345
0.751196306639541
0.827975130987945
0.806689634281588
0.828156799972657
0.6723592685542
0.719895060473352
0.780348536540007
0.678852215469043
0.88353418387831
0.818293795603637
0.61646239776292
0.687373700382633
0.748771925712191
0.883178065199977
0.76299350367795
0.824629149881458
0.832837528422997
0.802211726842533
0.619172774152157
0.860378696907434
0.800573071487843
0.726238742640425
0.785620368958233
0.73509366880683
0.946557549648517
0.774953681092207
0.90099962962277
0.755382413065648
0.667926679622735
0.760759547325635
0.801314207383979
0.754923363054748
0.806935469033667
0.741264650756165
0.759451566937504
0.893660717270412
0.907059281304258
0.91862391873479
0.800709968787575
0.919231753619843
0.891459458612333
0.882392082982364
0.939441856489963
0.776476534217071
0.97824842531239
0.885597762164015
0.755221174808997
0.853826309720051
0.804131934581578
0.814931509672955
0.860874504515185
0.913873875834864
0.864308739297881
0.925165448151533
0.973444876943798
0.789699583658374
0.855592430907584
0.790013709913399
1.06629685049186
0.824209169070043
0.818739623966148
0.914306043700809
1.03166027558658
0.780454968376353
0.91031092676842
0.737983247361774
0.966238516059356
0.882516490163036
0.970993851509396
0.850982331150857
0.847269547657853
1.02913932431268
0.925854158231866
0.951565548472247
0.672111318097593
0.927102556100072
0.934152175559028
0.914359395533737
1.05317014487601
1.0693177885806
0.793315804286209
0.91606940975397
0.932553604054038
0.949724550175274
1.05081911984114
0.982457220984263
1.08140982605837
0.96356571915402
0.959103011440841
0.820826658530706
0.989396723605746
0.937686468524801
0.888516509948751
1.00608728762804
0.969074769260205
0.862353882288536
0.97817232583077
0.881734772798511
0.837740901805411
1.10257610230196
0.819234856342547
0.860023602760219
1.03014503954696
0.963711755680306
0.834679766592183
0.888960628472619
1.01265942422936
1.01551532896333
0.840082076436059
0.959577869423221
0.878229096640641
0.9315906997558
1.01275344479629
0.924182406664103
0.870012774269184
0.945231562560453
0.93293531439423
1.00078587344426
1.04635421472335
