-1.00095814554747
-0.949357836964129
-0.916545227943289
-1.2082973465278
-1.06657065458746
-0.920673350997659
-0.765099983602301
-0.892260505304099
-0.998523197758603
-1.0362645426998
-0.925222478690006
-1.05997373741332
-1.02715963828672
-1.00057280944584
-0.876467680238152
-1.16732078573653
-0.975600958344766
-0.97234354090117
-0.977414462621328
-0.866402455896262
-0.896736508013446
-0.878529751300353
-1.10901677347211
-0.889134639212901
-0.996303894324573
-0.950184156852779
-0.904367660366008
-0.943891282871203
-0.976512653011658
-0.896590077542775
-0.914963005516662
-0.920227723346591
-1.08177983663483
-0.764139132322946
-0.954666484943587
-1.08009428239798
-0.941471956103502
-1.04981513440902
-0.86855716095577
-0.986608942853524
-0.822942063276217
-0.948082903730779
-0.902356877996659
-0.872175989457986
-0.756476209821327
-0.851281392668653
-1.00201446312391
-0.921258844625388
-0.739247821731369
-0.926562223569237
-0.851958154096256
-0.89055550184288
-0.791414328059354
-0.976835820698587
-0.765127714172049
-0.948279432178942
-0.986025468056208
-0.911076881584354
-0.823691204506309
-0.98816270340124
-0.899451335195932
-0.925005773934906
-0.988300964219273
-0.951019633808523
-0.894690091802059
-0.656149169881
-0.846397916850248
-0.917609441944569
-0.929359670522605
-0.873254289024477
-0.955466591015341
-0.810724736469011
-0.996161415586329
-0.867358513174411
-0.907326544954334
-0.855089523109607
-0.803817789156443
-0.87014137657675
-0.897154543679725
-0.798517368882996
-0.836247206507983
-0.767852047902898
-1.02258861439572
-0.788161358258702
-0.746193010304914
-0.875163095411233
-0.769774451346003
-0.744317277005405
-0.85157218955044
-0.903415120376481
-0.879833872819434
-0.708845135948732
-0.913018601901482
-0.714318205845064
-0.8025783139474
-0.73316192987109
-0.77016961286095
-0.763101224628483
-0.788401295531697
-0.788710804793089
-0.779148704260594
-0.719614338295824
-0.957355039417601
-0.851182388147401
-0.747646952283497
-0.832420139177409
-0.807372615892459
-0.812582031848711
-0.859686019869078
-0.643208158264499
-0.758196212474675
-0.68244074200849
-0.696895737433002
-0.703343432555772
-0.909560445195458
-0.788826283782083
-0.882873924459088
-0.675361759230091
-0.7235330625847
-0.635613456560917
-0.784459264641163
-0.772986728117758
-0.686589648080276
-0.705943848257825
-0.636812831341336
-0.650042408276673
-0.782036682205887
-0.717716049299501
-0.81559766927725
-0.7271141991663
-0.679658656331102
-0.828284176667061
-0.686697857956746
-0.643578341802769
-0.519652780988158
-0.653061888423364
-0.63514147805772
-0.645288770298219
-0.681891398019772
-0.647826367179366
-0.680716177252278
-0.748234891722414
-0.847845686284367
-0.721384977899452
-0.80923834470622
-0.714368841635841
-0.629861763476633
-0.764283612771807
-0.544683236936893
-0.739210915989815
-0.673255805372871
-0.863940299059487
-0.703567765311644
-0.679359514461576
-0.77767695043335
-0.676396759443116
-0.718564016151859
-0.795519239635922
-0.612989034537782
-0.70091083169432
-0.656234025129423
-0.75105871890571
-0.72396773188331
-0.612436862292511
-0.591401598604318
-0.774332229054517
-0.495597238858003
-0.86054768960714
-0.732477221722616
-0.657507583439617
-0.671379223240256
-0.739074439741601
-0.680700464066454
-0.86283379718473
-0.643014388375521
-0.512719953844189
-0.755495656965585
-0.709535736284485
-0.730879612530291
-0.620742498787199
-0.547350485276209
-0.523653036542838
-0.692268079301397
-0.638710614674335
-0.620326465798525
-0.678482252140498
-0.546279403461142
-0.745674641999182
-0.607503309113011
-0.720321512673745
-0.602704620430941
-0.675208821232062
-0.637118094161148
-0.608392162590962
-0.613407869279104
-0.609398198519762
-0.621327249940779
-0.710796968211147
-0.802491986542906
-0.706797751714305
-0.584399289284882
-0.722476704546778
-0.547424881184998
-0.492580667730859
-0.511173147010079
-0.57093602636032
-0.645855749137481
-0.759102003472776
-0.557893768232253
-0.639222927807616
-0.550993173758159
-0.49629159784021
-0.434905590908718
-0.775826578517826
-0.660889916824047
-0.595835200551891
-0.36398588555067
-0.574649041929107
-0.550851060679514
-0.643153539119867
-0.616676081314135
-0.539139808316997
-0.523641600951208
-0.489989345045038
-0.555817147579849
-0.393822201423222
-0.662816750098731
-0.601817917494437
-0.534834389276238
-0.584994299117014
-0.609527380659501
-0.644181323914104
-0.441398896081772
-0.59774501494938
-0.517705507729666
-0.533642319939451
-0.448558383790184
-0.759587289053617
-0.474781379840318
-0.59717293540043
-0.534165998946193
-0.55302493378814
-0.43341877533725
-0.383332200948339
-0.576641724552292
-0.401630844201678
-0.560217158780444
-0.45323901978214
-0.594513739884554
-0.450043794239371
-0.412406956150118
-0.435575352783617
-0.429491001010952
-0.373875458724722
-0.558470801259198
-0.601347896665054
-0.409433928383451
-0.320825927325096
-0.512462280997154
-0.540647756685876
-0.485966379865121
-0.379130021828759
-0.584632197970828
-0.495069443221773
-0.546001437176876
-0.490965474737359
-0.259454328827287
-0.560385347641931
-0.381435865200641
-0.527142567072833
-0.395356454830297
-0.365508784734614
-0.325052517048485
-0.297215304386967
-0.623460529404754
-0.30555756549555
-0.460291688953842
-0.515400340254624
-0.314538507914541
-0.477024477849052
-0.519197410182713
-0.418503456330651
-0.517560975096673
-0.381626906335208
-0.46143181036703
-0.431867087699762
-0.142545395731549
-0.523193327290743
-0.416244409518337
-0.336480395724302
-0.434068529187056
-0.454704880610951
-0.470029035564354
-0.268894776786323
-0.375364359109751
-0.35597480289069
-0.477738268503515
-0.334767001216126
-0.307614223701749
-0.331750870053958
-0.42403712626998
-0.415581811185054
-0.339358223558751
-0.352379642613509
-0.325569154694994
-0.279657977427731
-0.467067228473553
-0.430175642139148
-0.387236622554555
-0.347902337806872
-0.414425087185839
-0.501203947808747
-0.398171360750021
-0.390542663052605
-0.421104823353229
-0.572907216852118
-0.447538453185449
-0.333010881058007
-0.347286071507527
-0.383499293818059
-0.347743898098534
-0.358091241025555
-0.456387446974959
-0.326054344034019
-0.199281663920154
-0.413472894281335
-0.38845316648022
-0.243994391920587
-0.227475538800535
-0.359878069550454
-0.492147870782347
-0.405474739705314
-0.240422051963853
-0.377863958183194
-0.366831509381978
-0.295068385366524
-0.325030152144171
-0.337574266889242
-0.388953822537829
-0.326359518035685
-0.271669307925317
-0.515984763804289
-0.167363579293657
-0.313415150249908
-0.117301310817757
-0.284746747290022
-0.276069881671172
-0.271082748778808
-0.288293329052017
-0.250186824470414
-0.354203344502969
-0.267890208447338
-0.2687119136192
-0.284470799270271
-0.439558286975384
-0.25342709052044
-0.345529547189502
-0.264387301376053
-0.423969912978208
-0.389265295226157
-0.27592218334649
-0.351801995446838
-0.335123027804484
-0.126831196122995
-0.30231753742224
-0.247739749514512
-0.200823050286311
-0.339295997560262
-0.420724783614654
-0.302815248344241
-0.135066376027572
-0.330808144012631
-0.207070598002396
-0.28364337719555
-0.286531677150851
-0.280819028599547
-0.113510976693914
-0.352780543701259
-0.290658690506435
-0.23804971390988
-0.206637888342429
-0.144708790451895
-0.351323029764196
-0.312742896060894
-0.252858870833828
-0.236068610661568
-0.3288368570783
-0.208609428764231
-0.273472056818465
-0.300528351599736
-0.380048792578652
-0.291705093264921
-0.219041423655858
-0.182120554327775
-0.230453681342889
-0.201100617249486
-0.311955173111167
-0.201953153503685
-0.0685523663435667
-0.12265785842392
-0.23931190020299
-0.255143450266559
-0.19745719948094
-0.252705718074048
-0.310290787064888
-0.138136463109888
-0.261907660861342
-0.149851698996733
-0.17266666751359
-0.226476850701032
-0.203384945313659
-0.166591323614188
-0.261009378189741
-0.229746219179201
-0.00165058767238145
-0.241227511655655
-0.225377875378576
0.003862708560054
-0.252774476134143
-0.176247606906756
-0.110356704553073
-0.17816908493505
-0.183035971974458
-0.0369263592246391
0.080505162296801
-0.0783012080253302
-0.103499755782246
-0.0552975784910891
-0.281080237211123
-0.0763406330263138
-0.289968078079232
-0.1375667827287
-0.179399087445311
-0.0306751262501653
-0.093210981425835
-0.166526562724695
-0.197279755440035
-0.0816250321516278
-0.125687004423015
-0.0921498074175692
-0.235382280819668
-0.0495873070218111
-0.0514584163015948
-0.211179729534383
-0.324907511422745
0.00554760651861237
-0.166312942743416
0.00834055454960195
-0.0916831324826052
-0.104615474927646
-0.109726975392564
-0.0976083031212497
-0.149708830084703
-0.135181796866801
-0.0868039030387114
-0.0989898938626543
-0.0177259916724915
-0.0124157481013529
-0.0715560712880389
-0.122666333022512
0.00845596000473812
0.0662244090889725
-0.122198978454248
-0.0487995305466684
-0.00803563553534946
-0.108956214891582
-0.0384600962529473
-0.0235547329635724
-0.0139754668942942
-0.0287018548335363
0.0231283438286103
-0.0768649477476722
-0.100501701503277
0.0441421052990833
-0.0745019440802396
-0.146071645270644
-0.0363251578451769
-0.153693636533561
-0.0264034818507635
0.121538801694617
-0.063031468262573
-0.0496120993154988
-0.0331930161046363
-0.0177973562416882
-0.104755485227729
-0.0773372477262043
0.232153371034212
0.138214489655158
-0.0164709565979793
-0.142562112840514
0.0490017871604605
0.0281360079429216
-0.0434170908898678
0.127308413710437
-0.0205359340888056
-0.0308219049288814
-0.0345274213345961
-0.0323381633201482
-0.158828413188554
-0.0405523218575433
-0.0668002442713778
-0.0635874362677793
0.0732383914769848
0.0515936278704714
0.139506128866481
0.0818724126324777
-0.0633820205649459
-0.0437259379245653
-0.0165945663006785
0.0539413784391463
-0.00869221603473478
0.115328119612515
0.0539375300789515
-0.052860015598669
0.0217055466297807
0.062039518642457
0.0714987166038046
-0.0161299545512905
-0.0781397572185984
-0.0442360694051115
0.0104926914520176
0.0339101637821365
0.0407151041014758
0.0813252501241036
0.079426304416813
-0.103168634104234
0.270620352063648
-0.123276666934977
-0.0237257411456314
-0.0164949780375853
0.0999059004600244
0.0691497122950295
-0.0898248729423215
0.0585172742965095
0.145318243982378
0.0791053533447865
0.107576076864594
0.0415792575605664
0.0424233698206853
0.161970084746909
-0.0156155124725868
0.188488806456695
0.243401507653428
0.0560084630194662
0.0530705865631998
0.0278800611296718
0.133421109692654
0.0271335699360169
0.105648088096514
0.0831376022768711
-0.0109984514535164
0.060323957809151
0.0222030483281174
0.0832255186381527
0.0713162552449809
0.154399511025924
0.147514675920278
0.168678516259279
0.131273617728691
0.109429300899427
0.157657746094333
-0.0215071685151312
0.0845587476184741
0.0850164470179749
0.16478675700217
0.224506698189126
0.233909946612027
0.18064828476433
0.0946333877400621
0.121629028011151
0.122721862979821
0.0457703681541497
0.153196755332101
0.159906294754385
0.182259866888659
-0.0333620796977624
0.208763606364521
0.129207839225151
0.131092831896758
0.214112868350925
0.292694859714068
0.150095441428531
0.151778860398643
0.0902322371408607
0.136518546700005
-0.010125865062623
0.278987704628105
0.398723235080319
0.135006167166175
0.23303636730399
0.0881603214559287
0.081467878610662
0.166229265828685
0.305827347137611
0.28869587008732
0.416091074993057
0.0779912240875326
0.232450487014841
0.257095493341308
0.0884044568546819
0.137711223461006
0.21980059962439
0.213958971597938
0.172126457721043
0.109125870795935
0.266099660017881
0.352020126043101
0.300146035859584
0.222976360831776
0.246409557853904
0.201467437496009
0.219029936526361
0.139827091439612
0.331782195851265
0.286184214764289
0.31622732008172
0.383983312083784
0.285238345234282
0.125989439502006
0.249561703741276
0.224496665712448
0.318381606275566
0.319236194543316
0.422120035135362
0.172626473662266
0.311892068630558
0.18858409096372
0.165718164290659
0.211124713227264
0.205106884081228
0.276477484301816
0.271665516649871
0.294978457800885
0.457987716880901
0.33674117445947
0.3352224010771
0.236740140279824
0.371473084895419
0.323049772754603
0.303808603113736
0.201676161250257
0.350579468634053
0.300268274121633
0.309191152388967
0.328516221974902
0.155543342933174
0.243804851577384
0.376413482512841
0.478149288980457
0.298509143343366
0.374717387017127
0.22727533288694
0.31249765840094
0.217280076359996
0.281379724541673
0.313903493881378
0.296047302450477
0.251810930853564
0.37638666092148
0.425459511632473
0.331422870233236
0.299975915541973
0.443054891765337
0.393975973610279
0.386644993662574
0.401332482354761
0.326649127675541
0.268214735781977
0.184441501340939
0.396214271766986
0.489844508000364
0.341902193064343
0.394471036507816
0.479919801272838
0.349828346001355
0.335591614238165
0.352878686444191
0.323952548438204
0.270180248391655
0.495909174010135
0.377798035191965
0.566090769791314
0.430823895927221
0.289474749878548
0.24174593936408
0.335054638710579
0.459654518801588
0.3180973154992
0.413281060061947
0.32303870963087
0.317373854346897
0.537496584538596
0.472255122474626
0.491586972342524
0.345998993343851
0.423421110445152
0.390974188207024
0.593913435777126
0.383994553631305
0.391494135059917
0.394235039014473
0.471494078556531
0.492933474218665
0.415401956416638
0.344467772166019
0.469679634942614
0.29764532689839
0.366156222675365
0.446301532408474
0.447123154749949
0.378836040553148
0.49993125402768
0.414935664546888
0.401460736285541
0.266458285673798
0.34740264294149
0.368131240164295
0.347705135752238
0.444139971423472
0.447944615244524
0.480885265514902
0.329455497680671
0.307572791302401
0.360974450953258
0.508128970654007
0.595348902223112
0.465280076424942
0.5452979727137
0.474478921463309
0.51165526507116
0.460943440975553
0.400234641585439
0.536767128208816
0.420023193983287
0.529497990195238
0.485849174186198
0.518145716899752
0.585981447577074
0.565689907998245
0.485906478758617
0.488014237664648
0.400129394450668
0.399672863148625
0.53261549042732
0.541815735824239
0.549419698592485
0.509202422540208
0.563723874064195
0.537123809598347
0.455379817473654
0.580116163183379
0.448969865010592
0.393034629574537
0.435307075176476
0.513494908294931
0.631409281273417
0.521298992909368
0.453090583613845
0.558800238107279
0.653132464615126
0.503229137151288
0.414683870161092
0.396337982212184
0.513060020224041
0.583033719100091
0.567352776508043
0.477718141634181
0.466089130088952
0.46083817860986
0.451938927196018
0.360564246194131
0.547051776797361
0.436578301891568
0.71460108991399
0.632452341913908
0.60016195220506
0.639015584360044
0.530435693191118
0.58920833913825
0.469607821241564
0.498416696288997
0.556780330450534
0.374442246892224
0.770103186972974
0.630881194015807
0.583077133977797
0.633734445717959
0.813544132875235
0.565871664486183
0.602801633791961
0.74390177994167
0.739263949156718
0.689718039194268
0.50743371697292
0.60522535680397
0.571558548557108
0.541532122351195
0.681349157506928
0.640022281411028
0.544674550827468
0.697577216367621
0.56672813558774
0.787184342851127
0.585900002311806
0.587321461750465
0.698986373854346
0.640164062798451
0.713711505753358
0.441091168624756
0.67711873536427
0.591156009388306
0.778250213346625
0.602133080472251
0.542613532135468
0.550650186185631
0.635819031233084
0.751184587918207
0.694577551237211
0.621388717838187
0.771944230620076
0.716035285329353
0.441627193859178
0.614288968561385
0.696707560292637
0.746811080915758
0.532186382810527
0.561009786327527
0.617591155585937
0.537869833199428
0.660540748053248
0.727407655806094
0.66593659913341
0.582796400611935
0.559314982031676
0.607606992543697
0.750863819593556
0.707450322388832
0.735134882877215
0.660450479896866
0.702316416800941
0.581302886625481
0.654259226082187
0.77380565157365
0.82663013532701
0.571135061608415
0.708581381681068
0.710334279221636
0.728728035657837
0.67800882866746
0.645705729492792
0.676827459453941
0.66219257371016
0.801149025596611
0.585075125547499
0.769808275002448
0.612719242533939
0.719693715363395
0.611001107212515
0.692059286351394
0.682611217764502
0.544759818758856
0.508915220775373
0.81972393923103
0.603123395917994
0.678989840607034
0.891700170796651
0.795667746056933
0.800860647772985
0.687654748209038
0.752602659752922
0.711038463969655
0.695738769766673
0.722388219666078
0.826683671923753
0.759152702513571
0.768271723463416
0.791518752288509
0.739670961667843
0.772976938503525
0.762906280801854
0.889385884846042
0.898164801627084
0.875598591496321
0.758840276916107
0.841669717439096
0.786877798799803
0.640399290751418
0.739553403831811
0.904726879807527
0.989477146366834
0.599087323726794
0.73587072165805
0.75075081885338
0.811204214296304
0.75027737718931
0.851530512372624
0.913523959492046
0.601582762471588
0.837251466237497
0.881184669937657
0.805519184983033
0.727143128071914
0.837708466940295
0.671870122349991
0.71241279747361
0.84079400011152
0.788488807858693
0.935376488131192
0.951818719115591
0.838157030405464
0.761080524464023
0.937427215064004
0.762377329986456
0.727766074791367
0.981358860766296
0.695688934848827
0.761239730027695
0.785716362485044
0.647256702882371
0.827234608981892
0.860850292417673
0.954535790477505
0.799314519472053
0.770764618141896
0.87058452352908
0.937556509501045
0.900046086040607
0.660881524881956
0.933706938564114
0.882113843847263
0.794247265521323
0.818702542430333
0.768040715745637
0.741254375092039
0.853754497874862
0.966689570811396
0.698731409574482
0.74868803268125
0.907922823319864
0.824395226658279
0.941601500058552
0.992891905977355
0.77459213043777
1.00157835975701
0.903892887296917
0.923766929231446
0.968678731421585
0.862727800073843
0.784839770648375
0.991196999186218
0.863416580185645
1.10086349136765
0.772474707294114
0.980294206095677
0.691752739493142
0.86997208237211
0.996569724383755
0.879079859460174
0.836482192701939
0.866605914489872
0.801635301316516
0.968420078934733
0.781404018426602
1.02229242503932
0.976944516036614
0.925905592894561
0.915314855595315
0.89066962849401
1.03890871547323
1.07427288767707
1.05890268384306
0.839147040232508
1.03159761135796
0.837513925628331
0.955675042195263
0.759143204828999
1.13782035364327
0.988574211364987
1.0086114768992
0.98276401813637
1.01866948572304
0.946987415290639
0.90341725670365
0.97642826647939
0.970646231081063
0.920649483579322
1.02969666366678
0.974711493301606
1.19397507673493
0.87931217880408
1.01626838837396
0.931449472785294
0.949492416314478
0.888203389523435
1.10776493458467
0.938357421243419
1.0929280786034
1.16245473084403
0.911654572400757
1.01090958129094
