-0.824935690052159
-0.947204721922433
-1.12230841839994
-0.937130243446363
-1.08503849411238
-0.955660720059411
-1.00189893911165
-1.00713740986307
-1.0748149853854
-0.884029543740493
-0.909305269484951
-1.17615050021912
-0.972140735348678
-0.907484969133856
-1.01861841031536
-0.968354956671713
-0.957741241297968
-0.938569239595448
-1.01836854992191
-0.953100535581378
-0.941603097615213
-0.929559242260059
-0.82541472900176
-0.850865645837666
-0.958933985585799
-0.924669605246153
-0.875019793480785
-1.02957981846369
-0.913832430624857
-0.910154444288561
-0.889405538408844
-1.04339274020021
-0.774145495532332
-1.10931841023887
-0.931095658285881
-0.853192746129472
-0.917450930376775
-1.06694109291935
-1.0468208860649
-0.857100541715928
-0.942539307424658
-0.82963441952116
-0.945410131485266
-1.0201310376771
-0.827142082136731
-0.868115370533173
-0.92251222959985
-0.935391816994885
-1.01698150451411
-0.839444730412982
-0.895140685715059
-0.915310388117822
-0.875595863299661
-0.854011305572384
-0.736708890651937
-0.900703920804254
-0.936814136515659
-0.880657741956259
-0.886090386359164
-0.906359886997468
-0.781432468091801
-0.94854237898196
-0.951910291342717
-0.946092044253968
-1.00421053803918
-0.850712384920468
-0.929975038057487
-0.824604390771395
-0.861261942899063
-0.923521152478006
-0.95340682049032
-0.904474678529487
-1.00249455916391
-0.925762084985177
-0.852291451291139
-0.903382672315916
-0.830834354119234
-0.955545409137998
-0.853090022919648
-0.869402133285762
-0.99750481494861
-0.7475209047149
-0.858833454762438
-0.793406769241747
-0.838394801555729
-0.702276264548454
-0.811969041196254
-0.860970022075404
-0.822574925290284
-0.873635065252602
-0.7502063907299
-0.8334030542912
-0.703955824109367
-0.915571728303188
-0.780469008533803
-0.736292053789523
-0.800442441117595
-0.871834280352383
-0.893897760851758
-0.761228592619222
-0.687545689887597
-0.72308182543392
-0.693336803893145
-0.748396177914665
-0.785998496160944
-0.714325471814345
-0.76339705760932
-0.749297610353067
-0.705577855225041
-0.780985435905925
-0.640705208870538
-0.697727231381903
-0.836822734553874
-0.648995485708103
-0.836945074065299
-0.585417970506537
-0.805690837345936
-0.767444276486674
-0.599959039318341
-0.801135154443195
-0.740484800914259
-0.712538125423706
-0.771547971746398
-0.71923740714317
-0.598723762063064
-0.561842983042125
-0.824940591582013
-0.668852071468662
-0.733655804003108
-0.570493983531936
-0.756419427486776
-0.619609465385139
-0.665225193018121
-0.723556701203779
-0.872650216624185
-0.770138350955792
-0.848073351650517
-0.519359036390492
-0.675101886762211
-0.841552174726185
-0.704666230280552
-0.633847071715212
-0.689845425864661
-0.701266671397264
-0.817127585966033
-0.782537352724724
-0.720367943878316
-0.758411973071875
-0.666518568785492
-0.774011398632457
-0.599469365689886
-0.929428339312539
-0.745905062186882
-0.686844189873035
-0.652802120754223
-0.757629373384071
-0.529654072382377
-0.503365649014628
-0.712051119451275
-0.667891816760134
-0.742495925286052
-0.67333782262612
-0.678883280112935
-0.583673110595824
-0.694484643669027
-0.558753063601498
-0.600930101273699
-0.531866940512453
-0.684156615016924
-0.536730805224427
-0.826414874686657
-0.622621514545939
-0.760992227155911
-0.622015757657088
-0.608582212109371
-0.342616949179524
-0.704771797271383
-0.516970616149427
-0.567883917595767
-0.608269605937237
-0.825404474820131
-0.601275177831297
-0.686424161566454
-0.548486086940291
-0.712649479218207
-0.657474701814254
-0.510851823595293
-0.638274784081409
-0.648233815392113
-0.652787079669356
-0.513629074144639
-0.610892744177629
-0.590660745478252
-0.740619172157638
-0.698561353148285
-0.591084885418814
-0.727817327938212
-0.623910382982907
-0.441628292113207
-0.614854599189435
-0.593939756999355
-0.629700331378712
-0.597682133647808
-0.487324200948612
-0.653933301318437
-0.567674734486433
-0.616981286149058
-0.642911229371258
-0.592676189244728
-0.569208433501619
-0.43519957115418
-0.664783167323778
-0.642432372422974
-0.38104899562127
-0.56411315662548
-0.643139730133148
-0.626052488839658
-0.595200907517006
-0.63708867659192
-0.640905357713602
-0.549255239777472
-0.447198086841628
-0.439507045876322
-0.488600325706129
-0.539454402622596
-0.615311844629355
-0.553539560297596
-0.506290157568579
-0.560928141621935
-0.649979320066529
-0.508703584608288
-0.421092118859906
-0.497674532463464
-0.232538021982771
-0.451304380181042
-0.598990919032042
-0.446022328808588
-0.511201153767189
-0.61964219844336
-0.436521311727749
-0.450944518405434
-0.62754710084894
-0.709211934132513
-0.536355902511961
-0.519902412266166
-0.556168407028091
-0.556379381442289
-0.531623588679896
-0.529842589120461
-0.32716153184123
-0.450198972613449
-0.507885918259743
-0.57056307388963
-0.512820224734539
-0.527673833074228
-0.35701814497059
-0.513643752008524
-0.486210937816997
-0.615127422707005
-0.486594481566026
-0.44920700602584
-0.456606827732125
-0.444076141901337
-0.486607135869259
-0.462517173638417
-0.500032025485742
-0.556600745967484
-0.415152749763308
-0.442389073860939
-0.358599858674026
-0.551238271219808
-0.480456772253412
-0.379799965963323
-0.436465159008256
-0.401310425014986
-0.298080455920725
-0.342291466317369
-0.656368512474652
-0.382795948270977
-0.433725143040421
-0.303468297879335
-0.551644600619548
-0.452126485688712
-0.47910396517745
-0.359212805510956
-0.517785760372262
-0.278267652061703
-0.516341251763192
-0.50013530236433
-0.549493144149783
-0.358542350283655
-0.408134079114459
-0.488173042850818
-0.29777514088704
-0.465217380857302
-0.401813572072552
-0.40765829379677
-0.333737009011066
-0.312593271413968
-0.300366585487694
-0.407726398599076
-0.39516677520657
-0.380171762702052
-0.222001300486731
-0.393150609460049
-0.416958816793822
-0.335064776008549
-0.410447723792504
-0.408146091519609
-0.455348588624006
-0.333542293809522
-0.312215923697234
-0.350861589351882
-0.312616999875511
-0.480290015158903
-0.419268713711838
-0.379243527581374
-0.313148063826492
-0.366606339286114
-0.309155831236797
-0.201616369573103
-0.415255238476228
-0.547888169202034
-0.442773694234201
-0.254168535953186
-0.407915701871302
-0.369782770132295
-0.386000550849137
-0.299140076929148
-0.40837124795102
-0.366818567288091
-0.248535473740278
-0.2478497716851
-0.326688447341657
-0.370909521907262
-0.335507949092792
-0.215142024278969
-0.439126349580458
-0.27448673330253
-0.340745188328092
-0.301096541379764
-0.284449011075905
-0.247339540476124
-0.306704198788176
-0.216385017433211
-0.21268983388757
-0.197508391594407
-0.364663909963427
-0.318170140677461
-0.253268669993078
-0.378958967179539
-0.255100655652554
-0.261771033852637
-0.35292707156456
-0.215802686876097
-0.166887585785894
-0.156910940989726
-0.331797436150069
-0.162018474665105
-0.193327019653763
-0.142500502873822
-0.291883671137139
-0.342830345262395
-0.342692077972934
-0.255560791174805
-0.330470335216984
-0.279413992944945
-0.120945441352915
-0.125162956954125
-0.316379114645558
-0.235280009708874
-0.0321385057795519
-0.27878364355522
-0.272166796317427
-0.125189448490861
-0.304726070848533
-0.252029826892944
-0.34282476712584
-0.301654318076305
-0.133860376754744
-0.302936202152852
-0.274340502485818
-0.155075364410842
-0.159027736176768
-0.0616357647783853
0.0521476284025762
-0.324839016642986
-0.233524768502408
-0.179731380260828
-0.135825814082077
-0.261281120989476
-0.117196203763546
-0.262033036709539
-0.314399899994727
-0.110997256498551
-0.231019961241879
-0.109295871365539
-0.164163737298573
-0.410439318178448
0.016465829760025
-0.219611678922077
-0.0911023995269563
-0.215625800859027
-0.281622583453096
-0.153362151181719
-0.3240595685112
-0.153148622611708
-0.145458307308378
-0.219032245605143
-0.243215526649465
-0.396972680120055
-0.200396213025013
-0.152054001300916
-0.204867802614261
-0.115254005929911
-0.201564098047053
-0.150041273080427
-0.129211554661272
-0.0523169210328638
-0.239885089583781
-0.22750349446915
-0.0451901028924189
-0.201520600922484
-0.0423817644512101
-0.132930228363466
-0.109647683263009
-0.114743112365374
-0.128012810014748
0.0777262373055728
-0.133759793452817
-0.300919673119927
-0.18846833519262
-0.124581416365265
-0.138664060072865
-0.00147222246485049
-0.104996319113838
-0.252433984316092
-0.130011160992196
-0.158572938221958
-0.109604777004273
-0.186260006062564
-0.114110026342218
0.0140346898694786
-0.119175515009066
-0.0776619903157666
-0.109257312621618
0.0466245206804553
-0.156865603948124
-0.114643580255106
0.0334657749224057
-0.0697954551009379
0.0460303735643401
-0.0162026822408976
-0.137411737366392
-0.109856910476786
-0.108114094622053
-0.164512869390908
-0.0275337059792772
-0.137285004187452
0.126580519733605
-0.0560004320253575
-0.169284310497953
-0.139827985310527
-0.186083761530834
-0.0301862490031964
-0.0303559148836101
-0.022037363113104
0.00317623175340992
-0.0682486100590286
-0.110727209413982
-0.0887731286635249
-0.0610510848948363
-0.0829116450198169
-0.0350391490720568
-0.12397998727954
-0.101437982334484
-0.01102065792296
-0.114357248231804
-0.0325646814166091
-0.0887229167954683
-0.206191827490597
0.0442031196845831
0.0499939288101728
0.0839709041182961
-0.0448513712747727
-0.176644732403189
0.0636454190949672
-0.118004418232996
-0.055391265209356
0.00611661980510249
-0.119538841967274
0.138272066401759
-0.0347875415935982
-0.0213103278285272
-0.105577827204004
-0.0296209467419668
-0.107677555326101
-0.0223185299924568
0.0557814550285714
-0.0323923334084689
0.221024597785557
-0.25199670094456
0.0553073679530044
0.0316208359381718
0.13379716115888
-0.0308127360323876
0.129247674034883
-0.118470200793345
0.0887121151322914
0.0361242127215234
0.0735442471540623
0.0810273003024072
-0.0891727368990733
-0.129773097625014
-0.0573343811631173
0.0850420059039424
-0.150407551734058
0.128073605239986
0.0627863304651387
0.0123891307640877
0.0508181300129803
0.0608146080330685
0.0506882415270059
0.170161647135383
-0.136933159789417
-0.0468801921622976
0.153146111376419
0.038606852885047
0.0635916609141683
-0.1178293294225
0.0409081505163148
0.181174974142002
0.0794666529765162
-0.12312753355202
0.0437084040887091
0.112906056166118
0.00956312449891431
0.059409904148618
0.0861396412643683
0.133782531990816
0.157461917682171
0.152500239695016
0.0853789598997199
0.139181624260761
0.106763190262061
-0.081677617556617
0.21791326235843
0.0774151376485252
0.0161718466646223
0.104931053881511
0.182969754106814
0.118697402884526
0.134304606377338
0.154673659978683
0.124955122463867
0.199479356923969
0.052814633130544
0.165769459773098
0.170663972182059
0.255216090925739
0.147548281352624
0.229688713983524
-0.0286306631469589
0.188405720914212
0.107353731516756
0.113958771645098
0.140000919211373
0.0378571049908677
0.0572607031111071
0.195631456196415
0.181655767663082
0.166261142560975
0.217614836232012
0.23761668003454
0.0640546882032226
0.181720857572392
0.136234955508686
0.0708748855130575
0.14201597520235
0.233810286163754
0.254432121584782
0.0918884560463732
0.0149420877285526
0.154274451561089
0.0889489182916052
0.115220845167925
0.0954339521203521
0.154129905333257
0.195628956048465
0.173047994226883
0.301574924588084
0.0874067654633903
0.194447339233002
0.293155283763127
0.306124876417666
0.205338374561573
0.0679422505979568
0.12481560959316
0.457364419681025
0.274475943685842
0.136748424946637
0.107995617688997
0.202174285054033
0.129495947060552
0.204124976605052
0.284088347040757
0.14470670265465
0.297944705137146
0.231666907769892
0.296547201404494
0.0805120148907978
0.153165480442179
0.106612839752268
0.173716847884867
0.175642766914957
0.0936704672216286
0.380080576167912
0.293636368592031
0.244422905735921
0.329359188987315
0.213159931651061
0.292499540830375
0.33202439650318
0.24370335362799
0.256031591865807
0.207819468673606
0.235413349208096
0.368511342007889
0.224449534392768
0.340700327319725
0.313413201353727
0.104288207532435
0.289477705937803
0.237563198503549
0.308795534293651
0.151710855981903
0.20621530436144
0.127941973794776
0.352716671790806
0.131991692629135
0.34126200516459
0.282141276057724
0.362752669079651
0.260144393074822
0.427396246097971
0.416158994871548
0.322131103484661
0.286328626672469
0.190177112409668
0.292879021256345
0.370639833715227
0.186109453970489
0.241458611451369
0.292825575960669
0.304487872706267
0.294302776362604
0.311004936798503
0.140394150894173
0.387303453442144
0.423993763346327
0.253699328988933
0.41114570010401
0.204328998589633
0.212744855590505
0.196378494230453
0.365410314964867
0.572089823004092
0.279563673551449
0.260203241406288
0.341085516749551
0.40622553340749
0.368344349606486
0.456717004421428
0.379127024307823
0.428309456117079
0.244745021663071
0.251522786702579
0.424825612405001
0.3356046923119
0.273117030620442
0.487647679382758
0.457106442482779
0.330043451440715
0.322097775382421
0.290494001966298
0.295269950949702
0.420725266211029
0.384870743265885
0.369803931167147
0.325714769599756
0.335636231136504
0.274414894964136
0.35555561229916
0.366311483828785
0.242975671843659
0.336642011100163
0.325842976276896
0.235027265588397
0.508781431839847
0.424790272265601
0.444482303909946
0.44665888103168
0.592317227553256
0.363520326258103
0.229829301257798
0.51347139602587
0.453246417049206
0.333275727075013
0.49478370263337
0.399441107489905
0.602912207160175
0.348810766932928
0.394021061490592
0.474739422895745
0.396858645639699
0.406860204881997
0.450397160298311
0.448163436369335
0.4179663024968
0.397991793655377
0.420169840238512
0.648803380972706
0.444454227362303
0.556550266514992
0.488706104470179
0.385159013322927
0.626837837646211
0.587222664266115
0.425765569523357
0.537922398505497
0.385474942171026
0.288478761977031
0.524113896941391
0.464212855280709
0.577218958975205
0.364338741818083
0.381060810283995
0.418215344550147
0.384505818507034
0.355429154898471
0.55193040424564
0.469890904256671
0.563731227719278
0.499454526711307
0.431158722672117
0.499195833343014
0.563394817518196
0.547378588950552
0.65359703811919
0.478322236837203
0.442775406730014
0.613794570927216
0.550871582917396
0.45364915291098
0.501554445142247
0.479501150910055
0.458075823069341
0.427495228360838
0.60032511736163
0.610155548320698
0.658221588704463
0.595322717726892
0.564690406633395
0.546948966348165
0.597903057609692
0.648543544385632
0.576123545321233
0.567015216734088
0.545796350350943
0.507515148534731
0.563230281319602
0.509703787132469
0.538129932901651
0.507246507742904
0.46137063487303
0.60979671606309
0.564393128663978
0.631368768230437
0.574924094943514
0.562071465804745
0.537139738511482
0.572259720593842
0.500916862757316
0.602460203416878
0.545747068094026
0.604531092816152
0.582065588020824
0.492274372579284
0.586450281453728
0.479224192865266
0.560996455385495
0.536723051655059
0.618714710266561
0.636771757336633
0.614761598933982
0.51308086517414
0.48112598016952
0.540246990439968
0.494676056186389
0.789449309330382
0.666938249740843
0.41849343172199
0.510090093339018
0.670146140314221
0.610858745772461
0.44953825509023
0.638728552283874
0.621196218340384
0.546801911465598
0.567633915990353
0.563992534341174
0.731015199731224
0.557217383112831
0.576572720945817
0.617636496117015
0.624008479592251
0.54352218052557
0.582842178666695
0.753130470589459
0.626072564541934
0.564411075577847
0.710047063672131
0.706455385795499
0.716082270276956
0.575045999181753
0.686813173935194
0.690624527249089
0.48108900303055
0.583824738773532
0.53390418351579
0.601152699586851
0.708202096801824
0.55928842962802
0.76856917503442
0.713193356417304
0.650989596277437
0.844362391303676
0.641557817834744
0.787686862041894
0.631316178561522
0.731019306827533
0.647410280056698
0.870683665598849
0.630218274966002
0.495823187617054
0.728224228027358
0.78274019510642
0.641677956121961
0.73992012003989
0.596239046635762
0.565235705658371
0.798312273750606
0.695593640572518
0.624379672494137
0.711281459963811
0.954387842538713
0.657801201661205
0.791184942661256
0.778098726784204
0.781488912362997
0.873026831377971
0.650926781001163
0.777909137430637
0.790120572786044
0.654539144243143
0.660905758977407
0.720912683799981
0.603225042659924
0.662212462866609
0.732450393187812
0.582578145960661
0.667359750341477
0.832408457633915
0.751760112188158
0.935912880555354
0.78922227304587
0.756358811130609
0.678375371706128
0.92432424404475
0.888525408570355
0.706417968356194
0.804959983355973
0.720886754047036
0.79044866883561
0.778195714260097
0.707470002096934
0.754809982190059
0.864808187369742
0.687563530317062
0.652815155452102
0.910655138007859
0.826198680130604
0.770078598391708
0.83333512301761
0.774753880938838
0.730557259615465
0.895261113620509
0.834376555170175
0.901578534303664
0.786062801646362
0.707879598233096
0.678986390394187
0.790928837164539
0.853515088203949
0.903016402179797
0.987750643031592
0.896020087405081
0.803447109933136
0.796487160482492
0.859028525403021
0.862531570157878
0.79300062160648
0.671231217064395
0.920151282300422
0.95708617229032
0.970294440999515
0.870293516261526
0.946945792226037
0.863471916215211
1.01293317964602
0.748277026027846
0.961230866753944
0.943323785911591
0.86509466092346
0.842790198804673
0.851832894080644
0.792997509813051
0.836505605481557
1.00782719038174
0.851600148086875
0.927418620883867
0.80483060846009
0.822135822431195
0.981045872027492
0.910861044969137
0.829577980831344
0.918654063467925
1.03143603792403
0.886540471690697
0.984225446901003
0.941361079741406
0.849374535333433
0.863557243678503
0.972336694965898
0.919055172726656
0.828465176250729
0.945365951959045
0.882922518833493
0.900917432581871
0.903592380286548
0.973674600286483
0.805338762657291
0.976513679493852
0.889439050709681
0.829587868976988
1.01234010956484
0.906870829805665
0.880631941624741
1.09144439243014
0.909982497622315
0.978974033898597
0.908987079500809
0.89473598724371
0.850158369661146
1.10333358955754
0.992438782061001
0.728555774492795
1.12053969197025
0.988730717769973
0.985685684861855
0.956557211737868
0.926762012241934
0.914998734801532
0.91252215436022
0.862613683006093
0.859837945392956
0.862673136376812
1.01904921678546
1.03406247226543
0.895728298292816
0.795785202265364
0.935464603070931
0.973849122224702
0.893152888783633
0.985245023848838
0.922289727084039
0.965186430265435
0.941199134699122
0.819747997240064
0.972008075561362
1.01124487243049
1.05615010387762
1.0489064465309
1.03185381294867
0.974273047158244
1.03460186080673
1.12425106793377
0.967878124242646
1.02584223198289
1.15683940073701
