-1.15386277149304
-0.805603290364104
-1.01520910081238
-1.04845873058849
-1.07705563477104
-1.04726543465779
-1.03805426462379
-1.13943699021329
-1.09988950834506
-0.789004974415346
-1.06029300189827
-1.07856640218564
-0.884757772908428
-0.950388605751114
-1.00351697850542
-0.976885989768688
-0.956471082026611
-1.08112559925736
-0.981806555993061
-1.08684260730148
-0.880765779475135
-0.967337860344424
-0.752785850974568
-0.943420928935405
-0.882183512476317
-1.00957957234827
-0.940604808188326
-0.97777031539568
-0.990715663319936
-0.961878985709041
-0.741208334292433
-0.980799541300857
-1.02782045622621
-0.900037105904473
-0.823929483792335
-0.860218555946392
-0.867325111628256
-1.011069402891
-0.925049455087531
-1.10842439305137
-0.737660178682358
-0.938858363899222
-1.03136033336419
-0.901552170444321
-0.9656195275104
-0.999169622567308
-0.908024976944583
-0.820314127778442
-0.875842988010602
-0.896893656909688
-0.864697425320963
-0.958296100106569
-0.715357206949545
-0.838130099708686
-0.879162667688746
-0.894885791967698
-0.938944979197416
-0.825794040393001
-0.801174352309919
-0.862952699774681
-0.926238301604447
-0.909964748866459
-0.745968361391529
-0.984159424454265
-0.750469001269347
-0.919740629982657
-0.861619755031172
-0.953857659759118
-0.744541284497721
-0.836354812721299
-0.843812589447707
-0.738341772781783
-0.91624359707495
-0.767807334089074
-0.822897926047798
-0.850015219780821
-0.881918783105897
-0.929850440814444
-0.791626142075205
-0.736439812231724
-0.887742891337393
-0.760012830276857
-0.790365516928967
-0.893110092246373
-0.906342408951814
-0.782072219335563
-0.839083098572713
-0.852847084469789
-0.845681528778362
-0.866750472373653
-0.875334200894355
-0.854067738667075
-0.901090950737075
-0.793395144949779
-0.804674171110733
-0.796449363244824
-0.747915392749139
-0.879234253194851
-0.827780083117667
-0.708491524816795
-0.832827379619218
-0.844784649148042
-0.840081587832841
-0.670589124223746
-0.679335675237299
-0.97292614024213
-0.918025314906619
-0.610419254180266
-0.834946808839195
-0.711119995429725
-0.740309085128005
-0.893348640656605
-0.791339009079603
-0.622042531765285
-0.725259935091145
-0.873757992890134
-0.755616597859551
-0.730986593727587
-0.923860551871976
-0.768111595319304
-0.652568045873492
-0.83047079074111
-0.875480156961052
-0.713144091568068
-0.616933303107539
-0.846604060199989
-0.806417413322177
-0.569840718316009
-0.721435786206853
-0.624623715274829
-0.811658084922755
-0.764862549905342
-0.792590588777415
-0.698012547244734
-0.734441498239096
-0.701000617680657
-0.636599671469956
-0.566824351611741
-0.545657456548911
-0.789476738021375
-0.79243228369956
-0.707969880130065
-0.754294425132263
-0.762072067999823
-0.68031393377855
-0.75053412855058
-0.746962875538409
-0.80397213165036
-0.785881629846678
-0.573704044531328
-0.666563433804353
-0.790921101527344
-0.726592045973439
-0.773113166440655
-0.583423943821874
-0.663146341215404
-0.773453154725757
-0.759357925703359
-0.840417827933015
-0.675925934736403
-0.748242074107307
-0.649540951904874
-0.784307535150194
-0.583201533269427
-0.643895452191415
-0.650304070561765
-0.697969040369787
-0.547132655266454
-0.75790660390776
-0.802962467161922
-0.738531910952315
-0.573426420951946
-0.632699361729594
-0.545836583918023
-0.565777062578376
-0.611749748418349
-0.871328959130991
-0.582919810670087
-0.572944001293635
-0.72851623422089
-0.612504058046583
-0.443381805854815
-0.515394435777612
-0.699958602185275
-0.45351826665481
-0.551795814267464
-0.540670672593984
-0.623425987085494
-0.67756451917097
-0.580230627520294
-0.593321125882523
-0.57777348395271
-0.560793400637073
-0.595622654088552
-0.544392762030862
-0.621306142893437
-0.742368114474814
-0.614955887229801
-0.678908605089715
-0.54411079881786
-0.68430147610373
-0.474874549538724
-0.751162225248244
-0.518693564567055
-0.556068820473925
-0.563996754544461
-0.605903443450574
-0.47354233824109
-0.473278092640375
-0.598177808029042
-0.597309122837799
-0.653633496666823
-0.471833291170267
-0.50508519425785
-0.656175317555678
-0.531106384213283
-0.496015444881959
-0.680414854599385
-0.530740908371761
-0.553505433956354
-0.488303832493646
-0.603434204158075
-0.532410645118611
-0.641758587260465
-0.618451444769771
-0.554895741172547
-0.613279250671449
-0.720702550723753
-0.574078394444265
-0.565312743348777
-0.616032620479564
-0.758804026723433
-0.494447715633911
-0.456469442385463
-0.444582985907885
-0.442336924167691
-0.428720253437761
-0.583530975835576
-0.55280863157188
-0.564637866369397
-0.720393213195703
-0.306601927702504
-0.465995804827511
-0.598804370795288
-0.468620102699015
-0.445177625759557
-0.520617677306461
-0.464639928610288
-0.45183298738146
-0.440744690025355
-0.515010554018389
-0.516930060101204
-0.446621135025322
-0.613963173456417
-0.499589316310131
-0.493150325773837
-0.399224183860102
-0.461855552995047
-0.502526721318159
-0.460652955023684
-0.661089386887374
-0.374192437535519
-0.544875617885234
-0.445357832868405
-0.412778043303937
-0.594147799929654
-0.526272650797063
-0.48984535039266
-0.383146143563016
-0.452602546480234
-0.522923458028557
-0.495084565476674
-0.43506282009367
-0.306708694308781
-0.560639653172725
-0.423335288236239
-0.595832417724145
-0.505829402801645
-0.517602033517049
-0.375878947019419
-0.309992909206799
-0.432862334316278
-0.433726877146816
-0.42549990875297
-0.376628983715133
-0.343212304876179
-0.436297743144877
-0.311870349960383
-0.566441414178639
-0.359640225759392
-0.521905967578062
-0.576438299627417
-0.412941638729868
-0.353002308339751
-0.57170887809817
-0.400109944431541
-0.475008732618111
-0.34710800967958
-0.286686162197758
-0.315221721611853
-0.395562271504404
-0.403069648383454
-0.305400224636777
-0.366914682926056
-0.387930695614783
-0.472002019528353
-0.430702893067391
-0.359063295595067
-0.387424298998883
-0.425803782054236
-0.22911903380556
-0.270309992007357
-0.385789028838269
-0.413182335896255
-0.430429015205461
-0.503145029172662
-0.226316298952553
-0.456036011568786
-0.335718122174007
-0.363017683735811
-0.320048468815235
-0.386447359308703
-0.369077853492826
-0.387969922966682
-0.30372621380293
-0.347007060389749
-0.405232863031738
-0.361431527645521
-0.403238447527536
-0.433178438112247
-0.322008893883255
-0.377269198999219
-0.228037935180505
-0.171687237866984
-0.339082163465289
-0.320786101435473
-0.249346377416916
-0.29188169146691
-0.223867601686695
-0.258722806832035
-0.36353771051173
-0.252943600049281
-0.27334096135324
-0.349294162735512
-0.3093310680041
-0.268653094860109
-0.441754013619456
-0.433398977043603
-0.294787129059418
-0.274039955912307
-0.371902654854074
-0.324001740751188
-0.369757114563352
-0.358409733056203
-0.389578423353529
-0.350345077165383
-0.202842998394446
-0.316086195108733
-0.354571992629574
-0.247127251973475
-0.220556736036925
-0.214077695661759
-0.323902833911549
-0.192833104607153
-0.189740182722993
-0.161992707756468
-0.166304601519154
-0.30718081598604
-0.218485170233709
-0.283890534199938
-0.406312991180477
-0.220207736064753
-0.141744265537312
-0.162936419898473
-0.330568726876027
-0.358084316012423
-0.274585807245121
-0.377390821951047
-0.308238376502317
-0.304814790057485
-0.261503022715803
-0.324102941429033
-0.197720049836047
-0.24158548520962
-0.21962222916074
-0.248782742560889
-0.258515248638314
-0.237040133091798
-0.241649520982469
-0.183199895227904
-0.152350138365225
-0.26032591913048
-0.258952875370302
-0.18593069736881
-0.206343747061496
-0.183102787384029
-0.319065743282344
-0.228625353403008
-0.186670271740389
-0.162489816949798
-0.236416542314187
-0.103139686198649
-0.176021121343848
-0.198449962647835
-0.266285452594944
-0.171605627615539
-0.205765276295485
-0.275495481378695
-0.147670474830757
-0.0660468486170083
-0.17752618821641
-0.297132042049982
-0.159910070443937
-0.187004347677384
-0.229734732159565
-0.151977119468756
-0.157291119164392
-0.164250859390717
-0.185215921905934
-0.410235571053299
-0.302346081457431
-0.195121497526533
-0.0589267925951424
-0.0125982012873164
-0.0667694146575121
-0.311993636687755
-0.0456497669342868
-0.258433756294875
0.0100722996543438
-0.0970057634851843
-0.242797274704292
-0.096094599132582
-0.284042408406104
-0.099945724713121
-0.135542462824689
-0.0528357898650428
-0.292500286396198
-0.0939718397535301
-0.169724168514042
-0.228350409649065
0.00749189580172854
-0.25460206389431
-0.0809278643099222
-0.141865267890176
-0.137924660377334
-0.0924671124241776
-0.210974210239139
-0.222192303198181
-0.0624643799508048
-0.281801434623363
-0.118289029820379
0.0915879226638771
0.0263314056244165
-0.115596282300356
-0.0791047941511985
-0.0727383895255695
0.0447461006942046
-0.00989816080944933
-0.125594226774601
-0.190751229859944
-0.193566422491875
0.0315952776368914
0.0128924895574556
0.147792714594629
-0.0555943497859707
-0.10625326959401
-0.0768608355360411
-0.18475343295708
-0.203315399438979
-0.182292025029275
-0.0621683533232565
-0.0669226898872871
0.0257536841619353
0.114836252081971
0.107996656087807
0.102347516027124
-0.073879237756106
-0.123649389203247
0.120327984001988
0.0485574991757597
-0.143622577288544
-0.123617907310336
0.00937373660211289
0.0739957211896032
0.139703947913984
-0.00768068522528062
0.201108331675089
0.00651190818889438
0.0736426621882006
0.0220992974449337
0.0299590397285573
-0.0327044505427571
0.0604424682569393
0.00180748366088967
-0.0465777502232418
-0.122033608332759
0.0701171691340135
-0.0320323736262466
-0.0691552699250254
0.0414887779229702
-0.136465428067395
-0.00828932503808273
0.0308972920384023
-0.0797138331320804
-0.0661711299029751
-0.118020876846169
0.0555916804211156
0.031016534367054
0.0590001082317906
-0.0100320408475192
-0.0571059288870084
0.0936993533100203
0.0728662322730629
-6.79073835802484e-05
-0.0950217384619475
-0.0397858223121826
0.0572800106128954
-0.124573754230267
0.0607564509208856
-0.0976600580507826
0.0579915314598344
0.116936072724685
0.0349156775900573
0.00776329278016351
0.0173701395910535
-0.0649823573096963
0.0684720767509993
0.0867374683994865
0.0728344539837382
0.196359814974742
0.134687452981809
0.0468565331528276
0.111894092416407
0.23096494738007
0.125285615085715
0.0769504477118337
0.0759811038653211
-0.0645026839503464
0.079248306366423
0.0812973847276915
0.0992715650320389
0.086453226237063
-0.0227037601335121
0.0799023246096801
0.226062209013665
-0.0532068480417588
-0.00813832623568647
0.0942708842130316
-0.013001380534387
-0.0199285323877679
0.156621106822341
0.000663017975424196
0.0801185478988546
0.0349110076147071
0.0576397738190998
0.031098992957083
0.139038040810715
0.197009073675352
0.238836141594406
0.0463781392278855
0.180192011308526
0.0258839400520699
0.177319439391346
0.227983843351648
0.169934021718384
-0.0349542341902267
0.286180224450066
0.102377017606194
0.0853846144354423
0.191994138724293
0.0706708668678872
0.218446410098181
0.147539819414691
0.0615014031309404
0.0912890477892757
0.163342042770988
0.140270512941236
0.188132026160145
0.0650838964949666
0.196272555276741
0.0306992227105636
0.120483423852581
0.0642534259833877
0.130637483599837
0.144047689964576
0.141409327934442
0.165003943700793
0.0474617080242906
0.133540062369152
0.109245272670542
0.188679560031034
0.111027515246447
0.150587113941559
0.216552370300461
0.227968772188565
0.233493505273831
0.255288716772292
0.221113225990156
0.149706277516054
0.33532302570392
0.0803795118185711
0.0561522537511588
0.218663958093449
0.185942155759967
0.201767113333931
0.170261174452441
0.265651883195921
0.147589675936753
0.192850436138076
0.186069079193288
0.086318953124778
0.3806399620618
0.240601882648652
0.216557628446157
0.112945115703883
0.161444134762395
0.239544032915234
0.353684779858042
0.346365022644838
0.343462502347364
0.187368013320563
0.249612167524346
0.282393292852912
0.148909177945747
0.220495895723879
0.294425378698562
0.320336917335179
0.280177623959568
0.285328478633416
0.245943666047808
0.19321824364553
0.220121080493761
0.333251685390616
0.17688843633509
0.179502389956637
0.179884448357279
0.0680035604832211
0.225018589370737
0.239325144242297
0.261117638194843
0.303509474859765
0.342736315742067
0.240617611884423
0.351044587481388
0.297629497250277
0.308339071094406
0.349933244645073
0.0952991741896006
0.221609474119627
0.193186244306401
0.124248952499561
0.374348599039134
0.296993983907577
0.358858797467119
0.30011355948653
0.31304067856264
0.266956244151644
0.35876437216326
0.395067700721013
0.326768037955122
0.252320283023857
0.319457562273377
0.337814902906161
0.344911694246468
0.297420871751628
0.325672432356147
0.302028069950486
0.343113413877508
0.272268425755686
0.306247674217064
0.124300967582742
0.281243769610946
0.40381561736226
0.326164181505267
0.411566218733012
0.31536446490948
0.264024790737202
0.323435987854968
0.299245696676644
0.26614223405562
0.409295591727803
0.265056800766187
0.168085014836533
0.294913109727917
0.360803596962356
0.353142209062781
0.243449987230115
0.385404490748883
0.487353822316648
0.373900863255472
0.179210208309617
0.373118733096031
0.310786221469868
0.491712659964918
0.368651297779811
0.331746833711717
0.323368465238035
0.527962615937413
0.314440788759067
0.411571287361805
0.443832833224916
0.411104156050413
0.396684731840994
0.458172054262429
0.486052864635191
0.398385526450148
0.33273581859514
0.324876224547413
0.460345242545309
0.41101518841026
0.485219345123076
0.49076113212942
0.38033511185498
0.517403051662952
0.408976098520133
0.317688114118464
0.423524480720379
0.388685964810946
0.470247256321571
0.408826060275936
0.339845637700184
0.532981393354876
0.486288573421127
0.35203006225965
0.442131840114944
0.289502980086797
0.528430446170813
0.321590901806491
0.519835982276397
0.417902762585426
0.309517772550593
0.451984129706831
0.525224351457683
0.497813458342121
0.342010953205853
0.478467980886239
0.292991000384497
0.340457179857778
0.508286866202763
0.704429804084712
0.307305640901945
0.502711917338704
0.519071705659824
0.490892097700295
0.691042049593756
0.438254903804966
0.554781328503911
0.592166960694217
0.475619389165108
0.495368172272483
0.470971907698249
0.617650345640569
0.575956251845861
0.513629168414162
0.58631917428455
0.39949721406693
0.610624266695205
0.490657688529269
0.616581540905255
0.521360797998432
0.436665596214521
0.546575751458043
0.445241208716088
0.460759034333429
0.649398397466792
0.491362319947738
0.538212065088555
0.595616339180398
0.54938468358774
0.537827503857046
0.473500560832819
0.688715834893739
0.551458084098311
0.465808143025807
0.667269063235007
0.482047080245083
0.562401479797786
0.601663689390034
0.624597336454892
0.463597972270205
0.575850693002688
0.584678125676399
0.580491720030059
0.521129673995276
0.413205499082168
0.609764632391083
0.599596158685156
0.606812958166022
0.501767327203326
0.6891638466614
0.560532908296715
0.570420580615725
0.609343099425713
0.669729317924337
0.546806317013009
0.526204315003124
0.631374614279343
0.603126177728957
0.664456490578918
0.524968237694073
0.498219708487022
0.766166537235994
0.673197227082509
0.565100338135702
0.633634659941348
0.529768178894877
0.543962292578236
0.551973305831032
0.694547822149567
0.656812066950385
0.49585134388237
0.626973940124916
0.460523580330456
0.423829199690765
0.629386866838774
0.730603209754767
0.65318571783795
0.671156756818542
0.588398469658424
0.782071583268814
0.493775538333417
0.784686602484257
0.597631884272525
0.745062461464166
0.507176038429404
0.54031810229732
0.527198152554966
0.544118794328722
0.728017697850196
0.701030825531531
0.706614837847081
0.52009487100556
0.69483566919097
0.746493308556024
0.646270904657851
0.560685021559376
0.683827452585906
0.759789881588186
0.565217850932266
0.611446783262504
0.659757591578754
0.599439140361038
0.699060134907099
0.773195273563044
0.533807389319757
0.665659302947273
0.691027025486039
0.649721653059325
0.720929902881027
0.802557102534022
0.631624381095496
0.731480982342872
0.649764221161108
0.589298663021767
0.679070393916266
0.843700342982963
0.663406648035843
0.826901814547676
0.747109983762107
0.809905154194143
0.667792179205651
0.634324880829678
0.648019362616007
0.770739012367544
0.637094184377208
0.845550916298894
0.705772883834724
0.709082658588758
0.794214271350275
0.800556639902306
0.852150093386791
0.872935107380261
0.803037109074943
0.730888346701819
0.731655095783556
0.873799751338914
0.883157100031403
0.754612291319687
0.791716138663066
0.754549717948719
0.820523033046905
0.803029863166211
0.825719979099723
0.658242103061626
0.849199379778192
0.863830452811255
0.62885384763366
0.59826183401619
0.824188633663052
0.738923037153899
0.821423292015544
0.736621931826768
0.747829920956908
0.927903749197541
0.700551862142851
0.809241872001371
0.717414494789198
0.851608816742316
0.754519939566101
0.890637341614635
1.00243166675506
0.709530406195837
0.817796421867584
0.776837650974905
0.913497846113449
0.747738352652673
0.835459655743585
0.948802280347253
0.757964446587821
0.952040582658575
0.803546584209004
0.818401791471878
0.862947178546633
0.887661660649407
0.75044604208776
0.708629121055419
0.81464265698801
0.845683159894613
0.886570019613806
0.622161763898319
0.723216219386852
0.82322322017362
0.843041970586461
0.835834278627323
0.917656480377992
0.833533285463955
0.745384924110784
0.7611146885516
0.971074627763493
0.883830297862138
0.80359497880018
0.90177369150735
0.810077634052771
0.926976005985495
0.802138773748392
0.927771988390387
0.901850839524716
0.931306546115214
0.808966231818384
0.895616824493974
0.922712342285932
0.847788484223164
0.893673644310027
0.92480709906593
0.909885343404647
0.662913732646394
0.840962013345701
0.779207112112691
0.969890999884292
0.835179076118685
0.813044406048086
0.87805415864167
0.818098269480349
0.935013348196873
0.891601203329678
0.897129999515712
0.922251663759181
0.878147580954737
1.00449874278032
0.842256442543529
1.02528801436099
0.943121351444412
0.83276982341488
0.832935940610248
0.917898635664197
0.988457724164305
1.03644493362718
0.921013036908275
0.77795977086661
0.88501301651894
0.933079163672969
1.03130730129837
0.838431621447177
0.900251131990933
0.965422495246789
0.871656051032983
0.912807514860375
0.991692573906985
1.02249731749517
1.00063365623408
0.869824424691978
1.02880472091977
1.0785224081919
0.906360401664143
0.952032350361213
0.963965722155384
1.03482879460306
0.948369894315244
0.972792572092119
1.06588204265181
1.05508496186079
0.87352292564755
0.969918213352248
0.984210303229674
1.0029232482836
0.819626439561238
1.05701296078552
1.06119378315638
1.00248033966366
1.07724324258845
