-1.08306158410928
-0.940056151236916
-0.885918467343481
-0.987276316459854
-0.937920956997743
-1.08822064223577
-0.969127689522341
-0.986562819655459
-1.1335540615513
-0.893012757157708
-0.933448360513334
-1.05838930167501
-1.08037150242584
-0.960711766247961
-0.999982980106919
-1.05194296397817
-1.02177287632233
-0.948518057984074
-0.888439384322564
-0.983198158133102
-0.849876568749815
-0.916088317062789
-0.866616369967243
-0.894071911961477
-0.8946692476417
-1.02580372221135
-0.914641145862608
-1.049946578309
-0.961376030082357
-0.944852282237575
-0.811780811674725
-0.850183693888914
-1.1816036457369
-0.898732737124855
-1.02815933228844
-0.92261904722585
-0.9903012716458
-0.879286903789089
-1.11619583142544
-0.907347795213589
-0.780572947757597
-0.967009060317147
-0.964729007153294
-1.01962133416235
-0.888225731623725
-0.893516027428027
-0.869222054510964
-0.943933054344119
-0.914094161325304
-0.919700887467248
-0.963023840789151
-0.854799980165514
-0.869612730664807
-0.843232255403516
-0.804495137329237
-0.811110552833894
-1.04063748689591
-0.752177783236025
-0.785550571124766
-0.744458730892501
-0.984332319201634
-0.798161740773371
-0.897688542254605
-0.763012136927122
-0.871406833247973
-1.03442266430044
-0.784173618770677
-0.822416101245144
-0.778310706359935
-0.679230371001039
-0.697945383621248
-0.745123000840508
-0.855255275730085
-0.996929641569956
-0.789283205794329
-0.933112105862627
-0.821376961079986
-0.936744011623483
-0.789830851112994
-0.865092825035782
-0.782216508027956
-0.821338073639149
-0.947644611452048
-0.813126663722813
-0.788424067173757
-0.761535637319322
-1.03978408098377
-0.897730781888287
-0.887366614898015
-0.753781591616997
-0.648725713486422
-0.656750526432802
-0.774056152051961
-0.924748692291876
-0.75457994493089
-0.788597071389622
-0.884268522473094
-0.876644768208523
-0.810849937643733
-0.808127037020701
-0.832404773635024
-0.831657860439375
-0.804433844830144
-0.856180736677056
-0.770900974902367
-0.699552570446108
-0.877005305509229
-0.725892060009505
-0.752851765104627
-0.813371969372161
-0.631501569888212
-0.957555475698305
-0.690646573179879
-0.834730814943128
-0.771455168238887
-0.79498565188208
-0.875626965027739
-0.700020594138529
-0.741062521842247
-0.698782977838694
-0.771057490756995
-0.764637343036974
-0.789231068670971
-0.644705943129941
-0.707258602841062
-0.799178427520299
-0.560236102508802
-0.695691578266369
-0.814609024250208
-0.737601966426947
-0.506587769809148
-0.654536563654196
-0.760887875151024
-0.79129010459891
-0.645800871914579
-0.704754072120379
-0.675155239381892
-0.59937291408947
-0.722909014829718
-0.843914187982844
-0.704026765335267
-0.690906099806003
-0.599485248382666
-0.654534976115528
-0.669093621646136
-0.666188106578007
-0.603895978240917
-0.6725011531416
-0.804390739024425
-0.680414946626963
-0.769362881113459
-0.736409737599376
-0.67580252983684
-0.795722816744536
-0.531129682713604
-0.652595290016501
-0.79255095097259
-0.729905291310668
-0.653808869783264
-0.73447267665241
-0.773556013751298
-0.534519986080148
-0.690113566218922
-0.582958339487901
-0.843538020817155
-0.678752285871371
-0.663712188070051
-0.60470375535988
-0.647189478215452
-0.746615856101153
-0.735236199734819
-0.538195918328369
-0.676379304232511
-0.649445331850389
-0.474861953449065
-0.719547630719948
-0.581865359401372
-0.700231519132537
-0.537822995954324
-0.512837418379047
-0.586404274142756
-0.72770087679533
-0.544057272584805
-0.578522458170221
-0.592466061327479
-0.530712841729501
-0.695401766349263
-0.698221959567961
-0.662702541252816
-0.737612782816029
-0.653421122690444
-0.7612844919746
-0.571905619990455
-0.616433369057762
-0.436255079437588
-0.540018456043129
-0.603794399860524
-0.58257205283318
-0.556136975535606
-0.615325905523416
-0.599179363771795
-0.617729731185136
-0.629705074710813
-0.48697244976261
-0.40667810523603
-0.526184051611238
-0.678718966176151
-0.448308038319818
-0.547065636227709
-0.504544010710845
-0.542018622216848
-0.704113152571224
-0.57483218393144
-0.541305565190465
-0.610852017619845
-0.42329407816672
-0.455022969483797
-0.533286759868594
-0.662417987883589
-0.640169094838591
-0.638697429160056
-0.597563236183259
-0.616892369023269
-0.627269567385257
-0.576942303537587
-0.536203959819763
-0.658596513976152
-0.633608974735492
-0.577244832711547
-0.591990873024577
-0.667473935438427
-0.58285050706725
-0.543409167601917
-0.392828915448551
-0.603366319083552
-0.559635282803327
-0.268727833292965
-0.547540652066412
-0.465064655851966
-0.58502483611346
-0.602317474035639
-0.803629251127722
-0.50290756306551
-0.490964726897142
-0.540388325603537
-0.569141017906364
-0.496142495940696
-0.475576077941305
-0.501554294629519
-0.503087861705194
-0.425780140807245
-0.380117605429747
-0.563848844134476
-0.505945671171795
-0.400035119183394
-0.437649695352365
-0.487442063945074
-0.376903470727003
-0.450497150452801
-0.540926924072296
-0.489847116048705
-0.603760406018778
-0.501927117195843
-0.440100415121914
-0.458231993673321
-0.414194027076959
-0.579090158867269
-0.596624975172708
-0.333728506668248
-0.39326740525963
-0.379723534373232
-0.370170856424701
-0.405421130476767
-0.422049424194779
-0.375901319812641
-0.496528826532818
-0.426040168148858
-0.647035586283177
-0.513006561331064
-0.53055576005958
-0.469471625732474
-0.450802353943979
-0.420893882317405
-0.428520430254447
-0.476126285689233
-0.262420031015197
-0.346325905181412
-0.450996449531359
-0.408449577833671
-0.319719119002641
-0.421545144865869
-0.465086997106658
-0.297016401084341
-0.455487898796767
-0.37861269352756
-0.319685686870742
-0.439987819587382
-0.330815174327575
-0.40314514388049
-0.323518111601932
-0.387962199434949
-0.431912209134071
-0.372424674541202
-0.245477404315239
-0.18474564986685
-0.437042372250092
-0.38435700157923
-0.377809375704011
-0.406212282471543
-0.465440715357176
-0.315637073613892
-0.409503815588993
-0.171556698996681
-0.367208357633202
-0.273590379420883
-0.539632542457413
-0.355503286051477
-0.345834978185721
-0.438960214359722
-0.257826925000606
-0.379155213819299
-0.337459320819276
-0.328557214630123
-0.31316119106764
-0.339306584710174
-0.413421296073204
-0.359161970524047
-0.437755591109694
-0.312062734315248
-0.313718777476946
-0.378286656247555
-0.446864697019448
-0.341155544934865
-0.382342106297249
-0.353768183435249
-0.317008334848998
-0.430345052489407
-0.278961928863058
-0.275156164269231
-0.262959707932805
-0.352396349758751
-0.33807425420021
-0.415282881783562
-0.376216876440027
-0.397883158068925
-0.291614548605222
-0.356131497587508
-0.207110684205714
-0.226889069712894
-0.226852286744611
-0.363785587703227
-0.242335020476375
-0.200742651577612
-0.355422533193491
-0.304815168830705
-0.149934884214238
-0.215086092881478
-0.19770844930226
-0.407026464577993
-0.187004085966773
-0.218062988989014
-0.31186707573473
-0.225800299714713
-0.17658225031852
-0.313014633298391
-0.253827124421906
-0.208745004828126
-0.195107827278652
-0.39851750775016
-0.314885919283283
-0.245675368452285
-0.42448706857625
-0.304803490654283
-0.240860687870453
-0.413775938462599
-0.156107788208607
-0.256117892242972
-0.139090803204287
-0.191105096727829
-0.350503856640653
-0.288411151264934
-0.230000400309844
-0.334477929958087
-0.296087385510722
-0.207861311718703
-0.236649977975463
-0.305660450076229
-0.200802856844937
-0.301488336872138
-0.111662275953713
-0.249537797902641
-0.197195521318182
-0.176203598892605
-0.0700300370921481
-0.124351826706963
-0.0967338745306445
-0.113796357413429
-0.310623449899283
-0.186745639257354
-0.286508139854741
-0.350337682115334
-0.0817194225221296
-0.28571536090471
-0.112693192011942
-0.18870625893049
-0.204648642047451
-0.17703616142566
-0.136570595764671
-0.144827231700225
-0.27216150597066
-0.211357691580346
-0.0935479842944607
-0.0706971599181939
-0.165305163904736
-0.200352589841912
-0.0862831025327044
-0.175546221392067
-0.269289483313277
-0.160029466922349
-0.156082602949497
-0.160953179306225
-0.226723481091344
-0.114030077105765
-0.152513302367712
-0.278209814848559
-0.0589793062899738
-0.133806684378838
-0.237299184671596
-0.19012582741652
-0.151734567892526
-0.132488939374039
-0.197416612640477
-0.123576030321376
-0.213491854322293
-0.190408562248616
-0.0752891545000001
0.0454453107551629
-0.116561254119507
-0.034599096655752
-0.243197792198779
-0.167523801796937
-0.217133529164441
-0.128264310974904
-0.084514701208457
-0.223785439370381
-0.0165319568332113
-0.0155245482688266
-0.218316665890679
-0.243166290544168
-0.310119149819109
-0.116448325808877
-0.0822533457829326
-0.193713769420067
0.0233233142474774
-0.0392834384609211
-0.115000099986575
-0.0860790372709157
-0.0214529029390939
-0.123239058453495
-0.157142029418222
-0.0823584404758753
0.0162282965111668
-0.0289953615947785
-0.0769934022561087
-0.0694879194108347
0.0111665945322945
-0.0394299877323444
0.0732034846917234
-0.221665099272415
-0.197393796008905
-0.0890886544240822
0.0162853259250282
-0.123401401266924
-0.0832750341023216
-0.0860851473926543
-0.0691308757396213
-0.0907012405457721
0.000853852763533353
0.0824384199480347
-0.179626106351523
0.060148711624038
-0.190465546163919
-0.0825860225259149
-0.208208312224078
-0.0277852205082973
0.0803215375341338
-0.101685035583447
-0.0844030399087452
-0.00770625878564859
-0.0341644687290113
-0.0247874126415094
-0.0353130603751481
-0.121117552379572
-0.0368927037541586
0.107083346058889
0.149996033726939
-0.12040114539069
0.0184756063648631
-0.00260753057582264
0.163619758600514
0.0608797898443379
-0.0154344068008659
-0.122080130339901
0.0728833189800046
-0.0481612060861166
0.0809025931244771
-0.023962465444724
-0.0245149290092229
-0.0619047841897258
-0.0472268705424427
-0.146220918456452
-0.142350880429968
-0.0148660425772528
-0.00156881821925912
0.0738453449868052
-0.061657056012531
0.022914951235943
0.147448067010472
0.12232608728078
-0.0205908741737422
0.0331596399746786
0.0701245596812434
0.0374001403096122
0.0968999351537894
0.160997738814089
-0.00661377510377444
0.0361011726954459
0.0823522311818292
0.110094500621512
0.0651769339051966
0.0593615743053969
0.142820764658109
0.222496608635049
0.140643589327389
0.142850258378727
-0.0407788859642712
0.167372273682862
-0.00860097297244361
0.0684135980589731
0.149492948336034
0.0507153141593156
-0.103836466551645
-0.130027660300714
0.0611775942701695
0.0778861329794731
0.215646833791022
-0.0014609802850445
0.0532624379775626
0.129067382369675
0.163918988099977
0.144194183830503
0.0723055196132305
0.145538831371121
0.22449646825867
0.0131966786786484
0.0282174931625234
0.262389362777352
-0.0412107094949168
0.1187276548197
0.225964267263411
0.107117284737752
0.103317312757932
0.232051458320918
0.252514813598516
0.170021618985456
0.0893808015140467
0.124189916029471
0.0722215824409769
0.216555058305502
0.16380920731984
0.0650408705100058
0.265931349500399
0.0349367326660501
0.0527512416770694
0.188282339098565
0.106832527118279
0.167801610091584
0.0992550725617987
0.0816025286429338
0.157626336506361
0.126064500421605
0.0464148014833575
0.293961197605261
0.200259525613285
0.233246477841412
0.0267626115918253
0.0118114180802356
0.222571842646017
-0.00324119645310581
0.300718726124795
0.183734185402601
0.183111686141774
0.198129527719293
0.256576182077612
0.225271512941441
0.187272114395256
0.168747754294087
0.174548876675576
0.219149490045673
0.310434550277277
0.279679551393163
0.129564733310193
0.16213899584271
0.157427918415637
0.254366536662861
0.305840940586673
0.203278233860433
0.179914912995263
0.161587315631863
0.275305428393174
0.289818132682245
0.211914924051489
0.219134699129872
0.146158059893194
0.266886547601008
0.266119007244964
0.153936884901977
0.113781714375138
0.26465933182261
0.23687682156049
0.18834922528331
0.232577598253213
0.222378416025297
0.23379098647793
0.234859952669326
0.188619544875942
0.180074208434652
0.297873746773453
0.354753989959512
0.292284475785458
0.329810718442686
0.257884831263144
0.321120361051805
0.254983847516016
0.0453492955322411
0.171388608470299
0.39187113638609
0.0430439304829539
0.251727986080543
0.232959263031823
0.258323258802758
0.408069705928427
0.36409850284727
0.399798115503994
0.303832569729847
0.275650926901972
0.268542557109448
0.276065149588368
0.290604086662347
0.348674525662766
0.506636703945842
0.444778423844746
0.279957817447669
0.185364372576519
0.225241425477038
0.206822383272183
0.419900860746881
0.286563508108394
0.278518023199573
0.270038421888667
0.349857851393393
0.288442373071089
0.363429283971972
0.363302543680442
0.260636337999083
0.314998000769652
0.346741802593614
0.353308012735678
0.295459105950232
0.209438312951428
0.224558236280546
0.371626347955031
0.335940036475366
0.221225734728234
0.521711135784335
0.31464025628
0.254661831978099
0.386431310685489
0.31644662202017
0.365933328654708
0.451359551678792
0.391469821240984
0.413178394560006
0.100816757813656
0.319849312333919
0.473257652870376
0.247601428073914
0.408675808485269
0.483213640951984
0.375513238494423
0.426980140702802
0.275979351250857
0.371740456861897
0.289822040105543
0.431260221867838
0.539088164141011
0.23542848851869
0.272285832600836
0.380723781796091
0.380953731105025
0.42287975140796
0.386127883012924
0.383871992483055
0.430383159594339
0.296463943143096
0.436871292883174
0.388426912119732
0.409712053073529
0.29810432289704
0.409276253430811
0.355323266841503
0.389388860384207
0.431610189227642
0.414025883171336
0.488392519340106
0.438979065187635
0.360009221110938
0.479228652759502
0.650925683002712
0.532625988433021
0.396911426888903
0.398653942110584
0.459098075367069
0.51110764049891
0.474645191385312
0.436691708114228
0.374739664291536
0.352940739988571
0.594868926247043
0.514601608527077
0.611341776599978
0.297088151250698
0.551519030114473
0.461084293576559
0.386910646516067
0.534643296010668
0.44603638415913
0.440936786905545
0.435490222053011
0.456704947653555
0.579464997581513
0.522098335572182
0.456307151009755
0.575493073325718
0.380416892898686
0.443187005890291
0.427993680594237
0.577422339196745
0.394074666388956
0.436138964484005
0.443227122228055
0.440734990728684
0.44189622336788
0.496820493673081
0.349072604339095
0.527743963367899
0.613721035889423
0.573694151728022
0.600236109029135
0.495653245103977
0.5542558131814
0.47993505200275
0.515284527841782
0.515606390349345
0.707705742092744
0.52049141320278
0.540657834185672
0.465061060550378
0.556058022728755
0.568301804498728
0.508925487884737
0.511041274004761
0.611950332501526
0.587256642015959
0.723541838692764
0.649358329944507
0.450226480066617
0.416709372319142
0.715777253266098
0.476921080148757
0.473255005021151
0.607549032079705
0.489842829868423
0.635937121974595
0.574325124392336
0.634941425517678
0.628391820230965
0.608377948120109
0.678711465161557
0.609597384362151
0.549906797983281
0.606558400397201
0.586325513295345
0.477163685956978
0.649001779374407
0.640538572194283
0.639459528971528
0.695103378697072
0.623686311494344
0.485222846021456
0.550286667562887
0.593737539758243
0.548407549107099
0.510431612123993
0.534025037575116
0.647942966357933
0.634448286971046
0.681157005475937
0.577954754360274
0.541987387488128
0.796340171788611
0.608470046621673
0.683511191484971
0.674880968006322
0.71254692321262
0.651281236002516
0.692050153027473
0.517307866346773
0.70197639493825
0.58837216474965
0.455167025371269
0.646750251788042
0.42307973739879
0.50458599424747
0.824677093556512
0.560693322299706
0.783677167897756
0.760226946734411
0.595709911777951
0.551262288709773
0.611440068297245
0.688539465314632
0.758276129437644
0.548010611207858
0.708258325510497
0.416129408531048
0.697591886857326
0.712642095618539
0.672583513673545
0.68034724517277
0.794354001655891
0.667110239999688
0.785799073005814
0.699594423728061
0.575890322021937
0.638271923335895
0.73222187324604
0.715398007822773
0.675333531935376
0.763977075326113
0.576344188536093
0.613345466830719
0.652387798827592
0.654560999053292
0.530002695875557
0.704790539493577
0.660220050274403
0.755525439866557
0.654494004612501
0.709237329382459
0.711148672783803
0.794509012244501
0.664501341993077
0.558090264198272
0.666459793605011
0.746184665425931
0.616100678995348
0.594297209731435
0.689736921786993
0.794049665540155
0.869151129876333
0.686733862198175
0.669088684477898
0.752899846603629
0.669191391836276
0.639755637460621
0.739552687724574
0.772530357832826
0.765523427444576
0.743639814903968
0.955503717141733
0.720778632785167
0.894829048444162
0.849004577727206
0.487465293125689
0.686374843004447
0.854333147856877
0.785363971957945
0.780539676692886
0.824861284264593
0.594292993067601
0.718739003563795
0.798831452874523
0.664407209253177
0.813756835199799
0.864732916742371
0.835644150928557
0.783581568054692
0.726965136968568
0.950037037037289
0.962630470882093
0.622837490531907
0.973127378573486
0.9290050247169
0.742467159786431
0.7646249393489
0.857796958506237
0.978605252878076
0.786321157236304
0.86641066304923
0.879509542388602
0.919081697182761
0.900223717653587
0.904434792616212
0.759648405762134
0.806897660705247
0.900430582513255
0.919794072262998
0.873816580145361
0.902729624058348
0.813618105773822
0.711787864795643
0.845295186805424
0.794621079022131
0.948314250381024
0.771935738381484
0.734768274564526
0.800983735939895
0.908280785133825
0.922479313766686
0.846905604833238
0.725676451150064
0.920213414893803
0.85576425030006
0.945174440577673
0.939989732618585
0.912270445275814
0.791664607289919
0.911878283911065
0.774373617540088
0.692820392006576
1.00542385909758
0.965432951870446
0.83812227224565
0.791234808601082
1.03559889246976
0.885992045301297
0.897857793613237
0.931356106947519
0.851613948366593
0.888949558136689
0.950698121989963
0.945806833546836
0.968850448099455
0.767672281213148
0.911238122247139
0.855639799010104
0.86841719481761
1.06790649717869
0.896519183775179
0.879148160380967
0.859308149037617
1.04245018814898
0.900595248722693
0.892327531336345
1.02254022604482
0.97813188168839
0.970057392519995
0.834502961691527
0.939997729213085
0.752136359239359
0.946754282679306
0.860300632243345
0.959423337780846
0.933661245984299
0.813705002200287
1.06681329583169
1.08040814153637
0.923604159384382
0.862340433454348
0.770555176669243
1.10152024858654
1.05694357026681
0.988583823821761
1.04652496175573
1.03216542818826
0.836793121505594
0.970071343850829
0.866739566157243
1.01591167589687
0.850406669493124
0.957983880479157
0.922265200610269
0.937237631661459
0.917957992344838
1.07238670054061
0.986642919969148
0.983985887776869
1.04177980723982
0.967685517969574
