-1.05647664858976
-0.984429072380381
-0.993959154601341
-0.913762772322027
-0.896813618072493
-1.12077735586133
-1.0693276274348
-1.12455178721263
-1.09549025090404
-1.09544552680544
-0.927377914170891
-1.04271759782286
-0.946208380974641
-0.951624132652057
-1.02330327923261
-0.991862145299002
-1.0888492267888
-0.964833155389392
-0.808496910289906
-1.08099764125187
-0.874236809359584
-0.955842154325409
-0.977978164328139
-0.915682453040378
-0.893700598918411
-0.902709828488793
-0.954319220393221
-0.833565609533449
-1.00162855544653
-0.853586513175488
-0.964049618937999
-0.788009434065334
-1.00653940133529
-0.725481108666934
-0.980746912737508
-1.01002267743149
-0.901318071145486
-0.905891343356643
-0.755190643178976
-0.838143445579327
-0.892982525181198
-1.03568743565941
-1.01644863045486
-0.722550860518994
-0.807728763527115
-1.06622182303291
-0.907341031005755
-0.782386541373611
-0.752060633512555
-0.901295158081538
-0.947872968069072
-0.968608128270732
-0.971689656323817
-0.914676310939368
-0.978287326070904
-0.950931531550472
-0.863121013656643
-1.03473914566839
-0.843028976617245
-0.880115375912134
-0.919956154237404
-0.793478324280478
-0.925611291414601
-0.878682664436799
-0.858971850028172
-0.776993112893432
-0.908067161764994
-0.872061195915441
-0.846979780693984
-0.891213593040793
-0.940059142839287
-0.837254045824666
-0.787564294255154
-0.80564330480364
-0.676658402754803
-0.786431152977894
-0.812706960230931
-0.846837875208999
-1.0229315515238
-0.881251224384799
-0.805813763501439
-0.873683675301571
-0.753820222722409
-0.770697413799494
-0.824683662549617
-0.941636123694883
-0.721966097881506
-0.988537629030672
-0.800381906796232
-0.783009463337387
-0.940307850930697
-0.906422814717582
-0.78550199343003
-0.881945881913163
-0.930234312599387
-0.811655660302879
-0.767008144977408
-0.865459026951877
-0.700545960480422
-0.774511050345617
-0.787914234097733
-0.708557532117887
-0.792603731400677
-0.90934918114196
-0.920391150398168
-0.781458719350097
-0.885849994418311
-0.774953739119595
-0.792060559097556
-0.915054032266949
-0.700436091490264
-0.732638435975363
-0.799442529884143
-0.773395836073761
-0.784848101972105
-0.751380329915756
-0.717409513606691
-0.795981371646223
-0.704185135835507
-0.792248175465765
-0.826488697768674
-0.892344643693255
-0.666917958150577
-0.740171371131239
-0.666819288460827
-0.685125172156228
-0.839344664811665
-0.89140845951979
-0.797848539037784
-0.752622683952634
-0.832785895061561
-0.669696212921029
-0.648159317189675
-0.784819691384112
-0.679930901084191
-0.694406077374948
-0.83565338139952
-0.820928100624838
-0.702333396174292
-0.683883044604616
-0.765360968797677
-0.767159497550736
-0.741053850973505
-0.806767630961482
-0.746086111861973
-0.880022288330379
-0.683600657233602
-0.739933238819158
-0.731530202743609
-0.694301322907523
-0.755609456399073
-0.719361178927983
-0.56052102740995
-0.632865319009101
-0.581902192573871
-0.61848132933599
-0.579122268336581
-0.683339297184184
-0.725526851584977
-0.658951747739556
-0.728562393386288
-0.822346164892956
-0.724623436109651
-0.596517619392019
-0.614526148176473
-0.65519077805221
-0.563508195180924
-0.861927218367154
-0.625560077999446
-0.653546428218062
-0.719162807279987
-0.752452386833822
-0.709014791778208
-0.75601960832757
-0.543602048398662
-0.597690264166025
-0.610689944060775
-0.763879226331302
-0.64409627005103
-0.501040564247895
-0.463388311631977
-0.689397424769241
-0.762877530607271
-0.499347018741884
-0.648779855729744
-0.589765970561126
-0.752066217614645
-0.639170116391048
-0.713894310492541
-0.636300733213613
-0.6917270272691
-0.601559396127714
-0.480822822946437
-0.750344992384228
-0.657809354820511
-0.570505218939445
-0.686814467152449
-0.709780047925535
-0.60844161933478
-0.72449336638136
-0.614379222099359
-0.664131434960909
-0.492478262658589
-0.667436720705047
-0.68069135266672
-0.643347199041899
-0.440690053291513
-0.616200406792974
-0.70517793775869
-0.652947935004122
-0.6347392673137
-0.560385648217057
-0.536788652627066
-0.54935850091215
-0.639152963851562
-0.646596312086593
-0.586688779369847
-0.502498406528778
-0.456134983831087
-0.588773975828541
-0.613115844747447
-0.70097072006026
-0.392792208462625
-0.495423792264747
-0.519782471620493
-0.56757025969218
-0.548656800546572
-0.568375450583929
-0.418518939938464
-0.684331374751438
-0.651268786056571
-0.571138859873124
-0.459182948828512
-0.405567212541239
-0.437276448856372
-0.672824787435746
-0.295382117168085
-0.529731989585056
-0.516870540325063
-0.48483569141016
-0.54850741003277
-0.551467176956076
-0.399798883573158
-0.475644464459739
-0.530197264790409
-0.456728560231692
-0.547048418102687
-0.450289467337664
-0.37449500011275
-0.627526569333759
-0.568583042749642
-0.568225361195586
-0.517254351844926
-0.583146878589631
-0.482899321296202
-0.362750170778558
-0.543330848989937
-0.45371101458866
-0.565435923679317
-0.59962902983914
-0.298468169031139
-0.417043295572165
-0.427785869853197
-0.623965615656737
-0.44805028858379
-0.31407139771626
-0.447034090160695
-0.381451663791247
-0.491535354914647
-0.457893875580143
-0.536732732761927
-0.381148263212519
-0.503009722335541
-0.470549341883242
-0.421236257768076
-0.401571447156166
-0.516440070434236
-0.360436812179076
-0.492061415459978
-0.469146944130402
-0.403983319736504
-0.485325444895271
-0.582968129837188
-0.494684651236223
-0.219292285290295
-0.358884423737069
-0.411870087887576
-0.379686706929264
-0.522710792964272
-0.332444911685152
-0.559523675410164
-0.393174334646448
-0.383394473143006
-0.165928234578433
-0.436816043896542
-0.418225759905719
-0.372293258089994
-0.502185429985814
-0.445046341781135
-0.471893234549527
-0.338222311384191
-0.527339473029477
-0.504225084142782
-0.375104901435838
-0.460371977314443
-0.349509748574145
-0.432851162217207
-0.326913552512042
-0.497377745964818
-0.381810412746979
-0.5090947705711
-0.352096481262061
-0.385275067867158
-0.244966590808952
-0.4391756879167
-0.213956965597369
-0.563905130264819
-0.178706712716317
-0.274487815756441
-0.320856751151297
-0.364788412583067
-0.287016888851654
-0.26937166301275
-0.485428519049688
-0.27431207865604
-0.32159861699908
-0.288661663006869
-0.474757310002584
-0.238861464558695
-0.492937464879552
-0.343822569893341
-0.419138944049934
-0.331166772891341
-0.514362702727615
-0.218533602906747
-0.30412857395813
-0.18215549439544
-0.357426015846528
-0.219602359252971
-0.334936169423117
-0.252201251494308
-0.240034285772428
-0.314187535611625
-0.354215652173016
-0.201380563523451
-0.152665880170119
-0.313966856859312
-0.35757298696451
-0.355424866189461
-0.321632338961251
-0.222829227563042
-0.20869735487351
-0.222073879341907
-0.327101719128372
-0.168143269044669
-0.316894356003929
-0.24721606755742
-0.266685692358981
-0.300958166598016
-0.266252084711289
-0.232351887245185
-0.379928188069069
-0.255366007468771
-0.373355745666983
-0.316826179073282
-0.267194875387748
-0.328895136419138
-0.187108724512003
-0.302774120241834
-0.298806674027542
-0.168525401033192
-0.163018452122448
-0.374887045213148
-0.225083990152291
-0.261643020871887
-0.245837053282945
-0.270819802854311
-0.244401206018516
-0.285859767969916
-0.270550525077342
-0.144225531076006
-0.195583024407021
-0.373911628902054
-0.156983476255984
-0.216215360096014
-0.141177308565849
-0.183972429380346
-0.288454891281991
-0.179598027945512
-0.314642771959834
-0.193281822806949
-0.208640874256382
-0.335014200046105
-0.246816713482226
-0.239342382857107
-0.115174931863115
-0.267125271162988
-0.249684367453143
-0.332796525914812
-0.130928259440457
-0.0933992411045277
-0.0249871931102891
-0.183931850629473
-0.139473452366746
-0.319751443962738
-0.323934299519923
-0.156869166571495
-0.123999807756401
-0.0823238889682685
-0.248507725760679
-0.18357758904291
-0.0860763832820677
-0.139231229680355
-0.277184201683922
-0.15627792543182
-0.235100349003254
-0.109220142520431
0.0162008637719126
-0.0911801293262877
-0.147011931483254
-0.109266799613227
-0.127675651142247
-0.0709873229394319
-0.124360573305979
-0.129850379137218
-0.15744078063888
-0.0319441008679393
-0.120773720303351
-0.0903053212832169
-0.245176751611319
-0.0198572721931283
-0.155359633293069
-0.148755534466281
-0.157829807525864
-0.105002439306858
-0.159694018148816
-0.307594846021095
-0.0973900977084231
-0.0221467352436296
-0.241268876856797
-0.231309476513209
-0.200034571237514
-0.0853426333049501
-0.0478840721837564
-0.218177729952409
0.0247599454256738
-0.0433701432824484
-0.00824935886655408
-0.249333309146544
-0.0962356596630503
-0.208202310832106
-0.10149566701976
-0.229301436880776
-0.137932456563032
-0.00854149790204201
-0.101805432951637
-0.226342797619
-0.0694654593792264
-0.0314353709489387
-0.036685872885682
-0.138234226580367
-0.134623483006631
0.00633245440418518
-0.154728722411322
-0.122272250670943
-0.0954223829983991
0.036281976091062
-0.0944613470385383
-0.0681911042519597
-0.123912219631734
-0.0461274285555949
-0.18300529350563
0.0344543937541996
-0.0167907795496525
0.0375545888304456
-0.10263348574202
-0.159779018157595
-0.0124927901319866
0.0275842681950836
-0.0829566925376899
-0.141194992832832
0.187630947838294
-0.108816967652698
-0.0190575632166725
-0.162472776931386
-0.0568373997657099
0.0787247331647154
0.0323155389565757
-0.0630137135042968
-0.0535874511179917
-0.00261282796729343
0.0377471044084664
0.0380854165978005
0.0102587885267855
-0.104632208181377
-0.00461937471619547
-0.00896317485246064
0.0687830631415348
-0.0501814299920997
0.0216275821428779
0.0287448895015717
-0.0909989026810154
0.117606606102537
-0.0301821015514456
0.132194997790207
0.119602334257929
-0.023603851074977
0.0655410899247498
0.115567680549776
0.05524990417916
-0.00812995787233851
0.0362052750078077
0.0420983989813517
0.111612799633668
-0.109809507364063
-0.0173406430753844
0.063129291038187
0.0750369327197401
-0.00141022928892968
0.0859983931067007
0.0560897082176791
0.124686076846921
-0.0479453069843423
0.0934363129670707
0.0049777704802582
0.161834708780143
0.151296804456952
0.0707042602195465
0.0266842228947603
-0.0821058479996391
0.159110196637096
0.040795722306441
0.16101879045597
0.11361714230295
0.0969844867075152
0.0690361393633191
-0.0212542268444141
0.175887822247445
0.178519755479418
0.0913007680015308
0.097058339222528
0.0898880927288914
0.243577005460032
0.0204366592589435
0.146999258431
0.193729716989348
0.123192585446814
0.248426945144219
0.0559232734496226
0.26288788490406
0.120710276286998
0.00943074315311128
0.211757609840725
0.110739838144878
0.142444373058516
0.346192312808539
0.0397389309220406
0.110532428872687
0.296255784598186
0.0218344025002614
-0.0103693173386984
0.105329830661246
-0.00776214766201915
0.232939582227885
0.215968424771245
0.149768754950285
0.0385126677489843
0.235679717511004
0.173857581879151
0.117291660968802
0.174084232213026
0.160547400979679
-0.0463451611535462
0.160140447070264
-0.102888773487191
0.0931918016107101
0.203328127931092
0.215718728915964
0.248776586963707
0.336909304530335
0.175795508670597
0.330527914210316
0.197483744662806
0.192381545922733
0.176898335656953
0.182893150888563
0.121088747486239
0.123622654056155
0.168263843788243
0.198427309606165
0.200994559601405
0.257103650574379
0.203429254140796
0.201325191231156
0.223552344521923
0.108465093415627
0.249853433466515
0.233404376233685
0.287306913423934
0.250469328106973
0.172209009911528
0.374413393123088
0.158602829236632
0.378232839156425
0.320934128842045
0.0925630268932957
0.203963415855692
0.429451400610562
0.207641042511471
0.374971113288758
0.0990967937202489
0.194592731347892
0.36419537706982
0.208462844815024
0.208293458549853
0.322571834678086
0.228783566417206
0.222115587577773
0.293585385655112
0.205549676443646
0.194389293453498
0.28669833656452
0.391570958896412
0.328929082122017
0.207288009867455
0.193241586425984
0.279759994489747
0.271994569944928
0.329941879054452
0.241482540781752
0.298566363482931
0.207100731393201
0.21548451120963
0.186025473567063
0.311077998483263
0.328213260127663
0.325299608905167
0.261428596298999
0.117631520657568
0.293718687751241
0.377291481178656
0.238337512287812
0.434646753263453
0.284994938455241
0.37710397531027
0.261508327276267
0.278703651787675
0.268447323946502
0.291976372615324
0.299525324749598
0.157812995234191
0.229538378502764
0.525234310469318
0.372392152080867
0.298880273288258
0.413474216996674
0.271690105009564
0.356873331680819
0.188882489209629
0.270905872879743
0.442182445349235
0.323775462534317
0.197643929421261
0.356020969721435
0.20242752900183
0.291011620440604
0.333143512312406
0.306651284181522
0.320141048707084
0.320575053282124
0.282177447482882
0.267620600327305
0.295166894855719
0.313995292640933
0.373658091000535
0.342230263643073
0.354101483076967
0.187108483723932
0.359082096251048
0.322728042960113
0.434441508329559
0.352092702512565
0.284729931210898
0.366672027896659
0.348995085746983
0.303820235782166
0.397278998858719
0.447898519441359
0.423277090186422
0.537396002534238
0.330814084063364
0.282377931046868
0.61110395474864
0.34244905966876
0.301963666986043
0.519122486536642
0.416349963949098
0.353098107286076
0.347624566677908
0.398705604708599
0.459663886393209
0.405426176357727
0.384868622789491
0.332183738876332
0.207145659842997
0.394321535171072
0.425654974342575
0.342735592014988
0.560528961489552
0.390953065680013
0.451721011330821
0.488442448058934
0.44871852756613
0.497290069210665
0.371481042295171
0.478942475523608
0.374561169298679
0.354322707791365
0.35986473511722
0.399269197304449
0.353541896823197
0.448217228641966
0.461999914121758
0.462611855235808
0.449297541527207
0.355854478181287
0.23157664029887
0.571734287665849
0.461376681297945
0.564222074747828
0.47748620750803
0.484010509088571
0.475589904840232
0.429787770385503
0.475949727850006
0.472077190490997
0.395590110541978
0.426727080540695
0.490415909637658
0.433296903295092
0.469139244551373
0.46977405758038
0.48693275998521
0.58472926090282
0.496284603087858
0.497449098591559
0.547841609521309
0.453106935174656
0.604396014478601
0.344350109514296
0.444446599660048
0.680967568823191
0.549778989993605
0.488991945513721
0.461922446692208
0.596428750627298
0.518041254807354
0.445893295060582
0.479579436694775
0.553775643401413
0.620153533007386
0.537968351843937
0.410964656527803
0.552785058886307
0.514202507906428
0.49227692543227
0.756204969300917
0.450021590225983
0.5666148004587
0.61262548861708
0.523831468304908
0.577715272932447
0.598897957566698
0.619333018500183
0.61321480086476
0.707974657404033
0.545646699118164
0.592228048500024
0.590508938903128
0.473498143059092
0.517323491682418
0.602422032289093
0.703607691708633
0.507872853155092
0.618546428889164
0.627032123283772
0.464891967501038
0.546656220024479
0.538572939146204
0.633809840071997
0.621442208740262
0.548801893992761
0.46302872908421
0.661178144972619
0.662266453802238
0.605785656278605
0.671680517669121
0.736022258175931
0.619333176382037
0.603020757575212
0.698357488476644
0.709376223781938
0.607498224454364
0.593924721109248
0.608798246638007
0.55896401941893
0.552983253036988
0.648469404837713
0.582688469084182
0.652327728688945
0.534960900140271
0.52680254496845
0.708693042403583
0.577494826101445
0.549225589529378
0.78646978971202
0.417835362141206
0.581097976809631
0.656914897376576
0.705669504686795
0.600676352658822
0.668728271866178
0.673747004069072
0.569667017057954
0.70066671089102
0.633011774671712
0.778138960397042
0.625101945836986
0.574411754566726
0.731125618079017
0.738530439276065
0.628853600922952
0.724629793064123
0.732749585084318
0.496654309194139
0.833574037080123
0.646978485124528
0.756517407092168
0.746002159192688
0.599886337471445
0.785658182606812
0.787477332430398
0.648235446523738
0.790391406653085
0.662534787115963
0.525429040575248
0.683258511287408
0.615837171943307
0.796371260467316
0.726745790390433
0.589007333098561
0.650592287403016
0.623242923558208
0.819786633489102
0.803942680082818
0.74568397752377
0.58687813975677
0.671554863491429
0.597969781722276
0.664417555572695
0.645079881852026
0.626999985292636
0.750167663859485
0.761500512393722
0.744184464656322
0.606238034850537
0.570248355367744
0.852930929685626
0.695500438675033
0.770103680284244
0.741075071322299
0.698098401068361
0.770966955549711
0.590631985712315
0.727595363753679
0.931727178087175
0.85654414984824
0.695713199912919
0.891006829095608
0.830379362488945
0.675874666171538
0.732207643526786
0.82929468164136
0.788923750682541
0.824495522499814
0.680611893545208
0.711108655209042
0.77357457943159
0.67721673332518
0.90505637250153
0.81430682829686
0.628359096357706
0.693551964960068
0.752335036238227
0.873356078791779
0.752238674533398
0.822203592819602
0.877538566485174
0.79655173102796
0.607447720550139
0.876215450637816
0.809206376710416
0.712964201632277
0.785876260083414
0.739804667002889
0.949485123547382
0.784925685825563
0.902259564580346
0.759753319162797
0.668030811346805
0.75656973484403
0.781122062878575
0.738722700510302
0.804721519600928
0.754029411919031
0.766523079246564
0.898324545088368
0.937853375758637
0.917998720909028
0.796390659900313
0.930025337775777
0.903823902928612
0.872937909790324
0.955651937898082
0.755033505857612
0.98689001638874
0.87891104330544
0.743355634188705
0.858317549077809
0.792927426741703
0.792325781793199
0.876251985429805
0.923477408558651
0.89366738610733
0.881880612942655
0.96492965968964
0.786480478091757
0.859422821429022
0.787308667770861
1.05310482600748
0.819591277608747
0.824284721020473
0.9415582235362
1.03551155812907
0.762634558656666
0.885300206168009
0.697558265796955
0.967947980371364
0.879797476451565
0.980518844008273
0.847310918561903
0.831282204231702
1.04977053777012
0.900814698933057
0.928399556332842
0.684745033005756
0.930058719356519
0.910025329289487
0.901443776447397
1.05315037135165
1.04684445667073
0.82597479634854
0.92239652712971
0.924013822286797
0.947186551931495
1.05063773395003
0.992529771811866
1.11189798541548
0.95993617488475
0.940739935230601
0.824670814341359
1.00884954873169
0.937334123227653
0.911549319488101
0.991326207797876
0.970110563881336
0.842673820234882
0.954959045007431
0.863499198547491
0.857311604926417
1.10686464853811
0.82498709624727
0.853924143925758
1.01638889782092
0.966123769110608
0.863149912610476
0.895319609243971
0.985130195666036
0.982804398161331
0.841567999291489
0.970736826838648
0.866046735290193
0.922000015742384
1.022779742283
0.93301195553687
0.870412565060477
0.967345764700275
0.931975100928034
1.01386194254698
1.06175453555701
