-1.15816188216878
-0.801795274804296
-1.03364929100448
-1.05796620969315
-1.05494188830324
-1.03756228020202
-1.04463684501152
-1.13899391273163
-1.08540984941554
-0.796861047572385
-1.07704038956711
-1.10208988094844
-0.891606964236916
-0.948117782699297
-1.0112515089283
-0.986412640630141
-0.952667383976963
-1.07453430146703
-1.01068510834763
-1.05575700283968
-0.868728015640334
-0.952647160387114
-0.749176733657831
-0.922454822594218
-0.877018318648574
-1.01166852067833
-0.948083788725171
-1.01178211557199
-0.998903472281934
-0.972880798636868
-0.756463531318132
-1.00064081660107
-1.05306671315668
-0.881921164855457
-0.834087801444774
-0.867280552268277
-0.860119297089583
-1.01561421362982
-0.926842468829873
-1.09852112637951
-0.706211272043586
-0.951236091954192
-1.01203413164264
-0.890966772561011
-0.977119553596584
-0.971239911638527
-0.882548070169416
-0.80790743437767
-0.858268766815166
-0.894438622345388
-0.852499635455814
-0.955170628993856
-0.726345099729487
-0.823442586594689
-0.888496862486932
-0.901550882468075
-0.944315921417054
-0.86038913535045
-0.792489527027232
-0.855037131496454
-0.915681130633679
-0.914953984288898
-0.755897558481562
-1.02153548007359
-0.745548948223972
-0.941686358382742
-0.884062374063746
-0.959262599765051
-0.722073552492647
-0.813633343239718
-0.85343060210787
-0.748755422500659
-0.9055935876336
-0.761319534851957
-0.824841047290981
-0.865205369051635
-0.886718572289556
-0.9296942369822
-0.790620042126618
-0.741642889795507
-0.869923596599349
-0.770130962050046
-0.805101866167679
-0.874559771330949
-0.911658644775926
-0.782699969057424
-0.850423352963679
-0.855006394707967
-0.829014218996916
-0.879463685434266
-0.879822877335498
-0.85827060745419
-0.89436149932138
-0.811825946182397
-0.796188236746536
-0.814700980384272
-0.771883335138403
-0.898706353722504
-0.804891975838931
-0.713942045198837
-0.833363836099781
-0.85281052804468
-0.838983071339633
-0.66311361651496
-0.663093089852294
-0.962554472310879
-0.920102001739162
-0.577741737323237
-0.850230619556423
-0.704907321486372
-0.745201890839575
-0.87808308955276
-0.784209326957845
-0.618555324718462
-0.722946450079316
-0.851857070183863
-0.757836916524369
-0.730596291065167
-0.930566975527651
-0.759453949499953
-0.644651155050131
-0.858797610720844
-0.870684598078123
-0.712150828250851
-0.61412075462515
-0.83956862692286
-0.814580833843719
-0.574035922350036
-0.737483442581022
-0.623558693123827
-0.811596110965616
-0.77520014935466
-0.782976009064209
-0.72494564227629
-0.745721205218932
-0.688729066086378
-0.645842456270286
-0.558884148847421
-0.535739036975932
-0.783390183833443
-0.758764755848522
-0.689997521917508
-0.784803611708549
-0.749530742378655
-0.677374277500717
-0.736001813986788
-0.747256758088527
-0.821682888184601
-0.755391980084422
-0.580405107248377
-0.670002413334928
-0.799639589842154
-0.762896685836441
-0.756016086035334
-0.581311967873211
-0.655499046873753
-0.794447931636292
-0.729312718531319
-0.842643536443136
-0.671802699246652
-0.724729457635104
-0.644153229898259
-0.781523678281408
-0.572565805288631
-0.67944352060166
-0.67752413079289
-0.701318509474111
-0.541478248726083
-0.76528535668626
-0.813176607558395
-0.73890302782072
-0.586004260779512
-0.627105301923094
-0.563111671834224
-0.574943073663562
-0.633289759923661
-0.851730729073167
-0.568797282686666
-0.575869113140686
-0.720166184925909
-0.562645594082138
-0.423028613235477
-0.505781020661564
-0.729422539708429
-0.486908427300823
-0.524803510293409
-0.542105048831512
-0.628146948975649
-0.675462289699214
-0.584370206489555
-0.59963028515976
-0.617396110705705
-0.561220353107416
-0.602510047473287
-0.543147762697458
-0.618277424799873
-0.75181882367902
-0.619827271800984
-0.687796652249077
-0.543543362574371
-0.681513596594711
-0.473599005854615
-0.731931699164795
-0.507063110533761
-0.551445578718306
-0.537968986826412
-0.607991449754284
-0.474212700069553
-0.480558794138261
-0.610305499209589
-0.60912824562162
-0.659127463535702
-0.482921017363667
-0.504637967079494
-0.65808677392061
-0.539022944062744
-0.492003161242291
-0.67327280740516
-0.556353849990921
-0.553395743175211
-0.480465052560012
-0.600541105469462
-0.525462252265647
-0.652551972829644
-0.6264847498762
-0.578265259838144
-0.605516930895738
-0.693886848698132
-0.579302023590633
-0.575209150237343
-0.609669458747419
-0.726200426250418
-0.488584423152721
-0.456093687132172
-0.449845800378574
-0.461798599402924
-0.428498512870763
-0.586313602067745
-0.529638346645376
-0.570775494105657
-0.683936369909401
-0.281171901571148
-0.459287535642383
-0.592757687067075
-0.458001245692716
-0.45959629003367
-0.550694885722126
-0.476150019803823
-0.456193542398954
-0.417827348772787
-0.542312677055651
-0.510121767191385
-0.432667771501051
-0.628835664486422
-0.494777652019316
-0.475069125507267
-0.400749475175948
-0.446839941401244
-0.498516968719677
-0.458147362296603
-0.63936655741893
-0.368705729325707
-0.525568141288542
-0.44770938890991
-0.420773200059901
-0.616969417226468
-0.536577980297734
-0.504426827559733
-0.370966027418004
-0.4350111106246
-0.512246725894637
-0.481812440420991
-0.42352024102545
-0.312848540408174
-0.544333142061803
-0.435736313952262
-0.592120354263888
-0.497494481596769
-0.527426129504626
-0.36920773512402
-0.316920581649314
-0.431042153279654
-0.429749376246313
-0.436201808489188
-0.39513535463821
-0.344243285411446
-0.426888894245128
-0.315426046585789
-0.558144142342338
-0.364700906455958
-0.536094595051289
-0.571281318607973
-0.418738349869688
-0.342818518884952
-0.561177825553674
-0.388699452022855
-0.486939282810427
-0.354483490001249
-0.283427325889929
-0.305964778510073
-0.392460161167914
-0.403971298802435
-0.310775789853995
-0.369197060029404
-0.412807222926577
-0.473335899270068
-0.436399665264276
-0.356990004171988
-0.388085869834177
-0.419647799788416
-0.242483735787216
-0.263311048219964
-0.36847786456658
-0.421707897441885
-0.432564415069655
-0.514347218455096
-0.25832122272643
-0.452943766753429
-0.292522776470522
-0.375057490610583
-0.30317353225065
-0.39044595247025
-0.365274918686473
-0.387951920113263
-0.310973618662031
-0.335996295070304
-0.416642005348606
-0.371481562617299
-0.399659853708647
-0.420590317528767
-0.318420479640705
-0.373953684008992
-0.20390220901657
-0.191646918238076
-0.348568128502493
-0.312544301671595
-0.230319127325151
-0.291114056036838
-0.22258576503469
-0.281865689337966
-0.345090411477792
-0.250344825973045
-0.275843489280038
-0.348816955569395
-0.314903203193773
-0.279005548649294
-0.44868324104847
-0.46264729924291
-0.302649775806261
-0.237467985573491
-0.370503159036883
-0.301731613104225
-0.362956081717875
-0.332150911047997
-0.375783252962064
-0.349379832056614
-0.211373676534674
-0.298012523602833
-0.36586859550755
-0.218265645384748
-0.237928376438388
-0.220972911870096
-0.312896012457986
-0.191251579222044
-0.176204655769522
-0.179547234465283
-0.178673079016967
-0.288416491550656
-0.20360553204011
-0.279463893344673
-0.403163017401481
-0.224613746090118
-0.158789191393319
-0.161544383681672
-0.330093866874885
-0.37920391629682
-0.290154142978279
-0.37232547992905
-0.298789084264938
-0.314466989268466
-0.274628807181937
-0.325597975433965
-0.200538009154085
-0.224685159487049
-0.210731600064555
-0.229390529948319
-0.267700965483114
-0.23071385913929
-0.229830183535102
-0.178139537219674
-0.15692942783211
-0.253915708918183
-0.263223477749513
-0.165027564442439
-0.188998988144192
-0.175017046497507
-0.316301701503572
-0.234798734803779
-0.19191147492517
-0.1352274684926
-0.245068041456722
-0.127596238602997
-0.174462525658422
-0.20205069688591
-0.27233388756255
-0.15526289264844
-0.193838501991583
-0.265682132581065
-0.156699565014049
-0.0609670193420041
-0.183686427701181
-0.31490117163172
-0.159341698685731
-0.193365731619331
-0.23782329159285
-0.151887778318099
-0.149289928072184
-0.183271037267181
-0.172259128063026
-0.406149855378856
-0.282767782596592
-0.201752063341809
-0.0764693280193636
0.0248353411732921
-0.0668581257543541
-0.303599710304427
-0.0424207908796702
-0.231321569855496
0.0191664248215787
-0.0939586036399765
-0.233847604110926
-0.105327879615434
-0.2944868562372
-0.0875241250488003
-0.127311462105185
-0.0615970204399799
-0.300853041190567
-0.0798447448856335
-0.168198034658239
-0.233167698820669
-0.00635318245690553
-0.258967932690534
-0.0829463853990733
-0.137577500714221
-0.118658269596676
-0.0733937072550057
-0.202146362589269
-0.223395012771716
-0.0724585276260066
-0.280591275288769
-0.0876051082993232
0.0938555734682969
0.0140655626141619
-0.113574632521785
-0.0703771901087846
-0.0705938474701032
0.0502429386433606
-0.0192807617775787
-0.131862801347948
-0.177053417241448
-0.178901304098713
0.0224807789904083
0.022046685934015
0.127110172380607
-0.0524254139319851
-0.0836890411222967
-0.0807739679775377
-0.199886895756968
-0.199206677135833
-0.188300612010924
-0.0700170708174451
-0.0760996190163048
0.0270130718906937
0.10893507085916
0.102499011568405
0.102398241679646
-0.0835160914569212
-0.0995110726405119
0.114493973324063
0.0700795296468582
-0.146418338788938
-0.112212256781328
0.00612103846832225
0.0415494885128872
0.164642917509853
-0.00819079052444075
0.181742850170598
-0.0152302508118244
0.044700751993976
0.034312766270271
0.0209867661489868
-0.0404515247693858
0.0445312683385148
-0.00621042182035995
-0.0614471169235455
-0.133065031875224
0.0781984953557085
-0.0244621179271816
-0.0836529084710705
0.0524762798415514
-0.124864704827328
-0.0147659344433149
0.00702652115239252
-0.0861708818711483
-0.0698862357543143
-0.1099644629243
0.0502337655272605
0.0120929611100802
0.0483982112557415
0.00452705438972923
-0.0672185882183662
0.114435205385199
0.0515592426993769
0.00985172965968879
-0.0815181763390513
-0.0412769804415823
0.0553014734602863
-0.115075267626609
0.0447707312606764
-0.101347545986749
0.0655170471382586
0.111239321136266
0.0390863138688824
0.0241965202306097
0.0328933239881258
-0.0754725726623155
0.0695788707640294
0.0707876252778961
0.05315720977651
0.192771098371088
0.154208720236694
0.063274819218373
0.130767578316886
0.239570878554312
0.110287649976403
0.0814962419151748
0.0747424593606856
-0.0650479084766994
0.0954161293853229
0.0901067011252707
0.104965696907174
0.090269206165315
-0.0264151355921374
0.0747031096652159
0.224280169438972
-0.0400855302930438
-0.00624803489788566
0.100594907347548
0.00261833713396125
-0.0320207681086741
0.165204087737623
-0.0201878109827144
0.0803941723400266
0.0529067293952882
0.0598116904478
0.0228239380604938
0.141357772771062
0.218193606821223
0.255332782767269
0.0434214116350166
0.181154977533691
0.0193492044712215
0.166009054827483
0.259902892290164
0.180163992731283
-0.0362358625858349
0.296912178662785
0.0964314683312081
0.0616741931474883
0.199599964637522
0.0594633351756019
0.237155007662683
0.152519806305229
0.0754997574469967
0.0983253995126054
0.151059424011767
0.142331760618318
0.1772623636151
0.0721295605575509
0.195000292477957
0.05635846664801
0.132323949038003
0.072759980088001
0.115492940129319
0.142883473488258
0.131750202015083
0.166416121596286
0.0513585971728129
0.155657844220093
0.0975718192876055
0.181666084352476
0.114271130979992
0.16698352719169
0.213424356942818
0.231140240853299
0.239721052089776
0.24667197003579
0.226646347016172
0.165309123943736
0.339922487960217
0.0710049847697404
0.0627482020893828
0.20834560816625
0.213392593650421
0.202819944741757
0.156201394857627
0.259140082710466
0.142787102745289
0.208228657668807
0.16609324015879
0.105351765017971
0.352522986570523
0.258770652081296
0.240598108177901
0.112131000099636
0.165029839396521
0.243068584794663
0.357710610782838
0.340531722304648
0.348244200060109
0.183798162848074
0.251692637395185
0.286644174775012
0.158581899472226
0.220635761600819
0.310688525377724
0.312931953572377
0.279664359934503
0.276409391065653
0.240347963714677
0.208223582365448
0.234663637655094
0.337329893656417
0.188359411518925
0.162995930276478
0.16107280239866
0.0758939015370371
0.220127554852913
0.214435487163796
0.268673692134771
0.281729189928428
0.354031368747129
0.250564418593109
0.36533967473858
0.293147093975346
0.28811137386317
0.325470925183264
0.0871640619712843
0.234821472586652
0.225465507857909
0.135675880534205
0.379449903336779
0.319193286361897
0.333675793913539
0.309330898149462
0.313659677840527
0.291195806935261
0.360700752021887
0.378299817866551
0.315042018950863
0.274581774818352
0.307019897561323
0.296879661130178
0.337140394359807
0.316020640684433
0.317502754434627
0.278884386486659
0.319620618394618
0.282721673916217
0.324301916837737
0.143203137062594
0.294288731466881
0.418326947085833
0.318696067731385
0.427460743513735
0.309930123227484
0.26943520242851
0.327598932563905
0.307847319928214
0.251369276969154
0.411892565211406
0.240863073075853
0.166563027621949
0.299239649220475
0.36973499813814
0.339966460825806
0.23783687063322
0.366377928681941
0.49642978563386
0.370153589318893
0.199679834603346
0.384175391887877
0.312900109089718
0.491035039666254
0.353587265317539
0.343261412979124
0.330872112264531
0.514658533453822
0.326800468944968
0.380269897916218
0.437778654758272
0.424008526428631
0.380424760049294
0.479169131950371
0.496586596246733
0.410299142034189
0.30855164240992
0.330285984170839
0.464574206300131
0.421827834406747
0.474730402536509
0.479192949609446
0.381602876609247
0.488420454405573
0.402397268943962
0.329907487096161
0.427026717371954
0.351917731737024
0.446596370561582
0.413730057729806
0.348806352072088
0.541814191982805
0.510919737720831
0.364610899042007
0.449528510172005
0.280111069718268
0.536830935754587
0.329268037653918
0.523589151963416
0.400219724646299
0.301541092330235
0.452644812968848
0.513407903417558
0.488722485747662
0.354408233800554
0.462034278537933
0.295087913700905
0.346449833983084
0.508697931221597
0.6928614822532
0.324057750903358
0.517140283239514
0.507497249345007
0.492000417003618
0.686563004998416
0.425995114961614
0.575785195911516
0.601553985681107
0.489091780262038
0.498888040228714
0.483208386616141
0.626998609653149
0.552757592610522
0.501563429537284
0.612760223807887
0.391131200851805
0.591528423736606
0.496272466690508
0.586634075523563
0.520310650888257
0.440771934072579
0.536747191729367
0.432956246161995
0.446940914655145
0.640976788266289
0.486449176950088
0.538021101534458
0.574939639258333
0.541410961282175
0.539003012309353
0.48349604565068
0.691373259122098
0.531215272081787
0.469961190418422
0.673308565493448
0.498873842124512
0.578396066269806
0.620304796181239
0.607158881240233
0.446529559250436
0.582278176155995
0.576734640929122
0.577705298093678
0.518178674005717
0.39727034670432
0.61262042907618
0.594325220324067
0.604984926833745
0.49936386021576
0.690806740695706
0.537692046365927
0.553965339177374
0.620255245986739
0.666456892239209
0.565437612353196
0.524245308706395
0.627786562443448
0.605039535357947
0.661896820352418
0.51193449500331
0.502941903526692
0.768447892721355
0.645992603878772
0.578353210810206
0.663058011469632
0.534524119573136
0.568101107167054
0.548881113212361
0.69721074852865
0.634168883677572
0.503868227351545
0.606276992537809
0.458210000758686
0.415462296138441
0.63757341929998
0.739165605290875
0.646202346800961
0.667665213201108
0.591216861330543
0.782367623146886
0.477049001810516
0.747608783926493
0.583465577924711
0.761243285154992
0.524552202991688
0.541481125095042
0.517409468411335
0.540191753487611
0.746323597626317
0.717000477387453
0.703964591461561
0.496351058989244
0.689868053055994
0.75596615993618
0.649675072143716
0.56294045270948
0.665051972725767
0.769339031634228
0.575948508504669
0.623352181441872
0.648110096797102
0.607791870717727
0.690394865595066
0.778028740488985
0.532688534729359
0.682061654104046
0.669905214176702
0.660990426003525
0.737619503501757
0.794649634398195
0.611127093304876
0.736034459184236
0.665343120785536
0.570169235878826
0.697767033645144
0.829244532410712
0.675679691938311
0.809521251112578
0.735810477905534
0.827674871079375
0.659928622633331
0.643917976265353
0.634707123534211
0.742509543529983
0.648664896228441
0.878631046477674
0.698463858434689
0.710376829881805
0.783458521750679
0.81070220756204
0.875310703281996
0.85471418906496
0.774809967877256
0.748395149326664
0.745742687465033
0.87980843580785
0.867946630001996
0.749348531031907
0.792803748371182
0.761524613782304
0.837114815385501
0.814441515736828
0.839536030123526
0.669041962321269
0.864802471274531
0.834955616075516
0.630675830148895
0.613945245773479
0.8147674469212
0.739364244299543
0.81680718555942
0.734752860124024
0.75485398396738
0.934904565328014
0.686637311153103
0.802206872695836
0.7420484188546
0.863129827740538
0.764508017800336
0.895852937775485
0.997728846507959
0.693182695173113
0.815440881259891
0.755473900658015
0.925385484783996
0.746687444008204
0.843268717295262
0.955908736621056
0.752699111360278
0.945134629970869
0.782756788324006
0.820142213167285
0.866157586875348
0.913670385412971
0.750530877857412
0.712532561121325
0.837063786997086
0.86721210565251
0.878800195622542
0.629344618951056
0.709631331331169
0.804417437649668
0.846919676111681
0.836702917317961
0.948518865707846
0.827189192012986
0.743695010743281
0.752284916458592
0.988989505459971
0.898798380240942
0.792081158847522
0.908714664379469
0.819698234837953
0.934480821908468
0.797726781911953
0.916291503254923
0.908697669883544
0.941368398360131
0.817732025791704
0.89470923242085
0.913044459651841
0.830851970788476
0.894813084777335
0.929671924700348
0.897661581784252
0.668927654398806
0.847894205628483
0.756028222971731
0.960012011577407
0.849830883011413
0.814680923292065
0.891871667855659
0.844539835694214
0.92868085581747
0.891968204104306
0.906136551433455
0.891469329267574
0.889664498211671
1.01521348950612
0.849266569679438
1.03455258616032
0.950174383310282
0.848577101884204
0.843512185405328
0.909230200558702
1.00199528041153
1.01665193855513
0.929234136730411
0.783064671309803
0.876832907779583
0.923955504177492
1.00574903948602
0.859546815028468
0.892500136538133
0.984194310049318
0.888218495900405
0.898645262639827
0.96973003408552
0.989294969324154
1.00613449489332
0.86271701141933
1.02087320285865
1.07275925390608
0.904181697057529
0.966894149338777
0.962242129817942
0.998954388183728
0.938836897341206
0.974409503666092
1.0789352659254
1.05095263317833
0.905359924588319
0.973762216117645
0.973677024473151
1.00711117490881
0.833371118548759
1.04637122473415
1.071473643791
0.983830344283889
1.08785911329929
