-1.08740481043259
-0.946949013475302
-0.88334624212783
-0.981090110803271
-0.929906049919569
-1.08093096010509
-0.981429738037488
-0.982272378548755
-1.13991973340036
-0.8902326709594
-0.936264291462479
-1.06256773815656
-1.07068998132908
-0.947265215005749
-1.00228851957112
-1.06451657897905
-1.01392524672964
-0.932231118278461
-0.895626020269415
-0.997127930218217
-0.825107258116712
-0.927468641896387
-0.85148696769817
-0.890741485130828
-0.893261424401247
-1.01703851617875
-0.912669783763211
-1.03310168610947
-0.967791162417978
-0.945215893740086
-0.814950380458924
-0.865752671807226
-1.18627617874996
-0.87171614121916
-1.02956200152415
-0.907218160713748
-0.990753153970818
-0.91114197029979
-1.11582520229915
-0.906137313953802
-0.79464913845941
-0.953961620389626
-0.944517624435189
-1.01258696259597
-0.873674278660282
-0.90400380113476
-0.861728034009175
-0.945653249621972
-0.885223799770019
-0.924826463542896
-0.962068110456293
-0.848339321836352
-0.845798433310279
-0.829950751654643
-0.773212987934676
-0.798046128616402
-1.03977013110124
-0.77576147217114
-0.795163851443562
-0.746527624758053
-0.989058757156302
-0.795316601694194
-0.906244096328525
-0.786602296586231
-0.871929370422976
-1.03560495424542
-0.776207023362117
-0.838787907921151
-0.770649051023128
-0.709276035537509
-0.718931734324359
-0.732516514166216
-0.866100938093203
-0.979427175543985
-0.773094514356051
-0.915264792284604
-0.833378132486536
-0.952208381386214
-0.800302302704639
-0.87055445694104
-0.793398881529821
-0.81730005948848
-0.949559770379802
-0.811190651883141
-0.787069745384537
-0.770928609930736
-1.0369490721289
-0.897456829578066
-0.875098261486684
-0.753718321456877
-0.648461687914728
-0.678800189769779
-0.766692371137263
-0.927227071292597
-0.755818009780981
-0.776528956435227
-0.870918448495031
-0.865061906243845
-0.77825424104585
-0.813940127433374
-0.830554539215857
-0.830464884558723
-0.828153575234046
-0.871752369327428
-0.77281059271624
-0.702889278972945
-0.891172690221285
-0.734887833760384
-0.740477057760372
-0.822256008970595
-0.634653666710457
-0.96055109586916
-0.687546627663981
-0.84530172751916
-0.756378290848078
-0.77952799557003
-0.87289420760859
-0.693701472747729
-0.740581335311924
-0.720633696586229
-0.78393164799293
-0.768854465536621
-0.792685554505914
-0.630836390784672
-0.7143787530247
-0.789727834731648
-0.55781371122168
-0.675989670965461
-0.806507756798389
-0.747768585069722
-0.527565210475783
-0.667246938802827
-0.753280638990043
-0.778685848789168
-0.651550153938476
-0.711637328396445
-0.664152431791885
-0.620878785865571
-0.699141643247973
-0.855106595879902
-0.731645315615468
-0.694089737584909
-0.598072808487196
-0.655029624540063
-0.673062574100113
-0.652559091798454
-0.619985650583467
-0.690312157713718
-0.806304695735655
-0.685212034914431
-0.774803500790241
-0.7414515467204
-0.665510170789249
-0.794910152941142
-0.529970166593573
-0.628619822854715
-0.782125284617513
-0.724299365245046
-0.641510800356711
-0.719865030889087
-0.769670005942072
-0.547529984594033
-0.690863994021518
-0.584225446402084
-0.83132994168973
-0.691343188318585
-0.673202771456556
-0.596344683688378
-0.644054154455384
-0.750273655798384
-0.757966090570697
-0.541470713247862
-0.689453497028763
-0.637280258402945
-0.46314976880383
-0.723294786271832
-0.587468856935756
-0.719892651375516
-0.547828091839538
-0.510247871849952
-0.575740259011599
-0.741024338017692
-0.534904343840744
-0.588271451827565
-0.591340004267171
-0.541896160534008
-0.698941418213571
-0.696177561247029
-0.686864992329849
-0.718879465805972
-0.650686829287138
-0.777276072690389
-0.574770267063545
-0.62515782958191
-0.430682260188806
-0.557076356625911
-0.620539816127336
-0.587011252233109
-0.561998287151507
-0.621269538781728
-0.582069159025653
-0.625288320575358
-0.632786960895899
-0.507767569838133
-0.423982811624881
-0.523996920671099
-0.693392315102346
-0.467781463912026
-0.560876635940525
-0.48485636033109
-0.555244582363152
-0.697734695079333
-0.573991001189171
-0.532605281786014
-0.597306519861978
-0.443688694602498
-0.459301295124143
-0.525021454471122
-0.667066828575044
-0.641005541518634
-0.612525995930216
-0.59074920976094
-0.629807143259886
-0.640942225708656
-0.585554440469574
-0.543023115591668
-0.661579366784355
-0.635323705743833
-0.607028112522877
-0.574506263452676
-0.659350176904911
-0.5585462118247
-0.53354334322958
-0.371505088325529
-0.591179360857104
-0.575709202564407
-0.268207837122482
-0.558577452270982
-0.459589503194469
-0.596180076175691
-0.603582135998976
-0.805958599714509
-0.527839028050214
-0.504673983392008
-0.551247893786007
-0.584133629568255
-0.491802053473036
-0.485872282071605
-0.499104940449136
-0.502917148150152
-0.431683310880233
-0.364089448530907
-0.568498747454295
-0.503909894263724
-0.394539657624791
-0.435633368821126
-0.486983488344041
-0.364809564423968
-0.456981378417656
-0.568509566708845
-0.480225196765364
-0.605938069579388
-0.488620786365514
-0.450568620808587
-0.450723558963584
-0.402387365707265
-0.536826703760958
-0.590337439178757
-0.338198805152304
-0.391975559694734
-0.381788746632148
-0.347200572541735
-0.416311162083916
-0.432551773061236
-0.354845288446245
-0.507060136417709
-0.439564804471673
-0.667746655270438
-0.511722910599774
-0.537509955376668
-0.464952281315752
-0.474368018489576
-0.411881486243776
-0.435468644444466
-0.465167485981218
-0.252533190150979
-0.35536791447564
-0.460352487466248
-0.438650165490654
-0.312095470592333
-0.422821379405955
-0.489089520759812
-0.302299724133773
-0.457624803873521
-0.392709787813244
-0.316390095391401
-0.426690549094918
-0.32395193037027
-0.424228228243469
-0.321988644281426
-0.37727168372599
-0.452185178133674
-0.361228862129468
-0.234164242900338
-0.181198592173881
-0.425467445976585
-0.378297533419261
-0.40710543060075
-0.421017017900225
-0.437285252911467
-0.314659733604561
-0.404345997549772
-0.171327218006977
-0.354742351337274
-0.280541665494688
-0.544557254879928
-0.358504939837261
-0.329367517976262
-0.456745749796502
-0.254386473980374
-0.374819408358243
-0.368468279038073
-0.317641627598937
-0.30696545619358
-0.35436412878114
-0.41395024619018
-0.372303552480581
-0.417822668130599
-0.326482324355054
-0.30862950059514
-0.390481693408226
-0.439772932617061
-0.352949454543354
-0.389945441580437
-0.354211198027745
-0.307678975441769
-0.440307678869188
-0.26771774491267
-0.266366710174371
-0.256029409839264
-0.329652782086953
-0.341928104105031
-0.433967173793433
-0.357882073553282
-0.398253540390413
-0.288676053013495
-0.370998868011545
-0.204147659299298
-0.210843926434103
-0.236486760464653
-0.341374011327686
-0.227478423569941
-0.205113122410055
-0.347024101020603
-0.284989606885008
-0.156781285526256
-0.221136528319343
-0.191768026053164
-0.424228418189085
-0.17715083629204
-0.205023129801255
-0.303957780478427
-0.21651163064555
-0.171248829423128
-0.309517615761852
-0.266357369825449
-0.221660285936572
-0.196159676943628
-0.384006258456003
-0.321966809693069
-0.246206801986886
-0.422758429742172
-0.285072382117154
-0.270140835089742
-0.432243277590002
-0.143173229000518
-0.252001590962635
-0.14615196197463
-0.186886511408993
-0.328521345617166
-0.286151713449919
-0.243201452613562
-0.329518635117995
-0.307736600123325
-0.200797148450873
-0.229481933774635
-0.310435427029646
-0.22994799933217
-0.290744495749081
-0.129441233825793
-0.255053295405021
-0.212566606323437
-0.174208002619301
-0.0907429198479794
-0.0977423672784509
-0.0901257600454932
-0.0805531394543572
-0.320689481111122
-0.190804298512304
-0.31394312674919
-0.329559140014905
-0.107201959225168
-0.290903287539441
-0.10973120459424
-0.187818709901692
-0.200777465935672
-0.157867350613412
-0.110059743265293
-0.129793094377193
-0.269839366987364
-0.225215516860651
-0.116666750884092
-0.0649386655051169
-0.146443424658098
-0.19423122009544
-0.0998548365037722
-0.193702825862568
-0.28292225043881
-0.16958177468849
-0.152579529102321
-0.1305030005786
-0.235116030011333
-0.127014532517001
-0.149858787719937
-0.260243711996561
-0.079117443975518
-0.141039024356352
-0.228758228968322
-0.184989861191245
-0.146480776920749
-0.127656598640452
-0.179954898892374
-0.110382502691361
-0.207497085211273
-0.187679830845397
-0.04304260122498
0.0322387103634488
-0.123170549997465
-0.0362598483631744
-0.233157730912737
-0.153264452875992
-0.207453872373104
-0.139240929229167
-0.0866993561519384
-0.197649804804148
-0.0267077525301403
-0.0110857096458243
-0.211373680117621
-0.229145681130498
-0.301508963178047
-0.106750032369463
-0.096002777774948
-0.208000205997234
-0.000812683053495261
-0.0639917167973901
-0.111845576784164
-0.0949071302153481
-0.0270450256588028
-0.13436215390856
-0.153387383504467
-0.105696604658596
-0.0159520782484782
-0.0369307395475494
-0.0606676680144983
-0.083517178931693
-0.00173361155008411
-0.0372790126221453
0.0775586603620908
-0.222687287512158
-0.221326893935467
-0.0892948593267543
0.0253216308495491
-0.125740225819235
-0.070759749615659
-0.0926445288767309
-0.0656721324278459
-0.0929001736535765
0.0117915305666233
0.086224299591674
-0.184445420772969
0.0573056475155048
-0.168807352719545
-0.0712370603233288
-0.220955143647415
-0.0592773298498189
0.0937235672453234
-0.0883294270299166
-0.0908975104090983
-0.0145508806637371
-0.0460080666982466
-0.0152289949245026
-0.0183098039038661
-0.108490669802915
-0.0212505769696327
0.102545668064198
0.164190357068414
-0.116113239862869
0.0137153725831506
0.00143363956807826
0.153231032170316
0.0633696921711801
-0.0290893299756845
-0.134031173622119
0.0682766960114901
-0.028411611230352
0.063015375099029
-0.0249859684047566
-0.0137627827633005
-0.0566925339772958
-0.0461608606517717
-0.131029358283424
-0.144396430661511
-0.024469042600231
0.0105099845737633
0.0785966905245984
-0.0521556599541673
0.0211403537818276
0.161343295933367
0.108914839039004
-0.00507334227128408
0.0603575004568254
0.0693005615732436
0.0446350418632884
0.0940930764973797
0.131058907822075
-0.0170648660341914
0.0557510139368276
0.0943983212012492
0.0926696936959952
0.0608001120468107
0.0533610864204747
0.152190806416869
0.22033056352016
0.133094727908834
0.135148783613418
-0.0169287304963681
0.15398544691707
-0.0314917705453213
0.0655666989109507
0.13721654355161
0.0452014958416542
-0.103697719587655
-0.125876946882321
0.0567252940975386
0.0944515504542898
0.226313086151754
-0.0282764327709152
0.0586032054198577
0.126434931538814
0.161393433338554
0.143746911397783
0.0715717935349503
0.129686366826949
0.211364367462162
0.0275092738535011
0.0301786399185136
0.284571183364691
-0.0475159341546662
0.136267729368338
0.205518629051512
0.0752492859171136
0.125490749105593
0.22894993475224
0.260148737665912
0.167256984956682
0.0906693239318416
0.133887485890162
0.0804646228106549
0.227823025989408
0.169718959360207
0.0685001665791053
0.276504200473136
0.0262652091331365
0.0770393633508012
0.193107861193787
0.0934932490039678
0.157712918054573
0.104234159262413
0.070868345112969
0.130178759634223
0.133777164370474
0.042663519006762
0.290091082723242
0.205475260996058
0.266113193525464
0.0185759412684357
0.0256872453887473
0.217203555669427
-0.000917431602139627
0.299309358116318
0.167075294571898
0.197718464339689
0.204597369653787
0.249722042090805
0.255441749162431
0.163354361290715
0.175107635127933
0.15921124193281
0.206678965984398
0.314050224117504
0.30575572540173
0.125415921961469
0.161631196758029
0.149223952993795
0.257273695998829
0.316517171632697
0.211284866778905
0.167864686174571
0.154569799930268
0.283615223724913
0.278332010776978
0.229300834566785
0.215664633519674
0.160746727842264
0.267584249495589
0.246200707310578
0.159256259596611
0.134156666194821
0.253061866863753
0.24063835880564
0.208342119808669
0.243758208562622
0.225743544284445
0.219611447094856
0.238266144387562
0.183510303979996
0.189426596469553
0.292481731644462
0.36114097599067
0.317762651891089
0.348535854638282
0.253105083853755
0.324083643562898
0.230337922784013
0.0439822063314893
0.179211309107147
0.385602055278531
0.0594365765749571
0.24861991525979
0.237187485318898
0.252460805572516
0.436753092760012
0.376476218655763
0.394518209097682
0.320525924760883
0.270863366145128
0.266401211905686
0.275358550169057
0.314379204481293
0.342550352427029
0.506249714605561
0.435080578009128
0.298897232227757
0.164454494963272
0.240508511969584
0.195112327555207
0.435597482445217
0.310313091465338
0.253698260247591
0.269659244935603
0.356374404350613
0.304360411163725
0.381719212103048
0.347604737100872
0.258697886844191
0.29355167356068
0.326646589963375
0.329755105528256
0.301650630112107
0.164898941609345
0.236494760403234
0.37172022076893
0.331685881245573
0.198778383973778
0.532329321986745
0.320121204449428
0.234871170139011
0.378721571669871
0.310581180933692
0.370278972594072
0.457206851431102
0.387447174059083
0.416933404183612
0.11057610762211
0.327657080792457
0.483584603130236
0.238973083593289
0.393112610751221
0.492080520904532
0.402597165014742
0.420672783687572
0.291051213192179
0.366120898175306
0.279591774990273
0.42945349487073
0.541235904136663
0.240835317933647
0.257254366921646
0.382217193545325
0.386277523807891
0.402081426662132
0.363571550300274
0.39101062848032
0.409670442002963
0.281877076375496
0.455012103150054
0.387444729873311
0.405186912481292
0.298618248364828
0.413418768945838
0.362316211269558
0.37829928891016
0.438402121041852
0.434566703841336
0.470557025574193
0.417520894217865
0.364853547837745
0.466536581457393
0.668175579655372
0.569222826233632
0.408545141357095
0.41567645399304
0.454881394742045
0.498457273438494
0.485162427076343
0.430091106825114
0.358309495143348
0.349865988713258
0.605218291705058
0.487191359940288
0.603137790961361
0.318333006480952
0.557458519181569
0.455064304083132
0.368013653974522
0.527672377126286
0.467436348227094
0.434017044539579
0.424365630846526
0.453498598578963
0.555733436854668
0.513377984800197
0.476521852011145
0.557326677966298
0.391620649891711
0.457860901522633
0.424964726949983
0.548581956564518
0.398615913352242
0.426822042985815
0.461237440926342
0.416715113470656
0.444469988588668
0.492121220284225
0.366195757282399
0.519335296272917
0.608165672570182
0.559657435596138
0.583631941582205
0.479819322479756
0.570071749752998
0.472193954441367
0.528558473855975
0.51728001101283
0.711079548000681
0.518818532727877
0.510443845155161
0.462520466456343
0.535266841885565
0.57131829031141
0.521863220248038
0.530224196026252
0.604975281584116
0.580166747941217
0.743865878708623
0.626835094779855
0.458524936330174
0.429181075296792
0.726905911919236
0.478365445722373
0.451899970513388
0.621262041703226
0.510934900670886
0.634314325869151
0.556272648679341
0.630524909875362
0.63410218752601
0.618258138938084
0.670289123447931
0.607775671159423
0.534330334884623
0.588045634926738
0.563833735646416
0.477530201924467
0.649625154975945
0.622794572117501
0.630404535938249
0.690019231587666
0.62703177366443
0.48069591091496
0.50580102924239
0.590768149284629
0.541603814390568
0.524179256243958
0.516344753365627
0.617910303714042
0.643474656976333
0.670870966758608
0.599856342234327
0.553540497191365
0.803929027259941
0.612708230874211
0.711811942555634
0.663629625883642
0.713894060799611
0.649178940744222
0.69059027470709
0.508911242072621
0.696949242020335
0.592580759418917
0.456555499633421
0.645226139263084
0.417494644530812
0.494586897385491
0.854829263294888
0.559877877005046
0.767003807769491
0.742158700918334
0.577063376411458
0.538219215413092
0.612263226768174
0.682509390402762
0.754976854701128
0.543058299920292
0.716476465050721
0.430416480523622
0.719632105848676
0.728244734257004
0.656408955546857
0.691666168929472
0.814895295185493
0.651896239777697
0.789704884379304
0.692040492462226
0.576666023808228
0.645321730969459
0.721193572992576
0.719461017780685
0.669424928308208
0.78104429828002
0.586762799101454
0.606376688187201
0.652632691202582
0.64998630593458
0.542489763960293
0.697683564880517
0.659571344296045
0.761098729873884
0.637702809659879
0.704125061479114
0.734190005407441
0.782310383141325
0.668802587683643
0.567659787318003
0.669187384653269
0.743131703646851
0.603771652876197
0.582091625823419
0.696686570850446
0.796734572747755
0.850737238583182
0.703401397012186
0.659267527347355
0.755960341647821
0.684150265408881
0.627420443817814
0.737178204448395
0.759643007833223
0.744828468176405
0.749842675356856
0.94982049986735
0.727770982919749
0.896221414720628
0.834709696925876
0.497884507666311
0.690334775566299
0.859278419285535
0.789522767875763
0.787168429157531
0.825413914909844
0.596297613832588
0.71242542142448
0.785389402254757
0.677298081388028
0.812345370328728
0.856819117230323
0.858624495585586
0.772613999960275
0.722330024159645
0.955333737680399
0.973042849131312
0.66154965539991
0.98945733861427
0.936567859115605
0.732174758225486
0.758068349563516
0.845389906134238
0.967243289760209
0.795674500878346
0.875241816967085
0.875179593069852
0.898276318081359
0.91532957775031
0.888657377951552
0.772292808579718
0.778043380490648
0.925672530611838
0.916435219539227
0.833850643740903
0.885751895186052
0.821221069547469
0.700043645098908
0.853420640514488
0.774697621480445
0.919784413198624
0.781687150735568
0.720990483140385
0.783078565748389
0.883796990925584
0.932382455769575
0.854047972503837
0.733078460945154
0.93266187878265
0.86053940565784
0.962987795078357
0.955360379374064
0.892022248319265
0.782805843258524
0.908917282182634
0.758185589745778
0.698015816818941
1.00340245316694
0.973071535074698
0.82961878841296
0.782700644737029
1.03783030140559
0.904314859169128
0.907123169717912
0.954165896087367
0.829439314810514
0.893612929434398
0.931221789989919
0.92735628707245
0.939098891760049
0.756405792269911
0.901545057681424
0.863794023900869
0.867992110623542
1.06209304754474
0.882864411841211
0.900320702639748
0.868179621189891
1.04020111487458
0.906698680569306
0.897646056319087
1.03277477913569
0.986175128126692
0.973150527679618
0.855590930285418
0.928770531021886
0.756147836890691
0.936868407690765
0.869983326473308
0.972951130713366
0.9326277792396
0.819861459307829
1.09195340569
1.09400163542508
0.921271602393778
0.866636416534362
0.780907896350527
1.10786227839886
1.05855003888106
1.01372295510469
1.06884599697748
1.03739095112512
0.867145164831402
0.98965288435426
0.87493371546403
1.0090698702166
0.864745953293923
0.949307849395251
0.925836621470157
0.948879382167788
0.906777104173345
1.07285003698343
0.974879028420692
1.00161404438971
1.05476002885198
0.967918518904755
