-1.00086908220295
-0.976499164579178
-0.927847584292785
-1.21726213771175
-1.06542111410517
-0.907463058957039
-0.759442192862344
-0.896828996932145
-1.00534890134321
-1.0374819091502
-0.929670380283069
-1.07540813987678
-1.04130453957482
-0.996876284050551
-0.887135678207463
-1.1531658620906
-0.975547198957596
-0.963608404076492
-1.00522292836471
-0.86183635435272
-0.894061654085866
-0.874105596126186
-1.08539120699658
-0.871988227304244
-0.993099497270431
-0.94696013617308
-0.879967588168819
-0.921059669878967
-0.990685776966336
-0.896274468876804
-0.908196492598124
-0.916501304613065
-1.07745372060704
-0.764836263273927
-0.955546778350043
-1.07935655887638
-0.932873431034246
-1.02974443640503
-0.899625495572525
-0.975057925396441
-0.814596532032366
-0.963698790087589
-0.91224211542221
-0.881035470451808
-0.738088737484157
-0.86205484888116
-1.00309061950245
-0.953336879404045
-0.731063480048673
-0.931713665908641
-0.851998018918123
-0.882879888664754
-0.80126418218526
-0.989395965767192
-0.776414126549945
-0.954567321094858
-0.982096056765316
-0.901690951171721
-0.832334411276008
-0.983265829969604
-0.873652579639963
-0.960196182974026
-0.977458614509473
-0.93188323252116
-0.893345843921526
-0.653919714615585
-0.840457905731436
-0.897930663470946
-0.951680340800103
-0.886931427636967
-0.938993636504571
-0.808038634821336
-1.00168492696504
-0.873826000863046
-0.91149204265288
-0.872243648490059
-0.789498818759905
-0.872776504364363
-0.88257925465198
-0.82273115567366
-0.820701625611514
-0.775699564333273
-1.02217444174322
-0.795933441396848
-0.723622413017792
-0.90186485578941
-0.768516129055482
-0.707262649584673
-0.840211026262154
-0.913479775443516
-0.874727277685175
-0.711761496386321
-0.908588702950213
-0.701601229079117
-0.806704977467431
-0.765603446804178
-0.777435195953188
-0.797540824921623
-0.78402666439126
-0.772965533737619
-0.784774295597764
-0.717095650304367
-0.96108670240639
-0.850964837971547
-0.755226096742564
-0.829795232815699
-0.789159179958449
-0.8060150127508
-0.848614574839031
-0.65187350941295
-0.767459712067716
-0.691998660059694
-0.71393948676225
-0.6961593231062
-0.910406345026387
-0.771347952278085
-0.880692120556265
-0.671599330230739
-0.744133809688465
-0.635382999511859
-0.80802416074489
-0.749962208858676
-0.665139608281671
-0.692264541005091
-0.61314102879856
-0.638952297649064
-0.794095940072584
-0.690256964968788
-0.813172600988682
-0.718864275296382
-0.700127049088529
-0.848969600315508
-0.728290254950383
-0.640295570912516
-0.5579798363792
-0.674891987116095
-0.609839965348775
-0.644316645505498
-0.669027065490694
-0.653861136557804
-0.697388360749194
-0.73932842396254
-0.826528015563612
-0.717422378571621
-0.788000565630094
-0.731004877485573
-0.64908400662556
-0.759182195647238
-0.543831264414354
-0.746686065027496
-0.683208739433345
-0.864919887956694
-0.715044240376036
-0.662668468925977
-0.791355529396292
-0.686384296082783
-0.72817207062444
-0.785042351119139
-0.611043329201842
-0.719235280205868
-0.684104895295792
-0.74161001112555
-0.693015936475265
-0.604870092722839
-0.59502035974088
-0.748231471830747
-0.505229939810156
-0.863114804065372
-0.740664496380851
-0.634668286139111
-0.721266854243365
-0.734253328826107
-0.67077688907717
-0.861622628901807
-0.668889544225148
-0.512088300792472
-0.739848026315011
-0.694248812256079
-0.704176712159558
-0.637404731932777
-0.523244423867522
-0.528191295279156
-0.691575875740388
-0.650601278691011
-0.621879676887974
-0.668022533474054
-0.55205094945726
-0.761224012865569
-0.622840205142794
-0.705234514412786
-0.599359022094088
-0.69436551474259
-0.633598330448279
-0.597049291149461
-0.628201391151503
-0.629574484771831
-0.616532750231164
-0.692037408864681
-0.781550510607796
-0.687262871536019
-0.591811812294725
-0.678388044947021
-0.59036177109496
-0.483624342951973
-0.512454470108669
-0.581269508636364
-0.650559172668665
-0.730432959843399
-0.578437989607662
-0.648821064991275
-0.519307941749739
-0.50812471894044
-0.45169847884502
-0.77736453455616
-0.681908427563575
-0.597393018840923
-0.347294167194709
-0.53841835886923
-0.539116309098979
-0.65860529663405
-0.612217252117202
-0.530603608827074
-0.533011644481203
-0.486074264788281
-0.5399385164957
-0.392676556640327
-0.647571402986408
-0.579064988548885
-0.554676495992296
-0.569577328821492
-0.62711616686456
-0.651058710129026
-0.428975262259652
-0.585596147119333
-0.502311816335456
-0.552298272189457
-0.45427849711874
-0.762013252006403
-0.459786740071508
-0.57256930943514
-0.54458111736751
-0.550971804918187
-0.4330891365785
-0.363626813227032
-0.568278748344379
-0.404220193770096
-0.566919461324239
-0.456816907142189
-0.576098782416881
-0.454021198396044
-0.42366889837295
-0.455078867019409
-0.445315572759458
-0.361629803924679
-0.570026558674609
-0.62272614625628
-0.406927547399004
-0.324088000945956
-0.50182280072921
-0.536158339270363
-0.481577793732665
-0.385842402852577
-0.610961516525061
-0.475931716447609
-0.546053544825249
-0.506793684470422
-0.234648869880905
-0.558561752644739
-0.388038346153203
-0.524653294586181
-0.411294966481777
-0.374528215560567
-0.324150964999744
-0.273629324901162
-0.619691937228834
-0.319288920332569
-0.477648396382765
-0.524818174089165
-0.302836280749484
-0.476449377545747
-0.511990982125545
-0.431144336973323
-0.525882765228543
-0.379864646543337
-0.476856347488012
-0.440933899322139
-0.152054063081802
-0.504330311227783
-0.401471059516426
-0.313263130378784
-0.453308338135508
-0.444104257319998
-0.498799616223109
-0.28881511439757
-0.378133407249329
-0.350932227689962
-0.47366221320248
-0.321693229006478
-0.310920438627183
-0.34080752179356
-0.433233053588599
-0.410029326723287
-0.339684477800771
-0.383724166720642
-0.341850740667266
-0.272982826638756
-0.471968495074427
-0.401288540029441
-0.383082741036905
-0.337100397715417
-0.409010959751624
-0.505228361859548
-0.41117207665274
-0.374523548559397
-0.4075663919212
-0.559196735246468
-0.438702959772768
-0.345030027477008
-0.359589597013705
-0.386408416549521
-0.34000138790552
-0.374202648895582
-0.470237088604925
-0.320665748890403
-0.198308178095025
-0.433225032783865
-0.388366146135853
-0.222684195934038
-0.232266585288425
-0.34363371082415
-0.500956837031934
-0.401251571292278
-0.219044089770398
-0.372795938787695
-0.350819470337571
-0.282701986177098
-0.337493140652427
-0.351203978259282
-0.378538653690765
-0.332130861183868
-0.263933557823374
-0.523434061746999
-0.176829833430709
-0.296690103069581
-0.111320760823379
-0.289493966204029
-0.252905685439168
-0.274401848696115
-0.276194096842118
-0.218445857302824
-0.369371381913225
-0.28564315291223
-0.276892430995142
-0.286487744375059
-0.451829673543603
-0.27840155669261
-0.331184301956915
-0.256318616042556
-0.456316208552494
-0.390965169377219
-0.259862305864602
-0.345872238528199
-0.351054719976077
-0.105265110314238
-0.323991332630812
-0.260958745434513
-0.194032714639589
-0.329961845240435
-0.398280638095533
-0.315301202143952
-0.1300229180047
-0.341490397920284
-0.228216520716874
-0.281584363600468
-0.283983560400116
-0.276425286046647
-0.111028434574062
-0.351115520020216
-0.274870559721482
-0.221581592621415
-0.224061672517306
-0.144154261304993
-0.336694347135549
-0.30616033013301
-0.247588694299622
-0.245235627849727
-0.330038512637122
-0.204063292271963
-0.281294829941068
-0.295011737249349
-0.364441222180366
-0.287263354728719
-0.208029423431678
-0.194021034620486
-0.245480889042293
-0.205417415585194
-0.316269305528427
-0.213043284025685
-0.0487807077176889
-0.124726873704337
-0.240516384047524
-0.235648259379343
-0.20846353260174
-0.24786050066506
-0.333090068748016
-0.134961807494375
-0.249547592340493
-0.186479634612806
-0.177514373225459
-0.229687978070225
-0.20815346691711
-0.162096459892723
-0.244327304516127
-0.238536315135599
0.0214625100750904
-0.230159869105712
-0.226781194148589
0.00625083113851057
-0.267487183493266
-0.148178116410153
-0.106187570438798
-0.194349690296999
-0.150602632523203
-0.0579134648152171
0.0756761777570496
-0.0704159271240021
-0.102076095683078
-0.0455915833953707
-0.282219247809174
-0.0822754688844004
-0.28924296091922
-0.110649054734455
-0.176848187442947
-0.0229489628626
-0.0736694005032515
-0.155561314558025
-0.206717704148067
-0.0783856891639047
-0.127182013706535
-0.0948110642959961
-0.22490499647076
-0.0675996910004168
-0.0253399604395344
-0.218278960194651
-0.283578306989912
0.00523777388098999
-0.155868176146013
0.0151307278145363
-0.0812008560276618
-0.109226189188775
-0.128086735022578
-0.0672924319610523
-0.155989066988853
-0.151552933960361
-0.0876769493689305
-0.0972430711391549
0.00764281780954285
-0.0308785947653741
-0.085957852065312
-0.112769299328563
0.00612027677421295
0.0298969617292114
-0.117286116870699
-0.0419550611531985
-0.0270796883597895
-0.082289661057044
-0.0318511560825711
-0.0291024247324033
-0.0212725010441846
-0.0181650743315266
0.0246821980665965
-0.0931393705178136
-0.105776870888845
0.0317955035948373
-0.0553972697235768
-0.152099803300923
-0.0510067058362462
-0.156136620593435
-0.0250774538553357
0.108707440572775
-0.0513023143736972
-0.0354150700791188
-0.00651934699696093
-0.0201142073986948
-0.0973227263415328
-0.0581508263966717
0.225816627217182
0.161070409654587
0.0167912437289885
-0.124178396255066
0.0498793844976434
0.0319189972122656
-0.0553867756792534
0.121114275129509
-0.0400895792937273
-0.0452710624622711
-0.0332941404678816
-0.0432987576769196
-0.173509137658215
-0.0255446198298661
-0.0422734982002211
-0.0595897492158988
0.0735385548028559
0.0738056847906572
0.137099899548839
0.0843305050007988
-0.0626980532485234
-0.0615379744481412
-0.0104753856601713
0.0385924281894286
0.0196404712399245
0.144368379981345
0.0625161640286962
-0.0492704936862596
0.0490684954914931
0.0456042796838927
0.0555578915491161
-0.00254307731819053
-0.0861113067977785
-0.0653706204455255
0.019806975543996
0.0419438332514389
0.0317267653866475
0.0546276548867645
0.0701956918960209
-0.096665051107216
0.257633129757062
-0.11905718205685
-0.0329880946295855
0.00321530867453284
0.0991651404067548
0.0852885832558274
-0.0732517500019075
0.063626610941326
0.141945051836509
0.0712987733483964
0.0927711068998801
0.0241260607707462
0.0367890012973673
0.156562122382018
-0.0118288724613201
0.186927450873516
0.246456785878196
0.032693054376385
0.0560275336748145
-0.000298162537473158
0.141476210817745
-0.000424042770640576
0.10254735504025
0.0759074491781303
0.00741386585995708
0.0728629721741753
-0.00766607631907734
0.0968470097456425
0.0522794075164027
0.162918242632307
0.145465716781122
0.167332161688223
0.135113367805643
0.108622763696093
0.178662009980686
-0.012737271915018
0.0779512777267071
0.118241528597183
0.15145792648689
0.216817495867968
0.210766252952674
0.192331339665549
0.0984582288119124
0.125462069990747
0.119881616776942
0.0458364548245168
0.140954610939038
0.16833305669432
0.174895205640514
-0.0175956378760068
0.220181399852115
0.130209296558384
0.120489853136309
0.230346608811761
0.322353263232643
0.131542658151902
0.151217195478269
0.12664400268479
0.118694832212465
-0.00232744791323899
0.307106806320377
0.402184914188948
0.111727729123182
0.216074305321209
0.0768297721317315
0.100680648353764
0.134364603295745
0.312589721925391
0.314207765730083
0.434902313038272
0.0538659293916563
0.251603500752376
0.255043738405363
0.125188258407284
0.130545083027262
0.22749204723188
0.234015288635689
0.177202143598089
0.106245132552825
0.257828262020828
0.349483192612055
0.280237805322221
0.2407453368183
0.237133499232785
0.214532658656971
0.217906076097037
0.127208071223555
0.338270473910969
0.284044888148426
0.298178340787237
0.395678068110473
0.295006838611249
0.138283416841552
0.251394878456254
0.21149045778697
0.301461639584849
0.291329977766917
0.440487802356125
0.182168191316682
0.29294827524524
0.214331002856524
0.158513643280557
0.214708337489934
0.204375950040339
0.30918367518774
0.256845422431318
0.296520355687831
0.440359349853596
0.349828009429867
0.327731098018277
0.227652010808124
0.342573405331425
0.285255392910579
0.304090021636051
0.208932072222844
0.358849733784847
0.2813959899413
0.322599151625791
0.30004780970631
0.154264623101562
0.247383770893762
0.359702532026273
0.487394338780166
0.309869395228865
0.375516028776771
0.222708347130297
0.330292454235581
0.228546006311707
0.276933904851156
0.334752625133547
0.296452082985506
0.269608352558196
0.368165364085724
0.451445223434289
0.336382656099674
0.311905356200606
0.438774374882565
0.379801984860715
0.372517028073116
0.39472840545908
0.330581243608856
0.266163778471539
0.174144537437784
0.388720191202651
0.475507594383465
0.346864825860877
0.424208629416158
0.47869101563719
0.345359720589788
0.341019970953116
0.373826669982636
0.310963749866624
0.281975258226834
0.502328932283822
0.372493927103683
0.559587361671976
0.435562644217762
0.313490581201591
0.241839802586971
0.349879123631532
0.465669551107026
0.318524822791351
0.396333647927485
0.327484980439885
0.323160626762362
0.527400322305203
0.4787502810072
0.497002748493059
0.354670581441469
0.424904631596309
0.385798161398134
0.591662888354433
0.364966420776963
0.419907070617778
0.384476191460289
0.458262994789451
0.514949338378159
0.429047108302842
0.339248549316845
0.464852359152283
0.285942500468042
0.348404479268963
0.439177299254824
0.428433885017327
0.362742790131516
0.504610026183677
0.428164543912611
0.40031364165913
0.280177272402773
0.362612993478082
0.364481650000564
0.359541611312544
0.44900172588168
0.459559061881867
0.468874958966689
0.338278487714696
0.310534484750661
0.361743769369248
0.494344840700677
0.581226471144129
0.443447839532206
0.5382599156663
0.489090180711904
0.503550170407702
0.482655117648643
0.380252793005206
0.534163732148686
0.429609805423681
0.527566331468809
0.492153144557875
0.524482085344461
0.592990110889455
0.589138161427994
0.489187767289376
0.499022371131521
0.384267636800789
0.390518055971373
0.507178488696339
0.534475529378733
0.542935269690797
0.528384061752459
0.566029473739466
0.538458247821128
0.455465275709868
0.585464222285152
0.472383450513571
0.394856988110051
0.42244452586259
0.533654011791594
0.646452038400067
0.533224087388962
0.45561681709288
0.564209547484813
0.653759848452487
0.494382690055006
0.392249522901882
0.388360282428972
0.521871441093137
0.596755904810821
0.56771516799563
0.486416298458819
0.470567322089186
0.446249040821305
0.409063578909633
0.362210520345296
0.546492778149808
0.460936478264263
0.697144095413918
0.619053726931197
0.602869687188709
0.632311964448859
0.547253946368146
0.570217746326804
0.476645513656187
0.525762629055368
0.557764495881272
0.39143717366964
0.758667101007129
0.642310416395551
0.58356270646498
0.628596103074282
0.798111041759884
0.590986204945845
0.603629051977737
0.751655284592834
0.746351859475935
0.687343626451972
0.497467457521563
0.613403639469592
0.591784016847432
0.546663607647666
0.693568014029067
0.635698946958063
0.57040293510437
0.696127983490421
0.570346907170057
0.774675350381724
0.599442360370443
0.596988321332335
0.701042863664095
0.63176099827041
0.733162736987501
0.437237719880676
0.667810161792808
0.610371013001865
0.737058273965618
0.604577016198748
0.537887253162849
0.543281851138391
0.609506514074206
0.742261028236818
0.68515970319716
0.618901437838483
0.774605887683501
0.688126736776474
0.457806771132962
0.60249733473452
0.703180336885348
0.729068468864293
0.530708002443633
0.577271882027013
0.633732783621631
0.54449112376556
0.66627369781146
0.730561539899965
0.673846379775709
0.58458809784727
0.54887742963254
0.629351636680528
0.760505603196613
0.70427325208649
0.717650272711255
0.66741575541891
0.686286111691231
0.595278394626346
0.653399252523962
0.768401212119851
0.826059116363169
0.558979639606647
0.726141089162371
0.715037308739155
0.728210620336315
0.661943900126634
0.649420339327352
0.703941514502853
0.678386130178472
0.807319684627153
0.570531548881619
0.771240183636554
0.615556622171159
0.701030288908149
0.610168774485115
0.682936755792641
0.673989738858614
0.545791097491654
0.511202227034179
0.808184114685655
0.599747895971123
0.711174047510709
0.90070285213781
0.806944335217949
0.798112353359487
0.703410998259686
0.769696809108077
0.727104032117171
0.69947433002069
0.720362005232787
0.80977512925944
0.744869658448774
0.791821667130258
0.814531972406247
0.750300092487927
0.746042590348846
0.763262866344256
0.876935006360298
0.892727362828217
0.891006547453168
0.763492940572162
0.844151715238863
0.790184172884984
0.65725680460542
0.738374727584382
0.909296013117132
0.972843299968396
0.588544649269523
0.70952694290651
0.754009903261683
0.815671956023991
0.749950215253316
0.850394799365406
0.891527903560019
0.593110178864073
0.850160328034042
0.879797443643022
0.809862427038567
0.744044529347687
0.843693143485307
0.671695858205453
0.703044155877787
0.816645400464157
0.816638286089634
0.916512917740673
0.939647917629065
0.838358583327501
0.765280867051698
0.913184804002342
0.758527265205751
0.737054593337893
0.985640508784693
0.681827201929993
0.748539272011645
0.796726331520746
0.655251162393804
0.816717711271389
0.85540411345358
0.951858970636354
0.814089085302114
0.756644088997119
0.855620198315524
0.940940482237555
0.866854828655242
0.695378506354199
0.939267035010244
0.883706472571937
0.787060147962452
0.80861023400071
0.746464302443826
0.722704149710214
0.854645834092964
0.941818527491751
0.683992536075037
0.748028625150736
0.92750884428265
0.838544666748464
0.93739133367584
0.966632799125098
0.745249501710708
1.00977714276384
0.911296066027954
0.895367369810343
0.965815341327516
0.842476794006198
0.796615528182569
0.976667723905812
0.849530864497816
1.08122802520488
0.758281462528797
1.00899344028101
0.68042118471581
0.864910437065818
1.03056617318535
0.870244312803798
0.829902828646137
0.86421631939188
0.794499991377437
0.937681986839641
0.772319393479238
0.997401846700043
1.00032774710982
0.964885492883898
0.928631863532564
0.894012185155561
1.04429542490761
1.05477079520464
1.07915099766023
0.854631647964059
1.03021641806913
0.82111347987113
0.976944490832408
0.742534590063132
1.13234768676191
0.997316433990319
0.998610174273444
1.00026225512926
1.00151739552088
0.935892860296302
0.902489931117362
0.978260436538313
0.979602249297267
0.911989805134175
1.00711706887661
0.990721205761329
1.20200742831188
0.862285936298561
1.01964543358991
0.924152658533423
0.955561150709057
0.898652773599682
1.13058934624347
0.928005000478963
1.11787176936724
1.15341572303938
0.918014491445166
0.999591125335667
