-0.835009687649307
-0.953460677533349
-1.10889415138974
-0.952904101004
-1.07991389104334
-0.960724272595682
-0.99266174288829
-0.985782741948975
-1.05472431903977
-0.885698077829199
-0.903889245870045
-1.17766818303235
-0.964703012479456
-0.89771298246169
-1.05034098540953
-0.97847827667002
-0.971572539686767
-0.92110160291366
-1.02657049244304
-0.956393570095544
-0.948285973517843
-0.909612114834878
-0.806130609620299
-0.862016889350175
-0.951451212081038
-0.936195895590889
-0.886962993814531
-1.03398787445668
-0.917900497468184
-0.907975183010632
-0.878666153800284
-1.0476429463195
-0.768129881620826
-1.09848352088295
-0.924297022007763
-0.860151062525543
-0.921853132817424
-1.0403287332413
-1.06567970836306
-0.854802415983621
-0.962457473924248
-0.838328824246387
-0.93090657698761
-1.03640689898649
-0.820465523994967
-0.862987751217067
-0.919995883324637
-0.922371515712155
-1.0190623496151
-0.843654407095181
-0.910591010521508
-0.894836914876467
-0.883165049835034
-0.838387984390918
-0.722897829922248
-0.920337253158091
-0.905494318940802
-0.898826928035548
-0.882020120629383
-0.888045182152026
-0.777230706950493
-0.960816187016205
-0.953517611868521
-0.951910462567832
-0.993487372241251
-0.832878345160319
-0.938708885483157
-0.837398188746219
-0.848082151882181
-0.901006977802508
-0.958021003013084
-0.886532776249421
-1.0169095491644
-0.925904829943895
-0.84012220031018
-0.903200855696386
-0.857092255243915
-0.936169851232966
-0.8370593990031
-0.883489251531228
-1.0219794507445
-0.748919415280049
-0.864032097636442
-0.794014552759991
-0.837756685277906
-0.74728093294607
-0.790396168453815
-0.858471904253508
-0.816621105307241
-0.883721861428287
-0.777311556728954
-0.824486245225944
-0.701881576970932
-0.896888318393487
-0.781007426511882
-0.727500489414239
-0.791385193594846
-0.860396538532154
-0.859318646176486
-0.758538277868278
-0.682451597913209
-0.724984379098067
-0.681078311380877
-0.76038582171711
-0.801196827272845
-0.699728399988207
-0.787034091213266
-0.739055871153388
-0.734220926705384
-0.778316706257424
-0.637819457017438
-0.694277370664809
-0.83750261102004
-0.629203913168587
-0.84837264941059
-0.587170781907305
-0.795583333295706
-0.758416430656175
-0.609042282479558
-0.810326644266011
-0.734927436530474
-0.756032442691527
-0.780475557919356
-0.713147263863036
-0.588911215477972
-0.557427714836202
-0.832616729626075
-0.69921825326312
-0.757224492884412
-0.590477594892424
-0.72781046540636
-0.633617251400083
-0.662679747848105
-0.721683277532837
-0.899097392647562
-0.759051543997023
-0.84508461095651
-0.521876531541343
-0.673383732038227
-0.852410034899124
-0.710454458723305
-0.63215717710782
-0.694310188944181
-0.708845205114238
-0.824384250759125
-0.773601018817982
-0.731987418336535
-0.740230762883048
-0.659345212902944
-0.781603016820572
-0.583160963155814
-0.925297804423482
-0.727123777888486
-0.686392169101261
-0.634898072870538
-0.751928959804666
-0.539818959046925
-0.51874075864095
-0.734171576701974
-0.683480374024028
-0.74404644797814
-0.655934799481308
-0.669047843555629
-0.560338587604921
-0.704205455746049
-0.546362951310341
-0.588581234529221
-0.538583025087939
-0.695285216845632
-0.573683236435205
-0.805106492425077
-0.615863146403417
-0.759731437390356
-0.631700308923665
-0.630105515028544
-0.350113737129522
-0.710403835007427
-0.545012426971777
-0.562090924227319
-0.618235658843399
-0.802551594013277
-0.616180775809057
-0.667567541182586
-0.564114445730802
-0.710190922940219
-0.648949836837973
-0.516997715417336
-0.630202406673559
-0.631314852478628
-0.642524140858955
-0.500178284099868
-0.602460004724474
-0.575453126111579
-0.729797758303735
-0.690398353263791
-0.605299838113497
-0.724906852056497
-0.601641757975421
-0.462560671545014
-0.612028824800584
-0.567877167144158
-0.637768301943544
-0.590279637591003
-0.467823248154463
-0.660508798947132
-0.570675208268872
-0.620132031215567
-0.639882248416357
-0.588020703680188
-0.550804492885405
-0.409048320824444
-0.66090662406139
-0.623232872368226
-0.364519155490509
-0.551377464472239
-0.644472986141819
-0.604034715764973
-0.58655971645689
-0.629331043263466
-0.632300123482851
-0.559012082522037
-0.455096946382453
-0.462143154977351
-0.482725811534816
-0.523616503051663
-0.616784613455499
-0.544642626674363
-0.496306564145724
-0.551997522923972
-0.661799156142938
-0.504262109904955
-0.417941935342874
-0.520831840939149
-0.23471766514766
-0.448551507952504
-0.593550759526619
-0.436391569630148
-0.511511737449089
-0.623226405188938
-0.435968410660563
-0.45126973664217
-0.619210540920181
-0.680158778665356
-0.523815988198487
-0.512506648511332
-0.543758186494206
-0.559987701703915
-0.508892806956698
-0.525408772213694
-0.341596749192009
-0.45834090115431
-0.52356798198842
-0.557200648130994
-0.510327020950872
-0.521998591000917
-0.334798951289893
-0.497475397938582
-0.493252886820588
-0.628322308764654
-0.484177264975503
-0.439960058917551
-0.452397142636877
-0.445366393787954
-0.491910658946058
-0.452190770179533
-0.495512972903952
-0.552804947605241
-0.421479509887928
-0.434019318355432
-0.363434632681761
-0.560474532212798
-0.491349553299434
-0.398472618614957
-0.436155775945421
-0.408898037751285
-0.268689160090949
-0.334226545019681
-0.6722427015832
-0.381135894660396
-0.443259133643871
-0.294444706450246
-0.563386309410964
-0.435548136645155
-0.486809626545232
-0.394628713613078
-0.50750695969284
-0.277477947084676
-0.513197561896363
-0.490657688532923
-0.554574492538474
-0.353610150387979
-0.38968738985827
-0.481065147732762
-0.290197172106168
-0.449736300828854
-0.394404318299669
-0.409985782915656
-0.332400128722204
-0.323593216031873
-0.31375506458918
-0.412626023336038
-0.376741935203247
-0.364142460585635
-0.233520130731458
-0.398057783338089
-0.410819987110733
-0.348441304974405
-0.390273914395952
-0.420728363480298
-0.453034415557814
-0.321212548628639
-0.324489958050914
-0.372942196131443
-0.317978292942228
-0.456500437206518
-0.433612079896826
-0.375101785883235
-0.32448802963972
-0.345541733092384
-0.317100814910957
-0.19031380810515
-0.425194388671024
-0.512292713561854
-0.456460262732236
-0.277344638663519
-0.402707328925384
-0.355038486627961
-0.3955959841479
-0.304205939986387
-0.369846486185377
-0.363332759583031
-0.267180653249518
-0.24371212921193
-0.31420976206952
-0.381676088532167
-0.321896404909887
-0.225284713593395
-0.422896707369166
-0.281518950214135
-0.344071499899089
-0.296383213801493
-0.283798536465749
-0.249346442154966
-0.292176587465495
-0.191729483581688
-0.174664616485558
-0.170817652010135
-0.346525400562804
-0.307340060291156
-0.252885526275253
-0.375946815125711
-0.266802653075667
-0.27753938919159
-0.354339574218468
-0.234523215215389
-0.173290455742205
-0.151177130378833
-0.339083087362998
-0.180224339863509
-0.186812995861982
-0.139485089708627
-0.296197723071506
-0.343459137629642
-0.333650655431724
-0.267735214711068
-0.318779400897397
-0.288545045527093
-0.123177599122173
-0.106314974834068
-0.326105049530664
-0.237750573350246
-0.0600360988476874
-0.283728559302858
-0.251772844485181
-0.128133778381648
-0.29521817730244
-0.260839623231862
-0.332081135916839
-0.292791691970752
-0.121425069474831
-0.296293170034855
-0.304911282438361
-0.160778831274373
-0.174334218481364
-0.0597355637187732
0.0326398710235627
-0.301316362374103
-0.217517983180521
-0.179426049011345
-0.141463242570403
-0.234992157381097
-0.111084144460969
-0.270068881735576
-0.302253733904789
-0.107077344620784
-0.220871447441996
-0.127023884891445
-0.165140143170848
-0.433398260357602
0.021710509608721
-0.225631341441357
-0.118032303409
-0.218490326197609
-0.269593223143709
-0.15759713128907
-0.338296530390668
-0.140305643661944
-0.147785761447803
-0.213755437326856
-0.246448227682928
-0.39049567340982
-0.197098117861859
-0.16047607916904
-0.213056037418747
-0.128823679832498
-0.171936349789137
-0.147317884731363
-0.122625424452047
-0.0560984989254489
-0.218248215926427
-0.226872658173999
-0.049092012574487
-0.17710193470319
-0.0386168531309679
-0.122108605256058
-0.0841774060744494
-0.114351498168569
-0.105373045489397
0.0588141176193824
-0.144315040541955
-0.326792726984686
-0.194492258680895
-0.112923377966406
-0.120755216570075
0.00882296563545304
-0.0816698949553018
-0.232114026865609
-0.140397486694668
-0.15006355932328
-0.0920716338399411
-0.164338321133012
-0.127533114344856
-0.01038864001508
-0.120467655246582
-0.0852493101344166
-0.0928996400695307
0.0388151453706994
-0.172079942472214
-0.096044885446508
0.0477575261348909
-0.0658942949530737
0.063635558186144
0.000730591621642886
-0.143378568607188
-0.117678934221667
-0.0985381746479688
-0.163890538788604
-0.0459691066632776
-0.13857555300819
0.142638059111652
-0.0247438422542133
-0.141866468944096
-0.138897854359853
-0.168760110323682
-0.0232348235271991
-0.00765450386784653
-0.00543999439913093
-0.022556411893529
-0.0668342224480922
-0.112138299585566
-0.0815603195011161
-0.0582921132567565
-0.0553608097389782
-0.033445146656218
-0.110593606175456
-0.104992872642236
-0.00093342022830553
-0.100692929547209
-0.0379432415217328
-0.0927529042825678
-0.228757428448615
0.0634788433344387
0.0413163219940936
0.0634307537574047
-0.039413740336985
-0.185407639337392
0.0611221945934656
-0.105373905436665
-0.0768043144823569
0.00912930338729754
-0.118881612570559
0.137767588349135
-0.012595685166003
-0.00528366382456497
-0.113964318807572
-0.0203986262540522
-0.129096547220423
0.0181563387732731
0.0317492033018098
-0.0188077805657745
0.203816739604305
-0.232171462943135
0.0709602254073843
0.0255758266695275
0.131585447045361
0.00329529429906059
0.134389449467002
-0.153999181662922
0.0877318313144966
0.025757750678795
0.0591838604592335
0.0745926112142717
-0.0875974633134895
-0.126388683779525
-0.0438948697223358
0.114016792454915
-0.121017488577401
0.129813215717215
0.0715066073403711
0.0230183140525071
0.0445323363375843
0.043120932034735
0.0791131807391767
0.170999373006774
-0.14860858397161
-0.0476893150432525
0.171031888432472
0.0623597129343798
0.087426349262289
-0.10555317799212
0.0374067416636754
0.175263665137564
0.0584888853879801
-0.107925974431353
0.0372123107153111
0.114218050855398
0.00357356139298187
0.0629340381802893
0.0850495167406117
0.118933879761332
0.174815637790021
0.145569982928083
0.104691080471013
0.129104052539496
0.0956129600980847
-0.088793353173349
0.220632290838256
0.0788418283090223
0.0160973597027993
0.0704753498249805
0.207737516307952
0.10653844811624
0.142342053949079
0.176185993686678
0.133440080257626
0.187367228312319
0.0656612789747441
0.166564757725924
0.186723249772156
0.254257768445532
0.144164159977415
0.229194722049819
-0.0360384245022909
0.201696535156146
0.102411926006996
0.120086818242265
0.131529508055411
0.0216681205604129
0.0814954227614123
0.212941165828443
0.192243462036515
0.187061716458196
0.225225538951962
0.228739152885623
0.0612809594138473
0.161988354620904
0.13373013601615
0.0882605710452254
0.11444185981706
0.246111398288506
0.244824211526188
0.100825656786085
-0.0135728696718058
0.177334723628284
0.066952425086127
0.0943492745256939
0.117937192231756
0.164217626412842
0.168455492361752
0.181734661541772
0.299705424068407
0.0861741229458642
0.211279773556305
0.283056699238956
0.289549075326256
0.196152929512583
0.0480497888105018
0.115144655774058
0.467088860849544
0.257194921311622
0.134871085693668
0.0972001932831565
0.204861139344762
0.128904338523579
0.189111922399211
0.314280804199657
0.146181172193372
0.297803917360468
0.242024633821413
0.300485640655553
0.0900076414433952
0.184429430153162
0.138832763796323
0.195579320246432
0.16704654695264
0.111119531406095
0.400631920527605
0.310184996549317
0.251113819314726
0.327089624131312
0.20879914859311
0.307823562477129
0.349031362005024
0.24026765966907
0.274749124927238
0.201473688646713
0.237755348786753
0.369806006396953
0.214477465142225
0.317828379489436
0.303251425722219
0.105252808068352
0.30244146492474
0.241805615522842
0.326026550244613
0.139841909247174
0.22291310793355
0.140685828444057
0.349319880222749
0.119294161019784
0.351186345861029
0.280879916751616
0.342973942608726
0.257551249510835
0.445163580640228
0.407833923457674
0.312765888839888
0.288535048905545
0.199331033229664
0.311764266200979
0.371646415321191
0.186760885180074
0.229462104830523
0.29297745588181
0.310315249327224
0.307029770435686
0.297718010331136
0.153462352466842
0.37430909713451
0.43471875463407
0.22385797729867
0.389733225214642
0.188480766762459
0.222688089907271
0.172801630265428
0.368087397228426
0.561801691510842
0.277752484607448
0.243391480628764
0.345710646118886
0.394291294943949
0.377345211525076
0.470001253171082
0.377141535015954
0.421123918715787
0.24291475676057
0.280003885620664
0.441840887377337
0.301111465018737
0.271458253393917
0.471146880034588
0.48643801147861
0.342657335675861
0.311889980672023
0.284097354890586
0.283817515292295
0.422064822376091
0.389955615799808
0.346847581194984
0.314582763864372
0.32563867886685
0.27186393142212
0.368195323748503
0.384235796023065
0.253694928304488
0.363016881006083
0.31644604627474
0.235354443371538
0.516275231557887
0.420199977959776
0.439470758458503
0.471025846253663
0.597259742941153
0.340403823076697
0.234398609524332
0.503166071063192
0.452435134683805
0.348520482901749
0.508493591597857
0.393394158964466
0.595967058537008
0.321351555920403
0.416287011424798
0.458067230269058
0.402238480532095
0.410361123068559
0.464021223777592
0.448235772518818
0.398246806381399
0.368481756345725
0.421359261241007
0.655971873796141
0.44472685083415
0.569319488002191
0.486381399278336
0.371913590285879
0.618884254440526
0.599461713641976
0.431253607212164
0.544753884479764
0.375796525726299
0.289424325873641
0.5146437556783
0.482266660445351
0.573417827418201
0.387513586602981
0.390174383176608
0.407092329284472
0.362098143774002
0.371709344126521
0.566812496203532
0.472064581606679
0.56209020052969
0.501295656839265
0.443247682417081
0.50008479055134
0.566064026161188
0.537281562044563
0.668537725413972
0.486665975902256
0.434240651137248
0.630063368742502
0.555780088344094
0.463911279808693
0.505304797467048
0.478821851570454
0.473901056782771
0.412026177718592
0.583449303258972
0.610079878768213
0.651210449467792
0.631097822716855
0.576226107724862
0.52752194861741
0.605944184030901
0.621243100878029
0.592229468950235
0.559880318723788
0.56560129185344
0.492136967886474
0.557941922482484
0.531207029530008
0.534207749033773
0.497732137064292
0.42730414444188
0.595993014629508
0.578206581969552
0.622423776045773
0.583231937624059
0.596936176903347
0.545308010593034
0.585293977649091
0.490763954349142
0.602074311327514
0.54720580105385
0.591353609850606
0.595645123685332
0.496038984831536
0.576278808244542
0.490506785933287
0.538210120677527
0.537515553777773
0.62100844540735
0.643058399645063
0.611453486930202
0.496986235139688
0.489514790946975
0.530345790869147
0.526585579809689
0.786906677449534
0.674768754724994
0.421817992538113
0.518617847956388
0.673105535898422
0.595992227628182
0.423831571304071
0.636894449313492
0.608819574806359
0.546817725939212
0.559847635411783
0.580819199128448
0.737379340989596
0.577438169297719
0.578928044957445
0.62801838999097
0.635293484076818
0.548751035032816
0.601592952009497
0.745133849581994
0.629981237919224
0.56440271795314
0.684049362739651
0.685511910653809
0.697029392130836
0.578615121838703
0.708040225112353
0.697930709752487
0.477862009162158
0.55085572571961
0.527252547958795
0.586985792824723
0.714912457646228
0.576618899689283
0.774622732532297
0.72623026052685
0.656757227212115
0.860820511140473
0.629766782963902
0.797227323519545
0.642806917773283
0.720885232968706
0.652168137797565
0.87244175374261
0.618794923083828
0.499112633268512
0.731939145331024
0.806260528177668
0.631049167850623
0.726370683960391
0.594358836270344
0.561007029433102
0.818382430235611
0.682907577257967
0.583222387199943
0.723655694737808
0.959760844288
0.63687340794
0.77012730430637
0.755323078142449
0.765217334129973
0.867658259771341
0.647093797974923
0.788904705772049
0.793267391147303
0.651968110940526
0.663463559253239
0.734177419067393
0.604915687654617
0.609678473049852
0.721076971475175
0.581920841782191
0.674964466682948
0.823717750703059
0.765087704632391
0.921999961970475
0.770552164959676
0.769893386890874
0.680648632159008
0.928857379366577
0.894175716493532
0.685317923727826
0.837055241807518
0.719157497334891
0.799123134494442
0.762200303030647
0.713671195067893
0.749541739230609
0.872166124089739
0.685153853583836
0.644234117868589
0.91505594025599
0.850721103456021
0.756490008175214
0.832779943511369
0.798941757504491
0.738324351185968
0.891575625071326
0.844618055218671
0.888375583349667
0.792159859660294
0.709037761323716
0.690532692890102
0.786591221226183
0.838152630336901
0.880127464560231
0.977650761117342
0.918416505125222
0.803295240576936
0.812967832683616
0.848171498699003
0.850882796171666
0.759550713958806
0.704754769186413
0.913513429333556
0.975977199212334
0.979075264809532
0.861961176703506
0.955482341806977
0.876611491117253
1.01504245350399
0.764426826373116
0.988568213413187
0.943452683356897
0.872014809488443
0.859528513520498
0.835742917251196
0.803552361820762
0.832721368643203
1.00158777242599
0.849223068239986
0.940938977760753
0.809050320941043
0.808355671857992
0.978953399198235
0.928482172771914
0.858923296634164
0.940989963053379
1.03396400886849
0.882343592022742
0.976341286495557
0.945835021106839
0.856649778674023
0.866466272614813
0.94001942597498
0.932283806975469
0.854219826538579
0.966664174561554
0.893518956332666
0.881624122608481
0.906617408503778
0.958953364555192
0.814995190226831
0.975773205731426
0.887686540993174
0.841525338578214
1.01957458183216
0.891386088110362
0.877177783625703
1.05938267101273
0.907378371947137
0.984696411480576
0.879306394917235
0.883552137396174
0.881295290398896
1.11361313749105
1.01334523800486
0.722704868119066
1.12023799650679
0.973415267595879
0.984632235312699
0.994978223485887
0.925235697037209
0.90162004563431
0.924282247359565
0.866577077247127
0.87848720300631
0.882503628968678
0.999426761881309
1.00939015898493
0.888422462627948
0.777676899592183
0.935965580443579
0.973239147494265
0.89682076677527
0.953859909829832
0.920212542964824
0.970376776311389
0.938321695526223
0.82432426642291
0.960989599790522
0.992378721915178
1.04800216811391
1.05865011515079
1.03369443485915
0.976833093559574
1.0452397800462
1.1334612838178
0.950821263230926
1.01832457193414
1.14156075790734
