-1.08590978769515
-0.95357863757494
-0.889301153508008
-0.969786002554232
-0.962533978025436
-1.07695903967936
-0.984233464216164
-0.985155478202476
-1.12240328567269
-0.900352123747581
-0.920944574629414
-1.06207671802172
-1.09048003616646
-0.971477363999121
-0.982809325554228
-1.03165718424846
-1.02509211687814
-0.952683517754675
-0.88849988557504
-0.999925711150199
-0.84107215294813
-0.915274018219478
-0.869890394530529
-0.919609604767505
-0.877359629281124
-1.0109311309607
-0.894227745260288
-1.03856236600717
-0.959457138315627
-0.939099611981628
-0.810623402404635
-0.853689946667631
-1.1880902989457
-0.882085764905331
-1.01177228269957
-0.91245738987379
-0.984373966501012
-0.934582760015653
-1.13206709707344
-0.918423366443632
-0.807063677056939
-0.962584080088437
-0.932590494115316
-1.01462566940439
-0.896108165072526
-0.917968192733482
-0.868147028716612
-0.925360554553468
-0.889167693484247
-0.894598539844716
-0.966191759283035
-0.866612578555846
-0.830799031194773
-0.821527843323851
-0.766907613391302
-0.803385221663599
-1.05491580625637
-0.776342973592697
-0.801573935515248
-0.735584265874038
-0.988349051415881
-0.811874579229494
-0.911942316412468
-0.777728302601691
-0.876461829460497
-1.02762304786269
-0.789453802742739
-0.816828761743113
-0.787775576571007
-0.704900122841334
-0.691643527795384
-0.757196510882179
-0.869378585649453
-0.993479360099649
-0.78104409609087
-0.909098380453197
-0.826610524342366
-0.96544403105141
-0.772168434385462
-0.887522949045636
-0.803461839296711
-0.820949015096059
-0.943139883184687
-0.810940212371497
-0.791517977727926
-0.772302374735521
-1.04136796933935
-0.886087603058954
-0.883102493814058
-0.741272257257135
-0.649816093063851
-0.657905253652766
-0.775382072081857
-0.934689702836303
-0.753987607243237
-0.768418412532817
-0.885224715339174
-0.86790371142046
-0.806849446928736
-0.806207729815912
-0.829848155365606
-0.828439371666102
-0.8218676332975
-0.840357850255507
-0.770333495955033
-0.693591196718986
-0.871148202835936
-0.738555993567668
-0.732945350867451
-0.796970938699342
-0.627149899694372
-0.968731542269423
-0.690265318267079
-0.833104140230917
-0.788411089844327
-0.78164054071547
-0.862733669521033
-0.69196647402629
-0.719744196507216
-0.733572131360339
-0.777783965630803
-0.768340895643634
-0.779074977570191
-0.63893638346521
-0.721344814164249
-0.786218539742281
-0.54580620173543
-0.675963685683882
-0.801934167570408
-0.751348838199616
-0.508678952084042
-0.682310942896846
-0.784640396045346
-0.792964127824299
-0.644862591733903
-0.708911577247349
-0.677115772853453
-0.615292420961376
-0.708617470958618
-0.844774350747404
-0.71000338171694
-0.707192636217821
-0.589852587595217
-0.661720435917577
-0.679560379241932
-0.669970357707407
-0.62175902291491
-0.681207009645046
-0.788725095770194
-0.694405455477505
-0.761153505893267
-0.732649227394117
-0.664076998294523
-0.77696571169567
-0.528311302516751
-0.644902630908149
-0.780400557786433
-0.729205614125163
-0.639803093353866
-0.720270489466595
-0.769356787170657
-0.539902040186498
-0.688980478640418
-0.613526528492111
-0.82390606036445
-0.689755510524762
-0.658852040134141
-0.603976294351694
-0.648072037823873
-0.756983000512791
-0.74268877183176
-0.551698933510248
-0.68204639060963
-0.644056806688555
-0.453254104751396
-0.734926919786896
-0.584010112226799
-0.725525348325219
-0.529952220847558
-0.500973917663483
-0.577811787844116
-0.74675274686167
-0.521598657461944
-0.594472789827856
-0.60374554418613
-0.524684936720672
-0.719918571317673
-0.707015683913501
-0.689259964465262
-0.745343507267006
-0.67762616648919
-0.764105501390512
-0.595893303734134
-0.627288480174907
-0.425170600516232
-0.532060946792219
-0.614828653997973
-0.590313405389619
-0.556715921685431
-0.622686349892596
-0.603560483111019
-0.611350676194314
-0.645044899350764
-0.497965395237636
-0.420752598709165
-0.523682444289208
-0.704738295970966
-0.462008896631966
-0.559734157767004
-0.481421533331822
-0.553175088404053
-0.692733912151983
-0.566572906034134
-0.542993721475932
-0.600966991338935
-0.432309580167481
-0.438745599912199
-0.546729051419939
-0.663525097297522
-0.660500408788876
-0.624992175712231
-0.585652788781778
-0.628862303691415
-0.649921223947174
-0.581033806638093
-0.530975192794488
-0.664921396866026
-0.615839939065764
-0.593195029784704
-0.599702978979303
-0.659184823910869
-0.564564661894235
-0.541613268274751
-0.388006058200398
-0.600023815480847
-0.564515872279196
-0.264175098140141
-0.550108784343033
-0.47054911779536
-0.59972421088278
-0.612644309013786
-0.8112010855719
-0.512160450212663
-0.508271584616414
-0.537401062507597
-0.576919085862544
-0.500302364862523
-0.486414271087165
-0.531161303332851
-0.488823518005865
-0.416104657299648
-0.377193046337361
-0.557780571229267
-0.522318675024794
-0.38801044254327
-0.460943066881266
-0.46368356925021
-0.382193972231228
-0.462236173394143
-0.561522975871859
-0.481251244022109
-0.596190751965304
-0.494987830895626
-0.440262633434405
-0.44896056906155
-0.414166973992886
-0.572938802484646
-0.624423595447897
-0.333089853570559
-0.401395499142398
-0.39139283373442
-0.339971401156959
-0.401812219617811
-0.437827009615207
-0.385849604877757
-0.511944230170204
-0.430830492413308
-0.657016000877307
-0.502848064044805
-0.534657979887566
-0.463796776496567
-0.441694366624136
-0.40619918067351
-0.439531930429336
-0.475688518978213
-0.272984316113833
-0.341635601849746
-0.461322733537925
-0.438066301892508
-0.308670639102521
-0.39771350613595
-0.469472328186013
-0.277148244435748
-0.46180727111291
-0.369609758244686
-0.322496995006773
-0.433157386064942
-0.325112719654298
-0.41049230260542
-0.322525271928867
-0.38311293715862
-0.440748833731994
-0.366045152178957
-0.224780724093845
-0.176029864927271
-0.406302660516158
-0.38262122520182
-0.387929829185616
-0.418385481595995
-0.415984871386327
-0.30953124590426
-0.407395619320178
-0.15871960136088
-0.334092164973936
-0.276613225655188
-0.545250981578896
-0.375326256997915
-0.338167648032301
-0.468955580316335
-0.258360282835726
-0.370596893642678
-0.357149217274318
-0.316532506818382
-0.317270075752724
-0.342669750878741
-0.407383983059467
-0.388330406242035
-0.418228698983517
-0.327580518021862
-0.310137687484452
-0.400292191784911
-0.45477154410357
-0.34789987203528
-0.383221380270119
-0.346929886238916
-0.306670697441542
-0.436272001332162
-0.265801268643415
-0.262422674944472
-0.264990629963672
-0.335206828751849
-0.335455762506186
-0.44044669393396
-0.37103729681904
-0.389478603233976
-0.284885604996835
-0.375143326314348
-0.198843924815185
-0.215369324532215
-0.235771462491017
-0.350095744256264
-0.223521361687546
-0.199680225755591
-0.331554148569974
-0.308448881637758
-0.185078452659903
-0.206404177980884
-0.184990748168674
-0.427719396095639
-0.159671109024415
-0.207003226287687
-0.293420084635479
-0.216955653379333
-0.146011188917183
-0.302711639247867
-0.272755596354335
-0.201024738734237
-0.203749860809443
-0.396345585632595
-0.30302399130801
-0.250032382975837
-0.418821937801154
-0.291971376211606
-0.249809055997095
-0.417341178392033
-0.174116244596257
-0.269910851322165
-0.132906382640725
-0.193484734615323
-0.364633481190785
-0.267329535738235
-0.257135962758774
-0.350759268302175
-0.308336391732475
-0.204518911876617
-0.235702147076684
-0.30646299396136
-0.221497445647522
-0.297356287944145
-0.112770645400024
-0.257228910808279
-0.198808622666123
-0.180057559001532
-0.0809851252514175
-0.100623644648286
-0.0985373659681115
-0.0983595683217128
-0.295940664779455
-0.17926027541432
-0.295571928417176
-0.337399036749391
-0.0925851126352134
-0.29364601478308
-0.0891262698371734
-0.162150088343711
-0.205716245170435
-0.170192432730498
-0.115348374327815
-0.122762850212725
-0.282790133318783
-0.201186377558019
-0.114975204221059
-0.0666583365061259
-0.145236685009701
-0.209144808821481
-0.0963754467148545
-0.205559236347266
-0.277060656697552
-0.172833678588196
-0.132572597009967
-0.14502891432725
-0.244153328401238
-0.132152913264948
-0.15415813299682
-0.267071369734017
-0.0766273958915412
-0.130133576826246
-0.24501918472007
-0.192787019646281
-0.163445563482865
-0.122700641980444
-0.201983801688649
-0.101138519755329
-0.199536955089459
-0.171869482455879
-0.0705827917299488
0.0242737555895814
-0.123403417653685
-0.0615357765678543
-0.246045118183205
-0.145962806001497
-0.230961740065517
-0.154410397824291
-0.0996876922323852
-0.222764742012136
-0.0374241233905766
-0.0160115118846966
-0.215995235075425
-0.243537533377157
-0.301490581362859
-0.126476534159144
-0.098259931009517
-0.187204815167697
0.0099369942672954
-0.0634670628429563
-0.122843772093794
-0.0922100069291692
-0.0263434749364275
-0.13155235853173
-0.159604984265687
-0.113635559729722
-0.0142656059933305
-0.0164684758162714
-0.0633728032020968
-0.0751965825166557
-0.0235278073474081
-0.0420215318602299
0.0804571751197812
-0.231441334018294
-0.211006110803256
-0.0904817286080716
0.0363102370695714
-0.130161168027008
-0.0657906767512347
-0.0894149406148169
-0.091822003353392
-0.082258051731462
-0.00485344366349559
0.0828452971275205
-0.186232092974006
0.0637426896506556
-0.197155022626178
-0.0702015157125984
-0.215542322027414
-0.0463002069300724
0.100608100988907
-0.084253544765172
-0.101260192459231
0.00262651499556113
-0.0536633707064103
-0.00308404217133561
-0.00815804849037961
-0.11150320888307
-0.0340406595687611
0.0929669249847564
0.150642536902602
-0.134549259890724
0.0345425635730145
-0.00163278267441513
0.146205057552089
0.0449506011963723
-0.000734186772581745
-0.130525434922912
0.0664388629218986
-0.0434906728593579
0.0664872144050905
-0.0246378779992103
-0.0303115755300983
-0.069671317482519
-0.0316932495601153
-0.143022740620877
-0.153675006160604
-0.0142007937829918
0.0211598573061807
0.0592954906821929
-0.0364044672490314
0.0238460117551706
0.144487569794229
0.107666510716044
-0.0193132007205926
0.0667015100224033
0.0602715382123494
0.0429495666046922
0.093570001457162
0.119019869397826
0.0124121445530722
0.0538155901747831
0.0685987886093312
0.107001038746698
0.0572738257036315
0.0348774357325164
0.13842494823307
0.206862825665481
0.116346660354638
0.136451519185279
-0.0410941391935051
0.180370299508721
-0.0246474574789153
0.0877232177162538
0.144577990831956
0.0231543985543576
-0.0966594325728061
-0.141101534415876
0.0619830524338895
0.0711580488275305
0.229583717852681
-0.0047062649566592
0.0380006371602023
0.121790076187379
0.143365499821952
0.113622010864022
0.0767124072017554
0.127243158127564
0.228720969616406
0.0133461430769888
0.00751309424546247
0.26423415960638
-0.0315342694958622
0.144111672692864
0.229584188436672
0.0994360628425419
0.0994122599696162
0.213008044078539
0.262971195328553
0.171562782769266
0.100186911860581
0.130349152727697
0.0798141600891787
0.231770739398107
0.168980733070208
0.0747208856566883
0.286671517261308
0.0265298706217886
0.0598871617321534
0.198729520589948
0.109170622382667
0.157284638184061
0.105124877892811
0.0837242229059886
0.141990935726986
0.153528162406462
0.053988188986429
0.270158535318805
0.212978963424937
0.241179976260518
0.021425902879751
0.0197197978909337
0.23089507983568
-0.00271116806663734
0.328899048769578
0.16686318781451
0.189183732944229
0.21630244425533
0.244395036045724
0.220080291922981
0.166155067197438
0.182466323288931
0.1411842956545
0.212698888805111
0.295825497564407
0.278684055057424
0.125095980238661
0.16797907023161
0.147964938207633
0.258856351449954
0.324089985793589
0.202401555631666
0.20005666975577
0.142624536157053
0.276690856279068
0.297062047554153
0.254355238595524
0.234702421228969
0.142137366891971
0.257843824924208
0.257442450334037
0.155092117958043
0.119495112616655
0.253025386681484
0.242162355147331
0.199770253397157
0.262638088750358
0.229055076600327
0.220521176908471
0.230134839934781
0.201223665548632
0.16410147146852
0.301174222753044
0.367260089411945
0.31516352846972
0.363891192906738
0.249556508539125
0.337043830305345
0.241065976674255
0.0351087832903627
0.186091183988331
0.389646727059749
0.0552125241597685
0.263199034458024
0.233094821013808
0.252591223967389
0.450922297182123
0.384175842080477
0.409949626327186
0.312539973369938
0.26579571806256
0.261963933741917
0.259181228346169
0.314607893233628
0.353889437341826
0.501179144511053
0.432599353310647
0.305016566451054
0.175241031813575
0.214282880797035
0.200391103607859
0.408651039282723
0.289843186766426
0.250082865908919
0.278987599676765
0.345946197159767
0.297638722814444
0.354449787121359
0.352213376698951
0.248663884336046
0.296657578892203
0.325315093803002
0.331195969757496
0.303783638651226
0.168831352655759
0.201136772689735
0.349410485078617
0.341380052880804
0.20880307552912
0.517514218217003
0.320372684122963
0.265051879445186
0.391452438101889
0.317859979155239
0.352860451384564
0.43937093901964
0.391702510295057
0.438828744504938
0.123864100964604
0.307085277992883
0.480424035328859
0.263235662938938
0.394984866688776
0.475167198826407
0.362315421516548
0.415302312978585
0.284319276143259
0.357845776204173
0.278133072187663
0.408119785520447
0.52973293254104
0.251994078015034
0.267135822366896
0.353836867657364
0.372160126412527
0.415595089567022
0.359278475675455
0.388492350932022
0.425391114147213
0.272157059822252
0.473806951250753
0.397666084359166
0.404158183695294
0.297950018312577
0.42602935669567
0.335022911327711
0.379410469826263
0.431049387835545
0.413985064971976
0.474863276194046
0.439057321989628
0.406345907543134
0.45442914764086
0.661689388257212
0.53957548646426
0.411221607994615
0.412275935574325
0.452520464604814
0.487235194142086
0.490985727032575
0.425266925638681
0.365968890291893
0.342322977845676
0.595789647580717
0.500518295398633
0.604050032214213
0.314258400555612
0.558327813542475
0.46939577099454
0.388957868494391
0.533640629216722
0.462585225040872
0.442245860402988
0.423180091753547
0.435296973048547
0.568353306489005
0.517720731743185
0.486234816716831
0.555228545648142
0.378812549976467
0.445571555568712
0.434106978242664
0.551401422996387
0.405367371528053
0.397656160761795
0.43424584535808
0.418001198240012
0.43180095047123
0.50285346528506
0.346500282461219
0.527264471079487
0.612124729316941
0.554442231359806
0.575455542120451
0.50158004727114
0.580654453979983
0.478331896297284
0.519165887337871
0.511784815263976
0.722867816839495
0.521733152847871
0.514553541476653
0.458086528512876
0.536845446881357
0.582737344701893
0.497590373658422
0.515800479615534
0.607417162108682
0.596252697147507
0.738084087017144
0.642021423657307
0.470983004363131
0.417452136952039
0.716143062642586
0.472932338283879
0.470064675999504
0.622569484743303
0.522399548118543
0.635832133543422
0.563309877067941
0.632528661569042
0.616881438132701
0.621641348012188
0.682995036323766
0.60659484966487
0.553235545341173
0.608555810156106
0.561547719037946
0.478531725475552
0.662467473134947
0.628579656936844
0.633072914884565
0.701527386640065
0.603713831609482
0.489241524065432
0.529241740443937
0.596153965602501
0.539210460628571
0.510078918572354
0.534755562295581
0.624908972772356
0.641665687590271
0.681997612888958
0.581021989613184
0.525581935532039
0.795988690435808
0.60740404911679
0.715096633986589
0.687637742906702
0.727407174699421
0.65926886261008
0.699719637802085
0.524635022453065
0.699732708705699
0.590985364707395
0.475962432551967
0.621309686925853
0.41889809157631
0.495779631252345
0.830066617715009
0.552540947412148
0.77700081829946
0.735435333629352
0.583353744917446
0.550583145947808
0.598740174523048
0.700154829847539
0.747391231796325
0.532836302199397
0.710129464440315
0.422610193066337
0.713899522820678
0.726382436779881
0.684763934068138
0.699331733077677
0.805054898854032
0.655706968764695
0.789332198282818
0.686760132190425
0.565773376617848
0.632227522998463
0.725735553441663
0.736324550145788
0.658704756321124
0.764751576745909
0.608521974179768
0.609903486290046
0.656933773487297
0.649948267515314
0.544055553741856
0.715861439628194
0.644143596898008
0.768936028580154
0.653131172684048
0.691948302382056
0.724058026776313
0.785960855239406
0.680150119814087
0.577155350644243
0.663029267102782
0.755265143542467
0.586138610341947
0.604947828972755
0.669947722320602
0.779728490211098
0.859865528021445
0.689099385785201
0.663228708859633
0.732589313672409
0.676167031140423
0.646131855519074
0.733487553216853
0.783580945331929
0.777986429341007
0.745799178825959
0.987492905058977
0.697365565459946
0.883199067903457
0.836592154817242
0.494469709364735
0.707300361001456
0.84459742893758
0.793535039437369
0.784206596212984
0.817749983881733
0.62508931867263
0.709849897394067
0.796063140201091
0.679331188196279
0.807120417871329
0.87485955777455
0.847134098811261
0.769186821459211
0.72788288813914
0.940678169507255
0.984026472445619
0.639120534762243
0.977102475472281
0.931676598901977
0.726872690259655
0.764302677776775
0.831322492297707
0.964575767959134
0.794343400265494
0.879237495281295
0.8904213513096
0.922656291209525
0.895209269458001
0.911297173993424
0.76761361688772
0.790701847052617
0.917499983579479
0.914376092385081
0.840306049903298
0.897562471607415
0.803778587345858
0.699255020666947
0.833883232288959
0.772899782115702
0.93858973168084
0.772568345517131
0.760612493317072
0.771735289460317
0.88839968045689
0.933924483027496
0.851854576135869
0.747173178794507
0.936738952850965
0.857568502102849
0.948020658257398
0.934588293956344
0.91004773834378
0.796715852336239
0.916523516989687
0.760745132702831
0.685363817788822
0.992431865215745
0.968003050137287
0.852010847137411
0.806782319874297
1.04940388023447
0.900791089775333
0.9001588226395
0.93468241012569
0.849823280503612
0.881693846409964
0.971590807749708
0.936652938547252
0.937757243919635
0.757695646893389
0.89854274431909
0.856638766446814
0.854785385277067
1.07261856166054
0.885210902823996
0.909491327235446
0.869571838974754
1.04569958161619
0.908263426280788
0.894067012015478
1.03002693251082
0.989831918757095
0.984076801591522
0.84313139948553
0.936061183094576
0.747991943303774
0.940019191151784
0.857757757228698
0.960659979737534
0.917002909853833
0.822535836811761
1.06896751030319
1.08879595381583
0.916504925131661
0.85196345016829
0.780350664480888
1.08545790688595
1.04030416427632
0.989928499363613
1.06569537535609
1.02627241787848
0.851353088218791
1.00553531927469
0.866521042461143
1.0059912936059
0.868325368487654
0.983123886986104
0.924806894651486
0.958347565653833
0.906846612656012
1.07176453122695
0.989605918157205
0.996314313891014
1.04583008119725
0.972091193328545
