-0.979804114191886
-0.947484683591652
-0.908949588895959
-1.20698223198929
-1.07612060389674
-0.920944730622465
-0.757332589766075
-0.911721939916206
-1.00355544327253
-1.01274134881199
-0.930213612436301
-1.06174689708331
-1.02823725792241
-0.999130192473152
-0.885904371182771
-1.18047501090496
-0.969148599188092
-0.937651599756974
-1.00398026210026
-0.855299943483704
-0.880119920414109
-0.879170834947972
-1.10017391266613
-0.883569565447586
-0.99955781814147
-0.954207891715769
-0.904980097146989
-0.940358317815937
-0.990351690044248
-0.899677843364546
-0.916640570285573
-0.926346363738431
-1.08188320299604
-0.76130572376914
-0.975081245319046
-1.07140348741539
-0.937830070020198
-1.03028175983477
-0.907256748701129
-0.992277689150668
-0.826089215553485
-0.942998967364706
-0.911657829272311
-0.880841602018681
-0.749892790648124
-0.832406230950516
-1.00305948907744
-0.922333692522683
-0.73264783496756
-0.933067861703592
-0.852302958871856
-0.895737198496707
-0.788859251303728
-0.988889465024246
-0.776449435982244
-0.949349699185062
-0.989464781562623
-0.910800560183479
-0.82244320219934
-0.977730564480103
-0.901182430193632
-0.941940001709511
-0.962237265832047
-0.940366012968732
-0.890458831485649
-0.642181735221916
-0.862097972726608
-0.916300673788371
-0.915276154866757
-0.885780059272152
-0.950244316075071
-0.810171560299358
-1.00113913752363
-0.851942042420609
-0.909555920331191
-0.865479850588894
-0.814191509528046
-0.851219418360858
-0.856088802146144
-0.818517216609578
-0.817002785608161
-0.773460401901075
-1.00967244834058
-0.770071540936344
-0.734157677081295
-0.903182081180507
-0.771385252617179
-0.721853591167493
-0.846433451831533
-0.890443814045416
-0.871215790818268
-0.707312240227587
-0.911109375712753
-0.745275314039897
-0.807485642575343
-0.745815830026662
-0.769203330752593
-0.76064949968248
-0.784052379821813
-0.776959183539126
-0.799381331022656
-0.736327544907783
-0.968310267891008
-0.867727670965355
-0.757173568406894
-0.844817399903869
-0.822395012534568
-0.768377353342043
-0.836698055956554
-0.66646306768654
-0.774589238193545
-0.674953216470685
-0.720186993503024
-0.708771015008392
-0.912142955064838
-0.772385788169934
-0.874014924140381
-0.684369839612027
-0.733912599973389
-0.618501062151067
-0.786833992807232
-0.769665364406293
-0.663927054833632
-0.703364583274761
-0.630474708572352
-0.639578727385694
-0.799214094786118
-0.708406784265669
-0.839203245474247
-0.724597782637086
-0.725282920552279
-0.833195280901858
-0.697771511855465
-0.660231225214411
-0.559342424653825
-0.65921653399951
-0.62692352554084
-0.63415251105832
-0.669549949558666
-0.64390787262161
-0.675459740271843
-0.732640222031842
-0.841825347367507
-0.706517488808156
-0.776480419981689
-0.721786275004169
-0.633185037244083
-0.747235696580955
-0.531089808631414
-0.749929318949854
-0.690534702306786
-0.854223158741418
-0.720734640262194
-0.65716495334822
-0.779462232207133
-0.680141536827044
-0.738107621568915
-0.786969353774216
-0.616072750732811
-0.708982081760138
-0.677780210274019
-0.732229666315058
-0.707784899016924
-0.618413582724817
-0.574659888335132
-0.756562341160156
-0.490780486922449
-0.866288386051138
-0.748552537092411
-0.643661038927288
-0.693273526066338
-0.735922657614799
-0.678430347468188
-0.861879440508059
-0.661604240306743
-0.51627488298862
-0.755170636261542
-0.700782203120309
-0.693546398606654
-0.623589366034375
-0.531119009313611
-0.5349815034522
-0.716959561824136
-0.625552928638649
-0.624641927104848
-0.672050146240662
-0.570169628848125
-0.744659252820664
-0.602590021951733
-0.705423765020342
-0.613215691175054
-0.680327785504134
-0.628832030487326
-0.592698616771721
-0.587911315358566
-0.637997463797312
-0.609503896585572
-0.711064704380121
-0.788349909360208
-0.681772056892746
-0.582604124355606
-0.687828617557573
-0.560272123263034
-0.483481743509141
-0.511800689498478
-0.580948025525675
-0.669601280572784
-0.74031490744832
-0.561500281336305
-0.654288051326115
-0.537241356088767
-0.491862515531542
-0.436932471812166
-0.768298302724576
-0.668955937988687
-0.594785739039572
-0.359802026524424
-0.563018485048754
-0.555422360729908
-0.639259529152351
-0.633618983967381
-0.522502113145599
-0.544093161510772
-0.480398440312784
-0.551629362093209
-0.390169509414408
-0.644899101334115
-0.567039162833805
-0.570411215643985
-0.578601431504326
-0.614412869726412
-0.635546994340639
-0.43904267429521
-0.596778517792607
-0.526622352349368
-0.524963028509272
-0.455410819761076
-0.770323567335597
-0.476247929860018
-0.558458493238823
-0.546420483722769
-0.55819069297378
-0.441794229876877
-0.396709192303262
-0.583338716337613
-0.378892164618949
-0.562909684672704
-0.462217897525666
-0.592622212767817
-0.455937992138859
-0.395421946697294
-0.443157196237138
-0.449272764206734
-0.350486357182036
-0.562415646353803
-0.595339821077059
-0.419922359221967
-0.340301639923706
-0.509817623498667
-0.537757769765074
-0.493470544345001
-0.380330777866972
-0.618097441167545
-0.498704600381545
-0.525638645927464
-0.472348245823858
-0.26783236909413
-0.548169759279666
-0.397280896850193
-0.506514237664962
-0.404425526865972
-0.385493475988837
-0.319009806412058
-0.302098952991141
-0.642892992012356
-0.313918552843327
-0.470093744938396
-0.513839514235064
-0.312047447574007
-0.467764207837382
-0.513909647795004
-0.432077108387391
-0.524954166362574
-0.376324085819341
-0.457924092544826
-0.432551449806575
-0.139852004823346
-0.520456330712505
-0.409204276858382
-0.349835684651789
-0.429355179102475
-0.44710256546109
-0.483288936194626
-0.262667225215111
-0.364598155875757
-0.33604009783917
-0.474207327002083
-0.316147787997785
-0.326180250422019
-0.347348039783494
-0.434519370441403
-0.399457884179662
-0.320964036445771
-0.364703348534499
-0.333569934520696
-0.273695251488547
-0.45989872407848
-0.40253437635949
-0.384435841823211
-0.361757701218284
-0.404142250759297
-0.503711249760733
-0.412184995302367
-0.384776899517567
-0.394560011343608
-0.585358418305747
-0.457681921755285
-0.350767656404967
-0.331551324704644
-0.394223794939354
-0.348230292774564
-0.357727394672991
-0.492953579615376
-0.317830131154874
-0.204447653352194
-0.414472691257248
-0.399833344940173
-0.242224920455947
-0.240768195044597
-0.331601322744366
-0.490024252475156
-0.398994367436444
-0.227421716963692
-0.37163229258817
-0.367891205429265
-0.285616726000609
-0.330862570713742
-0.347337661583236
-0.36574223151743
-0.327333829631054
-0.265312626012301
-0.520929680188042
-0.159551622408005
-0.309317860034146
-0.126443797414301
-0.298354356516572
-0.248260308144844
-0.285759986466611
-0.280904104623219
-0.245642772412104
-0.361020794825715
-0.276568816714847
-0.275614460023543
-0.275156698398479
-0.437512079920005
-0.267704973364388
-0.344880973021358
-0.265688056496527
-0.424965307746752
-0.385107956470344
-0.278639967830429
-0.33723957133252
-0.379662597473119
-0.118940471335383
-0.322291001822296
-0.264419673219995
-0.222379738443975
-0.329826161698082
-0.414368032470641
-0.30013204210363
-0.146377158106788
-0.351098945988858
-0.239124571336511
-0.298041672311884
-0.274023464722011
-0.275409067164479
-0.115448236386337
-0.332892087929488
-0.298952140389132
-0.24728757335047
-0.190417607676876
-0.145852177451391
-0.345349824221416
-0.316782180915578
-0.254568894177018
-0.235096304684479
-0.325080131353214
-0.204487347536325
-0.290344697667751
-0.316669198079707
-0.378324901331792
-0.299661385234232
-0.213680116658186
-0.17453281383874
-0.260772736619563
-0.207634985022716
-0.30802422373606
-0.221065709557736
-0.0340420850455701
-0.116778214070122
-0.244843463780138
-0.245474597359938
-0.186884531529916
-0.252981473762008
-0.336113160506947
-0.15555678023058
-0.241868884257093
-0.170354817859398
-0.187070415669257
-0.220204980067161
-0.197258510797546
-0.167467523823737
-0.239276159405648
-0.231004089457527
0.0229211584896091
-0.212244078733581
-0.232662193758609
0.0181748430289824
-0.266408400826001
-0.166322941757692
-0.104473186060099
-0.200586994362777
-0.177832684021352
-0.0373777578117458
0.0808845488033994
-0.0767610304668328
-0.0895845950973123
-0.0505540071908178
-0.294565072993692
-0.0641341095641619
-0.296223268028079
-0.130833506194577
-0.182933916185496
-0.0100849152302958
-0.0962330603857343
-0.159036258277698
-0.169004370583592
-0.0925090859002339
-0.109996796272658
-0.0882787068696893
-0.212730292201733
-0.07265602516541
-0.0424379192020023
-0.21198383261742
-0.304177939304927
0.0112487709325453
-0.154759538644968
-0.00333177523577484
-0.0967308084264505
-0.109507288088133
-0.147716962889902
-0.0856087015424853
-0.145569543855531
-0.145474972662382
-0.0942837930826036
-0.102582258769221
-0.00362273710467455
-0.0308847437479032
-0.0805508442364471
-0.110027857109435
0.00106053823621303
0.0525838682434161
-0.117419195306514
-0.054378749737876
-0.0185056580324184
-0.117980176859213
-0.0155074944462213
-0.0408067241054565
-0.0122998917875881
-0.0232124085595525
0.0338751155756413
-0.107484576854734
-0.0868062975150558
0.0452446025173611
-0.0612683210588572
-0.147633296021702
-0.0350555495635613
-0.141148314518824
-0.0195814085377619
0.113789925709043
-0.064028707389937
-0.058491739335022
-0.0163413477879971
-0.0237108487577136
-0.0895224350088651
-0.0693844621986899
0.23726934074652
0.139867534089704
-0.00878145706496288
-0.148591606673024
0.0328093086712757
0.0281851831881234
-0.0476520545713725
0.147699435067226
-0.0338586352576788
-0.0265684618513066
-0.0264672289019008
-0.0460112145513381
-0.17220896300653
-0.0440671606819565
-0.0512572724768869
-0.0745549620491654
0.0731700325391005
0.0585460841272508
0.125866193822551
0.0762018107013265
-0.0589283628790391
-0.0737788119896314
-0.00502177551650656
0.038293132299047
0.0326256356572497
0.123026684011316
0.0380950555851786
-0.0374189059177061
0.0372339845922226
0.0544438872289568
0.0275945393113567
-0.0241909323928543
-0.071092069141654
-0.0706559783768625
-0.0072387051823804
0.0240024511563472
0.0347263566332776
0.0492753075693708
0.0607091377245978
-0.0741272065746667
0.271265724838633
-0.12399098267274
-0.034536058918069
0.0108684824693065
0.0997801734246485
0.0622496900443242
-0.079514384326641
0.0802403493553448
0.142101873043637
0.0885100968014294
0.0912327631188595
0.0310323898037932
0.0395406556639319
0.167014033666917
-0.015262206297235
0.184687383259589
0.258602984075708
0.0380620676422099
0.0533914182294583
0.021341747722367
0.112854106892935
0.0145120222791104
0.104637769857974
0.0469052345185766
0.000268508887969438
0.0631733538705169
0.00939719360064857
0.0792491001995529
0.0794534024851505
0.13807321178501
0.143406473935561
0.15014523589957
0.146821786160352
0.141413593621254
0.178260389831126
-0.0208051507450047
0.084398349626321
0.104030140879768
0.165820495022072
0.223952102047166
0.222598545657803
0.189377537420824
0.123415254875182
0.142826619849938
0.146558776398749
0.0542963722407366
0.106875363297492
0.145766737527275
0.160501846144944
-0.0237140981099415
0.216365449620357
0.126900528610049
0.139962403567343
0.239047304956433
0.326549373787388
0.139741211436413
0.15795719946709
0.087078628180932
0.124782787878881
-0.0086629985967707
0.298186611480271
0.403251859295888
0.118138984296559
0.225996209512886
0.0613043620501822
0.105722219794512
0.145899932321164
0.340575664621792
0.293917775599983
0.408338489601294
0.0787431306245122
0.252387475685858
0.263979476402529
0.121603169230571
0.148611391184285
0.221527544503559
0.227810413641873
0.188423451782081
0.116230549967567
0.227140980116791
0.33281647370595
0.285257830428652
0.230822885678871
0.247549438671897
0.208935417911915
0.218646309482752
0.148701370141766
0.329166932692002
0.276379960108215
0.299325731018081
0.369814781548916
0.265149316427582
0.131147671850909
0.239611043943539
0.223282470757328
0.286424873158045
0.303611389377889
0.426374123039198
0.194747765413812
0.314978378985907
0.190410820008589
0.163280596756931
0.219261237573022
0.207597671270426
0.299437194290073
0.268296152950408
0.316259029686588
0.451874209913939
0.355630219751113
0.318718671744605
0.239083287763759
0.364843494972755
0.305906048500144
0.298046336267294
0.166446707962528
0.354950665125315
0.295203537211229
0.318787376068548
0.30416104141356
0.159252635222854
0.233989157535243
0.352841798458778
0.476428471899885
0.308851420113502
0.36803363393782
0.208632037202008
0.331304350809035
0.220066671140688
0.275379976898441
0.325774475602734
0.287824524057657
0.268167448630504
0.362844393694895
0.43875468063068
0.309299425733357
0.299298335972362
0.459028934375916
0.375615167068178
0.385003520683341
0.385861913531765
0.33367559574416
0.252286802333798
0.166740230349479
0.402648989552001
0.486851536567339
0.343018901827476
0.410083416513714
0.465215707865964
0.36128897816637
0.350000031194842
0.350526633452733
0.314145944263204
0.272485709607056
0.500312983073042
0.364567001724817
0.564617408981971
0.426916322382833
0.302571257606328
0.249739387670675
0.335949865863789
0.479489159542383
0.309646286735409
0.413818248576338
0.329495056493211
0.30748993788516
0.537597987470668
0.501422860182254
0.503020185916676
0.356055977695556
0.410874268152964
0.38086716802357
0.592618050398221
0.403628919012822
0.410575382066109
0.378085091283512
0.450937520971648
0.502119164485691
0.410522551294493
0.346511631269018
0.453247001677281
0.303437248997926
0.361158114823205
0.448181933873815
0.443225109562385
0.395716690639073
0.500423679360911
0.429679420564923
0.423135562837124
0.270327510466322
0.327487100412389
0.355809908334213
0.34942389984633
0.459057146988569
0.45100221736582
0.47040179293665
0.333338398380457
0.318138670973398
0.36994546194599
0.49374835366007
0.578750009266326
0.457039994656105
0.575348984064442
0.466958151812977
0.507275976692524
0.472445735663791
0.39724990750971
0.546036544369311
0.432977463141626
0.534803969085839
0.506162477057839
0.510668600380729
0.593248498069649
0.583395456251643
0.504568151963309
0.489232911887958
0.397744098281506
0.388966420817267
0.510883546729441
0.530373632395458
0.525523418071886
0.515620614489654
0.542826604119529
0.552028911366764
0.448632055456517
0.579517308287504
0.462178435147195
0.372820405681762
0.427636739344671
0.535763925633645
0.641851527529322
0.514439296098855
0.46347839185853
0.572370196849748
0.633732069777823
0.512147000816095
0.411869380643885
0.392268479249402
0.499923253255124
0.57770513253389
0.579814327693821
0.480190626584299
0.455551470098781
0.433110340549769
0.417717934002926
0.352425411475134
0.55056910849317
0.443229902863533
0.695204836128417
0.637434972368585
0.612611941855452
0.618920362003115
0.53237382033417
0.567828746149899
0.490469203799318
0.511869153410587
0.547841853674186
0.399094361212479
0.763822056073773
0.633964610161803
0.588599155001461
0.61991387357572
0.807454802401581
0.585814476259707
0.597183727935109
0.751785386562285
0.739273116938968
0.684294086807004
0.519118104027311
0.601249767529116
0.589747883268075
0.559690434040012
0.689773808197353
0.628266859906144
0.544603366281942
0.705298758704978
0.577564997957226
0.797821865693516
0.568404877397542
0.587446256335461
0.693040534016451
0.624892366394736
0.728622960855202
0.443391453778649
0.652473260515232
0.607096366750854
0.733801304491534
0.597174188080429
0.551494067880618
0.539196321424049
0.625017076922331
0.736175286644776
0.68859821985821
0.621452236618627
0.767823563759114
0.715328677114427
0.460693944492488
0.60037997482013
0.684970828544816
0.722203106342039
0.561350534754353
0.606070294496905
0.613443869494933
0.537385309938142
0.642991951376992
0.735808641406109
0.672332030353306
0.573470528751025
0.540545806368768
0.603807540517868
0.743370546565616
0.704669927011286
0.717690785748766
0.678564005092691
0.692049701047736
0.580719880679357
0.659552084917389
0.791562132853174
0.839516673642907
0.547763473935823
0.69996142677421
0.700937624741154
0.759230691837683
0.695214206171925
0.623496710469669
0.692031858079722
0.661364143777053
0.804054732553903
0.584641553823778
0.759733497422463
0.610802078874765
0.717301946494958
0.618830131908281
0.698581697279595
0.671218111975939
0.546242087919788
0.504534427609957
0.822051264691601
0.609522416171141
0.688486058142111
0.897705550040282
0.800562543684726
0.818959205409988
0.682942961865939
0.75626212775012
0.722366031180664
0.729803318076955
0.723736748119555
0.81629856995119
0.763212471071207
0.766593678584566
0.803661419125717
0.750051734097065
0.754107219427475
0.766496627816231
0.862014140523263
0.890856698456619
0.882386559494917
0.762070856884905
0.835734275572053
0.757163017579917
0.646934991908737
0.730713148832801
0.898319159973685
0.985724475793678
0.584488846244287
0.731877810258095
0.763400019598972
0.794025036741472
0.733185405476533
0.859217890305868
0.898476993061685
0.597999102528219
0.858296130095608
0.872274155053924
0.801493564671467
0.762672229579934
0.838074335027176
0.662938025213179
0.704392329648484
0.824931290201204
0.815363653467717
0.942839139276002
0.941819766905513
0.843878133650753
0.762998177647583
0.935402244822249
0.754094255166235
0.72018810982832
0.999700441655373
0.696324354304348
0.740363601076637
0.784119785528125
0.653205956627478
0.830511492848295
0.835402418854235
0.948269455182803
0.782931291121616
0.780909112381128
0.893920590934327
0.931224159221759
0.903747948337463
0.669630733542203
0.936416323621988
0.864134455960456
0.782545433589009
0.818845863324007
0.758929875006776
0.742446054185945
0.858358710961779
0.95769607997682
0.668789020367078
0.767090353120181
0.947164114190476
0.828859412571219
0.934226030668796
0.972079075104366
0.754851979049138
0.998018607400168
0.906484334882324
0.932456872801522
0.96777905117091
0.8875499774533
0.794083316264111
0.987970146693743
0.851704892907649
1.08723265977097
0.769895964478668
0.9864149415956
0.680569073220282
0.851731482228713
1.02250200146722
0.877638263989457
0.84495806379164
0.841478470752962
0.795148660439073
0.941136608387086
0.755344037981929
1.00205854313958
0.989379283531616
0.944930905242555
0.919210117104541
0.897292543485471
1.04511365590133
1.04572686409773
1.06634557374814
0.860666615853433
1.0355673024451
0.829078128680519
0.959847030236104
0.767241078669896
1.11830858494494
1.0077527044738
1.01306951773662
0.992363911000676
1.00509467771837
0.944679346515843
0.917824681288888
0.978062959766666
0.979930640281552
0.917101329462096
1.02033410520277
0.981429547447815
1.17647617784681
0.878343869656906
1.02949538745365
0.927067058714628
0.956122673475564
0.90058111707562
1.11809853499717
0.904900487764643
1.09370036176858
1.16497765091275
0.91132100279834
1.00304836864557
