-0.822801174096717
-0.928938108858812
-1.10355938837697
-0.945499370406586
-1.06962787757987
-0.954654471222059
-1.023332638828
-0.979654919330666
-1.05981093817421
-0.882097918709267
-0.903851266051073
-1.17411317455722
-0.957087649679671
-0.907770386781317
-1.03376027326984
-0.964426354900091
-0.979651306477799
-0.933468336389272
-1.02960638074902
-0.956796733403127
-0.935385177814793
-0.924623989621195
-0.8128368103601
-0.848177023327394
-0.968766582610155
-0.921710951859606
-0.873399304645091
-1.04042333364031
-0.920032916732238
-0.906964120541654
-0.877937136678292
-1.06501331465051
-0.778654940434336
-1.08239810282088
-0.928501911114299
-0.869271662719543
-0.918144729232278
-1.05769423184551
-1.06390060944975
-0.842896559580819
-0.961765996180982
-0.822697830568104
-0.934958485481667
-1.01657114262572
-0.831121263028447
-0.869913176430345
-0.924558390412384
-0.937651120297517
-1.03005229337131
-0.852842095286279
-0.898401812789206
-0.900010043276982
-0.883826243334053
-0.842895193902858
-0.71189404692795
-0.91078969820944
-0.901255949482344
-0.864291522645373
-0.888644880634745
-0.898819333092808
-0.809092244509136
-0.969220440605833
-0.935749689886154
-0.940931942012824
-0.983376059434192
-0.838349976070057
-0.91754398194361
-0.836086021506779
-0.841937283397941
-0.931237068493113
-0.965750705932732
-0.883027652397662
-0.994319407638059
-0.909234151605994
-0.849464632783565
-0.884753809546438
-0.828449714927788
-0.940137547255971
-0.867582464139913
-0.847829104577504
-1.01553925545468
-0.752446300239215
-0.849371910255143
-0.798987523303762
-0.83623888587447
-0.73297021994458
-0.823956866846593
-0.85091297650212
-0.829929060467051
-0.866395277274973
-0.773387710208471
-0.829083090017672
-0.659172276796958
-0.916869535621234
-0.783862005990592
-0.714853249149442
-0.774929560001412
-0.86819109352884
-0.887594192803256
-0.757577745971099
-0.712482885531876
-0.74122907606167
-0.691555125969343
-0.749519153715696
-0.782194391443271
-0.70554577785243
-0.77214215724772
-0.727219016565596
-0.735013368139924
-0.793505006260954
-0.649775075898013
-0.698928511863249
-0.833645147877137
-0.653700228852238
-0.84980287282882
-0.590941126970762
-0.776160651205308
-0.76870246343235
-0.618340916574349
-0.821156016927085
-0.740597474047789
-0.733990255163203
-0.766266321456828
-0.736587959046666
-0.593752516869794
-0.555121859536328
-0.846869092460022
-0.660697289212135
-0.748937135230898
-0.597506110809279
-0.728777963199797
-0.651586079828184
-0.639003029901617
-0.731162072050293
-0.871794474672856
-0.775532829321337
-0.85459670428317
-0.497010965211434
-0.696002226469956
-0.836430357922936
-0.7187118449104
-0.610073141865208
-0.676767485239363
-0.693125854726538
-0.827562628206236
-0.771083831436359
-0.721278877493333
-0.756743521905621
-0.664708300790784
-0.792465658576526
-0.601908574822641
-0.927908532462607
-0.747530208557228
-0.703526594929967
-0.638202697488322
-0.736872312891883
-0.548098925961913
-0.508358415473317
-0.695693587830977
-0.664596131189584
-0.748348587488822
-0.638164089561045
-0.649880627770378
-0.565878611431349
-0.712369418197022
-0.544059359528258
-0.605607603062242
-0.553885104270399
-0.72119627433599
-0.571516215321664
-0.811811644628585
-0.610060122422671
-0.738353653888626
-0.606388974969349
-0.615821814645524
-0.349659147230051
-0.720940242478114
-0.555539277895553
-0.569677197351381
-0.615127310786012
-0.819008446376592
-0.614704731977653
-0.660453703266109
-0.561414393338774
-0.711419269540264
-0.645897640012679
-0.519050780263391
-0.639434063166406
-0.641578942757183
-0.643553231195838
-0.501120031023049
-0.599582726741109
-0.573497353575335
-0.746619821916569
-0.7061229403842
-0.586823149708189
-0.738314880664377
-0.620014710614439
-0.43701477592142
-0.62682821646954
-0.592482678087022
-0.626587088034147
-0.571014301106542
-0.457080923568886
-0.648024364228342
-0.567366237496523
-0.61402021813958
-0.636513143953342
-0.589446151618252
-0.557440992009147
-0.420339014595153
-0.65019653100169
-0.626349088717414
-0.368250900557983
-0.55279412792132
-0.626630647245978
-0.612827941276505
-0.572223042081128
-0.648183081706356
-0.655403988635311
-0.566235702935915
-0.46349955672881
-0.462523048897954
-0.48284909355449
-0.533092453314618
-0.606752567937563
-0.549060897688061
-0.482861701239001
-0.566732964499105
-0.657863255716251
-0.494468798926789
-0.430243024081341
-0.518056044785553
-0.244246258202818
-0.444685817424433
-0.58105612910304
-0.453721630049341
-0.519257046572102
-0.627328728717908
-0.434588858926639
-0.472845736651798
-0.615480757684223
-0.713677497292464
-0.535515517784535
-0.50514434407068
-0.527584355376564
-0.562561968267517
-0.522414032193607
-0.526281936510459
-0.35996425443392
-0.447746761225281
-0.525795546909858
-0.591999777876499
-0.535447365570402
-0.528253640186962
-0.338827859151156
-0.506728952517528
-0.494492904348556
-0.631049364051
-0.493577298887869
-0.410983832767969
-0.4692110123284
-0.454087593954466
-0.482033101219841
-0.459887898995321
-0.49115877713257
-0.545261731094092
-0.394619287411882
-0.446914441022504
-0.352079178206069
-0.557757351075201
-0.484319358046481
-0.392320767391921
-0.454060697001532
-0.419847934983399
-0.287885094469494
-0.341325864713844
-0.641938416418448
-0.386422131553337
-0.444419922847561
-0.288623338698634
-0.564159530519095
-0.451695543751691
-0.493411656169005
-0.378420917906534
-0.518029603834674
-0.274536015896594
-0.533318978533173
-0.474392740496191
-0.537182410700151
-0.348678999592146
-0.387632879675803
-0.473507099257522
-0.300506660340703
-0.457762098957281
-0.408923963168232
-0.394292184055673
-0.34693483907572
-0.307427951117784
-0.30026276354837
-0.414367383188052
-0.376014081613188
-0.349396110470449
-0.219769904240629
-0.392960933730334
-0.415270504459752
-0.352441514737002
-0.398086722831631
-0.411888101272756
-0.451682688121184
-0.322018979921625
-0.320578276247643
-0.371939730109413
-0.321376583958599
-0.470711510089724
-0.424301481044771
-0.376834655986921
-0.315145578802452
-0.370805314839837
-0.306018879694404
-0.191714392937694
-0.414951797492792
-0.524921382900356
-0.430468826209734
-0.265811460956017
-0.406885292523335
-0.363868065761891
-0.38097606565466
-0.322653992630205
-0.39594605218454
-0.365083002934647
-0.261102008075843
-0.250082451852046
-0.301995874523487
-0.368059580342289
-0.338163448432081
-0.226501912752851
-0.417812848911812
-0.272445229982934
-0.340073978132184
-0.309131163026388
-0.288905803216306
-0.241626251415582
-0.293958530307818
-0.201999650965048
-0.18780929788472
-0.176216923792339
-0.33724376434801
-0.328774734884286
-0.254568573226983
-0.35755956609212
-0.255560354352896
-0.289663283954517
-0.342952626782965
-0.219479814791337
-0.15202743530757
-0.147792110981232
-0.324926734628955
-0.178587251940451
-0.176992499428692
-0.149801556130546
-0.326187242730488
-0.332514944088037
-0.345802087521829
-0.267407258158324
-0.315988840408736
-0.316653724451648
-0.133100110510164
-0.0930070428099911
-0.315179558868813
-0.235792802358351
-0.0352851589810807
-0.295494919991179
-0.251962463133558
-0.124682770381989
-0.301039999979483
-0.231304281542034
-0.363897911957084
-0.295753676822634
-0.128547164601455
-0.288996463640059
-0.276068561076535
-0.147786102574061
-0.140887756560453
-0.0516961886616742
0.0447540499224708
-0.315214321132063
-0.209540724168492
-0.186145137878481
-0.148356696663682
-0.245249298316742
-0.119599218336579
-0.276161907768816
-0.307985251328612
-0.113085902751223
-0.202330062386934
-0.118411470566694
-0.161453537596708
-0.419713479402208
0.010810501590739
-0.209973615805456
-0.11995127269517
-0.222576995539922
-0.278619579620849
-0.149728392018038
-0.320067293182013
-0.169105143906146
-0.137206427115154
-0.202724993148554
-0.238598649323267
-0.390042616554863
-0.203819322755058
-0.173203065434086
-0.204456338444386
-0.108392262472545
-0.184786204158032
-0.152334494534074
-0.120126027956967
-0.0482687264731219
-0.229338938047754
-0.21552383721968
-0.0634973362561824
-0.182196414279604
-0.0408765149763996
-0.138050205875415
-0.122758515756702
-0.118302650674199
-0.132729249814252
0.0754822553257558
-0.134691024089989
-0.288764037662329
-0.206451831778985
-0.11737962261337
-0.136859933669872
0.00662792550757527
-0.0832677023222067
-0.237095734484053
-0.115742871026455
-0.151368184479541
-0.081907966241335
-0.162431769139056
-0.133792210281555
0.00153463913132364
-0.109645224749592
-0.0787984498716755
-0.0919446100198931
0.0333214542596723
-0.162595154571198
-0.0998000882811178
0.0494627476527614
-0.0587329340781671
0.0617252217284789
-0.0185599544893073
-0.138614850844999
-0.0978532605837932
-0.103498875148579
-0.1830126106015
-0.0373106070922899
-0.123974487439819
0.123428536421314
-0.0264299616935462
-0.159521018539608
-0.148561740649914
-0.187627418987557
-0.0136973084188341
-0.0387282531243037
0.00540410460779063
0.00457657369802188
-0.0814046919510321
-0.137065548092661
-0.0889583564858655
-0.0457187544411474
-0.0711858596051025
-0.0500677493291391
-0.114432986163179
-0.092971367980676
-0.0158837525549132
-0.113453991402814
-0.032668675119791
-0.10208553711117
-0.216087152673418
0.0403513820244529
0.0440651334930671
0.0754684182992348
-0.037627210407608
-0.192374962353178
0.0694937544163752
-0.107362416864058
-0.0603119422177635
0.00462547882844009
-0.102455044363918
0.142961155466314
-0.0158081152667853
-0.00549786530554421
-0.101263768501902
-0.0166903991890395
-0.120347852987316
0.0124122624980008
0.0495734186537262
-0.027089075653174
0.223158957427568
-0.240670514437856
0.0738271743173482
0.0235249207265314
0.130475104938934
-0.0379891173860249
0.143488122865844
-0.147351858622821
0.0886081526885443
0.0501262995283691
0.0745777063388202
0.0970175351172796
-0.0863259882353388
-0.115815893291356
-0.0543499462656844
0.104468862893759
-0.134318893653619
0.123416036896449
0.0547547021016502
0.0350440369767251
0.0354840257510045
0.0377805850427648
0.0730026052613355
0.14917924633068
-0.125010291339825
-0.0570670193010719
0.148094935056579
0.0576038535445405
0.0655651998444474
-0.114046403247035
0.0547254274952363
0.181461922570004
0.0675903923101904
-0.117860237515354
0.0284393348809375
0.0987580950217587
-0.00218431488911987
0.0545586055795751
0.0994257092152054
0.11128845733191
0.157674266235863
0.121402067007272
0.110734880548209
0.125113156865819
0.108035584227677
-0.0692827066247604
0.236590305591509
0.0630945624028434
0.0250578006576662
0.0635188928942316
0.195481685762897
0.111676088217556
0.140428282293834
0.186874109852195
0.115996819436348
0.196270573645679
0.0756303429973608
0.146070825953574
0.176235464906808
0.24786921664405
0.139876114924138
0.222366840969547
-0.0207991780705323
0.202575766011556
0.119883028347041
0.113399733636984
0.134572025838659
0.0169908787999227
0.048985151974041
0.204231575402515
0.169575092718497
0.156339358914129
0.263818562805914
0.235558058313173
0.0709750259004038
0.179389083403889
0.129302537682567
0.0800177364408066
0.13729736784335
0.218010838075875
0.252892338801282
0.095847106321736
-0.00480203877916372
0.152757363325653
0.0757747740911859
0.106090656950856
0.136641836988881
0.158671234866268
0.15983751028372
0.174674515237798
0.301989347689164
0.0730036674555943
0.204708776214849
0.29177955554358
0.271992186911955
0.189402670176999
0.0554017388548443
0.119308126692425
0.464280552763265
0.259670055351624
0.14829945729554
0.0938856380055719
0.210432774186282
0.136683003463601
0.208968228809798
0.280988536346754
0.149527056277242
0.278660196247634
0.250354774820423
0.315965597050214
0.0720727874072257
0.171433970667845
0.116406537504892
0.194382277010536
0.169879019048507
0.0816176800791956
0.384004075306914
0.306321127888038
0.254452252936143
0.325250226196833
0.218148539919192
0.291452309785855
0.355832023389765
0.25834994837729
0.257879710047624
0.190277774001782
0.229918269837415
0.356439280406791
0.210237012636513
0.318831383791465
0.331137934361627
0.115733723571656
0.263427411561405
0.243417033805785
0.333188750803183
0.155185267768651
0.207425750547877
0.140880206051706
0.341970110348108
0.133937458386293
0.349925760459794
0.285911699189003
0.370124031518372
0.274287964273251
0.433400297889906
0.404617003079966
0.323664722090521
0.28452868914331
0.209285985791827
0.321084521649346
0.391656340947231
0.176113063792003
0.249575262656134
0.292450802862219
0.299874623420394
0.317920155192097
0.285630788090208
0.150991962314918
0.396759015478527
0.451737941907428
0.248970871658133
0.392489195621749
0.200851464551202
0.223588437678499
0.192422386966557
0.396129737431404
0.552594670477627
0.267569681554229
0.234270874731679
0.35500490739496
0.381232975828426
0.363914579292327
0.445360634280082
0.388583443827757
0.423223866828044
0.225430928759803
0.253085169864513
0.444043113667579
0.310748003993137
0.262840837017367
0.490979792643287
0.461736137611599
0.340516078785528
0.315374204473632
0.293664006304678
0.308431590459726
0.425768302424675
0.398728146276356
0.339269708144981
0.335776445434791
0.334727779695261
0.279022738098751
0.386977550341576
0.377681038472474
0.249930381255553
0.358596383922872
0.32856620081846
0.256883123379711
0.509910782095566
0.429708413643818
0.446237947054244
0.45428432878667
0.622088030524455
0.330748998950959
0.24192826436791
0.494638075955989
0.448553063079959
0.360298330203628
0.517310168540448
0.402987537504273
0.611695968068478
0.329593058439989
0.409977831233625
0.483692792660511
0.385860130099943
0.411555997431496
0.46592341449123
0.441917031090928
0.387386162515003
0.40685525886481
0.432636614103324
0.656469271153981
0.422502468518473
0.549049594668828
0.501122707440617
0.381577466395191
0.615466991026918
0.587075353933676
0.455235949858538
0.524726829756543
0.37350869406271
0.295320511462249
0.505653630442063
0.468176467686511
0.579996441146324
0.365095573940318
0.407699633118014
0.414159888910767
0.357345186043926
0.358110946931198
0.533031969875292
0.467918119319908
0.556080834804064
0.466154590242473
0.427241580055987
0.511009794910818
0.566715758340934
0.547486949181476
0.640965281653338
0.474984154778007
0.43223561972553
0.632535753379278
0.557560581740362
0.452503106448928
0.499212264455005
0.481223958824251
0.448484952064059
0.426493284352254
0.588892664635191
0.595965518546352
0.6457344673659
0.632488016378364
0.566146018288293
0.539654252180212
0.594747356439139
0.637055136722297
0.574858462293491
0.541522420647559
0.572528864096401
0.499706120301294
0.552808566662715
0.531879714799457
0.525220390544008
0.514292289959249
0.436856293792768
0.58838545473765
0.565692360839957
0.625634168746902
0.584781505289068
0.585681870216692
0.539299341781588
0.594198871911097
0.497515002886536
0.608015977347086
0.545629018886469
0.606719809348524
0.565585899071052
0.507436720989959
0.600711369344648
0.494818572705439
0.5463082573053
0.52025646918295
0.636675675530217
0.628630035413425
0.621765272679489
0.490501468483356
0.486831759986092
0.550720659535325
0.520884518350351
0.778775506563578
0.667197192991745
0.425159375331594
0.494792408274976
0.662812587000642
0.616507278077379
0.445693467825187
0.62500007881752
0.637970380848428
0.552315288248594
0.572059821017265
0.600327446362874
0.75105303001281
0.582718326519898
0.545389195674747
0.633772124526032
0.616724788838928
0.54086469008574
0.605695551641797
0.74941099343828
0.632862387024169
0.559162147801289
0.706515785845491
0.727975508036819
0.724300274112649
0.563144609442512
0.707907643113309
0.698512963973145
0.49623704181316
0.579040629704485
0.520632613870285
0.58465765168339
0.703831917511581
0.573278828159296
0.770750352158459
0.718833239560585
0.679423516453458
0.842934597391301
0.655788063645194
0.795411758441747
0.622231908795743
0.736589031644226
0.671208423814218
0.877541622359116
0.632643081541404
0.477876744196734
0.713820792395188
0.818077432484402
0.643735015769176
0.740722977829622
0.607096732661639
0.551605621570133
0.818128643196449
0.66412603437717
0.609585545608861
0.718138613114964
0.931702667983503
0.649946221635584
0.775273788640416
0.761563993227765
0.747786127997073
0.886321182870547
0.63805517258766
0.795492542496067
0.765338218328865
0.650196671324688
0.649058335088056
0.714746004449601
0.598232192077933
0.633270006862386
0.704862483832724
0.574147235376359
0.672139373368481
0.831594680295528
0.760084506490211
0.928236845782803
0.77198288554437
0.759587785904405
0.681551075801153
0.925182065738034
0.904515738900932
0.689129377886463
0.828481165925408
0.718052225489506
0.800096799049975
0.788660990338674
0.706915545812535
0.768643189189471
0.883324713972598
0.664864694461385
0.648141510712722
0.913984324566402
0.825006757515933
0.766683799230015
0.838012054958543
0.779206465608415
0.723680358454031
0.898915235083734
0.838756658103448
0.905014321362251
0.796342863450694
0.697594991997434
0.691934495027963
0.791030076110721
0.83429109725321
0.8954273682629
1.00961426969794
0.879121187972554
0.813112954070507
0.806372369036316
0.845839566362279
0.855779240139755
0.756292795779599
0.69571369475394
0.911996057432102
0.953538357725448
1.00054686373108
0.870607220242111
0.96086391912748
0.869978411740999
1.02861963633631
0.773537295184141
0.973926631995943
0.934163179865999
0.874743505687326
0.853698444364558
0.855743134873683
0.804346231458509
0.831286707015431
0.993419561331175
0.853738400592345
0.908912507823647
0.822879577658063
0.833950031506652
1.007562903487
0.92882859947251
0.829574862397765
0.943496539189749
1.01189331689817
0.876969674054768
0.961164509057129
0.932829759117484
0.84637185537919
0.87609412039602
0.969135906601182
0.929761232345459
0.842372115904735
0.94998233524925
0.880123975254729
0.907973191758068
0.906384021792261
0.981746252249749
0.813940387228827
0.974505480573725
0.881661893742221
0.830021073126898
1.00926311634296
0.888000039817495
0.862554000669287
1.09283748319878
0.892509031149697
0.990010802739994
0.885047809348671
0.875853493832091
0.858322380628074
1.09912521651042
0.99885685327188
0.732091154248936
1.11713504266262
1.00361022966011
0.999370089062729
0.978501004389044
0.920659579329743
0.908956210835444
0.932867115520361
0.86843851549677
0.877813875913021
0.867578594697596
1.02086052377022
1.04506906926104
0.884526260909527
0.801106337621201
0.928077043496753
0.969022726465414
0.897402468911938
0.976660503494681
0.912343761705302
0.9594687008735
0.946908419027647
0.84251558007102
0.964672464805371
1.01418436649573
1.05297457542867
1.06226601033819
1.02661165273125
0.983521389634799
1.04440731176586
1.12683933368271
0.96143169388993
1.01583393857032
1.15129701948882
