-1.06441388315634
-0.984513325190312
-0.977423739647054
-0.932690682949286
-0.919959395239449
-1.10531984583116
-1.08027345021268
-1.1121926591165
-1.09287689828459
-1.09774949360542
-0.930870404744009
-1.05217458805707
-0.938880124793943
-0.966939122656016
-1.03111582932693
-1.00230369171776
-1.06671482665665
-0.961306070666588
-0.817887834979029
-1.08715150317654
-0.880516995239471
-0.93866990441977
-0.987937948361536
-0.926362848549526
-0.90252772734252
-0.899333333519811
-0.935446059285606
-0.828227477469553
-0.99869496362055
-0.837718542789255
-0.954136870137484
-0.79029336001756
-1.00841487921585
-0.740046214895509
-0.97459400164598
-1.00456679966105
-0.915308439706949
-0.888722787986976
-0.747088469949284
-0.852293178988754
-0.879625552133235
-1.04340703839547
-1.03141138984846
-0.712002019045327
-0.83701895343126
-1.06550326712762
-0.897601350662831
-0.778014088655013
-0.764289433632908
-0.925010103010215
-0.971041747525917
-0.962577649878882
-0.987032548674183
-0.925693206200823
-0.982844387555155
-0.940018210175719
-0.861737467982965
-1.02382222654756
-0.84922196769027
-0.881210036321973
-0.900893304846248
-0.783897872674473
-0.955196642074412
-0.884644405388636
-0.853830439352508
-0.760463454067486
-0.89667436452163
-0.883275180662543
-0.845531600335922
-0.90011509482197
-0.941999417605341
-0.839306906462369
-0.767729956069151
-0.776650855108516
-0.689167065096544
-0.787303273196881
-0.790691846077603
-0.822850392588058
-1.0380800164612
-0.874061461255416
-0.809185751948494
-0.854810997787954
-0.754938868057186
-0.760152387209336
-0.874041576644565
-0.941760508796888
-0.722962477892012
-0.999931640106451
-0.80931925340573
-0.804242228905152
-0.936519182281551
-0.919788611795201
-0.771823938132327
-0.863404332881513
-0.931599476222829
-0.830292055294509
-0.758667061516646
-0.908874081751551
-0.69116072797857
-0.790186947652383
-0.795504365412216
-0.720796579160035
-0.811348152148293
-0.902261222405342
-0.912025215465098
-0.766790434258589
-0.878891221973601
-0.785113140223658
-0.767236425955902
-0.909206890570434
-0.704548070689307
-0.739065046321221
-0.80052887408263
-0.784670224136214
-0.774693128529537
-0.741255689234748
-0.711367237235637
-0.812097461607849
-0.701769716608289
-0.789212590127103
-0.812280381375557
-0.871728155676003
-0.664765918124554
-0.743890211822176
-0.682655342823401
-0.676567460190227
-0.813878786921336
-0.910382208849103
-0.788592829302109
-0.744152526054037
-0.814336829213711
-0.680902727874738
-0.67643780232994
-0.79232769928953
-0.672770698092593
-0.690915204853454
-0.826142732164409
-0.813485808681832
-0.691160328852952
-0.670431321655498
-0.79839811522901
-0.759368892764299
-0.744096136530061
-0.79365601668301
-0.728668392770457
-0.877158683567785
-0.670308341635369
-0.774559239185615
-0.71266898152228
-0.702259440948785
-0.765209363671178
-0.70647697204599
-0.57135136164558
-0.642516628169513
-0.596465647883859
-0.638032857488423
-0.588089066850249
-0.681814761362006
-0.746454487387401
-0.671323487627534
-0.716325111779839
-0.837855421794997
-0.730892035113822
-0.607584140016713
-0.589167035901684
-0.665151625833655
-0.57544880740399
-0.874477180528385
-0.611906831703481
-0.654276978659162
-0.723226141973681
-0.727025280960171
-0.697268938560757
-0.747206468441159
-0.557502493429911
-0.586904597034218
-0.594708454957663
-0.763893215664999
-0.639420936079363
-0.492825370822794
-0.448196935347914
-0.689165486791652
-0.757524459991722
-0.497859043226756
-0.635079138066493
-0.602943760041719
-0.784331758441018
-0.657822817224096
-0.719475695299369
-0.624353968836733
-0.685421205969987
-0.602066751768325
-0.480019558549609
-0.756536742844046
-0.667394460679431
-0.592664429913807
-0.692231645296774
-0.71948227110354
-0.612116958768546
-0.726612902715975
-0.613411303472709
-0.686444314101881
-0.496214149442436
-0.631857805893121
-0.652115280952534
-0.621754901062818
-0.464367470640912
-0.614308931436835
-0.675654568757649
-0.673018604087011
-0.613507558922181
-0.578124290285427
-0.539471477457021
-0.557027444294295
-0.625185230701457
-0.655565243553705
-0.579708223153732
-0.515425017701158
-0.466647655768015
-0.58579154258253
-0.616288207860557
-0.688438620834726
-0.381917832157444
-0.478441932208784
-0.519650770822811
-0.550260981085527
-0.542361375981225
-0.561653437822786
-0.40295104923439
-0.670261047182038
-0.636604646923113
-0.559439814545277
-0.422901087085015
-0.446631110388395
-0.436621008363292
-0.670205770007519
-0.316715047804781
-0.502765660900974
-0.507587888149257
-0.47944903459568
-0.54170063684377
-0.567076110935912
-0.40955304022893
-0.482103303462434
-0.519989614738487
-0.475067984884966
-0.533962942753027
-0.445531896261887
-0.35645169406602
-0.625633310884071
-0.570842581725576
-0.563376715943524
-0.524576291593802
-0.576127621100064
-0.480137405345574
-0.36938534320172
-0.544159102253204
-0.450532290443408
-0.576621064402247
-0.576512356077241
-0.271876007161557
-0.409822910526841
-0.406316480833422
-0.620456569938299
-0.44935487661387
-0.322134801629449
-0.459288518240859
-0.399387727048831
-0.49920668324922
-0.463760447019326
-0.540900516929946
-0.401393757785605
-0.507808141843476
-0.490638562547312
-0.423918941360072
-0.393726266314363
-0.530943356652328
-0.374262146952152
-0.502859370172265
-0.451201380370123
-0.388199036033366
-0.478333598324034
-0.540814465278705
-0.49783266302895
-0.212462154220169
-0.36773205408694
-0.414813985037546
-0.383425393288028
-0.515837349660247
-0.329184831498699
-0.550845074914972
-0.388245460918698
-0.391243176476387
-0.170975364409404
-0.420332846782659
-0.420893808714342
-0.372143445545578
-0.522363755884855
-0.441722022118399
-0.487091468469138
-0.341955456350227
-0.520252491611041
-0.493151750632699
-0.382402964624914
-0.458806272460257
-0.360237864383808
-0.443988079224089
-0.323593982565899
-0.490429130730731
-0.398407392878006
-0.492527193428754
-0.333144605240524
-0.389865160957358
-0.249936212652753
-0.415614502180465
-0.221654255172472
-0.57151258824724
-0.182892774860137
-0.287622271009688
-0.325148132438084
-0.371182975792224
-0.283634185811702
-0.276516915715879
-0.500308916911077
-0.280357409720904
-0.340985169331948
-0.311865807787825
-0.46559212629578
-0.241414397528643
-0.509151085122208
-0.324555282583644
-0.387452407888962
-0.311091642383582
-0.522349854189162
-0.216016312304038
-0.28717276725353
-0.173720863285385
-0.357479717319288
-0.238654608924569
-0.357237305583063
-0.261036737225041
-0.246660880302983
-0.317259714580804
-0.387629778465424
-0.193867485071749
-0.162442076573546
-0.325102153886566
-0.337287774414929
-0.362662627525194
-0.305031731108643
-0.201376813361268
-0.193437459687927
-0.231604756053894
-0.314875834389289
-0.141454267636026
-0.324266275085136
-0.231209162693106
-0.282026631805771
-0.293721129360271
-0.257419994905461
-0.223946103526932
-0.384895543145716
-0.247427477996702
-0.377656424667888
-0.299780821034852
-0.257547567874447
-0.326994694516107
-0.175989501074338
-0.316444725476531
-0.309567650633813
-0.167055034402141
-0.139158094638283
-0.395555759083726
-0.198484976376809
-0.289603949854635
-0.226292558044942
-0.273570806388101
-0.263658763178909
-0.295212445576856
-0.278745761626272
-0.127626720810257
-0.198556035934572
-0.390577439480477
-0.171168547479972
-0.224555595229848
-0.153892668924772
-0.168652161531977
-0.316931687703197
-0.167999548515748
-0.305704714381763
-0.187358712208504
-0.197946513971845
-0.330248242242973
-0.236245218219387
-0.245578071523407
-0.124086467168124
-0.271041014485762
-0.26258832640527
-0.319050030075318
-0.124137738173667
-0.0774685996979223
-0.0214052706139607
-0.186464028825865
-0.154366098683407
-0.326971294519513
-0.31455034025371
-0.146404813503256
-0.129884968832973
-0.0885950483314266
-0.249096815768852
-0.186286495309629
-0.0659478380708073
-0.12200216832743
-0.265084549536396
-0.150509741694192
-0.229724678912988
-0.130431769925022
-0.00187043434020329
-0.107594679760401
-0.143204794232491
-0.109987361498334
-0.118002372471923
-0.0936131259047402
-0.136364192352936
-0.119844204970589
-0.181463254139996
-0.0404813364893336
-0.114927387875611
-0.109724589903798
-0.261046348060463
-0.0475099803667991
-0.156216562449309
-0.16974697598227
-0.167961400622095
-0.103424477645262
-0.172206747126849
-0.320994000591549
-0.0877892236252818
-0.0332145021585124
-0.211452565997328
-0.210380541701194
-0.213294289092344
-0.0754802427395387
-0.059454459298785
-0.27083019446381
0.0316310225624252
-0.0448140855438978
-0.0257720201005573
-0.239407476962108
-0.0869479300831675
-0.213922675125765
-0.0816449824236876
-0.218495163653943
-0.107911597828935
-0.00246189435476879
-0.105172118504374
-0.256763185799253
-0.0673610331367738
-0.0310842112159997
-0.0155599902203736
-0.13355156895357
-0.160869421158462
-0.00600682875482313
-0.143702461841068
-0.144421119133346
-0.112772034451836
0.0343286561605268
-0.0981349380091041
-0.0647352244066053
-0.116354776734176
-0.0478158082066787
-0.19117114410886
0.0348159919099376
-0.014960785609591
0.0384475277911688
-0.0873377209067371
-0.164390275840101
-0.0325691822318087
0.021385757833303
-0.0689168446851137
-0.171860803077517
0.186275015220397
-0.0870885399962072
-0.014972898663352
-0.161436973443846
-0.0523579689335912
0.0762724301653458
0.0511011417085499
-0.0674125872309851
-0.0660968750173597
-0.0033459180753105
0.0300973602216583
0.0449377764202557
0.0241566901912089
-0.110311159045068
-0.0120845285303363
-0.0173503564595781
0.0645953184733014
-0.0566069114579791
0.0243385515308373
0.0300340740281024
-0.0584078318246357
0.102688144807128
-0.0166823988757512
0.138689026991199
0.12431070034704
-0.0362933734548026
0.0545132190273436
0.118992573927601
0.0877810433614935
-0.0216573205375807
0.0240415066825452
0.0565069038255254
0.11187532202144
-0.101603032463563
-0.0291676348594846
0.040447437389939
0.0973154271585267
-0.0164642152602851
0.0726224274151788
0.0408272720046312
0.136627225961446
-0.0562135547225634
0.0814420516860927
-0.0104721173899673
0.167715274347683
0.167194973809161
0.0681555516868047
0.0434681219712458
-0.0838501178973513
0.13689459607157
0.0263812037454932
0.149619979523032
0.118002601948063
0.0990448418681346
0.0613918837669962
-0.0194208861739901
0.1563808188147
0.176989501931297
0.151423968607801
0.10690751776632
0.0760473811209819
0.269771852168678
0.00124319758296391
0.161513541176205
0.196557591844343
0.109124592680566
0.235249469089237
0.0613195601954429
0.258646339978847
0.123823098344726
0.0216101478385166
0.199940921916625
0.0892155879467245
0.132787479293084
0.330914112259657
0.0472830804996612
0.133697588024031
0.288099236086172
0.00515424553623822
-0.00433912147400305
0.107169699768064
-0.0546935857867767
0.213609451050606
0.211701687471963
0.144677072250105
0.0197050521069349
0.249453055578498
0.165508640836264
0.125345656103821
0.170819383063547
0.198909013003978
-0.0507526469044058
0.165169506964464
-0.106202664377073
0.0829978358919674
0.199824307638854
0.241351691686615
0.241568953233131
0.33730229630014
0.175617561901933
0.323775873338135
0.204044720070511
0.198066238395846
0.168369719697266
0.175996921666774
0.122143727315327
0.10261732556325
0.167873156429744
0.19804914409646
0.21171105750085
0.259108736645988
0.217339816727636
0.165665516576444
0.245908229742711
0.109917010599863
0.269554360381445
0.253418708314864
0.276574003934221
0.284259313270848
0.172541195097316
0.361911069164052
0.177225225883803
0.372685989202727
0.315736603655619
0.0838147485508861
0.210320127796588
0.435385613754086
0.224459694226525
0.362848878365214
0.107127879549948
0.183063485234043
0.354200745391231
0.229012946980129
0.228479511902058
0.324222052025146
0.231813583956262
0.226751374954128
0.325284102732684
0.222096191026499
0.201027250639727
0.301710890102838
0.386926051386336
0.328194381940065
0.201698917360974
0.183954688008979
0.271904348659097
0.25201890769731
0.346091077521866
0.230824094138105
0.302092224300215
0.201529532933759
0.210039445816127
0.165881038832695
0.323612446434656
0.332135941317543
0.353770112176331
0.250836951375797
0.104549943798462
0.299565178656007
0.348539546679765
0.223106799604912
0.448160610566443
0.272423439484713
0.363068449611207
0.259404198381723
0.299086244516386
0.270760193803933
0.293356371344435
0.305255366835602
0.16064152641603
0.219955521634751
0.523172840429798
0.352674830570213
0.293948429329227
0.426526287606745
0.269367737619508
0.370950736579183
0.194589213300413
0.249539468000376
0.427109234858661
0.311543348714682
0.185951067256657
0.378229763874271
0.219880059105528
0.308851332496138
0.328948619013776
0.31650113756501
0.326232323756278
0.277882913097017
0.28121335048029
0.245872507867439
0.290107347349677
0.325659421991936
0.379900974465554
0.337688788271646
0.343264514821869
0.184491553724131
0.346388586835915
0.300005550191361
0.439748735270864
0.342369282679479
0.302428923437747
0.379743667186551
0.343571984561568
0.289127772372068
0.388883137321445
0.459453834481207
0.446780986049136
0.5230542217299
0.346676661738611
0.285905491920994
0.608595738051674
0.319255292994628
0.32623642579329
0.517337803517174
0.423744911066428
0.345756045471404
0.373980171650423
0.397561659909743
0.476134813502505
0.389618721458031
0.390075936742836
0.329058309294952
0.226403566129973
0.405630870945861
0.407138847724838
0.327404601604474
0.548004659823606
0.393060073605286
0.452317095460161
0.46197863313249
0.456767782548479
0.495482056651029
0.383892480851734
0.454818951653218
0.357665866878694
0.352516792865672
0.362000442483008
0.423496275064708
0.35874235449381
0.455800418598755
0.434510388921701
0.456765299766069
0.447189493224825
0.343809294538334
0.254514247420753
0.591223877213053
0.466344565045213
0.554991313462178
0.484488530228054
0.506546332056137
0.489705848112831
0.426841551353524
0.505291862915208
0.470752592959786
0.394367219863246
0.419713684281406
0.496798523193126
0.432692779832512
0.452130872425739
0.466576414633235
0.491233644196264
0.579074907917609
0.516019334689976
0.508754792785053
0.569209255291076
0.471853590733865
0.595796805609271
0.346445876758984
0.41926130408402
0.677111777665855
0.540244933374905
0.488004268860043
0.434722982945111
0.591360566420178
0.518060431081602
0.451785764846019
0.473337229119466
0.549441289427927
0.626984345515943
0.516831816687715
0.429592750567925
0.543998401318608
0.48663769903404
0.480144037329407
0.767262667116594
0.456555385580068
0.597154336222773
0.600017029009909
0.534234901102134
0.580604384271254
0.608476099180198
0.639942188712284
0.61695298359075
0.707000891276189
0.541847831402401
0.586223038458249
0.591736425921095
0.450858940232665
0.506207829105864
0.600179727420944
0.720103728458858
0.536028927647827
0.629231116435971
0.607752535377466
0.48338420845598
0.56175929276919
0.525795311079189
0.646620907374082
0.649865458543405
0.54328936330265
0.472092132729565
0.670811798793073
0.677390657138447
0.603264829931781
0.674868014197134
0.752494403828411
0.603176898996344
0.603452288648812
0.692631520866497
0.692189875602046
0.625492666647491
0.576913352650984
0.619098551663256
0.554510974953524
0.563301197152198
0.667421831889547
0.573634166679368
0.654118270260153
0.542642802428259
0.539284364478272
0.699237435736086
0.594279615851164
0.566264903488302
0.784502873198894
0.423828325705458
0.570819753849578
0.631327959256041
0.693021693769735
0.591683421379577
0.659930982434688
0.674283073074874
0.567865962371338
0.716880633976462
0.617272396105179
0.765119979200022
0.645459999486889
0.543417112834223
0.74967514807411
0.704091815264618
0.631544609390471
0.755108598724477
0.736553429471134
0.505453368927953
0.851481615559041
0.645500927472662
0.754268417703512
0.76180931252147
0.578775585688936
0.808208322643982
0.768305961035576
0.64377369169385
0.790441486062263
0.656797495874197
0.530756783894959
0.681044763556057
0.599455382592355
0.806016093555025
0.722435205880638
0.59173719554973
0.641433193282642
0.62793382765444
0.842954997563282
0.80160027834455
0.728216066416
0.602643677765987
0.679641333138347
0.584484867204471
0.68899543435614
0.640717151973222
0.609669353036296
0.765868150118969
0.77177547036186
0.745331095835357
0.612974994553314
0.56614586959167
0.883579161168753
0.687996232491968
0.745500112885246
0.733939109750429
0.699251526051554
0.78628756745871
0.592148107328529
0.727491881793093
0.911352534591178
0.85615244424155
0.709275376502222
0.906572695662195
0.825790323787042
0.684771725198295
0.748076474659098
0.844994424165417
0.803444421724513
0.814558313554241
0.695474779974431
0.70763821542323
0.7806391228267
0.676265449866657
0.899490949060073
0.795697561497526
0.614692042361919
0.670367566367286
0.737278302824109
0.879621521083454
0.739467649327153
0.821250494454889
0.859871381976546
0.791727188328465
0.615475743767344
0.875351699850848
0.806423699812533
0.731068494541294
0.802643966958673
0.742235792208962
0.944086889440934
0.791732983581419
0.888656935271967
0.742896249535945
0.650325404877337
0.767940800472513
0.801533933109683
0.783380157338045
0.800709535140595
0.741967777654917
0.761964900451264
0.915048784850393
0.902301237852194
0.929615552063609
0.787258269988007
0.911337109881024
0.890661317557313
0.893169987676995
0.95947849092251
0.749793305226062
0.988552236645855
0.872600874410298
0.748112246786308
0.862009876005628
0.805853903839247
0.811531900702683
0.852900226306253
0.921614840411342
0.884793991082861
0.888872498769682
0.969355500673559
0.797474566080927
0.868311719856732
0.810848348704162
1.05108431140497
0.824392495415957
0.821433271257373
0.940475499202882
1.04831807200944
0.792159330689609
0.89856708166595
0.728772702579775
0.962558488933532
0.876548385790486
0.962005658632801
0.851875274871514
0.829651649026943
1.0438236868504
0.928635093188252
0.930946302932328
0.681780391210627
0.905689626335194
0.897462103089914
0.898955994461955
1.0764088562681
1.0266118938945
0.815388898246506
0.919684617777321
0.93814409214281
0.949267627655971
1.06950698657176
0.983519652864075
1.05640723731616
0.9652590857442
0.953558017372109
0.829985836743483
1.0126714721077
0.942499878545143
0.885302471928395
1.00521160698626
0.942215326909992
0.862251656652979
0.965564494362969
0.865402061198415
0.840254972127625
1.1276443285281
0.818959222075108
0.858375387869499
1.0084067262292
0.967188741766569
0.847280047272769
0.896515445680303
1.0036486471244
0.981721919908972
0.85538834119155
0.965168461217926
0.877690773892504
0.929413338849266
1.02021905991935
0.923628561631295
0.872937296808081
0.959303200766252
0.932119793520572
0.995685831599305
1.04539121812845
