-1.05228718510211
-0.99113764259375
-0.994971939602027
-0.933195376271631
-0.907732068210623
-1.11700130159808
-1.08282349340514
-1.1248465342762
-1.09191042912397
-1.09225780632983
-0.928862719380178
-1.02841811079401
-0.946766576175082
-0.953494476732231
-1.04932325490988
-0.998155529069886
-1.0625213154652
-0.957386819497615
-0.832597354917368
-1.07994382921916
-0.861234411294399
-0.951528204736208
-0.997462295768788
-0.910008515392343
-0.887848747925994
-0.89485120811133
-0.915565604644899
-0.836196234999923
-0.973975259233912
-0.844658473204237
-0.950624114330518
-0.771843973524433
-0.98067667829057
-0.735572317602977
-1.00485100256602
-1.02478491045712
-0.899453439000878
-0.893823516502863
-0.749548323420099
-0.838048115066454
-0.865658377432936
-1.01629578287806
-1.02575995241596
-0.742440896787794
-0.813738086996347
-1.07249080609381
-0.9003040616837
-0.790835997460992
-0.77739651318358
-0.920816669940419
-0.952659031746147
-0.973292245426453
-0.977265333922101
-0.937965210111397
-0.97750477720321
-0.947694074930946
-0.878763549409556
-1.04501608996226
-0.83452965179444
-0.90029190916252
-0.902371980660976
-0.798260638675615
-0.943094208090513
-0.896062799421463
-0.856430929105888
-0.768844729951149
-0.908161270956395
-0.87929760997932
-0.857752686276791
-0.905129510100512
-0.953203101174524
-0.827327559657217
-0.77750649923482
-0.773759008052765
-0.671042381562286
-0.786785853197229
-0.794826119118999
-0.826216510826454
-1.03465981685732
-0.861435301706807
-0.790966821101045
-0.884004702608223
-0.772527039073061
-0.770193114137205
-0.858155433568521
-0.962276739606153
-0.753062457620114
-1.01773054898546
-0.80080875814001
-0.792126493558832
-0.937276226664812
-0.910846154979799
-0.780762273065029
-0.879264782966077
-0.929178078147595
-0.816728700786625
-0.766686477034565
-0.910132430054193
-0.688222221655963
-0.78467593989456
-0.770800616652718
-0.727894952030785
-0.795729459018935
-0.912892611730406
-0.908581345274312
-0.80208202663843
-0.87559533688626
-0.774965976328947
-0.787067077659121
-0.897647497769302
-0.689357434801082
-0.732123409200216
-0.812185243210749
-0.781843891290571
-0.76765496393413
-0.77277128285152
-0.713823474822201
-0.797390367930012
-0.712798629642444
-0.803630568725686
-0.828996486966709
-0.88748407716833
-0.658291025957085
-0.715202479232679
-0.672673862382673
-0.685134826349436
-0.825032871058594
-0.91185286284246
-0.781391292775515
-0.751641483613381
-0.825496276508271
-0.670104632877468
-0.682637456645964
-0.776936749866416
-0.685329363806302
-0.702042978598501
-0.844350791456011
-0.835565838684788
-0.706724354103644
-0.642104933565878
-0.78602056201682
-0.762302623984468
-0.725686420589171
-0.798136573373695
-0.758321264871706
-0.863456287462657
-0.67913501375592
-0.755828742071647
-0.71506379363549
-0.692983340068995
-0.722898592196563
-0.727364631480167
-0.561223838506703
-0.631839787830365
-0.577435611846955
-0.612616941937447
-0.60598673473389
-0.671023287806053
-0.738965883851173
-0.670406448938716
-0.702494904275653
-0.842801739591034
-0.724997006353605
-0.590884793750544
-0.589580898863161
-0.651536967974035
-0.57138765392527
-0.868749380835979
-0.605855257243213
-0.644755298821069
-0.73244399643598
-0.739475784944021
-0.65802228336851
-0.771453915209418
-0.547303819233834
-0.589088770622959
-0.617877060674688
-0.760517424414355
-0.656255354066831
-0.504187079030092
-0.470351482108414
-0.709451161259266
-0.769468681093237
-0.485083540447822
-0.637194869046138
-0.59002964725177
-0.765298265405306
-0.645995570907296
-0.732850541788396
-0.642046156243285
-0.662406004548698
-0.599909367922509
-0.492641559519833
-0.7600922729043
-0.642491624839494
-0.595630703311612
-0.711790137858155
-0.713211872350864
-0.60520669090142
-0.719977813986354
-0.603693202768954
-0.687632254416573
-0.490291054070002
-0.660878279312338
-0.659026473534796
-0.636553230856374
-0.452048311560726
-0.619404212786428
-0.692994622900366
-0.671932190030634
-0.623357463058808
-0.542714343239928
-0.542500328050777
-0.542933527024622
-0.638249457743975
-0.634341987011878
-0.579735265381824
-0.527156798166604
-0.46782053595007
-0.598812791612889
-0.617117399646224
-0.697175967191377
-0.391371409912645
-0.475141935243803
-0.511253226439898
-0.583970771446752
-0.550124145988425
-0.577032497959166
-0.415820482444061
-0.68462723384922
-0.648733806667728
-0.598463106079778
-0.441740639311259
-0.424286120680974
-0.434910484242006
-0.668043951124106
-0.279096739128788
-0.512107121338767
-0.521958540824588
-0.477516514008849
-0.559614176336701
-0.569970781623839
-0.39288406791954
-0.467306086074862
-0.532378749371499
-0.474083472670264
-0.533790430821225
-0.416522305439332
-0.377447177316199
-0.626189043530775
-0.577639745102653
-0.562239835216033
-0.527310009071071
-0.566663674807447
-0.479482136927928
-0.38298392776346
-0.53664125224357
-0.464796611677253
-0.571017532537869
-0.591445862629202
-0.289728750425834
-0.417055321394213
-0.42218257609665
-0.64238025735576
-0.432295186970361
-0.325207530202047
-0.452670394810934
-0.405570751554
-0.481021483845271
-0.472691544773949
-0.554784649001105
-0.393978192006492
-0.497063876408224
-0.501082536232517
-0.40754795257542
-0.408086049696349
-0.532791391939568
-0.356489811235946
-0.495527845333535
-0.437791609084122
-0.407076392927331
-0.468169542618644
-0.553260293742942
-0.472882732259521
-0.225651577422255
-0.372269819315415
-0.387209066803232
-0.378875590841617
-0.521033779425085
-0.308622392788737
-0.571645356151022
-0.401441060224495
-0.401996449159326
-0.187706820654505
-0.440642260222853
-0.401534929215896
-0.380341179930091
-0.51771276541798
-0.444401892724203
-0.480076271564417
-0.327977426640749
-0.51416429776853
-0.521578452015406
-0.378708969261564
-0.471619930966634
-0.368917040052122
-0.427227665715037
-0.335269213935688
-0.48522227480712
-0.395378919528523
-0.482776824671598
-0.345021090438893
-0.378164473499199
-0.249511398922544
-0.435959121470907
-0.222959335229916
-0.543363336829126
-0.146875869866796
-0.281502111841219
-0.339646971254702
-0.350088781654995
-0.284100585353114
-0.264129725729071
-0.490681475348604
-0.279348580590469
-0.368415636054273
-0.28822396346529
-0.480246455554372
-0.260265353014035
-0.480365188301803
-0.343754991771049
-0.387048005275758
-0.316445341543164
-0.510077452469161
-0.207364992454267
-0.298750087624293
-0.184247440105034
-0.362414829547504
-0.21693896824492
-0.316046951296277
-0.270377801025983
-0.24272897894011
-0.316116734732524
-0.363921937141176
-0.190942336179763
-0.164783584610216
-0.320897360840011
-0.356073744104321
-0.360653073559166
-0.330384891837118
-0.203216812856652
-0.224403504888183
-0.223090791280377
-0.329668001162025
-0.162262037090316
-0.321881184229364
-0.24990425875772
-0.263015243541587
-0.285887224690007
-0.273441827076736
-0.2149384872099
-0.381989841885221
-0.23254605901494
-0.382201881375665
-0.297344460239567
-0.264579448699743
-0.326303870231209
-0.16218183109005
-0.310800765291985
-0.294919239354418
-0.174543377970747
-0.144269436163149
-0.392555581913827
-0.219509201361444
-0.260748718529896
-0.225706490430315
-0.280468687908684
-0.256817516820326
-0.299845189573562
-0.264706409580483
-0.155892433346183
-0.206356249289731
-0.394812170035165
-0.164489412410448
-0.209859958109813
-0.154674758013507
-0.181093486457915
-0.301821151680821
-0.15568392344248
-0.326252372371488
-0.180645498202811
-0.216085663805411
-0.314813922225152
-0.242371678413131
-0.244035688866715
-0.121084376313782
-0.271238194286996
-0.244801216961383
-0.313929775053357
-0.114763817194254
-0.085847355159953
-0.00951515698667519
-0.19525253918556
-0.140089811508916
-0.327627575480682
-0.297816089823749
-0.147582345810526
-0.118382956875863
-0.0619072409124981
-0.229283206963886
-0.209659570761339
-0.0881596009644957
-0.137035439302793
-0.284963415564304
-0.150529937297857
-0.2357115585209
-0.128182295997123
-0.0119776179463128
-0.125052347635064
-0.115634692025149
-0.077308608996865
-0.113053856405413
-0.0906152514424751
-0.128849724490483
-0.100707613456541
-0.161930645176303
-0.0395590397701832
-0.111331255112031
-0.114911658380648
-0.265455026068694
-0.0246073614331958
-0.154934924221469
-0.172898425629586
-0.184348857420696
-0.094647334152978
-0.164103146515055
-0.317248536004828
-0.105503694469075
-0.0264924293498094
-0.218040601464031
-0.194640484257858
-0.200197288960402
-0.084446189906361
-0.0626573915531643
-0.254629926211217
0.0156393747822892
-0.0395628593080955
0.001283290625804
-0.260491387624862
-0.0732721989645769
-0.226223093743904
-0.107275202352134
-0.220184545870262
-0.128680622659219
0.00382488961302238
-0.100395489775282
-0.238084446832802
-0.0742784674968118
-0.0114768957201305
-0.0131850314351003
-0.150366652563173
-0.140684354646353
0.018694712231101
-0.148269117184366
-0.131365997489279
-0.106716150262138
0.0406758836255431
-0.070261239267749
-0.0732594604347402
-0.131334493599634
-0.0432351556465631
-0.204648220553432
0.0318617324486762
-0.016388006498914
0.0256243612907421
-0.0764286987898381
-0.175956196725223
-0.0215145371527313
0.00961539067434884
-0.0757892725548331
-0.158113750634361
0.18251150789114
-0.0852236201835444
-0.00550350539045012
-0.171393042634537
-0.0471760714871028
0.0709649508950178
0.0228465014417369
-0.0620211178518156
-0.047584014734654
0.000758207661765963
0.0311668649044045
0.0349351971555297
0.0248070365265895
-0.0730035918163299
-0.00630431954849296
0.000192766692662761
0.0808012036058862
-0.061909723336256
0.0262807187869249
0.0293106534793598
-0.0700739830734531
0.111715764377518
-0.0535348621436393
0.128983739616592
0.112486504136101
-0.0321760967079918
0.0567260898720316
0.105566537331277
0.053558116116808
-0.00723851802221156
0.0152046843819202
0.0624673553172171
0.108677726221123
-0.102814225921133
-0.0373594711575069
0.0574525421654182
0.0937336038575325
-0.00245210681347064
0.0940612305127723
0.0539829043210898
0.113417741308126
-0.0751030971801268
0.0726527208575014
-0.00425425985637143
0.16161300064715
0.151454931227387
0.0703259247736661
0.0445250196826558
-0.0908326957646963
0.13125855847894
0.0618560001753832
0.147488081194928
0.0876048953633532
0.0828284483624024
0.0640508801381947
-0.0245683201576977
0.161810204476323
0.200227862128557
0.120901852280312
0.115391706320669
0.100887028370028
0.268025440851429
0.00426299471602792
0.141275726522598
0.180491178455661
0.126169736342898
0.249194808106075
0.0600432385344926
0.258957810348803
0.107582768913886
0.029852370147459
0.212726312319734
0.0846819886729898
0.144408075202679
0.332409004634931
0.0588221560515356
0.114005354380167
0.296494898392793
0.0309568264044792
0.00946322416594109
0.113108030729243
-0.0244723597100502
0.20847041252946
0.207730089476353
0.128949375575027
0.0438246103054429
0.243943476590996
0.172726768410156
0.121593357804658
0.182861027232068
0.192033934784328
-0.0302953175159012
0.15830965009139
-0.112409685295728
0.0800924681537579
0.199847257857016
0.199930814936322
0.231347791498973
0.344076167672873
0.20860824403769
0.333217053779621
0.219448783731518
0.177710152219104
0.159613514904631
0.205571341540659
0.124233258357821
0.112483282734302
0.155427626911762
0.203182771095627
0.20557490556791
0.2555453264634
0.191841452808985
0.188941374450789
0.223892500708944
0.0972112929493624
0.273764881786841
0.249572302357553
0.279719128402068
0.259573333735895
0.162484088624878
0.353513278932475
0.148790529280967
0.370717548608209
0.311382711445263
0.0924315655339589
0.21902739485329
0.409918655981288
0.202093714542275
0.384353969839131
0.109014988433044
0.220394011567083
0.354840593588622
0.24030284213655
0.196186017593765
0.301653780725959
0.21046036764271
0.219267818426168
0.309308826271395
0.20688112514918
0.207694899202188
0.289632900761036
0.37684801331056
0.326781815852742
0.195252601495022
0.179719091565696
0.264022113968123
0.250173242955889
0.326305018531301
0.240277379094725
0.285007055217628
0.205234286878431
0.209761386317515
0.187958618925577
0.309355472340627
0.329680121534233
0.326674865606039
0.257671624036652
0.110510567299262
0.302779574433972
0.360054356083904
0.244191712644664
0.425022647094598
0.278210810036301
0.371559841369402
0.263835040223751
0.280955443384725
0.289997992154918
0.276495519911676
0.320948780468919
0.160172875935926
0.223199452053488
0.531695816742211
0.34687415066503
0.3033170757297
0.412513567765174
0.27319646637798
0.383702806274747
0.186589380699232
0.246215266729364
0.450653938950999
0.327377475943456
0.19647090752286
0.375152515398512
0.226214116251775
0.288162945567363
0.317425623173792
0.331496896057526
0.326213596634917
0.313756700863406
0.277005757495248
0.272650526215841
0.294187675674791
0.304042671268905
0.380562670483541
0.341221369923104
0.355466398377912
0.194065144978746
0.354317406315943
0.30368412386049
0.461754410207171
0.343160590337363
0.313465135648962
0.377948611769693
0.348921118693268
0.285224640040703
0.384283148526159
0.458608826212285
0.434293752680612
0.508953944768536
0.346500600738396
0.278183707065435
0.62186132221821
0.347381199252341
0.320150526988783
0.488919185044162
0.409481716743819
0.331494558334389
0.373207617502832
0.392676118002837
0.495091611410517
0.385742649896911
0.410705181785418
0.32356222055422
0.226713144487297
0.372892749961096
0.415936259732057
0.341319680351107
0.585216106511069
0.389896516217504
0.449888931133624
0.449031379803947
0.428224333137039
0.486258692922294
0.394844789138362
0.45712263075234
0.346832960491858
0.358374200142479
0.365323488168051
0.398166524308094
0.365180823810098
0.451714848279523
0.470746879987223
0.450063683562101
0.455856198188377
0.354228598377578
0.24732957726681
0.583623740229591
0.461073864900028
0.552790935925651
0.461609245755033
0.500419863932477
0.476014656473345
0.437637982935013
0.475953800297047
0.459503880783616
0.395902555023813
0.423563714636476
0.492432554257071
0.409367472396452
0.463707961024513
0.481118014048281
0.498058495903502
0.555442907203187
0.517234079591178
0.493518999925457
0.544901145409708
0.453014928939208
0.591219274275411
0.328540570837351
0.435487435486133
0.686289117207717
0.547027236948125
0.480486308834083
0.453255278573753
0.605310895497886
0.531875799868686
0.450859408730732
0.478679313959773
0.557339101317505
0.61858542233132
0.508588649362762
0.426540146702032
0.548657293194818
0.503877766258351
0.472207571764783
0.747841696910835
0.460468712003889
0.589006068906478
0.601787811313038
0.539029862478272
0.583188016228585
0.601247865656149
0.637782222342897
0.606062354459928
0.69861677840741
0.55404712334063
0.590193553224093
0.58718136821376
0.466501079706194
0.516415843794491
0.602491850955311
0.708478370233437
0.530493786534255
0.631956336400316
0.603304039963266
0.455093714447103
0.593730794688505
0.525493999025907
0.641615599298073
0.618439156940336
0.558159776030521
0.490074173680827
0.66610420806982
0.666449934665162
0.610385140091613
0.677346489566311
0.762814039367126
0.609209809599959
0.577222494488489
0.706528034430487
0.665072307571971
0.607053169312293
0.57968126272057
0.614799075644125
0.558931365546421
0.568658826483466
0.651441675739441
0.570477458361834
0.659997177650673
0.550711890846074
0.521457655903014
0.713553751566021
0.570709389345801
0.562707420567946
0.784743698844404
0.421109075698059
0.580912370910952
0.656462186554136
0.707711593674699
0.590831871789365
0.656909892678914
0.668499157791171
0.572224763945346
0.722074672109491
0.626850936929516
0.769743218230004
0.626714276831411
0.554155918705989
0.735214783636488
0.740008609372171
0.636852603901209
0.748372723439765
0.761634475530959
0.500991593949082
0.817010255744147
0.648298751587916
0.731010580895274
0.776374346713117
0.587859382589601
0.794256072515739
0.781381635509845
0.663128143884098
0.782906393507868
0.643296262727217
0.52002945885209
0.688539365864013
0.624042772301504
0.794538444481994
0.731797105936468
0.581890539936804
0.630645873706833
0.615556839584407
0.819382863966734
0.807565472813659
0.735623558030647
0.625675906306438
0.669906721036433
0.598249979192959
0.673338040286726
0.625712868087467
0.600361119670505
0.744469829724035
0.759598903203985
0.751295469027
0.634823712841214
0.559184200833876
0.878854468189467
0.69952250350859
0.771806417491811
0.718308995281699
0.690782705479127
0.769226396622238
0.592299031716109
0.705569239109528
0.915501555903627
0.877268893749416
0.722046746092085
0.898165795921829
0.817785881478332
0.686119779602601
0.74411110693778
0.846270396318075
0.801600542139812
0.826162763652054
0.679310573320286
0.715676164788432
0.751223817755075
0.67825665664387
0.882527478592754
0.818986429895358
0.605954385106737
0.684771244432406
0.742776890363712
0.867357405275026
0.739068200963835
0.814210817280321
0.858294261542255
0.807004851739713
0.605858043204057
0.872439732849684
0.793980505825751
0.737521474291903
0.820878985538591
0.735649058946457
0.934507391316244
0.789582231916421
0.898689651432679
0.756634015058657
0.670250133343603
0.760555157274813
0.781581987309064
0.7678210854985
0.798600370018109
0.741285221056796
0.761760998852231
0.908834204735689
0.890481255887323
0.928867906957996
0.791897400977894
0.915486359038791
0.878497663062585
0.891978939093162
0.965066215132394
0.76358053755181
0.993484032662735
0.891542735870877
0.735477614676212
0.869276377386594
0.783956564114256
0.813737889687737
0.852445546360863
0.934750456064667
0.903322284459051
0.896868255115071
0.95604854986126
0.795471331250108
0.852653977461726
0.786319586754227
1.05371961697545
0.823747164051945
0.800856536378813
0.935898683314308
1.04786768871903
0.789302475326821
0.89280220582133
0.703591086884616
0.975449729993048
0.871474187667426
0.960769961212143
0.837777957181846
0.832345031276244
1.04788209535515
0.916394657840101
0.927887954819291
0.686370560629712
0.908605859489132
0.91439829512211
0.898273719006092
1.07755932624838
1.03642764915461
0.835792540078219
0.902336120803851
0.913044128789999
0.927697054485614
1.07662140087806
0.986991898699813
1.07305230625196
0.964887692786054
0.954260377348518
0.813331843501373
1.01180068978407
0.93082022054815
0.878561039987483
1.01252104190385
0.966768083228159
0.859250253889113
0.964450584965814
0.866970117300115
0.840986961039303
1.12578799390271
0.828179257917164
0.875206276638649
1.02164895981261
0.960245450186587
0.832528855323768
0.885433076613491
1.00885574963001
0.981302384488724
0.851069543015089
0.947941578980282
0.871499072372185
0.922817676461147
1.01462521015824
0.931810581847104
0.893325445720747
0.955542032118707
0.929833897777777
0.989571199711661
1.04729137890867
