-1.09640685750404
-0.956747331279846
-0.901241969973191
-0.99741191788431
-0.9487865009046
-1.09161092058006
-0.981596677967773
-0.980259210949914
-1.11790397557944
-0.886351804907791
-0.914531208706341
-1.05900061936148
-1.0826526576942
-0.973766962012794
-0.995617360108629
-1.04010339718417
-1.03453996783372
-0.944969292710184
-0.883852263514767
-0.974919734601445
-0.835544329728165
-0.926233365833209
-0.867672612728993
-0.906533451347077
-0.892047411354508
-0.998445777699086
-0.909314714379988
-1.0508452232001
-0.965844956866443
-0.936309353056442
-0.805131410135679
-0.847699981108808
-1.17475608768231
-0.890785152419603
-1.01836453417896
-0.939247968799676
-1.00870175530508
-0.913081216490218
-1.12456564165684
-0.932575625936654
-0.795633618866967
-0.941344817319647
-0.946213336845337
-1.00000686905373
-0.893016003398313
-0.909232294316305
-0.860345963197097
-0.931243280831903
-0.893475533542775
-0.956207879990108
-0.974179945761042
-0.86424796653339
-0.848657249126048
-0.825704361743096
-0.770987081425239
-0.803588885483173
-1.04493914012301
-0.768372642354923
-0.776768617919055
-0.730261892283043
-0.992516092065339
-0.802100646213447
-0.904493999437115
-0.80017015675201
-0.866204217706917
-1.02718532065906
-0.77718186680861
-0.827933276029414
-0.768284515826721
-0.710989852001201
-0.705007263962101
-0.759876150384693
-0.854386811722401
-0.983994995028994
-0.772810635073357
-0.901234499596973
-0.813525023433467
-0.95868314738455
-0.791593324105306
-0.868247287040847
-0.792443821668779
-0.819292479013308
-0.953128911718865
-0.801211926137692
-0.779216338136947
-0.769244968974894
-1.04885169936
-0.888192295568872
-0.884927788007604
-0.749518441459979
-0.648899635451825
-0.65073043734611
-0.775101471444548
-0.913728269898011
-0.762057704320689
-0.772211699459549
-0.899551631683582
-0.858646108183602
-0.795085256274979
-0.80597980790109
-0.835798183912075
-0.803611852675481
-0.815578557805369
-0.843991643412893
-0.776699797468771
-0.703858047537342
-0.861775462612943
-0.709592270026514
-0.743291948076481
-0.796592889096616
-0.621707448790267
-0.966271783213506
-0.701219739125282
-0.822554335324198
-0.768199999843253
-0.787483700421682
-0.857974364159717
-0.69671875957709
-0.724461356461661
-0.7102830995365
-0.77525638467937
-0.780645455267502
-0.792708027184859
-0.654268710580649
-0.705539481756788
-0.78374381281255
-0.556116048413792
-0.698007531449745
-0.797719682120241
-0.733744791148919
-0.526271258221585
-0.673818974445639
-0.790993974945942
-0.794659444065178
-0.657515488164449
-0.709736653761864
-0.664484039004242
-0.590870510667142
-0.687065275130352
-0.868503900542595
-0.733583063606763
-0.691923344174127
-0.61082889189666
-0.657677514246553
-0.667306133599844
-0.652703349981398
-0.620512002294647
-0.695515915289318
-0.809746724970875
-0.689703247239149
-0.766768454323528
-0.742288874760782
-0.66633779239157
-0.778603731424389
-0.537718809213767
-0.635899674910223
-0.756633510202065
-0.726354901581663
-0.645116892116026
-0.731863910043156
-0.780503627460268
-0.548047586118395
-0.669268064392602
-0.598115163460145
-0.820824149883824
-0.664570031629784
-0.663385130375376
-0.610138292712821
-0.655011403232204
-0.75454759163645
-0.721755899951918
-0.552089207994987
-0.669993866702741
-0.655094942953401
-0.459466513705328
-0.732632759390255
-0.583319892663594
-0.714285203693024
-0.534897266307105
-0.527168382188443
-0.581996919871131
-0.757359901490446
-0.534162787532146
-0.568583776293937
-0.587203921699784
-0.527337225656646
-0.712898094402866
-0.711312271079353
-0.67018006262387
-0.745919949483309
-0.669699558303832
-0.7585487314959
-0.571332875777961
-0.631868304112871
-0.42631068984423
-0.539041191647005
-0.623561334551792
-0.602214143045917
-0.57561276380126
-0.625588644137793
-0.588613838999119
-0.625537508693202
-0.640372152791054
-0.509782603906703
-0.405023151552583
-0.544751529647666
-0.694620877393899
-0.449676509726484
-0.553051283736415
-0.490214604413978
-0.584825921062113
-0.700771234631298
-0.569217597784566
-0.551084264542613
-0.600507597963129
-0.425503488779218
-0.442673884439788
-0.538003698923848
-0.650009795616018
-0.665118139189749
-0.648092500355402
-0.59240735160197
-0.635367068765357
-0.643412395047414
-0.567211884057452
-0.517258287953119
-0.653968210150184
-0.620929480476075
-0.576166230629104
-0.593554041617456
-0.67530793693145
-0.586189840419506
-0.510802211341237
-0.373054596409884
-0.618331341930829
-0.566973014630503
-0.264023966835849
-0.534242126280336
-0.45874119380015
-0.588294459435411
-0.601173440848525
-0.816808018138039
-0.50145718743612
-0.513444124781074
-0.522952253716343
-0.574436337178902
-0.494356914490833
-0.490062215818775
-0.496248828338246
-0.520986238095039
-0.425581745418159
-0.376202306055092
-0.572543213541451
-0.52897684890629
-0.401420519890565
-0.444110179187938
-0.491749520092295
-0.377911992007707
-0.465904737233464
-0.537567783379736
-0.479910578173069
-0.623845313081672
-0.476395659554614
-0.433155266975604
-0.470309645975813
-0.412932523730952
-0.568143595995393
-0.601950850183536
-0.331489950065122
-0.398096736968987
-0.394558896796812
-0.36182014614915
-0.421462570383326
-0.439994345341339
-0.37289595562546
-0.51314854855296
-0.440661082374753
-0.649775290591058
-0.515459815006227
-0.533488283262784
-0.478502151734314
-0.446884550522705
-0.416853581972132
-0.43203976123376
-0.48567057279936
-0.268443765509933
-0.347279288607092
-0.470125823780193
-0.439856661814234
-0.318556182823526
-0.400700881309622
-0.478921160201153
-0.275515426875289
-0.45833573350373
-0.378938137110687
-0.308518091184782
-0.428699742752427
-0.303953190322345
-0.39911646286279
-0.329422553821766
-0.367784050066317
-0.425726832384615
-0.376393047093611
-0.232382505168138
-0.184675701855229
-0.421723164747566
-0.362681033927242
-0.37037203974992
-0.407463881175848
-0.447617461597935
-0.31278175350828
-0.40424058426875
-0.175747999400804
-0.348776388636834
-0.2574167968664
-0.550009095143469
-0.360261373469763
-0.338547610136617
-0.439604494186873
-0.256817580904094
-0.366979533941056
-0.360313818531531
-0.342056642817218
-0.316578097608957
-0.344998811173703
-0.407975298167059
-0.38173284136612
-0.429422501986554
-0.317706755817505
-0.284619626111649
-0.379460535557806
-0.449543301863904
-0.358817800084515
-0.366420950030457
-0.372548496493368
-0.310638400233781
-0.436628414091637
-0.282924801013124
-0.277136977531204
-0.267118873117182
-0.33643633698969
-0.348339185442698
-0.431115389514345
-0.367921302158409
-0.39099663918205
-0.284331486352898
-0.352998218761403
-0.195344785026174
-0.229244006027829
-0.237526744252017
-0.375221928043246
-0.22061930618597
-0.204456064484738
-0.348207227697726
-0.3021346568463
-0.181230842741215
-0.229507250776565
-0.181752322996991
-0.413351843367818
-0.182464072943891
-0.226280077219803
-0.306250572003756
-0.214504876776363
-0.15449341676583
-0.309535133535168
-0.261669084213925
-0.210529367208339
-0.208579404470864
-0.385178157326452
-0.312958911431351
-0.231414751862388
-0.424563188839115
-0.305134707098006
-0.246356518319728
-0.415374264444532
-0.146397415269124
-0.255949896148258
-0.138079565566504
-0.192431071845757
-0.329464193098983
-0.278827008381633
-0.23371142870374
-0.320054457529503
-0.306701779047051
-0.214083344373204
-0.247753674299625
-0.332543352446857
-0.203989300199855
-0.317466831280147
-0.0988783621436975
-0.23838259565522
-0.214727817845744
-0.184545365551797
-0.0738157722323748
-0.105201632143125
-0.102962748155981
-0.0896277828463731
-0.310096841451472
-0.166449692922282
-0.30387709440547
-0.345549983079685
-0.118071765942371
-0.272935849239672
-0.0969369305382259
-0.191324728814884
-0.182145470299657
-0.193580579776362
-0.0985313441404512
-0.136412422054302
-0.282486797602814
-0.221414831834472
-0.11957520741353
-0.0602979516121035
-0.153837361170778
-0.212260104952519
-0.0981308138423971
-0.171380980629614
-0.260842587157675
-0.16379094636153
-0.139920696049276
-0.166023793788278
-0.252176909320687
-0.110041861662898
-0.145077208874651
-0.272133968347049
-0.0639368099068356
-0.135977297701755
-0.256117609490161
-0.195413307675098
-0.16564750742134
-0.127213350706698
-0.191179399446243
-0.113361289243603
-0.203758572269389
-0.177560065167493
-0.0475585548297735
0.00806045214092974
-0.11829212178155
-0.0366325924172264
-0.263578166907408
-0.152344526041313
-0.219983336596877
-0.119512566258623
-0.114496743023409
-0.224477426360416
-0.0241998352728786
-0.0299514277121181
-0.205372011555336
-0.253446694033345
-0.308104589013589
-0.0936685411549806
-0.101094206245494
-0.194538475255957
0.0341153811594284
-0.0480762655986445
-0.120373756672249
-0.0863119419277043
-0.0241400882726135
-0.135324922364488
-0.145821325282666
-0.116927822948713
0.00736177219586654
-0.0438379335864926
-0.0785387329082089
-0.0755756089020227
-0.00960027093753362
-0.0571235468185285
0.0925737560783334
-0.218863285466484
-0.222077255547395
-0.0852268337314058
0.0387135565595418
-0.127139997402871
-0.0669857641759325
-0.0971466239152051
-0.0760547910512332
-0.0951858659491431
0.00765052352381232
0.0850037516980115
-0.197014611307865
0.0544216541792486
-0.181698254088975
-0.0844443655604044
-0.204793690867587
-0.0223323635620402
0.0885890653634992
-0.0806098794130355
-0.0872454783197886
-0.00560019420188703
-0.0291014934578358
-0.0142089265005968
-0.0353804916522246
-0.115372938013264
-0.0291863196596152
0.103334276447359
0.15450282099465
-0.137180822935619
0.0232177697112983
-0.0183812770443884
0.152882422401981
0.055505467129864
-0.0227191487538645
-0.127875131269068
0.0839237197809644
-0.0243308709313095
0.0786796084876073
-0.0438155309964971
-0.0260415359235589
-0.0721662929655509
-0.0646972452515738
-0.162024235707575
-0.154604769083429
-0.0155787780881098
0.0069473537189558
0.0710060751828047
-0.0425862321297909
0.033846497872447
0.157817961452113
0.11825637117049
-0.0124243684462114
0.0476477910351753
0.0566819146145081
0.0346491567405934
0.104004573721991
0.138105620928123
-0.0160463367677758
0.0414484925106349
0.0799745983112324
0.0923586794442028
0.0538995995704857
0.062927276267565
0.143596115258812
0.218057382358454
0.120324883038503
0.13190449261085
-0.0191238488174452
0.17125265246899
-0.0399145675066114
0.0683374771358849
0.145330955639044
0.0404586621042749
-0.0886509690450091
-0.120023723420716
0.0691757381057658
0.0899933234489805
0.207811763619884
-0.021802729625168
0.0375977518927527
0.11987998768463
0.132046647053872
0.116863216205739
0.0760547376430573
0.140939295361329
0.20732557062663
0.0099548147111855
0.0142939840822663
0.256073978308073
-0.0663140228638444
0.1498022523466
0.228607501651598
0.0913675786571967
0.118693598628298
0.205089918671694
0.255537366696176
0.170848701070453
0.0981355878314654
0.134810423603863
0.0752537395168017
0.220124689442331
0.185194016356068
0.06949787946842
0.284614260771492
0.0242876933101038
0.10480649869502
0.187467623165509
0.103475430674566
0.145156701780876
0.0910901166822291
0.0713412903882804
0.136297312436038
0.133797015269066
0.0543468002763737
0.287499412796543
0.192085270023726
0.269873104086299
0.0266245289061706
0.0334097619463221
0.231052423331577
0.00773751419418085
0.318677552925249
0.173062679087921
0.200330029327626
0.19644054997499
0.244048617323703
0.229554212369354
0.179305563512021
0.203118397642701
0.162866781411278
0.216028561491992
0.320177120858055
0.297650443740002
0.164051095008274
0.154167997477698
0.161514647808229
0.250483923708626
0.336576552569004
0.217285229757413
0.184799489677529
0.158114124913445
0.270659178485056
0.297060276317807
0.217599422733904
0.221505669402738
0.149890808655481
0.262634471372591
0.276114484843464
0.154726995695137
0.127940358749355
0.255304734898277
0.228706488683732
0.199024928822543
0.244404377445631
0.220894484768061
0.196093407311647
0.235136277291555
0.190520830724684
0.181275411047146
0.296154411339461
0.377779099400851
0.296902561033327
0.352900117317084
0.243596752751589
0.321932855946785
0.259048253774095
0.0160301460369106
0.164865142411957
0.379013671620685
0.0581944774499197
0.274118147409951
0.232877758980245
0.273836722088312
0.429360646940197
0.381397578640329
0.390718342102002
0.30604327343815
0.26984250640299
0.274622201388702
0.27242102668414
0.297902317954422
0.34985607745097
0.498473331394273
0.415267297358509
0.311003850426017
0.169367789547353
0.19975452424795
0.203830623165431
0.430439549031272
0.301834765233615
0.271603775776749
0.279230446977178
0.369783714964146
0.306949115936902
0.351372066087057
0.350314120965999
0.267705775013327
0.285797947263119
0.32824517312638
0.359017923161363
0.302885680212288
0.20269914483577
0.245588453034348
0.373177642404063
0.335349351862745
0.217604283756291
0.533027417810409
0.302184760453382
0.256295549671976
0.396252780015941
0.315137813553044
0.367108327471003
0.439249925839688
0.354729968883281
0.431261704637933
0.107435464131472
0.326542758601026
0.490542468092165
0.249145665815923
0.416515310117944
0.472910403009301
0.380917616505657
0.431942734219655
0.294829693225767
0.359786837076032
0.291368785087046
0.424932455959666
0.550073356668303
0.223478549782032
0.281634368570099
0.371646831953684
0.377001980204974
0.408684699676083
0.371374712289622
0.382379068971864
0.431715918774429
0.282167951912406
0.484766982422644
0.401881390010408
0.39949641152462
0.314235341524688
0.407837645824226
0.334668107004135
0.391890279285271
0.436316771176885
0.437159820961614
0.475405325686094
0.43501280925011
0.383464813743308
0.46827571654651
0.6453160478359
0.553988766353839
0.394893006579434
0.429690129797605
0.451905964934967
0.488049715688894
0.472642841421361
0.434291052099589
0.365073937227349
0.327372342312374
0.570046380798718
0.485092839583127
0.595625871043345
0.29248584313412
0.536421093605687
0.471693458985612
0.357084484120851
0.524931983131319
0.439783386761111
0.426628849347531
0.446338888402062
0.450581656762493
0.579364958484696
0.517209950931755
0.482667667156822
0.561873613372407
0.388001179399959
0.452827773192824
0.420149537648097
0.5523739893895
0.405636246697767
0.414508835293218
0.45383437972818
0.418260445906418
0.436180819774312
0.49827813227484
0.360090309326088
0.530658219316922
0.625116197554548
0.555772759519531
0.596839501493628
0.472333870636865
0.566997440700507
0.486612481332228
0.506684139703426
0.530735918974143
0.708132001905344
0.518553770173469
0.531614788556984
0.447333912097723
0.557446919948528
0.567825332857271
0.514462957500054
0.538271937149766
0.591675383064009
0.590601145047397
0.728080753801269
0.62532724088903
0.467643074697412
0.416053076168956
0.721981787079394
0.473605233870108
0.465784971863622
0.599404712887778
0.506560818220951
0.619438985823814
0.546256271773032
0.627290121079824
0.621675410622307
0.629200841272738
0.678327923548764
0.612255016472245
0.542293193003148
0.609206809505245
0.579735026619205
0.474968130291275
0.663118516101919
0.627221255529846
0.633828244640197
0.692804789976051
0.618112544495127
0.457787150320358
0.533154630727332
0.61644387691415
0.551018043816321
0.532519765361677
0.538282793424911
0.635399757262768
0.63739693370484
0.675195861115085
0.596796246941254
0.537235799164764
0.792236708686965
0.627285726392253
0.699019434874936
0.684107257924241
0.714104823782071
0.655745350931112
0.693545447880783
0.493451716679345
0.693091690059454
0.59255684819741
0.475540263727848
0.624443972743512
0.416579733786319
0.501613317775251
0.831129476008281
0.566551940811254
0.777743711478725
0.754040192920565
0.574548753038199
0.526423770435119
0.599693153334082
0.68205233150838
0.759885348037019
0.550133926148557
0.727213250846024
0.429075913357482
0.705241252421919
0.721047564139328
0.677978506544672
0.701102126143996
0.796157558198561
0.650810760290018
0.797004113268072
0.684661355957111
0.570561408539347
0.614032287787995
0.729660140008582
0.747729734156328
0.657698527781479
0.764579104489548
0.593111361105993
0.594648690056158
0.664156809530886
0.656635674745762
0.532100118669614
0.709892844970788
0.64305864526391
0.765365143614151
0.658958814983081
0.705056961215957
0.719644820444169
0.778552882901044
0.663416197794736
0.567506921813477
0.67696423469722
0.755494364865968
0.627046007099876
0.596114007355577
0.687073808182185
0.773185894923046
0.853739401398618
0.708506512210337
0.649732654001145
0.733694263537074
0.657640543823782
0.628486243199766
0.747440447095669
0.759245933476783
0.751513749245483
0.743864600113718
0.993187733386073
0.715814378219283
0.897038039526089
0.827987284869183
0.484229489265719
0.691100015361364
0.856304727895217
0.788960566555637
0.773378818422798
0.807353990087107
0.609063549603308
0.727501698605553
0.806152373846209
0.684111198080155
0.809375459875644
0.877332928974995
0.837449215615005
0.778543031449164
0.724113628433887
0.925798091438993
0.973052910540691
0.660574908832312
0.971882889504379
0.921462022389239
0.755442461205972
0.760163793981396
0.839147872890694
0.976673076616472
0.782899578423147
0.877674822200219
0.868182609921859
0.904938356960083
0.887469635001667
0.907712553511269
0.792608992465711
0.789889357695982
0.925890250373571
0.915040451303873
0.848441893335045
0.894049805764865
0.818123575973748
0.712768350792009
0.851743578285027
0.79691118474009
0.926630423222884
0.772530208014359
0.733598289859484
0.778911850242076
0.875031495460365
0.941834956303888
0.839673135032337
0.743521568685544
0.91098708130606
0.856444077466596
0.977543280429621
0.94291119834782
0.896461955207471
0.784173343616908
0.910252028464372
0.762818953267507
0.704110549973508
1.00616903636175
0.944734110117085
0.835773978809339
0.778564038976066
1.05459311221783
0.899140180578993
0.896731690484554
0.943335241832455
0.852180743560438
0.901753911652882
0.972601542687317
0.930423637899796
0.957339603358816
0.760936433983045
0.883409932445462
0.860596685611117
0.848962989614273
1.06059824595511
0.8738656689419
0.896302447123636
0.854719236791072
1.03504313364066
0.925008659866188
0.919967496208744
1.01502232602427
1.00594102983272
0.968016313985242
0.847797393085805
0.928428114964073
0.749977811262044
0.938142475044894
0.854376351841312
0.948063613015789
0.929010291237089
0.816539619615349
1.08194199546329
1.0618071412134
0.91137755527947
0.857223727899545
0.755483114823398
1.09741432419519
1.07495177689953
0.996944447861372
1.05935894267453
1.02583615906601
0.856862854209509
0.97836875651662
0.86106908768159
1.01878135915836
0.87571570975344
0.962698510812854
0.927502680566761
0.9498059296663
0.918465410033583
1.05562946199416
0.970770983856275
1.00937480027909
1.04260139587882
0.953890374908858
