-0.983785865138513
-0.954303656047565
-0.928808067855031
-1.19849429063683
-1.07714059003185
-0.910683819691622
-0.753425078925476
-0.885570600882408
-0.982474256238108
-1.01654992263832
-0.920782213858776
-1.03769624167071
-1.04514080737588
-0.997955304077087
-0.889566321305
-1.18785565826836
-0.994952482803674
-0.961948265505474
-1.00018354599917
-0.852727784661809
-0.880070182321541
-0.862027147153273
-1.1096660005535
-0.890633527563404
-0.987941639421751
-0.948846057945624
-0.885073135251134
-0.929985519370524
-0.979831731424062
-0.919825943453134
-0.913113216729074
-0.931422150557357
-1.07672620474645
-0.753304032790556
-0.962325854970459
-1.07702874065337
-0.934977132913464
-1.05663613760275
-0.886151331065535
-0.993594610238935
-0.813830749623975
-0.962572622143464
-0.908368787330637
-0.879202742142027
-0.759194822068533
-0.854849294144384
-0.995632072674522
-0.920777485642986
-0.72114954187529
-0.916241058474622
-0.853088035657148
-0.88346214635161
-0.798157169726323
-0.981000273609513
-0.777651529714071
-0.951411426404513
-0.984220599142108
-0.89241363249618
-0.820107104890195
-0.964106966340711
-0.878605616486128
-0.937373231479146
-0.979579565596084
-0.940472926747985
-0.894474331569506
-0.656212356243684
-0.844211646273191
-0.901461780887805
-0.935821425076153
-0.864092916125363
-0.924270957371554
-0.811360134247134
-1.01210087826026
-0.864416894734173
-0.90865950409631
-0.868252129544205
-0.79089945529488
-0.868305412063905
-0.886867462005838
-0.81530524016677
-0.827382206703231
-0.768401118143495
-0.992598209486997
-0.790525818294623
-0.74755159642382
-0.893841806864041
-0.764908283198843
-0.725869249338344
-0.844714133744755
-0.8992440191216
-0.870024969473552
-0.715988497255458
-0.893683951387182
-0.71262218718466
-0.812594462187176
-0.759682344283345
-0.78337531437924
-0.790212665505164
-0.787477610986316
-0.755845306841906
-0.785488749218409
-0.72156703583901
-0.952470970018828
-0.850444756740119
-0.761499254506827
-0.824332163806678
-0.800136637156909
-0.809741393769844
-0.860850620942347
-0.657032963281479
-0.775049407516581
-0.686150795928719
-0.728145773034619
-0.722363844319441
-0.921268330920366
-0.763336193580238
-0.859095808066596
-0.678780961101453
-0.725938710655087
-0.599497541820774
-0.777077270992178
-0.767986751475655
-0.679104399891026
-0.698812929801893
-0.617370229097191
-0.642227270108374
-0.789707047223258
-0.695478588657822
-0.8283856589639
-0.717704865621918
-0.708243129026837
-0.840148766508798
-0.701181386117313
-0.653805223629438
-0.545662713657119
-0.653232695449623
-0.605819089615147
-0.649587790126011
-0.671078097575137
-0.629656224221274
-0.679811988594288
-0.754266502921067
-0.823690885474643
-0.706132424604048
-0.78847841416885
-0.73342909874869
-0.641125955204107
-0.757785776593672
-0.530411142697971
-0.732893431406647
-0.698713485241981
-0.869179882287149
-0.714954868100623
-0.664816108072174
-0.786975876416022
-0.683563740870028
-0.721820870450424
-0.79138600451411
-0.635235108842027
-0.702963252564149
-0.675422750941711
-0.735402965680591
-0.717634895779032
-0.598437088771406
-0.580938646218044
-0.747305033618588
-0.498635767914355
-0.875819555328405
-0.730170400786756
-0.628495629214967
-0.685814123345362
-0.738972844457509
-0.662914360508859
-0.856487653966488
-0.664833080948716
-0.503519246433375
-0.732585488817449
-0.707193425550269
-0.687902876080578
-0.641701632762295
-0.518571097747777
-0.529442018883504
-0.697252455033302
-0.642726121296934
-0.622912722197978
-0.671827037784079
-0.540970011210005
-0.755338556954752
-0.619055459229769
-0.704801364099295
-0.608187958318838
-0.669235069012692
-0.63286767251358
-0.600456313685574
-0.620699368955807
-0.629775886670975
-0.58286704903176
-0.711096073488924
-0.786909082074155
-0.68661627238566
-0.598682412807861
-0.670192669806558
-0.567537861838793
-0.459747492445423
-0.489138719537146
-0.563261364328034
-0.643618178979259
-0.736699005956424
-0.560871574570679
-0.637159383539311
-0.536074679155036
-0.523216670133578
-0.450050789262886
-0.79559052465934
-0.655648450475341
-0.583065731507851
-0.360574406117209
-0.566951051364109
-0.557829763298873
-0.628755864418
-0.631388573219688
-0.541344683342689
-0.538399957477231
-0.497953611238218
-0.540324685725371
-0.419715568743062
-0.652950890802525
-0.603052646045003
-0.564871256948852
-0.586670422534913
-0.630057223834259
-0.642194143382523
-0.432636653186078
-0.599894853100291
-0.511721553668724
-0.545076076230802
-0.456959218152868
-0.770421405573922
-0.467973754823373
-0.569031123425041
-0.535059401922391
-0.557234564745932
-0.431359012052885
-0.39163548988523
-0.572827890836972
-0.3778165885345
-0.562606043410644
-0.435822545445308
-0.617327451330208
-0.454242936622636
-0.424462296523892
-0.446783775289779
-0.44118119371245
-0.360497592400886
-0.561290734842611
-0.61343079650998
-0.407697997874529
-0.350971444157379
-0.518247364289115
-0.53663459174622
-0.489579945051584
-0.412027310898434
-0.587116942458129
-0.481304660213667
-0.53290120209856
-0.50830837052819
-0.252720496032244
-0.559790594913077
-0.410619516578283
-0.503634708121072
-0.432315272130939
-0.38795518207298
-0.305078416513245
-0.269015435706805
-0.632720538319908
-0.316761886760877
-0.483887040889574
-0.519866231913752
-0.319769894633466
-0.466445581316049
-0.518920705081079
-0.431088104848081
-0.505864641192464
-0.379404416801322
-0.474417701633248
-0.425973805631924
-0.160104847788264
-0.510725509159274
-0.40857052045747
-0.326632280384561
-0.432965560144935
-0.433426215633845
-0.475913340403203
-0.2764478704911
-0.406813812290957
-0.353168795581672
-0.474405857345432
-0.316077526807034
-0.319891411197449
-0.324086033840226
-0.457874638090912
-0.419951218424558
-0.34667112291146
-0.38207100750242
-0.337275042494306
-0.277847561398612
-0.48216866651337
-0.416672404002785
-0.376057592037221
-0.354725306995356
-0.41583083580431
-0.49296714489398
-0.422469329035082
-0.39579981249956
-0.401038254531715
-0.574947463302812
-0.434758615006494
-0.325254896419808
-0.343596070849458
-0.378469961160279
-0.338246361835525
-0.352827369792819
-0.475905971448576
-0.328863278205775
-0.186532561771772
-0.445647071307427
-0.427296239268099
-0.222682024300119
-0.247749846564435
-0.330675075519619
-0.524952556137894
-0.420607176655395
-0.22000451529235
-0.367141020093507
-0.371884997981482
-0.285999797195976
-0.362703519496022
-0.325890922669689
-0.39594495052894
-0.338397564723575
-0.278592366048127
-0.505267470782999
-0.159413304408676
-0.293259039047322
-0.124926273204918
-0.293550909707097
-0.252266028390482
-0.275204689199824
-0.274935592673425
-0.237162016777063
-0.367041537735308
-0.281832896223906
-0.280774600672708
-0.28437770739442
-0.453626876938854
-0.258912465023559
-0.362971304226172
-0.263070558810969
-0.469243558681592
-0.371579445049945
-0.2696313625429
-0.332501305584893
-0.338510951963229
-0.111217581640924
-0.326483276544688
-0.233500700066058
-0.194879528552325
-0.340645447857782
-0.411949366090689
-0.310864463999924
-0.144816800027344
-0.349425851745929
-0.208731826939597
-0.261980515439862
-0.299723339621866
-0.272960111742573
-0.117433951740555
-0.351515551448802
-0.28484208242524
-0.217107763032934
-0.204643149446929
-0.140232227696219
-0.349027729764085
-0.33497657967884
-0.254826274939228
-0.252546234660965
-0.323118690828126
-0.186332073040351
-0.274872083108162
-0.317508569092105
-0.3784669224377
-0.297068750055492
-0.213296387834503
-0.149826688275752
-0.232625378371435
-0.213285125816184
-0.301560881344951
-0.201871705099481
-0.0529948437096832
-0.107138237519812
-0.240838823897105
-0.223151458595965
-0.172036016046592
-0.275146332442429
-0.324100280523495
-0.159629339257048
-0.250199164641382
-0.170675691553863
-0.186902206853576
-0.22044271045894
-0.210883211113139
-0.145933236520941
-0.265743297392538
-0.243749742924194
0.00804627930068884
-0.213895812105743
-0.238315226349112
-0.00401979182939846
-0.246902304421751
-0.170296040787312
-0.0873947914699893
-0.21705938693243
-0.188920241320788
-0.0477114257569433
0.0494103034798829
-0.0993491935368143
-0.110844171868203
-0.0327657456434424
-0.277827728206659
-0.0515748361594686
-0.284114696956886
-0.130887919197957
-0.188266128246705
-0.0304018189283492
-0.0999373293190163
-0.131578475543101
-0.191487869513714
-0.100563011109629
-0.103279279828732
-0.0805276166425966
-0.227825779705672
-0.0719130032592865
-0.0585558050668438
-0.191116991108424
-0.312191115103571
0.0122711974212445
-0.170336865481331
0.0262757077229187
-0.0806482039009668
-0.100918073517119
-0.137922438701272
-0.0805817445043314
-0.13872507069269
-0.154687516025912
-0.100359051119315
-0.0861461049948601
-0.0207452757298229
-0.020839590224122
-0.0594831660671881
-0.110449423799626
-0.00256371025020128
0.0516791038779605
-0.117013333005999
-0.044188745316935
-0.0297540304993006
-0.104441779472995
-0.0339268173383733
-0.040768683282985
-0.0302611439279881
-0.0077441076788546
0.034880318001992
-0.107390100120913
-0.0893233263732114
0.0421378479908973
-0.0373830674247876
-0.1648215207055
-0.0692131415807903
-0.153985608016363
-0.0325972036699424
0.11290824170091
-0.0448488900798205
-0.031774876980973
-0.0244431947797261
-0.0241000021835686
-0.104822439681086
-0.0714705230315895
0.233613969236791
0.154445273823834
0.00454129658449214
-0.147034022796658
0.0569464152132808
0.00867349264452824
-0.0405244240583631
0.132624032256726
-0.0474754669742227
-0.0337365885303962
-0.0381862466512548
-0.0484757671035666
-0.172809640466822
-0.0348060672491943
-0.0506611115607253
-0.0755048982820158
0.0880114145097362
0.0530014812186929
0.155073174620251
0.0671511186047428
-0.0634776851499753
-0.0656652322113899
-0.012871737147586
0.0340242035851105
0.0171758477296798
0.125007371590547
0.0594952875928241
-0.04044827614088
0.0252403322000191
0.0592104794210907
0.0604478386705813
-0.0176673104109437
-0.0928080304948839
-0.0497982268035105
0.00257684484388001
0.0307808467533454
0.0299419176359692
0.0734826808860557
0.0507293986736025
-0.0947732301870618
0.253759812493429
-0.123215123577469
-0.0381683134281541
0.000950584989022631
0.096471211545017
0.0780315175164181
-0.0878350933360557
0.0566964451038756
0.146935579893405
0.0749224945072847
0.095745939665351
0.046749831849028
0.0325448398486346
0.141693680891582
-0.0237060108351913
0.179600770862281
0.26081030954357
0.0354636330152499
0.0603747844253875
0.0188498689216331
0.140775386217144
0.0098326802045569
0.098595837997637
0.0743626037411385
0.0192804935467538
0.072210172389786
0.000782778700485071
0.073699292218822
0.0523726970143485
0.15613794379981
0.143723615033698
0.173282262959149
0.143905897488764
0.112154521501372
0.164765002170055
-0.0202942399019601
0.0780248098392417
0.102005224389383
0.173460710464232
0.217822515634341
0.234591490136935
0.199874512708839
0.114775469011847
0.139457316522648
0.14391680745785
0.0470403757150419
0.139581413363924
0.168438704314333
0.176141216084335
-0.0224741468103228
0.22585794650808
0.136202874144937
0.138325949321193
0.230222894058793
0.300973540333111
0.138438344414986
0.155667062338881
0.10052573933727
0.129972294353634
0.00143206680582263
0.290087601076242
0.40683142890066
0.129116397872004
0.242744055910797
0.0803697414813829
0.0935971468148325
0.148810087498195
0.307056604737191
0.303424203351351
0.442479963228473
0.0583296799459483
0.253352240503876
0.258791129240663
0.132475402243767
0.117521757538713
0.2187961582569
0.21946517142804
0.174673692837882
0.115808533498372
0.261099474408814
0.331073180580902
0.304121135062512
0.240514515323066
0.246115061156806
0.212156094292496
0.190875975721822
0.118264833337333
0.324647308330932
0.270176463478722
0.301493445347671
0.389895363318128
0.285691669981749
0.144087302248107
0.251763642424612
0.231895985217654
0.297927993421179
0.293494531775112
0.421256899979946
0.16266748905163
0.311657108971401
0.193880517757993
0.156533517165799
0.227686436035114
0.20614522971575
0.294282003903001
0.252796313866824
0.286449610377625
0.431476516832378
0.36236525487114
0.337642943283516
0.250914380965622
0.353781086357671
0.311450345563791
0.302296955866801
0.191118275671497
0.354451767581747
0.291191549204213
0.308786841219335
0.302798344667829
0.159146195134348
0.244541153337372
0.343466400100059
0.487668725855475
0.289380508562572
0.372958688485403
0.219937353257026
0.341573837278211
0.20860845428654
0.295328242963843
0.302483463459873
0.291467054972685
0.259966851437529
0.371988341239441
0.43151299578685
0.325761175099112
0.29522654438065
0.4321527522141
0.366445938946524
0.379889400291096
0.389105332054873
0.358660334986421
0.247749884628901
0.192435985042411
0.415569513972482
0.469401609500476
0.330568961335808
0.421391252444442
0.488514584777292
0.368925931556402
0.351686047691878
0.372609545082072
0.30675777548787
0.273014928378214
0.490244940028788
0.365058428523728
0.53702825373723
0.423765113919926
0.295694065051409
0.220812767642379
0.347674286725769
0.472341167472404
0.346845281493836
0.423794842203746
0.304157691662727
0.296421033901173
0.523446535177387
0.488096003890284
0.473219764386782
0.326487399615706
0.428492258298437
0.367090668310145
0.571751150419131
0.35915975903311
0.405845836402621
0.394828308103692
0.46172215100324
0.488952905423356
0.417460573275996
0.352497376639064
0.454807085635728
0.295792697661069
0.367760216726404
0.444809170853909
0.444414223670058
0.385591044514979
0.48676211727065
0.433783172879743
0.409403749592295
0.291129499052836
0.383135671906462
0.372052964751028
0.347556425076517
0.455806124667066
0.458597811446851
0.460630385496087
0.342528680237752
0.30842788773192
0.356959808232927
0.49807696252086
0.558029198887787
0.467890865766236
0.53315581601857
0.483423147714105
0.521313793846185
0.471743339501406
0.393845941753711
0.551935268748863
0.429373606742493
0.542353290280643
0.509997045689401
0.512252993478454
0.613072153181355
0.577769648326989
0.503528083019656
0.494686217900904
0.409612617694709
0.365104316851824
0.527606291050604
0.517381754120111
0.535604094380541
0.517116054202577
0.549766774217765
0.542966150341408
0.45537481695404
0.577122911940237
0.477473534360923
0.400455077954865
0.440957975690114
0.538701212502613
0.638754791960295
0.515211696749023
0.443930495887756
0.57541526771282
0.621378499307771
0.493718862286334
0.407426606311236
0.411482103539201
0.519805494403151
0.586581078889146
0.564712333031099
0.477578746157221
0.466022815318399
0.415623619389721
0.448163418241708
0.364070311112937
0.541416420146519
0.438234052545015
0.697422161732947
0.635159976917926
0.596486766833258
0.634639848448008
0.538559503589159
0.584259937164743
0.487871214460952
0.513671656023051
0.53715677377258
0.374479511657377
0.762261041398029
0.638262631918163
0.58989996571025
0.61951262700218
0.80434945293511
0.602956574468446
0.587297218455854
0.742311038540513
0.757135957952698
0.691226402653052
0.503605939343863
0.596653419692248
0.593545269288227
0.540330247635105
0.688694268726267
0.640322241649681
0.566687776639906
0.700966475770898
0.5911522510827
0.776930500420571
0.582838048605841
0.575858680291749
0.697261184720732
0.62862007268758
0.720145027078615
0.457037813925811
0.659886474417831
0.583955353002919
0.763257312126819
0.59224701868695
0.554254360640385
0.547015101713286
0.640735807687958
0.737833756043698
0.679384456838782
0.628381951677779
0.760106720703316
0.719348765343364
0.429616195916392
0.604444327826658
0.681745337631612
0.729136092055953
0.550457406911493
0.582338119206908
0.600823887316857
0.559823351542376
0.65205247413305
0.734735215004739
0.668631387459631
0.576728437923162
0.534405707025259
0.620459605271473
0.744985881580732
0.703891377115904
0.734021668041034
0.674476486663557
0.709153579091956
0.59567467940177
0.657358871810643
0.772878410144421
0.830016657647028
0.552501847766648
0.697574154613118
0.710990611286923
0.751799560035366
0.675906104052026
0.651055967134088
0.707539606106095
0.674047157700518
0.79815952991499
0.563505887863037
0.757264861230627
0.603281228843455
0.717675827897334
0.627440355113199
0.691417051890754
0.6631496303868
0.54594174645781
0.5002542095551
0.809953676245955
0.603314029231999
0.69146817152598
0.894705578512037
0.787390719010085
0.800471711716367
0.69307749394944
0.758124451451891
0.706034067136091
0.719549464955264
0.721594853702117
0.801742202473847
0.746578012946616
0.769084762801404
0.810716601189437
0.737070767670145
0.754673035657182
0.767649625010468
0.887390550172308
0.883523085921617
0.873479360245848
0.763871886586311
0.843266459221074
0.794071920095686
0.647964365737277
0.728836944493605
0.905891722701562
0.986331170221358
0.586997341902104
0.736720388782071
0.771700660401156
0.802918599276307
0.737736990944761
0.852065679031134
0.890969669043527
0.584361332090407
0.826653061063368
0.872975891211113
0.813292502566666
0.741332234968694
0.843874937430107
0.674897895589658
0.707408649918873
0.822770791501881
0.814459666140187
0.9225110055886
0.97006276960029
0.844899439346208
0.758263871758868
0.923668845903026
0.752795479580185
0.722472969968367
0.975564373698128
0.703679545387095
0.757986747258575
0.797909509219628
0.633073786492652
0.833609688140527
0.847509092248266
0.955340765672597
0.801559645347065
0.764788913803428
0.856814829290005
0.97942448763069
0.872832731728895
0.683970534224147
0.941436145614451
0.871089818338365
0.777556904029302
0.839655690626504
0.749371552544692
0.740605193810675
0.850184641220248
0.930455740876094
0.693108802419839
0.737170345968063
0.947232830543656
0.845344308266506
0.928510271545178
0.979309013811193
0.757803470314692
0.993567625931172
0.885099165595254
0.892956124639363
0.969386111197828
0.861397711665502
0.782856302701409
0.977966689245392
0.841469323971371
1.10558994506133
0.761932709485863
0.984929134489458
0.698186071568964
0.85210171128089
1.00226611847591
0.873626948059087
0.835319933374358
0.858345522972372
0.78594985633396
0.921036487804941
0.780133409869202
1.00934710772762
0.992850416223498
0.935953336879525
0.927591588316637
0.890299487043373
1.05779899298565
1.07048746915709
1.08697759501921
0.840028604152895
1.03188798347225
0.849261073804149
0.953463453687143
0.76457854396953
1.1066536031025
1.00446062246233
1.0026998670597
1.0089326509653
1.00194612810193
0.933885152058942
0.911584978447898
0.976170005717433
0.97800929026531
0.912059146865158
1.01915293587556
0.997429223102496
1.19033973443782
0.864615679144612
1.02264464836383
0.913928541756109
0.952341272223561
0.892414240607966
1.11559695170889
0.91595600890211
1.11862794500122
1.14260123622904
0.936336007335816
1.01341190061582
