-1.0464878646502
-0.987379048793647
-0.995697450914887
-0.928891658978852
-0.910056660440102
-1.1144176280929
-1.0663885258633
-1.13149874746245
-1.11588131012651
-1.0900936666154
-0.92608823144714
-1.05874610298022
-0.960164012114799
-0.968491525060646
-1.01998349370683
-1.00827112858531
-1.05018784819062
-0.968246031256616
-0.829318095578342
-1.09208498854934
-0.870347031246413
-0.961279099620774
-0.971858824223559
-0.932067263335141
-0.92256886629466
-0.888680468438189
-0.934302046428606
-0.838981646240363
-0.982035677399758
-0.836668149538328
-0.941518242897441
-0.776416257463677
-0.997741684471687
-0.744429550561718
-0.984192609879362
-1.02560429607106
-0.935739507708201
-0.928323849017338
-0.740122629757883
-0.836793065453053
-0.885668261573504
-1.0498125243798
-1.00626333454199
-0.733519798119568
-0.818767905609348
-1.07495001751644
-0.932138350924303
-0.778068910466415
-0.754611252732178
-0.918084991914972
-0.946829637364361
-0.987644578623399
-0.970654775443772
-0.897807644836042
-0.980365507242125
-0.93697957894679
-0.85252827537175
-1.01388039250347
-0.83751442402296
-0.88877607613368
-0.908390090487434
-0.790942239525777
-0.951160399901791
-0.867566719182527
-0.875156188436591
-0.765762634782021
-0.906724980319323
-0.874929105806804
-0.847730488715454
-0.888959995209145
-0.966358935715404
-0.859585101853772
-0.784861254834366
-0.792776183988341
-0.692857379220869
-0.783478451028544
-0.789375307729401
-0.84209205553831
-1.01784111267773
-0.873223144121684
-0.800608129001608
-0.880612478895432
-0.756970700930174
-0.76752332431773
-0.85457391573978
-0.978124435731265
-0.731288871068907
-1.0148943095051
-0.798960336026505
-0.799539566632903
-0.943206298258776
-0.89776456203126
-0.767549964743728
-0.863976526106454
-0.912165272019893
-0.830546856589151
-0.755983455370005
-0.889388703749043
-0.688447850792433
-0.791983787656813
-0.777437873438777
-0.738879204805402
-0.822095790591929
-0.929997126887145
-0.916626806901727
-0.766553481918201
-0.882156664452046
-0.755532942051933
-0.770239250925617
-0.911397260079928
-0.678424114239228
-0.729706742168546
-0.798183262272996
-0.787436224809532
-0.762336335068548
-0.74205047043501
-0.718131207094704
-0.786709116086217
-0.710067641706365
-0.790567697908282
-0.831958655054001
-0.869935263409009
-0.679883867394959
-0.73681954681515
-0.689540298277159
-0.685913231131456
-0.836206984157223
-0.889651206007208
-0.807199692518298
-0.730826836895419
-0.825097116620509
-0.667251038336409
-0.680079939015202
-0.797817877302764
-0.665815214667715
-0.710980503427145
-0.840773939894389
-0.826773660505678
-0.693721423172291
-0.661256327286759
-0.762767849291461
-0.76974086579372
-0.729910554877457
-0.800008079722245
-0.750925192913425
-0.866609319510535
-0.676381574454086
-0.759357570388801
-0.744071858642905
-0.705993157314377
-0.747850907344735
-0.719510369444557
-0.54476079648334
-0.642006379832025
-0.569818681504389
-0.611475928780762
-0.595098501625797
-0.67410686432801
-0.734983200809965
-0.677921010455901
-0.692196779330149
-0.847270428297308
-0.718321019733317
-0.598825749186772
-0.603680612944342
-0.662592957250766
-0.581516406712676
-0.851231404243645
-0.607300678770741
-0.658822546868365
-0.722290457579171
-0.724909356804346
-0.70383487628322
-0.750652956198531
-0.563983468380852
-0.586246532286433
-0.613105198026545
-0.774501207526144
-0.65178063897954
-0.478843127508337
-0.467281371503838
-0.671661390588093
-0.743077297574156
-0.502531250862125
-0.661563436402328
-0.590825088920141
-0.772951568598409
-0.650287227059739
-0.719328107766613
-0.632893249839169
-0.670496813367823
-0.630564681817516
-0.492546130774842
-0.740759463842039
-0.680108675665266
-0.58925814360786
-0.709982191808908
-0.709063929823939
-0.58854442000176
-0.71419509217753
-0.598321957910757
-0.664400595579823
-0.49798560075313
-0.631255320435881
-0.65817175039181
-0.606259268901142
-0.460023763765953
-0.626110036523506
-0.684516700656745
-0.670433925185698
-0.616333436667149
-0.54851310711239
-0.550294944410831
-0.542135017173841
-0.631558004772937
-0.638472872961467
-0.591461142576767
-0.527552823809717
-0.461141878316927
-0.603337774421172
-0.620929360749139
-0.705320775433725
-0.392750593662268
-0.484073738499236
-0.523031907269914
-0.593551483373931
-0.54788903156708
-0.560659373813029
-0.428613156805495
-0.705423625887507
-0.633737253947602
-0.557005054280651
-0.460973669898436
-0.441192310480738
-0.421835778211649
-0.680506357837399
-0.299141531872775
-0.496345574112078
-0.52246420461112
-0.483435748371535
-0.570808235180164
-0.543424279447025
-0.40633536113247
-0.464424383134166
-0.508299814632835
-0.445710754471106
-0.54476698783364
-0.433539398562927
-0.358083678493035
-0.635132470305035
-0.562319874173565
-0.543683639742496
-0.541760500345165
-0.544085768164225
-0.460088208281043
-0.373152182469883
-0.566431781104111
-0.444084547527407
-0.571587943118932
-0.590342108019633
-0.291645853439685
-0.405337149424664
-0.428478631775261
-0.634133836833544
-0.451463366002835
-0.338376184358795
-0.450121334564189
-0.411341355530959
-0.483698369591676
-0.457048976841021
-0.531914522135601
-0.393799027111507
-0.504761931190632
-0.483914776059761
-0.426078852681193
-0.395931553981038
-0.523977083247831
-0.361288946906249
-0.489620455480374
-0.448758754430191
-0.409118664120625
-0.478253280440446
-0.566355190519846
-0.482031932868855
-0.231821531586048
-0.37673717123051
-0.419409989625186
-0.36206248990214
-0.523247575361845
-0.330044430519063
-0.546995942374121
-0.382601975164211
-0.390235526332132
-0.195537249247064
-0.426013044905768
-0.406489831283166
-0.380837589438397
-0.516811003891208
-0.437923020361448
-0.472097709298944
-0.342420843226993
-0.505187371735317
-0.508767360072068
-0.372620963686255
-0.465656934180753
-0.341759195782326
-0.431858304873981
-0.315908137259781
-0.491406115837006
-0.397457020842118
-0.492584392157178
-0.345561590257015
-0.381658748256073
-0.252638769789779
-0.423201162073844
-0.217136654558845
-0.562233939691772
-0.168933812009727
-0.291029701349603
-0.332673734199526
-0.369769109543483
-0.289911297293979
-0.284932794493826
-0.493292991676915
-0.281995433410636
-0.361681892710766
-0.294358625284105
-0.468785881352833
-0.261864391337348
-0.480410692255515
-0.357617455434316
-0.403701641442722
-0.312406185292692
-0.500786243500752
-0.214530422751761
-0.287575959435277
-0.170218302068633
-0.335636801287777
-0.247436550746353
-0.328289131665965
-0.259579016213738
-0.232675816301765
-0.312676804281971
-0.360732235167214
-0.210708315234028
-0.148534249199347
-0.290963734829704
-0.346821116597245
-0.354391569582362
-0.333863032932786
-0.196464737706001
-0.206891905840818
-0.231050510187351
-0.342396175170353
-0.158257295897298
-0.305406053792509
-0.247896214584138
-0.258556429923658
-0.274299022556788
-0.269208914074935
-0.224650564968278
-0.37539385006944
-0.233877159223829
-0.3754828344664
-0.303399177941505
-0.258841431394078
-0.32487234700896
-0.165787429915968
-0.299605165706147
-0.328050892743839
-0.186990081461634
-0.150111347635788
-0.389204881736048
-0.226186977684033
-0.289188799255484
-0.223724580931548
-0.258955747085943
-0.270466714583452
-0.288499214579973
-0.281756621010647
-0.158163963592797
-0.206316119877965
-0.380071137704557
-0.167760709038073
-0.225401137092153
-0.135612806711265
-0.181713503963439
-0.299621560897524
-0.157235959874889
-0.32530957628975
-0.161508776338363
-0.206627436871465
-0.315699738032611
-0.252689839201307
-0.258902745269501
-0.133037866267475
-0.283573352360594
-0.241696938190204
-0.309650950783369
-0.121580715657877
-0.0953342892005466
-0.0145504802627083
-0.178259395971589
-0.15196770745439
-0.316474335123495
-0.303486279495002
-0.165053747599729
-0.124836544142891
-0.100616376682397
-0.233708137659312
-0.194536465860106
-0.083151075524547
-0.1302643564894
-0.286118155514111
-0.159465973612175
-0.225913599162957
-0.121345141519074
-0.00366991177858275
-0.118044280115022
-0.142253174353766
-0.108422482312088
-0.115927129437651
-0.0934484045094579
-0.127567937397294
-0.133651181395079
-0.177792913229444
-0.0288584873073953
-0.126259262279955
-0.0934715578018544
-0.242614665189017
-0.0153783755076837
-0.160370833732252
-0.147942341308368
-0.172042607787026
-0.100421116647705
-0.169368528100316
-0.32542256800519
-0.0873360557178001
-0.0295657493259529
-0.202095516224321
-0.212164628213755
-0.198545461293255
-0.0930690860080903
-0.076571951631652
-0.244574140307151
0.0116981925248346
-0.0583016634679904
-0.00407391903339687
-0.2585704033554
-0.0710636306960865
-0.203609148641021
-0.0890724814617769
-0.21743220191152
-0.123414166305442
-0.0245937927329595
-0.118343448415013
-0.234042636522272
-0.0759278459166315
-0.0218355692379296
-0.0194248315256149
-0.148502347012529
-0.168716752540709
-0.0151338371822632
-0.151042670291702
-0.144697255032086
-0.0955932329667063
0.0427134466727386
-0.0940370141643678
-0.0626030911318859
-0.104835789372131
-0.0518165210028561
-0.19753908690552
0.0111108657306258
-0.00877804306354106
0.0345743327710804
-0.0719568669220008
-0.159563304897233
-0.00356982738513753
0.0259678610260541
-0.078767857076123
-0.160674486681248
0.201761895881081
-0.0799925550071828
0.00726765381798901
-0.145663054433972
-0.0541684098365465
0.0760648899208799
0.034388130745908
-0.0722741794273163
-0.0611873064217754
-0.0100864465577323
0.039344336734081
0.0366698716203983
0.0221650689506435
-0.0932952856331735
-0.00953454803937431
-0.0271211034597275
0.0685226612487952
-0.0660814925680574
0.0201983661554532
0.0154308377778308
-0.0612672705647558
0.0949592127438573
-0.0355584476156279
0.126641862388151
0.112385350611477
-0.0248096176296431
0.0509710114055711
0.130934003858075
0.0426526636143419
-0.0202499045132705
0.014115662123154
0.0491273848996101
0.12611301819101
-0.103629290835908
-0.0215699829273735
0.0862307199217797
0.0892117641680464
-0.009932068347665
0.0912903843756662
0.0495426741591073
0.126210949120665
-0.0553289245346103
0.0950065893300491
-0.0159951917179583
0.141775630798266
0.164850912988369
0.0670444656920168
0.0550406123356667
-0.0865484066668134
0.153226219407272
0.0456089662410504
0.148544080271525
0.0959802693030548
0.101339838563579
0.0632829454898606
-0.00169396050492733
0.188503657747912
0.182034427168602
0.127593960628653
0.108160514445176
0.0853162914490542
0.26222420695692
0.00498761315086311
0.168079229387365
0.187894026045849
0.127590055364311
0.256871777220739
0.0708179439317771
0.251298653474209
0.120177838566865
0.0154489929346642
0.220975395693551
0.0926595870345503
0.143766414017759
0.332096995658489
0.0538966278734956
0.133074157892622
0.268114461816462
-0.00452011157042894
-0.00562289254189311
0.122755648649658
-0.0196602805437659
0.218183015837161
0.205969489263458
0.125470353986056
0.0265980599787056
0.238837165626399
0.181089472688581
0.123040046687898
0.17442385566063
0.168845502019648
-0.0366503387002463
0.166605311955662
-0.0951869321396125
0.0748323428340308
0.208989894560853
0.209091802253774
0.250551202127236
0.335417390475939
0.182312105371206
0.327218978995346
0.22347524659607
0.189216795335467
0.163277847229851
0.188157435086505
0.116091055233232
0.132033533216639
0.163235576974493
0.206900426816712
0.212534146330026
0.253862137108798
0.169830255838169
0.182553879758392
0.242521277830977
0.0932157192646062
0.248247471743972
0.254123782196764
0.259268821103462
0.267401636534902
0.17307602566028
0.366154524765305
0.173110293590991
0.366235057434531
0.329413061392648
0.0877362533972993
0.206229280610814
0.452667859343189
0.21253505063225
0.381059079445362
0.0965863266389066
0.189076093829486
0.353266203712192
0.234274551173954
0.224978444908008
0.309922094909099
0.233344529190384
0.237478966624928
0.315452223564458
0.224438488947304
0.200283231317117
0.292224373570054
0.373890786550613
0.355534121620111
0.217030338187749
0.188936536805995
0.274321779757224
0.263120834398685
0.343039304627788
0.225729681815459
0.291813048611326
0.222799576455722
0.197400190663691
0.15930959826888
0.308167894875873
0.332603657865848
0.336469820226872
0.257901668103328
0.108976193170671
0.299547914739239
0.379481327508248
0.221923003250479
0.436743713196214
0.294929926010319
0.360541507181043
0.256810050024464
0.294854175742322
0.270319471325409
0.293956085208092
0.333665235400695
0.168603447188922
0.211903961020917
0.525437993787609
0.365741323079258
0.314085813879076
0.414720326511973
0.26949286402777
0.368814825310312
0.198279401437503
0.247553526128498
0.445871112077468
0.347696064122993
0.194431333876596
0.359265664963824
0.209265122788916
0.288565164641307
0.320347715863771
0.311298942229171
0.309810532988095
0.320552344715214
0.267490679204715
0.251452343016857
0.292246375232467
0.301186086144675
0.384881946307311
0.327969323405268
0.37109862806413
0.205727456118727
0.356303543191961
0.307934026838757
0.446776018417933
0.355726917334294
0.292286832025642
0.390510502847286
0.330134689403053
0.294714876645977
0.397136650288092
0.469811552351409
0.449242546676897
0.521705317163868
0.364292694963715
0.295242123526872
0.617117478666502
0.329327523090632
0.315769360168639
0.515641090417638
0.422746995898213
0.36679087885421
0.34065631600292
0.399294401936324
0.478866284036884
0.39309095567832
0.393530704582009
0.298814588355988
0.226781315895034
0.402631812563072
0.417752221768873
0.332400098782127
0.579105749132043
0.399916038250702
0.430714091497391
0.455129825248507
0.438314366711667
0.50781542157641
0.40386098905967
0.460118707604972
0.37038873038241
0.36407088069059
0.366300314868428
0.407323598418703
0.343181638380812
0.439031516895532
0.439971413468845
0.46581709416644
0.454594470490169
0.34695474318224
0.238240183532688
0.626903737473911
0.453777002973215
0.566306635813732
0.462698796188248
0.501788141084161
0.47253685975672
0.424350793245684
0.457311379085505
0.494830912651278
0.386202253537065
0.417370683655715
0.487698866053412
0.395447637642782
0.465327343579789
0.466982890929243
0.501771404907249
0.570816929697744
0.481322233795325
0.497986641963966
0.558399019610389
0.457678206418871
0.61856388771123
0.337190765577699
0.427572773945906
0.681902508937492
0.551971119139587
0.488374595789118
0.451488548164847
0.581012911107864
0.531409732836085
0.433528330747515
0.489286728336864
0.546823396030668
0.596576638829259
0.512433724730028
0.422766907719844
0.556126604679754
0.503940222039066
0.481281493523341
0.745594478153679
0.442041185635119
0.578899437612315
0.609973085033676
0.546479834799687
0.561267461026978
0.618874797266325
0.627223572562642
0.604205389309554
0.734148847711919
0.530636091287386
0.589296938639926
0.588374704923793
0.451936909067764
0.502382828813183
0.598457337811282
0.706884951374181
0.514298357551941
0.626536226861864
0.599021258948178
0.464932633185387
0.548232527217622
0.531815155584086
0.628079194100002
0.639662626515504
0.541465525818289
0.479519162045776
0.659256632778896
0.672048368461352
0.592863855021748
0.665656443721609
0.741828530096929
0.613593955775741
0.588073923392874
0.699157457366684
0.68027149583318
0.623837686061708
0.597084111799638
0.611155443754741
0.551826251801405
0.581940067062979
0.63321274111029
0.566966745308807
0.643323164300682
0.535307714812868
0.531062904800125
0.683761790694606
0.58369941997833
0.559864031736753
0.775255254529475
0.418442695274076
0.585925447780751
0.653323052871619
0.69973852578027
0.590773508270769
0.648221083978797
0.692174194231276
0.585868876741144
0.733119244905095
0.645021437959282
0.78318365241637
0.628364683481768
0.593580090216012
0.740718414249864
0.723960274486058
0.628805728991168
0.73667331781254
0.731985517421975
0.514340788106087
0.826816059049112
0.655145669942792
0.758974931309092
0.774493780309641
0.589699909399325
0.804761016607639
0.765524123834161
0.665811320622165
0.784686694187931
0.665630256947709
0.54759250434858
0.675496538321095
0.628023064475639
0.796646861499565
0.718954044455476
0.592053968814411
0.628394297423652
0.628636123704359
0.845136356879694
0.796399877764709
0.743589825562747
0.621780843607559
0.658496849092311
0.571929992020645
0.69088896960257
0.649703888255665
0.598948923467311
0.731492949901085
0.778676257588738
0.742804281056052
0.618029598287868
0.57325855636256
0.86258326586989
0.678205253119501
0.767529484965985
0.711450713752528
0.6989200883334
0.755581074097799
0.591216790445133
0.723962072186148
0.901781083858898
0.852533548664885
0.688634138371642
0.90049565479725
0.820979560174007
0.68857408485743
0.745705791440469
0.838067317536736
0.80752471698537
0.828270932362536
0.685092719655581
0.742949066361196
0.778346937756695
0.67654327458109
0.8931262733964
0.804652917954268
0.633176732446199
0.705887190358338
0.731091583799994
0.879703446118942
0.750237620680551
0.837327185809352
0.846679375382977
0.795841397885978
0.630838475401477
0.857145800543084
0.817576002376368
0.72732774092719
0.806314644735637
0.729204799892331
0.954241021805231
0.782841338665343
0.903141242813302
0.750472250166749
0.673331071983487
0.74637864363086
0.795564008521474
0.758966710123952
0.802623469094413
0.75048977602124
0.749347293927527
0.911547037979384
0.910907703452161
0.905979836898643
0.783503629563361
0.922425076339716
0.883532395194348
0.885505733746396
0.95104681678218
0.764939705256712
0.981429494183513
0.881341309774907
0.764957272433582
0.857392197845384
0.799999216781951
0.804086341877469
0.860994010005074
0.930550879139647
0.892086800113277
0.879447650797912
0.955780536473082
0.789824942484421
0.854499331011511
0.79832626312399
1.02893348773396
0.801916250112601
0.791016070081321
0.935832287267346
1.05438538261029
0.803396482320431
0.910290537684006
0.700362932132416
0.988691500793111
0.847233023675024
0.985395745974313
0.842972334102621
0.848512074251525
1.05548270091449
0.91522590838716
0.936374161558061
0.65888510873135
0.909389383400936
0.892904613107409
0.889972783445164
1.08834137300162
1.04962987431841
0.816531867504755
0.91495622475744
0.951869018374238
0.942153018908463
1.02931787083877
1.00674352285974
1.0557240184006
0.962776676764824
0.968569400760708
0.838550169444114
1.01860421415465
0.939634309904395
0.906986182550333
0.984502860505458
0.966057091306268
0.851072018964846
0.956883094898148
0.86724391082278
0.831990676836285
1.11030433644068
0.832632757339756
0.873981341376798
1.02109287373535
0.961984734008356
0.851324902626974
0.887519769699407
1.00186143681748
0.984595745417609
0.848256147955303
0.95295102210493
0.893427598496879
0.934359806764891
0.995539297519403
0.923412439016473
0.868526989861677
0.959459521967174
0.928034535070003
0.990997597365272
1.02212216748674
