-0.985246273555819
-0.956593270618094
-0.927936913024674
-1.2154106687414
-1.09678340169563
-0.911615097018262
-0.749322507939444
-0.892985754511867
-0.992026456425209
-1.02314439823922
-0.942828280289233
-1.0554052375402
-1.04245528026544
-0.989384384374172
-0.886662739900584
-1.19158533079802
-0.966799723517965
-0.948748238232384
-0.985195611670607
-0.846113593852595
-0.889639532930705
-0.886356958175971
-1.10699720374766
-0.892367724646891
-0.983488878100468
-0.950006688723292
-0.893653377229235
-0.941267515792932
-0.982160166760549
-0.898399182976139
-0.91027287258971
-0.927339928708679
-1.07035076864581
-0.723429481711663
-0.951506663628383
-1.08410407084761
-0.933103498140884
-1.0416273900707
-0.882141929120463
-0.955484785611096
-0.799414013488361
-0.981429458086479
-0.916277934068863
-0.892897629116526
-0.761760025495298
-0.841001452552067
-1.01558634147045
-0.913708010215497
-0.749439388245296
-0.938925091306339
-0.855705904150387
-0.867284706076638
-0.802566618519582
-0.956339353837543
-0.762464842862528
-0.944753831983237
-0.978393188140182
-0.908472366474046
-0.802620583523706
-0.971426680809584
-0.89969425070169
-0.936364324725675
-0.977851311023142
-0.945068130732259
-0.895816544123348
-0.646766198176778
-0.850161936806012
-0.904332812413235
-0.922056446014852
-0.887933197526492
-0.958792353865529
-0.805239226762391
-1.0158103956469
-0.874626742569777
-0.917214121165866
-0.857710858289202
-0.795123510196427
-0.856820040080507
-0.866842481932552
-0.829189951120615
-0.826550168705764
-0.777687059712403
-1.02415967387649
-0.790889445993233
-0.726948841562842
-0.889758830743828
-0.78411597134356
-0.754072180510155
-0.84535436650697
-0.903055530239716
-0.869278211851128
-0.715378201048236
-0.896600015525441
-0.722495788543962
-0.795418904235397
-0.756515830089862
-0.791275392311206
-0.762806998163577
-0.779995735468009
-0.765060723563345
-0.800903986238747
-0.733310284923291
-0.950341396469154
-0.863795953542985
-0.743090627358676
-0.848948605315771
-0.820838943226462
-0.789997092952939
-0.843438728506238
-0.675994585650604
-0.778964876941891
-0.679227970328518
-0.713314129258025
-0.705265637645381
-0.894251626194077
-0.78012486694652
-0.85617829098409
-0.692355873912871
-0.752090296949221
-0.637099959801741
-0.80377610431915
-0.753361324999402
-0.66552512271697
-0.682813085074256
-0.620147482570484
-0.650077619872936
-0.781921254149959
-0.702809515150546
-0.824053233835817
-0.705944254354235
-0.704543326002372
-0.855962082675493
-0.719855072788158
-0.678782879590995
-0.536467202844725
-0.650903776188378
-0.627999543636285
-0.638901323842696
-0.662030873911858
-0.650294564995389
-0.685202337935559
-0.727893068928172
-0.844873079268335
-0.721639615746985
-0.783334738832804
-0.713169716253929
-0.629392898006763
-0.759456860844436
-0.541436447076736
-0.754544478839984
-0.689362001344622
-0.856136118585003
-0.703501967743536
-0.665257990859679
-0.782745896519144
-0.680360900360584
-0.711155113120517
-0.786477876864126
-0.599137420106344
-0.697901512466125
-0.676646812295082
-0.754315732156002
-0.70674856066566
-0.630965727705435
-0.576296536086903
-0.761372368046229
-0.490246936985696
-0.862305609826354
-0.726445383767881
-0.636758498671621
-0.702137359493283
-0.744913010391388
-0.667899977212258
-0.857069185720946
-0.658738137422218
-0.514120479314911
-0.769568676927893
-0.703722849097865
-0.712005953905722
-0.614302394337351
-0.519494076015461
-0.510303194113516
-0.699653847389843
-0.661324442305038
-0.59661956923555
-0.655107234632316
-0.573229626974074
-0.741581941419513
-0.603234372693435
-0.71669155366774
-0.622293499994776
-0.65462710152826
-0.614223057061764
-0.603957350633012
-0.623944788180757
-0.653488700910983
-0.61344698883166
-0.703826985745941
-0.784508817741596
-0.707797563962463
-0.578418893086111
-0.701241207916491
-0.566764239716485
-0.479133795920129
-0.519533909970929
-0.578435039696758
-0.652399892761208
-0.751167458096822
-0.570396128224271
-0.65533135339863
-0.541145469745274
-0.521669153880122
-0.431393422881547
-0.777383066995609
-0.667293175196185
-0.600246752194996
-0.340178628785811
-0.56109408704515
-0.567875032282337
-0.637668989080435
-0.61390416586184
-0.514088702040068
-0.517248900920391
-0.527388911243662
-0.545396820361853
-0.409621623438709
-0.651147135304933
-0.592117040399647
-0.537661243614595
-0.57072324810324
-0.625955917745405
-0.621723036753846
-0.446031308984101
-0.566519806080446
-0.515108375939249
-0.551025638389542
-0.443337847798683
-0.745423078423046
-0.483631351907189
-0.571021634887916
-0.546272701646336
-0.548394564115072
-0.438492997296542
-0.377398260293004
-0.586006813641001
-0.408615425500183
-0.581454783027758
-0.464741953519053
-0.619929799244587
-0.435593858777203
-0.403613596464341
-0.456969456352053
-0.438433674776787
-0.350707661044274
-0.574153812849992
-0.603598961874892
-0.395551377729801
-0.321617056307007
-0.52887748224778
-0.544722248364415
-0.481345848275031
-0.386304472703178
-0.591509588456294
-0.487011143434193
-0.536752556246233
-0.47619292605631
-0.254180674592975
-0.55007327427895
-0.385203283508438
-0.538525251993052
-0.418423055381668
-0.400205288081834
-0.311399730905934
-0.292475310676686
-0.639172306730983
-0.30836897893781
-0.471341051556186
-0.518072741250087
-0.299227630125611
-0.465059798328675
-0.523454705840393
-0.417878011626361
-0.50743967321167
-0.39607030332398
-0.470734398150841
-0.432708725105681
-0.158320880496388
-0.544213113068501
-0.419934223157576
-0.33156982200178
-0.441901004285019
-0.447421715044299
-0.495777170192763
-0.281195188433016
-0.370223298370469
-0.347412851562853
-0.471157430577872
-0.309346067488148
-0.316215274366973
-0.337866974773991
-0.438827880850308
-0.402533038990814
-0.350645160606308
-0.384683468537621
-0.312925310198248
-0.270672579677898
-0.456250693717506
-0.403753536085539
-0.38187921651317
-0.34803837646366
-0.429592028158294
-0.478033563394123
-0.424274210023331
-0.379539459045984
-0.392298627245348
-0.57199427826396
-0.436617917825747
-0.328754502284649
-0.342005734862161
-0.376378778190885
-0.35703748213259
-0.354665388260228
-0.483418353564239
-0.312120654216691
-0.177280938255417
-0.412880287228068
-0.403832359416041
-0.242355347477771
-0.243214377298918
-0.327550077001688
-0.494424138986073
-0.397086957973874
-0.216142628761188
-0.367712979806893
-0.38678635304055
-0.290459993143303
-0.360141971952583
-0.324754783259238
-0.407136445829426
-0.336669758743485
-0.276232951835413
-0.516528344126933
-0.162176156732686
-0.307590633561119
-0.133391155207873
-0.285006338246425
-0.25718335824965
-0.289201741724882
-0.305367053798442
-0.234568068422334
-0.357098082392763
-0.278958171077339
-0.274682061410782
-0.285204643734004
-0.446048771784372
-0.26257660872704
-0.351934105459203
-0.253786668574718
-0.448610537826087
-0.378285650651063
-0.276309762866555
-0.345007947178756
-0.344732808639491
-0.11406848683201
-0.320884098786855
-0.254896996288176
-0.203084109961409
-0.340937302820601
-0.415123830073221
-0.305171307651238
-0.154370737781531
-0.351051694180756
-0.239644708359678
-0.281331319545536
-0.289848204906042
-0.267465896123372
-0.102460962262359
-0.352786295773849
-0.304711851367674
-0.221877175303623
-0.221466275913064
-0.158036005059524
-0.327745243527423
-0.312033236189651
-0.25021683604683
-0.249660165019585
-0.326211291160383
-0.203079789237238
-0.295397143741296
-0.31114248774241
-0.378546515024056
-0.277952914761666
-0.219056913548087
-0.177695378087547
-0.244096680774375
-0.216718745213479
-0.314986829004592
-0.229251194152087
-0.0496670530906181
-0.119698254489023
-0.237493038656374
-0.249618992717654
-0.1935894126558
-0.284566948449821
-0.330562616026386
-0.153516289537957
-0.239259014002844
-0.171080209569293
-0.181860979722167
-0.239256041842063
-0.203563281079466
-0.164105826017697
-0.243169947059596
-0.219579153074054
0.0107548833558646
-0.235577524018188
-0.225236905969575
0.0242951993931157
-0.282187059800507
-0.153906510624176
-0.0933961449883531
-0.178462747112005
-0.17527661964785
-0.0465993956835552
0.0732488552996443
-0.0613895960136127
-0.085279084482308
-0.029838486305898
-0.2721825002329
-0.0587288938422444
-0.311168045617102
-0.133199562673276
-0.185743343078628
-0.028422276256582
-0.0880614063579178
-0.15000577754508
-0.181086916586787
-0.100093334880405
-0.14200650572588
-0.0953930066711636
-0.246555830063091
-0.088490515931158
-0.0538015655045529
-0.200405129570469
-0.293058953372702
0.0271905677787695
-0.158762849353635
0.0172121237011683
-0.112014357422947
-0.112439310526416
-0.135610441591883
-0.0681794437167884
-0.154668555853854
-0.142603085301538
-0.0956787373256048
-0.0891152949988904
-0.0101735494221031
-0.0152403738613648
-0.0791271709783113
-0.130318690154437
0.0261891924120065
0.0258685126643315
-0.12714698088149
-0.0320957433608536
-0.0428596487064508
-0.116633136025983
-0.0197378891455577
-0.0538548927552131
-0.0123521529955898
-0.0281813221433397
0.0172060144113738
-0.0726155872252256
-0.0860884626400143
0.0366975785555551
-0.0711625549452732
-0.151876343071239
-0.0399978379490181
-0.134598872595767
-0.0157503175965856
0.12948814132771
-0.0547650105931396
-0.0413014792989271
-0.00445944500255167
-0.018876421506586
-0.111664125502354
-0.0726357007240131
0.243521509040103
0.13839725323739
-0.0148571989531174
-0.141810174264416
0.0443645808416219
0.00882169494095119
-0.0448571848631461
0.146083133933654
-0.057248883612138
-0.0286195822183253
-0.0396079010914094
-0.0393164071430228
-0.196834207546847
-0.0501839870797434
-0.0587591870188464
-0.0562003523283629
0.0982327309521815
0.0687462653617129
0.138653243026741
0.0803477012886331
-0.0622071214242214
-0.0644629384501436
-0.0255546650145687
0.0364265493608598
-0.010504348934711
0.116438474724852
0.053533352965639
-0.0384798207644782
0.0366997339820788
0.0331628968460995
0.0326190605273026
-0.015825580114097
-0.0705457767213463
-0.0735264327660783
0.00568048771646396
0.0304192937380048
0.0331035698397834
0.0434541991890823
0.0623276028530426
-0.106261540518298
0.260272234728862
-0.123084346266279
-0.0366792078148451
-0.00147356615685074
0.102662132576468
0.075694397141938
-0.0643747938533006
0.0800521466100821
0.140682100386926
0.0897622856958206
0.085582358600582
0.0542602386642774
0.0362982284231538
0.152141914046164
-0.0292051363332505
0.182750739826187
0.249130937562577
0.0237924866762232
0.0656142803093518
0.0187433000877049
0.133704301650477
0.00146568366195196
0.102707102107367
0.0660678586700407
-0.00736279919986483
0.0867226005644403
-0.0252229999885173
0.0935805536296642
0.0510851265597704
0.164688099668018
0.159178938873414
0.146749237114586
0.151097489705869
0.0979471872858657
0.17697070661617
0.0190152622870366
0.0575646755977684
0.0800527403443664
0.169151071617178
0.221251904861788
0.228701092428422
0.201265911647895
0.092315184581587
0.141192995804001
0.14629738789504
0.0498475096971004
0.13727664237387
0.15886808250388
0.178519131779813
-0.0204829248208193
0.233673996250398
0.13035991612172
0.145256875551941
0.210809918770265
0.299087850477872
0.137544681669355
0.174099431464454
0.0986974755244482
0.153534259219331
-0.0229422762981092
0.300806563191202
0.385620465587911
0.131652851643573
0.212653825858331
0.101406194332805
0.0891722969753548
0.148058977792485
0.306920883952268
0.280225231154187
0.411552166135678
0.0886962216973828
0.233351894619441
0.251393134652803
0.118967565046819
0.144462950187113
0.218364726662345
0.228823302005975
0.185049307407529
0.122009517328173
0.244022694079948
0.342780062042093
0.287807061175127
0.234219031189769
0.232489143217334
0.235488175354318
0.237309246290398
0.144726933247354
0.314462558663616
0.290125560414377
0.306442437894576
0.358052423450739
0.300779625835562
0.143070458282966
0.2672089971939
0.217776288366331
0.280901074946761
0.309495361496326
0.420342768424677
0.160037542461506
0.305200598903315
0.194905506882462
0.171442476052848
0.223135681422213
0.207549143164302
0.287434120387829
0.245273809951577
0.310739100740411
0.455922993254104
0.337333906236669
0.32276793244602
0.239889345829485
0.363910336541777
0.315052611312535
0.295139507378998
0.19853133509021
0.361869582294256
0.289640441485559
0.305251873842966
0.297924223317781
0.160954916211198
0.243817064566667
0.346022241695136
0.471224426609197
0.29322494482648
0.371008268596578
0.219425837920898
0.314544524043205
0.203315367955736
0.266017452195595
0.32775491247482
0.307165075181613
0.258962973803383
0.376236946766774
0.460708038384664
0.317479808370404
0.298981645151504
0.439935282596701
0.371693392217911
0.385561727702734
0.388538525819381
0.322939500306945
0.278814013275375
0.188996577180813
0.395625673205816
0.462107775655701
0.328134196057981
0.413963213412387
0.491922888733771
0.348118863577844
0.335060605493097
0.342957081047476
0.27905834309845
0.300487403668623
0.504458469555158
0.37331031777153
0.547438524974871
0.417137187988473
0.298204854499555
0.258464718957191
0.330735981060688
0.477901887038455
0.345606683830998
0.404696891216979
0.323047763886652
0.302390318044117
0.531589343523343
0.499312296422225
0.475682280131549
0.339788757386616
0.424943978071241
0.368153260006051
0.605474161333132
0.374583194946465
0.389629729960607
0.404889555611653
0.465304139720902
0.486575026785113
0.416714402975772
0.33997985077023
0.466714493729506
0.296543856458494
0.355305346678821
0.43358289400273
0.448436295323904
0.369939159094855
0.50792995742985
0.43907799847849
0.408201277976329
0.284433595861888
0.366547076366884
0.356030839270579
0.357539060082913
0.466782902479183
0.468500925631051
0.4737580195789
0.334021227416406
0.293122176219623
0.373109372658458
0.496695133722119
0.593436274402178
0.458330702756072
0.553484767409064
0.484258815155225
0.519487992462809
0.456698766011095
0.386129856269234
0.547516195004156
0.422704261183325
0.518834738251189
0.500000935493524
0.511933835646467
0.600488648680977
0.570047123623171
0.48900216396433
0.480882125348421
0.397199994314006
0.377951421212834
0.509051361976799
0.531523179742726
0.531365902854978
0.508144138828535
0.548263649067816
0.521998693952265
0.451489807936589
0.571428292339912
0.477058641511741
0.364158928135152
0.432850708656919
0.520233605431594
0.64363762558233
0.532838762491854
0.456552411389159
0.554263235406748
0.656362940812858
0.508020289492155
0.403366771411655
0.3924579971993
0.507371334307396
0.568990083748443
0.554375841190248
0.490351409155191
0.455472931498788
0.45074325342938
0.428233144241928
0.370178575913942
0.555524858826185
0.483262786015514
0.700167925395219
0.62736272089858
0.606539108490643
0.620441059613297
0.523417433361795
0.580866068434619
0.481927567161276
0.514691904879116
0.556000105348064
0.394922366662298
0.7487569680676
0.634428549807441
0.5840350553336
0.617433309609648
0.7834300752099
0.583729301295578
0.597629898861874
0.75106474741852
0.754003587053033
0.68593925064701
0.513736792405845
0.624276704520169
0.588828608582566
0.542589271980982
0.696921664484004
0.643144312040449
0.571749535427474
0.699287089238837
0.564031330957696
0.790844416908332
0.586523080610052
0.585214753838284
0.699320104404813
0.626244918228937
0.709221533487035
0.452430948471204
0.677462962045676
0.601333883053358
0.740394927981884
0.585138501085912
0.546120409671731
0.542477274276214
0.61873202676126
0.756704447374929
0.665297522654755
0.60107375326089
0.7808860057236
0.719537995166261
0.445380007125
0.614210190765084
0.686354342522019
0.715571270849603
0.535771220521599
0.580054277629619
0.594598647601246
0.529728320723866
0.647121621795708
0.716879918771667
0.687736209208994
0.556007602557443
0.559003785497107
0.604606234174324
0.748037763914049
0.689748177792194
0.718039351493682
0.662706262956919
0.701282448198182
0.588554866721183
0.630391955250061
0.784404430709508
0.835597550864059
0.574766042988908
0.724514426499398
0.711507403798409
0.742843568857357
0.692700240523945
0.651989668328507
0.695184974971376
0.64620218769193
0.795016404329267
0.570449082530111
0.780274771902596
0.605258839317494
0.712062199973318
0.61080568719982
0.703413837102779
0.673127493879539
0.531303069687163
0.513185937100828
0.810685939568959
0.611852758701345
0.69056427629449
0.91060629633484
0.814541261889425
0.81305418956235
0.675962102222163
0.747543160342505
0.716274927418377
0.701674691184139
0.734012462646808
0.80313020830396
0.745320321503003
0.801556717806451
0.823797080207908
0.741572745858804
0.744127778142227
0.765011056921009
0.89497393653556
0.904270062482635
0.881339005841451
0.783365559417531
0.850281164799283
0.785276544554959
0.642020848611165
0.735633797651224
0.898792079568762
0.993101697587456
0.592921463320773
0.720403494538783
0.764711730246851
0.808559984936028
0.725553230902633
0.867364379876842
0.909110408681965
0.580300264899755
0.846549372652752
0.877107547565729
0.817857592688081
0.752180064719114
0.846538738012892
0.668568759314251
0.710261472810666
0.825184264107338
0.809473326440468
0.926053063516376
0.953478592369958
0.836442708475497
0.737958403883966
0.931761003250242
0.755473795660239
0.746255765512726
0.989730750264299
0.674088435197542
0.749692669484779
0.780300953524131
0.648976922618649
0.822401384289211
0.855047098391833
0.942243472395497
0.794191800100962
0.764304403055047
0.865543109821385
0.946820836634253
0.886149179377873
0.675949312548675
0.944605099754684
0.85834077175914
0.78005894721805
0.835652534953919
0.750955620054005
0.718392689020992
0.884967933652286
0.955323586135303
0.67988339742405
0.754530546021112
0.925580469483378
0.835712624515965
0.912548600007411
0.977372154704609
0.766802836465704
1.01766812819056
0.876321238655589
0.90805145854505
0.964532202583927
0.889724920724669
0.817649976079443
0.966146343971741
0.847068537627238
1.08666936608048
0.758170758554069
1.00689037138098
0.703675169803013
0.86712308836363
1.01385303387789
0.847597365112385
0.835417630790669
0.866625972887186
0.813228299189203
0.951123669066086
0.769396189870801
1.02449448603325
0.97734908405492
0.949243246678215
0.916331673074438
0.897192765967442
1.0405353689858
1.05916718438064
1.07013461186023
0.820905349095135
1.03205981627826
0.826353114056602
0.974892761916293
0.740012284493537
1.13398893123176
0.996253935153564
0.993425468233051
0.971553221099021
1.02278828896556
0.943576746894265
0.918060876940029
0.980482928913557
0.977789926003264
0.918716850692794
1.01788857459541
0.983708705224719
1.19806696711864
0.868847384828146
0.998895549896905
0.94068870260869
0.949788783800907
0.892867579154779
1.08908350054145
0.9182335894877
1.11440435024996
1.14513376272757
0.914727891293818
0.999247467819655
