-1.06493095574902
-0.986909070287691
-0.999336622056537
-0.922737875726942
-0.906017769786157
-1.1124831362585
-1.07144672112939
-1.13191166499758
-1.09292607945053
-1.10809239537303
-0.927479427149527
-1.04252770675397
-0.95003224983172
-0.962761825550793
-1.02930100001668
-1.0032322453191
-1.06053340487
-0.963052577842129
-0.83113975380659
-1.080212392131
-0.861305243507281
-0.963907422104688
-0.991314934250509
-0.908114694392378
-0.908220502196159
-0.89603957061127
-0.940782245748601
-0.8421166751205
-0.98881053503689
-0.852490853731491
-0.944949689779505
-0.79842270893202
-0.99498531035156
-0.743378313230118
-0.985162661155065
-1.01151602831488
-0.900674437850971
-0.884270378515016
-0.747911036504683
-0.849516899422103
-0.863703730286641
-1.0340608368695
-1.01961284753764
-0.71842600513726
-0.822952457690676
-1.07321880715348
-0.912365856487506
-0.777830043475747
-0.747091455547688
-0.919847521177453
-0.956062832645247
-0.958216446646592
-0.961476404900063
-0.90242501981145
-1.0203291705004
-0.952423792391401
-0.872821110879159
-1.02027885210451
-0.844721962119651
-0.880017559073765
-0.905208438381646
-0.792387597060227
-0.954880980107296
-0.865288368105554
-0.88592811748448
-0.769441720236958
-0.923757379239343
-0.881706728671399
-0.842925090960024
-0.889544970155206
-0.968343340991808
-0.828247228627958
-0.791447190463589
-0.77860781006893
-0.686837089049288
-0.798663991592288
-0.777224028002321
-0.829731021712671
-1.0032915378578
-0.888311611324338
-0.788367850357827
-0.886893042658179
-0.763274938437131
-0.775064368564065
-0.852617958725346
-0.953435324668601
-0.728759310959768
-0.995883236992967
-0.796424397651774
-0.803492546880839
-0.960993928575749
-0.910840729424629
-0.771606870335002
-0.872362854086255
-0.927556403593742
-0.829810366992722
-0.75940697658537
-0.888874285404289
-0.683259989365659
-0.799528808223478
-0.795167138551064
-0.736248316082936
-0.792689597691855
-0.930183390187092
-0.909532593850846
-0.782375769960303
-0.896866429500103
-0.7643535326782
-0.79054724890922
-0.909517833550247
-0.700049624914017
-0.726144747336488
-0.808732452038579
-0.771877600754274
-0.765800848734499
-0.751801329761935
-0.726136657542438
-0.796649840655478
-0.708076412406572
-0.7772545193164
-0.808171386492683
-0.874981979409147
-0.648254887853177
-0.746301236726812
-0.672506940050917
-0.695989788418514
-0.834334840913041
-0.885578102797747
-0.781610230648304
-0.752395435060299
-0.823818077731585
-0.714007263635491
-0.665162173152513
-0.79652170490821
-0.674185478630241
-0.678824837185694
-0.839637408811426
-0.826539382286164
-0.703579054155759
-0.650545051211093
-0.773187100117446
-0.766205348536905
-0.734120096986385
-0.801224371623864
-0.752448175636687
-0.860045486804974
-0.68219012584233
-0.753985907322914
-0.709734020966928
-0.712862314205342
-0.759635828238445
-0.711866392089554
-0.553745089540216
-0.630959694940201
-0.572602554965565
-0.613249170568824
-0.60999943088455
-0.662864062293204
-0.743513576371324
-0.676969090377203
-0.714057564855211
-0.816398252113692
-0.725704839636466
-0.588127442099471
-0.601142794523788
-0.652988867235741
-0.577864023939043
-0.855383812482679
-0.601303841373987
-0.652205842927554
-0.739689013556544
-0.732621328438715
-0.672647789571521
-0.746492938052509
-0.560200299332506
-0.584363426661919
-0.588679708208481
-0.749966580256241
-0.649834343030774
-0.491801785178336
-0.452722283466985
-0.683311539808109
-0.778203073866496
-0.503957040203096
-0.666098148396154
-0.589806517560034
-0.769201402978972
-0.653180230851734
-0.700320281594185
-0.62326020116517
-0.670735744619655
-0.591108486368783
-0.497682804306118
-0.737057319228637
-0.681647763473353
-0.58450483695049
-0.688585036811343
-0.709509228016972
-0.599725210046515
-0.72263454249703
-0.60077224973621
-0.659831625912794
-0.498933086305709
-0.634652376054663
-0.669092013527572
-0.627159506639074
-0.464278148488422
-0.626585850521532
-0.698497891959719
-0.667239022528814
-0.604121999695477
-0.545306806772173
-0.541194970984517
-0.552476508909209
-0.648691806958561
-0.63096886194028
-0.584398108375615
-0.524909047571007
-0.476417671206696
-0.590058221272256
-0.600185134492433
-0.70842167609802
-0.380014473271822
-0.464753096105027
-0.529587211238527
-0.591976655131823
-0.543894602967126
-0.561660663802432
-0.425510908227495
-0.69104142547465
-0.623917600042264
-0.559630077181657
-0.441522170257008
-0.43016640317456
-0.425177785767815
-0.671159807490903
-0.288614827809239
-0.499916189910457
-0.528944859479811
-0.497730299556448
-0.538590575431537
-0.563798787496624
-0.424603951729842
-0.476073676071814
-0.53460112469459
-0.456545313246312
-0.548482637054718
-0.428191627433185
-0.370529222686196
-0.637807692841083
-0.561915201088362
-0.549090315020691
-0.544884896607393
-0.555294242557666
-0.449087580539205
-0.362442807553477
-0.547242475256375
-0.449859232926708
-0.564679700352309
-0.609210183811623
-0.30328145955087
-0.437901226460265
-0.402941606403144
-0.621621023032568
-0.446628901281791
-0.324990777999251
-0.434014683058208
-0.382161963218113
-0.489035203994642
-0.442730520812801
-0.527390453663986
-0.39348714193358
-0.500693684162503
-0.47097673699863
-0.403452493492411
-0.393202430106335
-0.541457981724571
-0.353734842176956
-0.490588206099448
-0.453436039687846
-0.39951873448723
-0.468525004806005
-0.581725282642494
-0.484404206975083
-0.22901587389315
-0.353799299397691
-0.403333336400025
-0.368757763010086
-0.524958977886493
-0.299796855112773
-0.553493644475239
-0.365639138547154
-0.392930435237906
-0.176809146406323
-0.434384763235889
-0.419686081642879
-0.360449364613543
-0.515833150764975
-0.450981356120229
-0.506132162118225
-0.337323433633921
-0.501818296758319
-0.520394149046583
-0.371844074229355
-0.458060976257124
-0.331742301146323
-0.4429202736576
-0.331512699755446
-0.491746894752065
-0.397404449079232
-0.489228786813196
-0.344747614420835
-0.387306978895682
-0.257061081471056
-0.426852187555747
-0.224613841872446
-0.556390560959231
-0.17042791788905
-0.287305417233072
-0.307070616338954
-0.358164470308889
-0.291393672914918
-0.279485728816576
-0.487155907130133
-0.278745049886526
-0.349559504978188
-0.287643540714776
-0.48426638540716
-0.229378080239258
-0.489734424539733
-0.337873290678396
-0.402022002913371
-0.323778910972914
-0.513150873255103
-0.208298344296878
-0.295661201200822
-0.188450648938698
-0.366132566007022
-0.222173707215869
-0.325394913085144
-0.25781286112465
-0.251767560808111
-0.315956292798669
-0.360257075194196
-0.208941181782746
-0.156213986363252
-0.318652547129312
-0.37139832775523
-0.360534189961543
-0.334734694177604
-0.196636172030701
-0.180460211308796
-0.233348694204493
-0.311623990473763
-0.158980363465113
-0.302884548265897
-0.266717152328254
-0.279468841864093
-0.27355589399793
-0.271568864462358
-0.238716128562973
-0.382527807066234
-0.25682179958333
-0.379230145374687
-0.305366087441162
-0.255435580959303
-0.337554076163897
-0.175806832427599
-0.304092114038353
-0.318817973237185
-0.17502329970036
-0.128276963322282
-0.372213244022695
-0.208860167077916
-0.266074373073659
-0.218808303159553
-0.285381912553184
-0.267956396777349
-0.3162637644327
-0.271610282190145
-0.149858889394555
-0.202427710064222
-0.375736866175349
-0.170542905815417
-0.232415432948409
-0.152475718257116
-0.204361509716914
-0.300568040534039
-0.161244942480237
-0.316425243883294
-0.184258149218248
-0.216447017368931
-0.32399544363324
-0.237715888661502
-0.243303451963033
-0.122359703493233
-0.262641414187305
-0.260450248459001
-0.322846516738186
-0.149528822389104
-0.0718284423788123
-0.0165952143312871
-0.18539541184854
-0.1426835205818
-0.327888451701867
-0.309442762390976
-0.172834033324279
-0.115585798668519
-0.0780191912081561
-0.251023811353865
-0.199205114416474
-0.0680262827558142
-0.141000901122107
-0.268954823152979
-0.162151257780028
-0.234872983437948
-0.114701527472657
-0.0235356218510207
-0.0867367551983912
-0.130809583870442
-0.099960375910191
-0.119950664231776
-0.0813170670950111
-0.137971551582015
-0.124080777710209
-0.15557332804635
-0.0371430776203509
-0.111723259349887
-0.101957329092306
-0.253097409013438
-0.0309669479105762
-0.17335314142517
-0.156619538694633
-0.166043417248418
-0.109521787512254
-0.181782988907468
-0.281998308124425
-0.092463029402162
-0.0237529795296118
-0.213988155005423
-0.218700292691013
-0.208417083880687
-0.0700150385747719
-0.0583769170740255
-0.251430897924253
-0.000115984413660975
-0.0667820700136274
-0.0154950720041179
-0.255170156342914
-0.0743184833733734
-0.20368745994316
-0.104142309910125
-0.230353872526329
-0.123622321645196
0.0157372488519363
-0.132254635053168
-0.230274545438444
-0.072293127260936
-0.0303857759065785
-0.0285540177287051
-0.148138042100252
-0.155891039835659
-0.00602798168334007
-0.141650804351869
-0.127058944948042
-0.107569934880249
0.0344608163906721
-0.0920570954142379
-0.0626116982991717
-0.112705449790783
-0.0429324140887959
-0.198866058391535
0.016854673409777
-0.0217807751200013
0.0351008482254401
-0.0830766412630313
-0.171148149006969
-0.01416412802402
0.0303611985473707
-0.0656254431981087
-0.150792793186926
0.188438007198747
-0.098621867971983
0.00189717122579487
-0.146617689611819
-0.0622714238770751
0.0803665452272633
0.0434790398996179
-0.0599739845291044
-0.0561904819209378
0.00212804067967862
0.0302257307543504
0.0393500982965313
0.0199228191967857
-0.0956781851558642
-0.0334062685762611
-0.0136548608234613
0.070604911815992
-0.0500772360761886
0.0214277774257964
0.023140402363661
-0.079371576705781
0.102329819362871
-0.0331110544071368
0.131396287344313
0.105133972761892
-0.0360390085129915
0.0544480985867049
0.112313820104944
0.0647728800754751
-0.016120754507447
0.0351311057787447
0.0436267430384317
0.130791361611367
-0.106267185373019
-0.0240467789751791
0.0756113332825135
0.11529118902996
0.0156556663460667
0.0831305544303268
0.0454126267652418
0.122874862873423
-0.0564156736958016
0.091266500129324
0.0020652693631756
0.142760625564125
0.140281423794939
0.0492331130171651
0.0575617316399486
-0.0996802260242597
0.140923672017736
0.0242443280009508
0.151510325014039
0.103453206575557
0.117881108121632
0.0550789539527998
-0.0110493422358699
0.159124515681363
0.186198917127786
0.132571030960084
0.105952041122635
0.0912100571800835
0.24135653428915
-0.0108611702537937
0.183372826531203
0.19068911568491
0.124890909772088
0.237054820983719
0.0653831043091114
0.256861596746616
0.112617129236569
0.0165035492616939
0.203310667754412
0.096187098906161
0.143812764862097
0.326615240043507
0.043638285146157
0.125316441590374
0.280471102492811
0.0277740276052477
-0.00514885159593994
0.0990233084299713
-0.0349944679311546
0.220286997792458
0.208500031097139
0.126499453643146
0.0329805106478998
0.224854253077986
0.168340072266771
0.107297493691461
0.178184223671633
0.175798373516745
-0.0558884125450033
0.178163831140187
-0.1380752378476
0.0898425527598474
0.203582361575861
0.206099879544738
0.246680094130487
0.316339017323477
0.17983786920476
0.325898107943336
0.193075357352557
0.194646894884179
0.15928940038006
0.21256016446236
0.135659273108924
0.115168659764345
0.163547983292304
0.204660251767462
0.211237612529038
0.24761072771392
0.174322724565683
0.197755599429651
0.23370641099473
0.097614050958442
0.269679686488949
0.259519265338529
0.27127702563547
0.259848514861649
0.17983833326427
0.363072543457787
0.166317568369836
0.385269500008797
0.331192665537502
0.0865369480859795
0.196355860439051
0.408947389759632
0.203650510093207
0.391601000609422
0.0914108507837999
0.191808006523967
0.361088845344754
0.232134898400517
0.20352722569061
0.32758918772121
0.216927674717462
0.214381504170802
0.314534060064893
0.206226275465987
0.192499925832242
0.276585803472229
0.389752852978586
0.33251995490465
0.216713603302374
0.210515125897196
0.262225666827997
0.272815998857196
0.332540073023621
0.237066980669
0.302281252126976
0.225621521623028
0.209794372301331
0.184399652405204
0.301996036004358
0.32032482328397
0.327820053476758
0.264544340567799
0.134842512970174
0.29393236401679
0.376537952976972
0.242273206375732
0.419557731617678
0.309042580630472
0.384384036136589
0.250929444043643
0.285865003464297
0.291245045653726
0.266406280499276
0.292141567560635
0.140795858548367
0.202408170926354
0.551655484252433
0.381574329798182
0.302815488336747
0.404171287469802
0.282130644248184
0.376916049832561
0.187543551848509
0.270472299590754
0.467787302156868
0.326699256930348
0.181709664940584
0.356060937315632
0.219832788309221
0.30359858561588
0.328192762628621
0.321076546143553
0.303473842042075
0.285942102538765
0.293395385361317
0.271527973411802
0.286184269945679
0.332792437106472
0.37777773296614
0.323440946150417
0.324382875040157
0.165853764077215
0.353462216597024
0.315985290493472
0.467585049608722
0.35430859576947
0.280145579691617
0.356572812087201
0.331012933378635
0.293052940491
0.378556021582701
0.446304596422517
0.452415186929679
0.513427725817744
0.33244269455843
0.289998236447658
0.615405505711332
0.335218646215559
0.314742198574691
0.520857399240014
0.418377335516048
0.342217089629515
0.345917686768703
0.420160946577685
0.474587707890636
0.406153683664386
0.408165967181185
0.31811567600713
0.21720949312164
0.411623209207706
0.409269940034729
0.332208092864582
0.565070999285355
0.392532261812078
0.459611413090386
0.46108771078988
0.432479683866068
0.505621037122117
0.399410797462954
0.458945274554511
0.356575015907283
0.356757920003424
0.367160916926411
0.4155799474109
0.336813953599581
0.44552572267817
0.452100876416077
0.476256168545794
0.468444796429455
0.341238085827374
0.234757480330656
0.582216862065979
0.447341205742987
0.553866943978845
0.453994236283936
0.49627008019519
0.470306311965479
0.429811805986881
0.484426648862902
0.467289066812523
0.406245180171496
0.423785022841061
0.499966195101073
0.431329129847048
0.492731173145502
0.468619049821904
0.474656917347883
0.566900039445616
0.501626893859808
0.501783951515083
0.584878191427664
0.467751659184271
0.599418211541893
0.327517558028378
0.422719233832978
0.692660014166787
0.551525325819289
0.495016301532541
0.440207409651727
0.611456227988621
0.539046194768116
0.453273255013959
0.47584261537767
0.539496979684096
0.615786281639416
0.518960772419558
0.410921624901386
0.545257702079657
0.502511922172893
0.454937963382308
0.752193703389981
0.455033648182695
0.599592170783692
0.591453051311166
0.529362629184343
0.589239679290034
0.602078362209155
0.63484835178586
0.600511796357144
0.69673530540393
0.529015253128634
0.589046115633284
0.577607375981046
0.446777480918821
0.492895870083471
0.589489629384515
0.717745385697376
0.532643216710809
0.635976496549325
0.620782665070229
0.461383253593428
0.556359529740532
0.521040238734135
0.629609487972228
0.613472662634221
0.545672002569463
0.478417630974491
0.673165216652442
0.676778155514675
0.615272941708829
0.666655621063399
0.743343589107555
0.618980875186084
0.603888564595052
0.70650474166269
0.678649499884662
0.612197363003467
0.572462319871875
0.619980374601244
0.547912922636275
0.577559039060547
0.639769112104449
0.555256996374709
0.638285768745735
0.556628955414566
0.536151826364327
0.720187335465629
0.572383869140263
0.557224657818557
0.788934461472526
0.420169829645502
0.582922733696454
0.635879880559834
0.708013707811386
0.584107955076223
0.658991548994253
0.673019381138412
0.557123453210029
0.709834211821839
0.644430602556102
0.75282111428968
0.639009400566289
0.545373258052349
0.722199456130757
0.727277163483532
0.612906576472026
0.750494015350872
0.746468039528736
0.518769066794512
0.817637533385821
0.645315403298761
0.737264679654096
0.770209684070284
0.598354623970829
0.786814770597733
0.784896662986834
0.657739126749271
0.789091414330767
0.645650628870014
0.519061782983605
0.686796027038842
0.609782067990936
0.810099945501728
0.731103841091231
0.607221321740378
0.61999066612489
0.616449400145696
0.829088245396028
0.799638629272212
0.744350453066733
0.608013192018776
0.677941357800901
0.577961750233174
0.678551537912911
0.631499651731982
0.595135833108933
0.758288550174499
0.76447974453169
0.752228921141694
0.62156966569358
0.567685479642636
0.880979096056261
0.696569842636149
0.774614023723793
0.717548097012771
0.700096007321128
0.76072739583571
0.585057103891157
0.713964606078163
0.906326835068974
0.867062028078757
0.72834136623656
0.899195957966601
0.820437667166196
0.665984255523007
0.737055166310388
0.833521123387874
0.797624116084017
0.811264467096229
0.692931843079929
0.738360603716467
0.766008924041054
0.677288468446344
0.888555851420469
0.808023446499039
0.603983651859075
0.705309447701285
0.750393609492308
0.875510444052876
0.743351702064187
0.825174928476179
0.858657161050102
0.811014702188604
0.6252843591516
0.862599395753071
0.800839782080295
0.733012751250619
0.792489693007907
0.740601125246137
0.952161443338356
0.772250794004031
0.919696448274035
0.752697281455535
0.665384516614532
0.761005509206726
0.778666335666917
0.773052253495041
0.791195198923448
0.742849200824034
0.767292854089407
0.92339186568556
0.909223291168148
0.936688333610112
0.782151636362028
0.917748024556388
0.87827308460127
0.870078591414189
0.965194628503381
0.759521039876334
0.971999046324282
0.877564137418658
0.758172661659744
0.883639275019396
0.823138065495136
0.820791552674199
0.857801233025844
0.929463441805981
0.875783881706142
0.909740951592612
0.959836582459644
0.795078326076217
0.839421399639244
0.791078899893362
1.04597754561127
0.797855054407657
0.823963599473561
0.931021397364619
1.03994998305931
0.778427985052152
0.889665480923609
0.723318975607021
0.973938033487827
0.867316953624209
0.981114981534837
0.835991667065837
0.844161761548466
1.04030316575358
0.918880747038497
0.927037582922964
0.685450344774239
0.911138817700971
0.916614840591616
0.894548167826118
1.07269055007972
1.06769903007879
0.822590705713399
0.916189991368758
0.945863072180901
0.92275991878434
1.05349107367327
0.976160246065426
1.06199121348181
0.966504350986037
0.925555108015399
0.821326673831551
1.00223349639249
0.942487973489881
0.893777520709536
1.00296351396398
0.947406905082567
0.854462391078201
0.969987396025593
0.864238376324932
0.844189532806815
1.14668895106193
0.814471027848405
0.846732878959428
1.01778040093374
0.970291516609296
0.833949488325634
0.889666166850644
1.01359611496877
0.995999011895651
0.857042821319604
0.962803700887074
0.87615644815138
0.927150061303704
1.03175122471635
0.928217212628243
0.867033045353554
0.952763875000178
0.921125216587939
0.981749844341588
1.04322821685682
