-0.975165800891551
-0.967284444326792
-0.922914078540054
-1.21475722044261
-1.08105422466261
-0.922541627238501
-0.749312551267397
-0.890513547175939
-0.978247946146022
-1.02161730794499
-0.92979064340665
-1.0386750553716
-1.02278409701044
-0.993421692059528
-0.873253289120544
-1.16290689942729
-0.968400919904284
-0.969759933069724
-0.968348340202243
-0.862792841752332
-0.894773588080625
-0.854684192739579
-1.11357871400775
-0.89705738753607
-1.0043251504257
-0.954485165275107
-0.887064717981359
-0.942259791137745
-0.937478487208398
-0.916308340457558
-0.906244935938685
-0.908179276976853
-1.0782104002293
-0.744856237884015
-0.944332904880066
-1.08386661803213
-0.939341416001517
-1.05988628342696
-0.878975855053543
-0.998110785181444
-0.813418872917299
-0.950859216661186
-0.902188445316293
-0.880623492214246
-0.755974405325548
-0.843878441182956
-1.00650848344006
-0.919433609802211
-0.754373812269416
-0.923979375667661
-0.849922574843349
-0.872818384607706
-0.785064143434247
-0.965355207423061
-0.76491880171271
-0.944130433042551
-0.99394238406731
-0.900861941487429
-0.816590259784033
-0.984451878740488
-0.894920047790103
-0.953332749946719
-0.973213884036119
-0.932854958403987
-0.898322320904698
-0.651443015002182
-0.846265876180405
-0.896081789370247
-0.929125523167696
-0.868115088842137
-0.942860756664857
-0.799699757817793
-1.01032542971597
-0.850839495307681
-0.904996471226788
-0.872622199296289
-0.799760262975533
-0.850546785558184
-0.878938911684795
-0.808159646230549
-0.823055496096155
-0.746061824275744
-1.02300337020434
-0.792344031021509
-0.742380468965826
-0.884196473298581
-0.768798967750423
-0.726480440882864
-0.838955515811525
-0.899108910461694
-0.875834507580339
-0.705984306377741
-0.899070719616242
-0.713540051045417
-0.796442722304399
-0.738449665841079
-0.784055538252923
-0.777518872318057
-0.782557765830252
-0.775550980160228
-0.807673979448262
-0.718072541453889
-0.965289204563748
-0.867449426522137
-0.743651927451223
-0.851243854684528
-0.801773971062075
-0.810882474848178
-0.828734829184537
-0.666497967840403
-0.778282273356092
-0.684484281655596
-0.721519061409493
-0.706526394419361
-0.899305919199786
-0.753847618534534
-0.877405786215171
-0.687702110876419
-0.73200684128589
-0.629555334140316
-0.789145707504165
-0.77541167870422
-0.670171639650938
-0.7038483366098
-0.61403042278945
-0.627386549789331
-0.798064327192877
-0.707099855371418
-0.855513102153014
-0.71741488820489
-0.686429394585932
-0.83223246946344
-0.687291043496465
-0.654118414324397
-0.525510469673411
-0.640022978674048
-0.632146259268065
-0.64280133083013
-0.688434708719499
-0.648090672827053
-0.697391522558379
-0.745324104316947
-0.83643067406183
-0.72539753860631
-0.787563224058008
-0.701188480644703
-0.623931916266556
-0.757755158820322
-0.530607351353622
-0.764119965890913
-0.697684300998323
-0.858604727285336
-0.675740795337556
-0.659084492327596
-0.77146926977341
-0.695742195087947
-0.720457467466484
-0.777828782680999
-0.617122346882608
-0.711357036786906
-0.67753904029635
-0.761463094296931
-0.705009922080596
-0.607508162561649
-0.580418238244069
-0.750397667916096
-0.506165400319062
-0.854756521593789
-0.73745484850842
-0.655317696331546
-0.686240877662448
-0.737021534321979
-0.670843585780196
-0.853364592096067
-0.668341248580031
-0.51776093288297
-0.756757180818148
-0.689693240281578
-0.709372853050367
-0.624207129352525
-0.528471693667894
-0.535621997756657
-0.698485849340599
-0.640663198929341
-0.633649294078614
-0.683607272869709
-0.560160647798771
-0.763609654399951
-0.629912196650117
-0.696373000551899
-0.609587833016414
-0.668866554167633
-0.600578722628013
-0.606778962715765
-0.606233067683523
-0.642531251509825
-0.618618425127374
-0.728131284692198
-0.774180104049105
-0.693885039683913
-0.582097565745064
-0.674136383364102
-0.582102229801321
-0.463355970462908
-0.509394824781006
-0.570257063897127
-0.669250253646356
-0.751559992536747
-0.561452346326828
-0.645003872790885
-0.536042677336611
-0.506700644608369
-0.431322324273525
-0.773326225608166
-0.661876985244113
-0.588962248555895
-0.333397230905478
-0.561868491786908
-0.531957297992833
-0.648353339256605
-0.633373418637067
-0.534530830980066
-0.5248563512838
-0.486888572721171
-0.557523182816054
-0.403141871434734
-0.640376831516712
-0.580506565675452
-0.56887917546141
-0.578648186367355
-0.635060600370244
-0.623749291589836
-0.437255327849015
-0.613727690320904
-0.517871595958322
-0.542664933561599
-0.449171593821799
-0.748508527684737
-0.469682230625592
-0.573952955071558
-0.542160512004687
-0.544254874765828
-0.436174875359335
-0.379599175963926
-0.581284147013505
-0.388355622778785
-0.550214472210005
-0.470181180878301
-0.602262130732989
-0.45720229231133
-0.423942460179518
-0.44415616538179
-0.441100247968174
-0.350822718579404
-0.572437442411077
-0.637330417182106
-0.430584610580709
-0.335885579026342
-0.504607620710089
-0.54618365086054
-0.449180035524164
-0.403356575759935
-0.613654096089974
-0.475603861774823
-0.545254984377756
-0.497820264296531
-0.266724427647295
-0.563312818028192
-0.382346560630006
-0.503577589536173
-0.4038325649844
-0.375842782667492
-0.293517861175855
-0.301650409998297
-0.635895184712402
-0.292202848362312
-0.46123942830809
-0.510809344177757
-0.307025558721753
-0.459583721592581
-0.499245677916904
-0.440166779534801
-0.506493474750035
-0.39301582179655
-0.473145432265924
-0.4479582097541
-0.153961549120583
-0.520087370411108
-0.410872064931114
-0.341663502578766
-0.431389608835063
-0.446071856883617
-0.480241436177738
-0.287545406031066
-0.4017127588517
-0.358508175554953
-0.471156780966733
-0.30685481171232
-0.314542681834391
-0.344445206444255
-0.434992557555913
-0.398027802390487
-0.332024091393124
-0.359282435749306
-0.321916014878833
-0.272654632328059
-0.454372988636688
-0.41241481103949
-0.368528571372077
-0.352698550115494
-0.430294791253962
-0.493471076610531
-0.403371189785443
-0.393207952535131
-0.417727402266272
-0.585838743693799
-0.440764578228422
-0.351412072917513
-0.355937201711781
-0.386161804257641
-0.331406804678907
-0.3623930644749
-0.480834613360715
-0.320453628778134
-0.187426054033225
-0.418848172114263
-0.40040140256107
-0.248860632384333
-0.248563973715028
-0.343937498541733
-0.498054795935273
-0.407218172293684
-0.235400474085744
-0.368515333321948
-0.383254846806919
-0.285109416210162
-0.328648400295798
-0.353321449682735
-0.375920994119762
-0.329670206830337
-0.266310719356088
-0.517247257592493
-0.141092930657021
-0.286018725999753
-0.127394428992102
-0.290592726976845
-0.270731088014983
-0.284915461360988
-0.299648006295045
-0.263257982610869
-0.33948537942765
-0.2874600116992
-0.291830356052942
-0.280689381087246
-0.45103040341769
-0.254815120564666
-0.346311831867339
-0.27867549799136
-0.437833652496574
-0.371800032243131
-0.272676783722933
-0.35140354840195
-0.348692962601276
-0.142528747005093
-0.320037891939887
-0.242876467051339
-0.197650080970812
-0.340054816252896
-0.409706439155525
-0.303082989054039
-0.155025485826262
-0.347075779795674
-0.206172961784222
-0.284613509179429
-0.26548007812063
-0.256554116040083
-0.119667083915913
-0.361550887317414
-0.291298008063205
-0.240470591936675
-0.201165186322286
-0.157664840908167
-0.343179595867387
-0.308839512709496
-0.25477262551888
-0.255274854663649
-0.320820193053226
-0.201071280539521
-0.2875343046838
-0.31187247898539
-0.389362912814198
-0.282864272710991
-0.203340688555248
-0.167496246116961
-0.246917050410153
-0.213400162780709
-0.316661959173801
-0.202295496286416
-0.0588475013672844
-0.11190784570095
-0.228649824357894
-0.243945756244035
-0.185767780320255
-0.234150182312689
-0.297213527549434
-0.141872524850611
-0.232633471879778
-0.164263010232525
-0.187435186699969
-0.237425626488812
-0.205446506720391
-0.1518505300092
-0.243571307736457
-0.226653681421306
-0.000597590348576349
-0.233357477956809
-0.2092700586851
-0.00159564130182197
-0.284095062524463
-0.188261923668058
-0.0998347936941948
-0.173522126779402
-0.154914849444134
-0.0626682118374425
0.0919469817897371
-0.0811909468500918
-0.102193780726526
-0.0359464088435072
-0.285431925465742
-0.0744295584700513
-0.296917712530019
-0.131605750721359
-0.178946687376602
-0.0260275645034276
-0.0933248681168609
-0.158230033787716
-0.190423497338818
-0.0930138412615197
-0.123303235145058
-0.0980168064569553
-0.23685463750422
-0.0682539642356202
-0.0163549493162709
-0.203580606547856
-0.298323845692085
0.0216973432831876
-0.163270507778388
0.00487894870174947
-0.0808313368013716
-0.111351246108284
-0.143902014325721
-0.0909222191240547
-0.150480412251298
-0.133913571437327
-0.0705731462761898
-0.0900019472403956
-0.014495907895826
-0.0326830975256877
-0.076039820784906
-0.123939508828691
-0.00463678548414719
0.0486325815820555
-0.115238234334825
-0.0618992679624818
-0.0343970181696496
-0.121222521360402
-0.022469500492762
-0.0290719761915242
-0.0151931941067929
-0.0132439325837553
0.0318078856290301
-0.102455891651091
-0.0816128082659285
0.0581775623967941
-0.0526543412527556
-0.152184349817281
-0.0264360781730278
-0.146631929775742
-0.0373107227669084
0.111244810637503
-0.0752823368649438
-0.0475438998170215
-0.0177670538359353
-0.0152611695146506
-0.117840526815891
-0.0632770300758424
0.228513899196409
0.131586350437469
-0.0065466685085924
-0.158061893908901
0.0388049613027429
0.0199237954808691
-0.0383495791908836
0.136663713457127
-0.0263006024288766
-0.0385346276850833
-0.0140351670362579
-0.0417400470443713
-0.149233008104447
-0.0235884329247786
-0.0609244053608315
-0.0784502754021674
0.0873106394993236
0.0698440963096165
0.14018561645102
0.0710691582226054
-0.0541255409494967
-0.0480226790425454
-0.0152033133675537
0.0315244248978062
0.0133950496264916
0.138460815629562
0.0568285716542448
-0.0380068942384421
0.0362653140853651
0.03748375404827
0.0323876435851571
-0.0226008761948834
-0.0664424789451562
-0.0488742847616302
0.0193524018483528
0.0236017512898766
0.0330341982629578
0.0770331062497483
0.0903783047212574
-0.1138045683116
0.266499509885356
-0.121223940779971
-0.0636343224648677
0.00478478516734605
0.0975501850638666
0.0705546075477769
-0.0839230305098184
0.0694457508813668
0.143493693228813
0.0821109201697052
0.0897115393394624
0.0316941801245339
0.0427765957031731
0.154342994161842
-0.0211363276193379
0.181950285289078
0.252281531612047
0.0428892841730324
0.0676527291788629
0.0343348726642254
0.12227406580493
0.014912589978788
0.1042133660262
0.0719278485990599
-0.0123602427955105
0.0870196016462758
0.00233577830562463
0.0987018072863444
0.0712591918028991
0.145028250740642
0.133781909168757
0.140602165047884
0.144803031273078
0.131218249572127
0.183208387597517
0.00461649182878618
0.0847845231678631
0.116549633826788
0.180208393243974
0.218025877852145
0.232872079237476
0.185997187828893
0.0969548082239033
0.143063784966842
0.13651723345885
0.0392146351596938
0.130804033754297
0.151566908400101
0.163687759933547
-0.0319988256458121
0.228369477935502
0.147822675473654
0.141136358516118
0.225086115942259
0.301028427371752
0.141640628593919
0.176062104149601
0.10400844344406
0.118743824828915
-0.0078147538280841
0.283673573801165
0.400585859117468
0.130697262731367
0.241376606635938
0.0929063264134691
0.0931252783478958
0.163311161564157
0.332936310448238
0.313176602493427
0.420226203877823
0.048958134629801
0.249262634965178
0.231777633527532
0.113751416809649
0.137321146245396
0.213910477894672
0.242400076376703
0.168422757853687
0.108365361273463
0.227407002800783
0.334600097029795
0.299952103586767
0.219653409608181
0.240578216843108
0.201145461238012
0.218678661080333
0.119766905099299
0.333640974433604
0.297120653068169
0.285505708907477
0.381116069941605
0.290056596272379
0.134428697013309
0.27003733534039
0.229325257684907
0.290280104956922
0.308133799131947
0.420742051913974
0.163556892588306
0.306352461170339
0.18226597508573
0.162919262063908
0.210090619227271
0.191617675300223
0.29692868905186
0.258607263000362
0.290060471851511
0.457077992616193
0.350280817473521
0.335359437541595
0.242850539067444
0.353567396454971
0.30826746512198
0.297881537542638
0.175589403937991
0.35605122073876
0.284606484464073
0.309267961550173
0.296112515508335
0.15722574889194
0.242117480677708
0.344280757943778
0.485460809128065
0.304427273172708
0.359912626661656
0.230074012954546
0.341305199975373
0.215444634830397
0.285415557824425
0.323034770031482
0.30268151997981
0.248942437238479
0.363437689465837
0.455242047240505
0.345967525398872
0.294072423146305
0.446659533794028
0.370017129877453
0.375760277564546
0.389947919896304
0.320364674473761
0.275737250874067
0.164914750199844
0.396805606485149
0.485369544698255
0.33545625867549
0.393117604449742
0.503696703722382
0.33920033641659
0.346794744795197
0.366217366815094
0.299986374707145
0.297483432775319
0.501835120916091
0.369202869535023
0.568591135927302
0.398214528502823
0.305051243819578
0.24653759947069
0.347368045080413
0.472248438292135
0.336658416392488
0.408547165947866
0.324331023060697
0.322074465795864
0.549426482437272
0.481830871686033
0.488933019057408
0.336950184096838
0.434409447732263
0.369480088577089
0.59953266921974
0.383656761271596
0.406715910569184
0.40179273018045
0.457133271122668
0.516025584406374
0.414619686444042
0.353683865178391
0.460481661800538
0.283467960649837
0.359993455795993
0.432809907141503
0.432022325658234
0.389339959613832
0.492501922782749
0.430974230279302
0.417772236551746
0.291284432550337
0.36806332885971
0.355208755365945
0.363878727441019
0.456637694690205
0.457911279311309
0.474111839305671
0.346812921388195
0.314630082536809
0.358463111668248
0.474221895419518
0.587349139778648
0.480797440317218
0.553796564014869
0.468185235499768
0.509628901487578
0.466592667471785
0.379060350037848
0.556466562481668
0.416195831062937
0.533638315724626
0.490447330084899
0.52734634022137
0.577902770175696
0.583566233710639
0.454506485473101
0.478084300165505
0.403003269548939
0.406188841509648
0.502468719385399
0.521550150541218
0.531061125752471
0.499471739476463
0.54357231610746
0.55750512100432
0.459732800989325
0.553611686492441
0.449787064104476
0.383516463662748
0.435833103223122
0.510043141202236
0.655515178034221
0.532764834196601
0.467013302265586
0.581212977414544
0.655192538858517
0.499040104456335
0.399060016420719
0.399006503747777
0.510359519903119
0.580929887024349
0.549089768934477
0.491161555484902
0.469378870916273
0.447633506684939
0.428456397497822
0.351198156591764
0.532081858804239
0.453164940434648
0.689055899388253
0.644465897628006
0.587564078477655
0.637906775065219
0.529519157289242
0.596989164567707
0.490425618416211
0.532073228396027
0.564188033917022
0.39294231405341
0.76063369831788
0.644136553785813
0.566195360307961
0.62546666717528
0.787365963812415
0.595886518970309
0.599589696524228
0.741413993635356
0.738442648976169
0.705647231408262
0.502949852417552
0.6184754000314
0.593980634048135
0.542493655374362
0.684621369315652
0.649108126046132
0.55239897685689
0.691222810077528
0.575195354287537
0.784615083317543
0.591796487079172
0.597332117960737
0.714566742239807
0.622298220955527
0.717775274220826
0.450113460074519
0.671160603897679
0.59086059458535
0.733683001932591
0.597061690025296
0.551334248834797
0.558744767416579
0.622850421283337
0.739332596100311
0.669410445292848
0.615466605602335
0.748640895211511
0.723590534654134
0.461202355130735
0.62182315013038
0.700777708331674
0.729847813663478
0.545741727748589
0.583630481012466
0.613772850644044
0.543630098786278
0.636233030184624
0.728231191260013
0.658874114166529
0.576630099820301
0.544635599242969
0.610599840498419
0.760796317948553
0.686655039515336
0.723480732533809
0.663266791403992
0.670277164272602
0.590100051639308
0.6545626674971
0.746054557719054
0.847017903223534
0.5765202073935
0.753374608639683
0.719695559866261
0.750492408043771
0.67094078915615
0.64364740001726
0.711345414910323
0.660178763600182
0.798712995027429
0.58707344900004
0.767400049627518
0.59073188850135
0.721242674433626
0.613022701211655
0.692403680936143
0.65601420635404
0.551599141064428
0.50874379491933
0.82376114929005
0.597958175185458
0.689829584019783
0.900953687235736
0.798240592114357
0.826262909382257
0.690047281441634
0.741802760440169
0.718965069435207
0.717838732938623
0.728723514533328
0.801713009688006
0.74604513715202
0.776351594149115
0.794580656933378
0.748790544089109
0.76208894240069
0.758183376023692
0.87015843516028
0.893698992984806
0.879507423463513
0.76747750440192
0.828108487748708
0.787597244631558
0.66110499357049
0.726971336763773
0.927687079495261
1.00066625324297
0.591909907695708
0.735532562876783
0.749746124075167
0.791662484228074
0.749442161997501
0.871017655021338
0.911709627426652
0.594401261737968
0.848498648294719
0.878280611319189
0.795506338353342
0.745343272674057
0.838693556119968
0.672873951347424
0.715003282872429
0.84834493163227
0.796743986343773
0.932224352470958
0.945607180599174
0.82407642528984
0.75172263535926
0.936850909250028
0.768345373163436
0.72635820829871
0.97725418399145
0.710005010962958
0.735958749896609
0.793023848141044
0.647583989823178
0.836169922250976
0.857626770158726
0.938144837137469
0.791818926758017
0.788118634563914
0.872187983582353
0.944391957722485
0.905251821462358
0.681342448541281
0.956854194740556
0.870605119856615
0.797185814793772
0.840063266877462
0.752246479171972
0.73037869266169
0.854462154690684
0.95028732760476
0.678476515722367
0.769930100471427
0.915933461058349
0.839959807763817
0.926933549171338
0.970120433396083
0.758889956907697
0.992316609507807
0.885566723529473
0.923346640026618
0.958201409624196
0.861307120722181
0.777177735947868
0.980239347921272
0.862657647800157
1.08792859736134
0.760049381577859
0.993745285227274
0.695028595120006
0.860341533632856
0.999801246877844
0.862566831175531
0.807471469369938
0.858515299949573
0.797543991198877
0.936539389968302
0.780119555314774
1.00311203738973
0.98512673116019
0.952559043609524
0.920596023065272
0.883937262038845
1.03224064877472
1.04668667890895
1.07714052893073
0.835362097856435
1.0233507433729
0.827643008616385
0.974224244782797
0.750226164195981
1.13179933413745
1.00648152774582
0.997027768790044
0.969138218490323
1.00619723713314
0.938801838121873
0.910623287940032
0.978918054148623
0.966468186750699
0.918823021775243
1.01647673465044
0.986940824604491
1.17929206840835
0.882981995002785
1.02506031891696
0.932020990528778
0.958462848313392
0.889171736655439
1.11268574163497
0.923206326142276
1.09904328922542
1.14287200119938
0.921529257740479
1.00073496978807
