-1.09825559729136
-0.933435671560018
-0.89579840615635
-0.966984060111661
-0.933953462694924
-1.0859643689675
-0.988235035259538
-0.984152612732277
-1.11459553545705
-0.885155195606981
-0.929428305419047
-1.05088121191607
-1.08903974182735
-0.953675233022067
-0.99312299743053
-1.04453610012488
-1.02286968986155
-0.93929976987996
-0.873086136089676
-0.993813120851545
-0.846348879519803
-0.914106513323585
-0.862017083601893
-0.903099128017179
-0.884575872495786
-1.00714885748374
-0.918679558581276
-1.03457262872353
-0.961356182519229
-0.938062717599187
-0.81736644545172
-0.863712175063904
-1.17288996388104
-0.891918558332533
-1.02167518298516
-0.919867054730015
-1.00012508597947
-0.907302149477874
-1.08998090904367
-0.916342658530651
-0.792674998251961
-0.943555155372525
-0.939208547311016
-1.01376667648891
-0.887684652775636
-0.907292007307696
-0.889986571520089
-0.949846152741201
-0.905639682647505
-0.926722399655119
-0.982338738946171
-0.884007039868599
-0.845008198904686
-0.824118033600305
-0.758544694259585
-0.813736443143369
-1.04263507333832
-0.769705304393436
-0.789232274678734
-0.737924369568422
-0.983942918019068
-0.790805737212123
-0.921291934846809
-0.77852318019126
-0.879931038800851
-1.03327578339095
-0.77953033196168
-0.819181298323447
-0.782672813822803
-0.69524677416474
-0.685435519108863
-0.761131695975218
-0.857835247590696
-1.01683020216408
-0.775726777480239
-0.912278834620167
-0.836429317735342
-0.975288849783434
-0.805095631845455
-0.856350902298249
-0.798070117007444
-0.832180620446249
-0.958730740551967
-0.801864805197424
-0.794764065725908
-0.764920599380977
-1.03796204749849
-0.886449178126717
-0.892511237551865
-0.75548297826419
-0.612359354622872
-0.669839056597867
-0.759818009108309
-0.915781667669319
-0.747223128897835
-0.774695847848612
-0.883566263832028
-0.891233605703838
-0.815966595822109
-0.807470701090983
-0.843208162902181
-0.822678192263816
-0.820791647688845
-0.856465395708722
-0.799155791235407
-0.712172297916048
-0.89967308525227
-0.713651919961522
-0.733456050390613
-0.813014514945526
-0.60396690036904
-0.952641965190807
-0.688625822853607
-0.840697875792169
-0.780097690729381
-0.782784406533802
-0.860805170802811
-0.699086174415158
-0.724258640575614
-0.713827669097999
-0.772696107273129
-0.778430410774291
-0.78846136179251
-0.636751997944295
-0.732090634295771
-0.775059272335737
-0.567067149836973
-0.700372523426396
-0.816754978987642
-0.745700113156813
-0.528451417287267
-0.67955238715462
-0.767730829171638
-0.7867703295161
-0.661329847466699
-0.719193918690951
-0.670619981323022
-0.605102458800354
-0.710940511345295
-0.887129002526936
-0.733631230171702
-0.687256033357498
-0.609633916287209
-0.674456821266841
-0.666959520408277
-0.662538775916517
-0.622282007721292
-0.684505062791106
-0.803566626413229
-0.701568849957367
-0.775832197045011
-0.732298544544597
-0.678504689299334
-0.780046682443923
-0.534618098966208
-0.655541988175515
-0.790240846607086
-0.718441512036188
-0.642686137093581
-0.726048616294631
-0.762260059093345
-0.540933534322993
-0.681636461528134
-0.581429524582838
-0.832375840176816
-0.689373531879372
-0.665435100731981
-0.622195394354973
-0.635611750476122
-0.753514387423312
-0.723593650196583
-0.554905746370811
-0.697631074571449
-0.65467162535595
-0.466668538608219
-0.742670215308066
-0.580316422601173
-0.727724396175641
-0.544611827228651
-0.520986815522547
-0.580873224357877
-0.732910794477838
-0.529428121554176
-0.582095682093204
-0.59504559693623
-0.523757556612518
-0.71558912603314
-0.706499902622711
-0.667309859616808
-0.712192108300121
-0.648872127066902
-0.775855377572556
-0.584445196456032
-0.610048298431103
-0.426282120022746
-0.546655109566475
-0.604239640130592
-0.588538898522378
-0.560730013641152
-0.616816475706283
-0.583150033106776
-0.613304096328771
-0.621206959699531
-0.505543286261049
-0.420571520246055
-0.517265134920954
-0.690559112305381
-0.461594595067154
-0.546465468502346
-0.501930180496517
-0.556932766645893
-0.701915840570018
-0.571040477030467
-0.531943177767557
-0.60518762972967
-0.433716777757415
-0.451695424960655
-0.537208204273725
-0.648900770661875
-0.645618543477269
-0.615792895023815
-0.580813040278064
-0.627623557398116
-0.624075581022188
-0.582444833655411
-0.526072330446549
-0.669902737222934
-0.63124720558759
-0.592601706309604
-0.587332998690397
-0.660332950714457
-0.56777439095084
-0.541109207068427
-0.38782916936532
-0.591549560811121
-0.56799118219815
-0.251524301303631
-0.549007412276692
-0.473833805832129
-0.594809632651915
-0.583429177007118
-0.799734217558568
-0.516382749195137
-0.500332840304934
-0.525104727994107
-0.569460321746523
-0.522109249705902
-0.497648410070203
-0.500927837701082
-0.503930483372283
-0.426096921197245
-0.350741418143619
-0.56544046392964
-0.509200019588658
-0.403446038583368
-0.441183648971744
-0.486644003614971
-0.392267649418584
-0.452610804614915
-0.567358210828977
-0.460648649454857
-0.607297996785884
-0.477720842380439
-0.422702856961429
-0.452318320760421
-0.41573452745869
-0.575110774360203
-0.620121035503779
-0.326047084092924
-0.40732787790176
-0.397592424194408
-0.342130938671605
-0.405365522033094
-0.409823655097528
-0.373348060544237
-0.49061655716839
-0.413103002321134
-0.650585895700159
-0.510476729500194
-0.533508117674872
-0.459682431728013
-0.452253186361829
-0.39385060938987
-0.432105054258247
-0.473730679861081
-0.259989379833008
-0.343701665265306
-0.426806291336341
-0.435172402209063
-0.324770079954181
-0.418536024497923
-0.472055727607801
-0.304228932676512
-0.465579867565304
-0.378816844617328
-0.326330191128587
-0.415244123658721
-0.318342863369126
-0.40584680212735
-0.329120741298764
-0.374899294389036
-0.427492133647498
-0.359371989339176
-0.230045290227004
-0.188051357867372
-0.437109624206641
-0.364993985655637
-0.395734974633265
-0.408624653513012
-0.448299432857389
-0.312731815482875
-0.409455095296412
-0.165249829872694
-0.34952809588175
-0.264058755099418
-0.551141422432798
-0.360393741181789
-0.330682926237458
-0.444460041695458
-0.273840140955092
-0.383649439653853
-0.365757505257521
-0.354575448904831
-0.324421716142205
-0.331088811070144
-0.428480968224277
-0.370463964380055
-0.407937094016572
-0.32638805191246
-0.290068904262427
-0.383376440433051
-0.45328691292918
-0.366427346554966
-0.398588568368786
-0.363723643987658
-0.340567974418388
-0.438129117132712
-0.286664938716739
-0.2699033517581
-0.263196610081793
-0.342467134561605
-0.331175594297221
-0.428851310704193
-0.366496679243628
-0.410725502724131
-0.286893268541063
-0.364711993117291
-0.215247742131315
-0.227237065382783
-0.240871077140767
-0.369260794098643
-0.24240195469251
-0.212251283008159
-0.353876917222221
-0.293744942643454
-0.178788107119099
-0.227882496767921
-0.20167674332105
-0.40181624888085
-0.163402559951094
-0.223546579120666
-0.298237294423368
-0.210452096526701
-0.140698560049756
-0.320637462150349
-0.263080765307908
-0.20755402851114
-0.196680117876247
-0.387362922335362
-0.314993226401468
-0.255072487880016
-0.41447007737763
-0.305101282839157
-0.249765653753804
-0.406297102345374
-0.137661352913611
-0.264495355125353
-0.143592158100586
-0.188467534846478
-0.340114704757612
-0.287357987066181
-0.244026463950978
-0.327788828987753
-0.295584543021422
-0.213572221444929
-0.253029199021083
-0.319302925997997
-0.226667477222069
-0.312402685934763
-0.112104851671078
-0.216871987130722
-0.222977130441721
-0.189733507658854
-0.092536529927451
-0.10776191536487
-0.102294521326449
-0.0878715192051132
-0.310426857657296
-0.185684292472394
-0.325438669084608
-0.323837675579965
-0.104381347781248
-0.286141614797678
-0.0955257519440926
-0.184985014774298
-0.178715210769243
-0.150144491612122
-0.129099921894686
-0.120750601900976
-0.286157411456333
-0.212140582499151
-0.113730513287179
-0.049575238480235
-0.148239844149047
-0.207832961885653
-0.103315293960187
-0.198519738392493
-0.285917578382125
-0.16472725709954
-0.153656961970324
-0.135445333415457
-0.22737201514761
-0.129565246491959
-0.138863211788726
-0.263455404417197
-0.0580107356066473
-0.129490714223382
-0.242028978059047
-0.164042003998378
-0.146548409133771
-0.144661338429942
-0.189184430343053
-0.102945924333434
-0.199946845240931
-0.195198385548902
-0.0650407718978916
0.0324535578833388
-0.10635196704912
-0.0482487736092353
-0.261773129875263
-0.143963457285576
-0.21478064579262
-0.119084986766551
-0.101868683670666
-0.213472180803006
-0.0330212108355907
-0.027190555748218
-0.221611688830264
-0.239996873563542
-0.28531277733589
-0.105764768217795
-0.101145649609148
-0.196676220537285
-0.0055844645647084
-0.0684130117313716
-0.101398294294609
-0.0920899023652562
-0.0283841905383842
-0.120315695216276
-0.155447315452378
-0.0941003416197861
0.0209314192251128
-0.0431977831042733
-0.0859202682271415
-0.0883905875980988
-0.021588220087435
-0.0255007931245171
0.0741726727191857
-0.22886887730515
-0.215527343341952
-0.0893780438765818
0.0367383369012326
-0.133295488794191
-0.0779059706450672
-0.104894591361121
-0.0789511871001778
-0.0926507669987107
0.00462156058926166
0.0727032927638389
-0.188047260794933
0.0775913178070349
-0.201388806514605
-0.0795781409816107
-0.195405427773332
-0.0420502329330816
0.0780735085679068
-0.091794393742855
-0.0930757984750174
0.0075551487348569
-0.0485360863462429
-0.019432575777163
-0.0309529133702454
-0.119006573881558
-0.0515544377350209
0.104331822193334
0.171632171281311
-0.143005850230752
0.0121616247732187
-0.00538309964509719
0.146049046865876
0.0508379883559287
-0.0144775828304507
-0.140334459394865
0.0616990984258994
-0.0368880446624713
0.0785488486004331
-0.0217311716858777
-0.0493143898943089
-0.0587543728926966
-0.0332939966346255
-0.117960485498746
-0.162499174033867
0.00274274428640148
0.00645163528476212
0.0782205659783518
-0.0430530541908836
0.0242901798943869
0.139957251834648
0.129024595161077
-0.0182103744188888
0.0668117420389927
0.0677602223428018
0.0444724987111294
0.113705001217163
0.14739628217594
-0.0259710838317069
0.0516690228435953
0.087240791405425
0.0790283024843342
0.0508981765516917
0.0489695231781474
0.143079248432865
0.234130690350866
0.155505563367815
0.16078068833977
-0.0239179805676976
0.187052481731529
-0.0410902596176534
0.0815163593385532
0.141168397315063
0.0396908440679661
-0.110458993839659
-0.122366775823277
0.0420376255158414
0.0743803991737557
0.22511005316457
-0.0017682157890412
0.0454806426290041
0.11588944472356
0.160635206526851
0.150597336947814
0.0768291733101288
0.10408552411122
0.222692078919944
0.0265045702639804
0.024434820336573
0.27253164135568
-0.0682862493613634
0.134480046037493
0.219598617974527
0.0961227254321973
0.104836743801013
0.213075059341495
0.25728863973826
0.167430056498215
0.0782049797243353
0.130849705920792
0.0810719061733881
0.214552029389319
0.177882808366191
0.0643760969599678
0.273217224763752
0.0270930016683224
0.0851801712849016
0.198344239667266
0.137784072190152
0.176215731632824
0.0879235806911751
0.0863260440045538
0.133017899783335
0.152211574569676
0.0431080110850922
0.293506453107479
0.203799811891731
0.258164968886765
0.0116137428069027
0.0199473867134019
0.243009059129245
0.00940137635599883
0.315562307998755
0.15881400316386
0.194124627212805
0.217855401628565
0.264201831303705
0.229812106767279
0.17310196653531
0.183715377499319
0.188311312174202
0.216273965056896
0.309329902871612
0.309271794282255
0.139957343514941
0.157780130052907
0.142785262019714
0.248233639462715
0.310778546788601
0.228626093773279
0.166351510631745
0.145587128029737
0.254105618823008
0.288542087604758
0.218336169325355
0.238771933493808
0.14505093234715
0.277159931805466
0.259521796678969
0.161225190838571
0.129361378515894
0.258559413250597
0.226664208463628
0.205087899126594
0.248144046308821
0.218133984934409
0.208382997186864
0.232401162780665
0.169418573423217
0.173845119909492
0.305611329136214
0.359168332712269
0.300586369551986
0.35334922453406
0.261354559734493
0.329989379335528
0.243786099274627
0.0422278454324572
0.175352751932993
0.397088906822798
0.0640398390487261
0.253403998034081
0.235706597356425
0.251462261242735
0.422559443447949
0.369705506243145
0.400180237508518
0.294422209656744
0.244979195027955
0.278742867483012
0.27073416965876
0.295891068678547
0.343751054025983
0.493317805567442
0.438442923393547
0.301318143609258
0.187213664912449
0.236312010787828
0.196053240928451
0.438159317328213
0.298003654676438
0.27569170488652
0.274746016672356
0.371279661205158
0.292021852467328
0.379003425157709
0.344352494678009
0.264561056776755
0.289501875872748
0.332205248017292
0.345422448677458
0.304543731868277
0.196990473548027
0.205216811516564
0.35793710963947
0.334431723720772
0.224156876907117
0.512507818327132
0.329312992343732
0.243312106763589
0.376588710181915
0.326260081415962
0.372432085893389
0.424767671504675
0.383844187849588
0.416775836084021
0.117393141826095
0.321989515546146
0.490945449182929
0.238322419954553
0.409635085544392
0.485716845198717
0.381840287378653
0.425769657655948
0.286772782423697
0.359521341605732
0.285541245956074
0.415760975433272
0.539582727211603
0.247353431302819
0.26731579810173
0.379382751141638
0.377367430759006
0.418243263929539
0.359160650451866
0.392213848488421
0.431393913847237
0.280249753371764
0.468000222346627
0.395733511468197
0.382596395601334
0.303787025003162
0.402308828859248
0.348804992334702
0.383543248769191
0.43414046460027
0.425056909366202
0.474973045161796
0.427690020057932
0.370757596573469
0.465321025719798
0.648895891098692
0.550955218962385
0.404721008628508
0.416492871741503
0.449730852813322
0.502182721875747
0.481754025610183
0.422676306474615
0.377048565462602
0.351511495855668
0.594359226194158
0.480280431072818
0.6072241661321
0.301442494354722
0.547683626494285
0.446598933810618
0.375513443359539
0.516954214923829
0.454195258924523
0.433140890347693
0.43087309590386
0.445771228510103
0.570184597733672
0.495284155790725
0.47794438349208
0.562450658505843
0.385829318261119
0.451508706009308
0.439895667484691
0.55410009253944
0.407497496693536
0.410488611153717
0.43757970332914
0.410601528598806
0.46479949352672
0.486549247742219
0.363213347049834
0.526066861503703
0.587050794015366
0.559753961697515
0.599434855472968
0.494377071471607
0.575482504485366
0.457400109856947
0.519385898741981
0.522041513088858
0.705718468169793
0.506478325407783
0.520750989387709
0.457600166859516
0.536052913055736
0.591790074031308
0.514313142422264
0.518875153782878
0.579699562597648
0.584259656907242
0.737001219110839
0.655688479124622
0.446481490067401
0.414479893763995
0.700433366789163
0.460541704864613
0.476961897738218
0.609347884022918
0.514357560744863
0.620333626637598
0.566379608610599
0.619649805951088
0.616594746627469
0.627395616111443
0.690648011848599
0.590757810144643
0.544016901779669
0.581827359064451
0.573003996753193
0.473582865236327
0.646884156783458
0.630355287799758
0.632701774996529
0.713260762695642
0.616724797795833
0.494804721934961
0.538347428068551
0.602603441781597
0.538591434102715
0.528999884781766
0.515304207824108
0.63181999783983
0.62616348303483
0.688937675539329
0.597921674269549
0.534883568610247
0.782903628346236
0.62620665158668
0.71328592850399
0.676173085136106
0.713000158895992
0.64637153546551
0.689003741833457
0.503681477323469
0.69161631632268
0.583133378433879
0.464632566943087
0.634383307002609
0.420221951194734
0.502749998606762
0.826919360474486
0.566367449512744
0.789736251353223
0.725196930618958
0.584728647994174
0.563327981155716
0.621675241661366
0.682866273805818
0.767002531657223
0.537579056313657
0.715364334255683
0.427417591038934
0.696840979126916
0.722118486587766
0.68712334798672
0.683352580282577
0.799130707259547
0.651479375955163
0.783996980252585
0.672615038759262
0.568286582146202
0.62744026590108
0.741298144195022
0.733904907036187
0.673496486427554
0.770869533188995
0.593627524022516
0.604567986071654
0.656974591853734
0.647529489341225
0.518382614691638
0.705589502933009
0.651146485805075
0.756177313142978
0.658159116771518
0.693713722156848
0.724093035358902
0.784153778540549
0.678982271787819
0.572096326437272
0.665994911886197
0.752856321706445
0.609791250773507
0.596579701550134
0.689343524146007
0.794042374682255
0.876449907371088
0.705742135489743
0.680439797548841
0.741864449925031
0.682046490885407
0.631606573960721
0.764081417579956
0.776891192560291
0.780753071929304
0.743200617335408
0.960192869788122
0.719424844104273
0.877971673805464
0.828044400519778
0.472021353165797
0.693051213963022
0.857714450735026
0.795476113714022
0.789222656325661
0.821795038861588
0.594699367871087
0.718045553976112
0.803787099258677
0.690200018265379
0.788844087080121
0.877113730282767
0.839839396356972
0.771127825589081
0.746219729098994
0.969802874848439
0.974814271640012
0.652079824799031
0.972492199937343
0.936586533300632
0.735753473166846
0.742213721730659
0.833837503198037
0.968357930704456
0.794452791663667
0.864721556863657
0.874688612941721
0.914168945400821
0.888114162098468
0.944139953898515
0.772505531934168
0.790125466504314
0.913532061855446
0.909283982003965
0.861639619478065
0.896307186869999
0.806588955715077
0.694569634976323
0.842929867770216
0.776070335804947
0.930802468856141
0.785355461437144
0.720447817783705
0.803193669422314
0.893843653953186
0.932639535534118
0.853338190260099
0.75644023622935
0.928063776983757
0.855891215795128
0.950076936553616
0.95979633881224
0.918856966210021
0.810587075381123
0.911859425294352
0.772301499612553
0.687989804089554
0.998927968137158
0.963420960087288
0.838963356258082
0.782082411615826
1.03195557819872
0.906713815925637
0.906880554707089
0.935945208277622
0.865691724159186
0.894318924181281
0.975116387825845
0.923572553165322
0.931743076145539
0.76001617913961
0.906621386040291
0.854013788940705
0.861532377206345
1.09465775102341
0.885094532141148
0.893571032073173
0.848647233255479
1.02057809329752
0.898387447212543
0.892273248962892
1.03792679827848
0.988417237571971
0.987614352645515
0.850002511573343
0.945400767010418
0.744029997664462
0.94725196709622
0.866690028144952
0.951059090486149
0.930479755395697
0.836064121701698
1.0933465722935
1.07612548153459
0.926917865047723
0.860352931045812
0.778460054895062
1.09448906606224
1.05085981161436
1.00128145984161
1.05686309813056
1.03379515067896
0.831348218626071
0.990397218511695
0.872782092299639
1.03734409703069
0.85467329439308
0.978517022860722
0.920417610515513
0.955403739375986
0.920974251699841
1.05547009665006
0.975154082038811
0.999095989095754
1.04569446709275
0.972471403652679
