-1.16375072187783
-0.798931234867903
-1.01625994665924
-1.05322242209273
-1.04726210731132
-1.03332287384887
-1.06165345622126
-1.1495027759451
-1.09038834700059
-0.790295081502487
-1.07696325824681
-1.08807450164673
-0.892235533713005
-0.969377127072694
-0.997231206375703
-0.981053223518964
-0.945581557943795
-1.08561082195735
-0.992177766940406
-1.05823163192803
-0.880194938984306
-0.959291366339492
-0.755830754176084
-0.930607199451741
-0.891154777141987
-1.02038228237668
-0.945641460880354
-0.977813940235507
-1.0085945950922
-0.95112544820524
-0.73773324197913
-0.969432552889934
-1.02902109845834
-0.904467074426747
-0.842620895069567
-0.850116391699484
-0.876383150972439
-1.02990154025483
-0.904345731382074
-1.08612645600107
-0.731864793795332
-0.951114509167654
-1.02989105342729
-0.911023904551176
-0.970365612564095
-0.965840922484677
-0.892077728317839
-0.795635624754126
-0.874047223591287
-0.901528521667333
-0.857861419611589
-0.961659023104857
-0.731211814893261
-0.841425473473517
-0.867550992307943
-0.888213633814966
-0.951499045640898
-0.823173398960993
-0.789868240334819
-0.871930859375916
-0.899880754222176
-0.931828534883618
-0.764151965361778
-0.992837759444086
-0.758694441757045
-0.927518920853233
-0.861403784103263
-0.951982116837442
-0.721061491904324
-0.813643467183704
-0.845996632983768
-0.762595941629843
-0.910592830079774
-0.760815421432452
-0.828814153039602
-0.876563379288611
-0.873970538532341
-0.931332690819886
-0.807902328944722
-0.735975209125404
-0.889132044157429
-0.771739096694489
-0.784944395622264
-0.867857302204925
-0.926806802240032
-0.782622302268365
-0.821738534076655
-0.878090429451448
-0.828926765018622
-0.872384833882031
-0.862320219753499
-0.854135193325469
-0.881260245783219
-0.803652394850798
-0.799365381017339
-0.809872776812236
-0.772948753870064
-0.876014030822322
-0.810198816920644
-0.712728877479216
-0.835686528889334
-0.8329452378231
-0.838331873422835
-0.658406236886706
-0.68550676868571
-0.971286969772742
-0.933447719324866
-0.573905511007126
-0.853475383187381
-0.707951471312981
-0.721379660473139
-0.883971617814242
-0.808285365605754
-0.633580095873881
-0.735493129240842
-0.82861174659516
-0.752053892748175
-0.737455694008668
-0.907518235648468
-0.753977528581625
-0.656802610157135
-0.854323820623727
-0.872097341335995
-0.731449615923833
-0.625197197713553
-0.836932451208918
-0.808689975454719
-0.598871096367782
-0.748017958252282
-0.619892822393944
-0.825341305236187
-0.766791626565604
-0.78130781436452
-0.700656002598894
-0.742963524429206
-0.685711226646424
-0.648782587046498
-0.544395116011769
-0.545805739515418
-0.770160598323077
-0.771860515477707
-0.700913457164789
-0.771231059664384
-0.785892320194815
-0.666962985843396
-0.771987165124019
-0.742358824888432
-0.794004100390138
-0.762405071481505
-0.575996182619163
-0.694998351198855
-0.787430695431907
-0.746567908389649
-0.775616847881036
-0.568349248693954
-0.638812018936882
-0.759245357345022
-0.750302783756439
-0.851637375673458
-0.645193954040016
-0.743055436190133
-0.651852416165613
-0.786159264899748
-0.581809100041093
-0.645292566181544
-0.662739956361848
-0.703615001692494
-0.543762673703664
-0.747825056139371
-0.813045542261428
-0.749622330451657
-0.592108261970861
-0.646767343656557
-0.543288014654086
-0.576533403982265
-0.612937634299653
-0.88230370334316
-0.581314209202625
-0.557492991783001
-0.732723123313874
-0.573256940585471
-0.453672157174403
-0.511589657916329
-0.727820715401898
-0.469526988651847
-0.523473750130106
-0.516723037649397
-0.610460846281377
-0.68047684804433
-0.572937919633732
-0.60644490204416
-0.622591976434615
-0.571268219536916
-0.59679949108296
-0.542227404157354
-0.60556923061546
-0.732916784266955
-0.580420119823108
-0.68281751116571
-0.542061714780214
-0.662542083553383
-0.465181922343082
-0.731439504873748
-0.522606857592939
-0.552663934153727
-0.555408621787143
-0.601764426707193
-0.496719098414369
-0.469640774726826
-0.592472874990219
-0.609772929541137
-0.675357619150675
-0.484532371089767
-0.503842577647322
-0.650137718823859
-0.513460235080217
-0.49323405163623
-0.699946413422915
-0.547885964259955
-0.557037821688143
-0.525037471541719
-0.584596758581281
-0.54679041164964
-0.636032470405559
-0.62114300421834
-0.569681744488253
-0.593882066289155
-0.695248049457779
-0.597497891337907
-0.566171975305007
-0.603048172027457
-0.738685639223582
-0.46695512168311
-0.450634892022549
-0.443705637891613
-0.436045475651681
-0.446749520674047
-0.566275036588809
-0.538875115631715
-0.55401809107659
-0.709881432689598
-0.298185738368384
-0.444532312277185
-0.58452633243643
-0.441780506125236
-0.460304086248978
-0.529203642472215
-0.480578787695258
-0.465887073874363
-0.433564058739255
-0.516942692193822
-0.502995461504421
-0.415794472104514
-0.616165265303596
-0.506976700048821
-0.500962858854834
-0.394857421356912
-0.453796461582547
-0.484196665350884
-0.465022592096171
-0.662446443209679
-0.34556471565099
-0.555378891261029
-0.459812530736266
-0.429582879901457
-0.598471243020352
-0.520301086063514
-0.486705046753144
-0.388036922151572
-0.43333284894831
-0.518840498562151
-0.496386393071799
-0.433117987897387
-0.310300242133524
-0.552945495879068
-0.430470115461549
-0.589688272134946
-0.497887985983021
-0.502340196240627
-0.387430974262494
-0.298481483144687
-0.439386330137247
-0.441291815411644
-0.423569902188707
-0.394447205688775
-0.358800579586208
-0.427372107661947
-0.320465513434934
-0.585085338026909
-0.381806449333597
-0.506499319794876
-0.58895108252463
-0.426869784486932
-0.354853591894404
-0.58654416977194
-0.40886716845176
-0.457241675870705
-0.340531745214536
-0.29743267522548
-0.328929551275429
-0.394961235542512
-0.401489153401162
-0.301114148362266
-0.390287417986113
-0.397033465443898
-0.471197937895626
-0.436621702883405
-0.38245693240815
-0.399993055392374
-0.428016382488677
-0.24415786708116
-0.250183023220007
-0.367263394532132
-0.425924140158999
-0.419608100488519
-0.496020220433591
-0.260258175970821
-0.449656530290847
-0.303315958104197
-0.390432899382355
-0.321786651951538
-0.405013776665104
-0.348870843538529
-0.395394721360931
-0.320151056746557
-0.335065440117885
-0.418625839382496
-0.356850059426721
-0.422448545990819
-0.409819219471089
-0.323125794056559
-0.379698055228798
-0.227743969386468
-0.177908611126123
-0.342642993898593
-0.31219511059561
-0.268202241697561
-0.283522708147592
-0.221136201251328
-0.272898270100658
-0.34987233304115
-0.267827961015236
-0.257378258402578
-0.337366398885503
-0.28913638788954
-0.256602060594306
-0.443573540649058
-0.454485432209631
-0.282525448241747
-0.252890889686117
-0.364537840934671
-0.318532423226462
-0.363145063061118
-0.344969039506511
-0.355886080873276
-0.356859968512711
-0.199727714774026
-0.317906265605094
-0.360953470040677
-0.255079707908838
-0.247661175441562
-0.195799182614781
-0.308438116176963
-0.193616692360663
-0.176340448615246
-0.169022752727177
-0.195263138455018
-0.277460833742737
-0.209108114942023
-0.267217691564821
-0.380135611797514
-0.214626659536841
-0.144855193834013
-0.139670373258943
-0.347905540712582
-0.381476527754274
-0.282730280528889
-0.374464965341284
-0.292180926957627
-0.301301591051888
-0.2644924081455
-0.33368917783149
-0.187308462944438
-0.221928725475556
-0.201253740892644
-0.236755985524956
-0.259610475923585
-0.222441576040183
-0.226466373900849
-0.20173173932985
-0.172028363831231
-0.25413502120933
-0.268428816885771
-0.164012235580416
-0.181225815450221
-0.200443383987807
-0.316883077258175
-0.230103068097806
-0.184924321450915
-0.141338088061629
-0.248719984408778
-0.107718329402815
-0.174470334660119
-0.197868310346881
-0.258473637714952
-0.129955627903869
-0.207120164041057
-0.252287217638644
-0.158935211173954
-0.0662669101981453
-0.179268241167227
-0.293105978031058
-0.164108774824131
-0.192294569290316
-0.24838332121495
-0.166573277522467
-0.145953151303715
-0.151155627207585
-0.176244743813861
-0.413893857854824
-0.280489655975616
-0.19409692637766
-0.0562972087879917
0.0164545701993834
-0.0633553580153252
-0.299058025376345
-0.0535733696448423
-0.221811689456761
0.0055403849962193
-0.111768505889285
-0.220723318668117
-0.104165879853966
-0.288023269858324
-0.0886479326232313
-0.130599059793503
-0.0418846050834395
-0.288249608759009
-0.0867778712098832
-0.178308047126246
-0.242174223058517
-0.0055218242218287
-0.263335386627411
-0.0631505700976879
-0.127325567448173
-0.11308417290766
-0.072182232666673
-0.221360657437271
-0.222055273103032
-0.0719237774919845
-0.296413183848559
-0.118007508522577
0.0787833465712719
0.0219875526849823
-0.108511833391213
-0.0798526802425721
-0.0767571734823135
0.0582627259515716
-0.0171018118916347
-0.120089712007907
-0.17945728422971
-0.193874788341264
0.0232200345157911
0.0103185133490801
0.147219033608318
-0.054375377557941
-0.106658095053337
-0.0675044343636419
-0.172066610164009
-0.195643457304203
-0.184719119542313
-0.0675060738490034
-0.077115805613932
0.0330800632875455
0.134792122265496
0.096921916084627
0.0958974525130824
-0.0751577639998445
-0.119262112771188
0.121857177687764
0.0615484946780168
-0.166233981995479
-0.112350016022385
0.0106310324864866
0.0590278404387591
0.149654278458081
-0.0139489444033551
0.205901330756287
-0.0338321541314095
0.0567045245497609
0.0147235267077222
0.0422551018817539
-0.0413260931075331
0.0745115163442849
-0.00133014429824523
-0.0610370439584466
-0.137410368553277
0.0790384989708776
-0.0217759741953507
-0.0662755573576441
0.0793976406069914
-0.122577767730007
-0.0338129959905803
0.00371251767275506
-0.0823508811787135
-0.06454741689212
-0.118369725322911
0.0431968413549198
0.0161410373455778
0.0604761990791234
-0.0159117058542191
-0.0573328819841205
0.110927438623774
0.0658729998084438
0.0223383009781835
-0.0952479089268389
-0.0260713068239169
0.0447802157506128
-0.122286100899497
0.0352216198609889
-0.101523092785521
0.0603047574367381
0.128361406043284
0.0304409899358908
0.0238801860310784
0.0185111071420316
-0.0684669297551065
0.069495960731712
0.0862146062342325
0.0584317139220164
0.177425563378534
0.152822226393481
0.0464484322555962
0.113544801909599
0.217909633008422
0.119057291345668
0.0527097852752029
0.0733893725758805
-0.0743989754467065
0.0491687690275821
0.0914980970576957
0.09819364721276
0.0876239610513624
-0.0249066670403437
0.0791660391304946
0.237159282429917
-0.0466166033675029
-0.0119207384655102
0.094618210728139
0.00616612975183717
-0.0195225865841499
0.159312799013099
0.0125659549541649
0.0899388824445925
0.0477597437235966
0.0567601208874821
0.0409131757146677
0.122872794950547
0.2078183947504
0.250278308377249
0.0553163366237451
0.198011223047142
0.00838262149075659
0.194654382777366
0.227752656197006
0.155142445201434
-0.0365907876946332
0.284538177173243
0.0951945193581004
0.0545699541791542
0.200682867452029
0.0544763970067423
0.219285932980368
0.127036687209516
0.0543944768073799
0.0870606799447246
0.154566525068814
0.119036554736626
0.184133339391613
0.0701069140008193
0.198942341995649
0.0452783329829107
0.129816644265158
0.0681419417123932
0.14849737974081
0.151189006686643
0.120876709859803
0.162028479208103
0.0422601172814824
0.128972260857341
0.114570525997757
0.177558612175338
0.104097936987235
0.156132309205391
0.206449371789411
0.254055347301813
0.249304895231223
0.232682780998366
0.220194096792105
0.140422249991182
0.321375494456696
0.0798137860288639
0.0552894576605867
0.202703303872563
0.20550587876386
0.209681499561048
0.155680848156399
0.253028470110188
0.129066168715802
0.197952993746976
0.18200934745369
0.089830621336861
0.352409081774802
0.26096113356018
0.252574021893422
0.128680053781068
0.165383599947737
0.227629979499291
0.334796619362992
0.343430105298324
0.33837145475506
0.175706665696451
0.258730178472748
0.262369808886927
0.152090437926296
0.20751494177725
0.312290236114706
0.302982307327032
0.28205754484129
0.296510062417021
0.251301492296359
0.200820681069983
0.223234477413324
0.340498481758368
0.182214814583985
0.169899332574061
0.173040288237916
0.082324745105953
0.200803637392343
0.228655920758309
0.261195376010758
0.289977224975347
0.362364115643039
0.230905704087567
0.368246106858209
0.273292249903895
0.294862117378434
0.329619624453725
0.0801070372664822
0.241468902938573
0.210305725208987
0.129906781299348
0.376312890176496
0.303085471716863
0.357586337977218
0.305036027759514
0.31611363158898
0.284741079459777
0.343542090754869
0.384206962007881
0.31665377646721
0.290171362129056
0.294703806507629
0.323788599303243
0.340560681315794
0.303972766488148
0.324525223027911
0.276707024384509
0.343620164589567
0.263968456324368
0.319123508419825
0.138994436072564
0.309464478715626
0.422324219924508
0.311461787687508
0.417907378248636
0.297854598790888
0.280422591962881
0.311413276287256
0.316769918486439
0.248635206703401
0.429629524819119
0.245706092243526
0.152303692179462
0.2755816144165
0.360618405405039
0.328317801316521
0.232572680863415
0.366773287719401
0.470694415455876
0.363151135854862
0.181962256759443
0.363149830718847
0.289022812536009
0.516667405318726
0.349265601764868
0.352857025602759
0.334523859083381
0.527277415327354
0.307012609421268
0.412894703716415
0.418532049912777
0.402098163975137
0.404853312369413
0.468224372164907
0.484635243517475
0.407469121777112
0.328058248912205
0.351199805242972
0.470994936010172
0.417188628027763
0.471025412198144
0.471866634872977
0.358118927258863
0.505791799690092
0.401864004779701
0.336474809795073
0.411677857125219
0.351838293519032
0.455400422282113
0.408457275057769
0.361183468507952
0.530639128957648
0.492251343799812
0.331981911397586
0.453414607439951
0.289880508068897
0.539512357703113
0.344473798427278
0.546171243158026
0.397105091366244
0.313230468220714
0.462388821964276
0.522469153573175
0.490150975298185
0.344969252655265
0.477656488433301
0.302955756785198
0.365560553916211
0.495083250802067
0.697621517882343
0.312854407438893
0.51762534006106
0.51590039606864
0.482820114398506
0.704809238032495
0.440072994496673
0.548808131606704
0.600884942868828
0.501446661688343
0.498718466558006
0.450985192840086
0.629128202437911
0.54675316596328
0.505214381245852
0.602144050397695
0.40686192728347
0.585163737199559
0.509857270889098
0.605318898799315
0.516012877537625
0.43955097338926
0.531867317760501
0.424966980720642
0.428157108162138
0.646971547646366
0.496355396863576
0.534421674048188
0.587397681252522
0.555596803348509
0.535157834566628
0.48357888172255
0.69731366676279
0.561706880050456
0.468874831620188
0.665983052378484
0.494200133336754
0.555931204205591
0.586376138832426
0.60294390407424
0.475053514504779
0.565205435820494
0.61120256321075
0.570119805163975
0.545135004654855
0.402767724908289
0.619293521234854
0.583726462845369
0.595490462209471
0.482583962049843
0.68946149999856
0.562965365130263
0.562888160087353
0.615911120283066
0.684577108138761
0.566569727280741
0.510455770777206
0.605907079103064
0.617231694079545
0.649075175090215
0.506366435219307
0.511445815805521
0.766333640201636
0.649709926600247
0.578154980725648
0.662266597044243
0.546077006358317
0.556397529381134
0.548964672171084
0.701411822029088
0.633880755018512
0.507301031203605
0.62020389077717
0.476210332439059
0.408232578050411
0.653427731347917
0.758774574986899
0.626302082476235
0.652906478609779
0.573144836192334
0.779250817372849
0.479819491762791
0.764083324708342
0.596125809093433
0.745986607769996
0.523552816003482
0.52379392096873
0.518771095089419
0.53362532607383
0.717869361836429
0.708641579899894
0.724493526693922
0.521232111729246
0.690394096575538
0.756977692522307
0.651111901908191
0.536522052630666
0.65445965261909
0.776890856336062
0.5781777568274
0.634757081696148
0.673650903457768
0.615374643584304
0.670081094702826
0.773203216858776
0.555161666209547
0.67156905052743
0.688816259552395
0.648065616056272
0.732510532590575
0.79361127268263
0.626608919767246
0.729966763703701
0.641692017866863
0.602503034898125
0.697922557556932
0.835688418036702
0.660528331596564
0.839219363040745
0.732546503152871
0.826315277164072
0.666289651244006
0.665546546219071
0.618433832785955
0.75611802400917
0.634149311684282
0.849493963230397
0.729933076318976
0.709630445123786
0.783565821012052
0.83176286216632
0.859637075826244
0.881600589466356
0.795666794837212
0.727668611160506
0.718446378917557
0.875300973941641
0.852135434132522
0.748502914956768
0.772898790760583
0.739588619293204
0.842156207980308
0.811946377647461
0.822373360974175
0.659382783669597
0.866089767074245
0.862050524220174
0.633428484168583
0.607022854781664
0.795104348983393
0.735369263041473
0.822558359289387
0.748852879987666
0.753854901971264
0.936874386789519
0.684806604546613
0.822067769763429
0.742883187568908
0.84981188027475
0.776873791811965
0.889868340736018
0.989388062181878
0.702158193685116
0.811793675036581
0.794195173401826
0.942499131428014
0.741651181799287
0.830241689948069
0.95203982280312
0.776589422418655
0.960637149277666
0.808052744783713
0.821035556061742
0.857594669036778
0.902306867666045
0.740911476261951
0.714368656439474
0.829087089661734
0.84851546471965
0.896889874704145
0.641404213012759
0.727805776754993
0.804881824148725
0.852001976929345
0.825823421592371
0.941419945829614
0.806067642178661
0.732985292521192
0.769649577573045
0.98024808516453
0.89371288333655
0.796343776980653
0.922868237618536
0.805785423518987
0.918339848287876
0.813953125837172
0.930154749347145
0.914529123730842
0.945588942934115
0.814341727564571
0.880675521393661
0.900372316822191
0.862131080803263
0.877496738338273
0.925848295514102
0.900325857962743
0.690532177796286
0.857393025114513
0.792402095194839
0.963065627063084
0.840088917027688
0.814549355357516
0.888752600989636
0.831443084426952
0.911226650907794
0.874392326488677
0.899867790360863
0.90662851434537
0.883675267488267
1.00550432258451
0.849197083936743
1.01250597236925
0.936620542507237
0.82339471204956
0.829635256957569
0.912033960711939
1.00777817077827
1.01750028684767
0.93285062964523
0.762553215165156
0.854377796276009
0.910597756540202
1.0272915415716
0.84683537838742
0.901193695495731
0.947058698807755
0.869069005985435
0.918713644332455
1.01427030370024
1.02589447701201
1.00404235999353
0.854502939117622
1.02544957100348
1.07155723679271
0.911220888863897
0.965550076511775
0.965133006905552
1.01520760669516
0.932214367733361
0.959738031360465
1.05418434155291
1.06515720653957
0.9096931209103
0.983174809489213
0.979197356946255
1.01533388369645
0.831899267706074
1.06182723877374
1.0545082658358
0.964017003915954
1.09271201910493
