-1.09706959120087
-0.952066334087605
-0.883472066743032
-0.990612646920841
-0.951301903900362
-1.07263613091592
-0.954010879762254
-0.989261005016208
-1.12003262481371
-0.875031431052871
-0.921115744157592
-1.05941516076536
-1.08265661484094
-0.966550470922248
-0.997731511001926
-1.04003412605724
-1.0339481966644
-0.937955182635159
-0.863589579605099
-1.00299043759448
-0.83008682219744
-0.915689752240647
-0.859590386942838
-0.868990656953936
-0.904473974595683
-0.990962667716045
-0.90355647857528
-1.04373138723283
-0.971031942643052
-0.935343933285874
-0.826522210055935
-0.851656368068526
-1.19889396632213
-0.867333741179132
-1.02391324090604
-0.934355432821345
-0.990335401661895
-0.916198937682924
-1.09573626805235
-0.917608795851752
-0.77882852564686
-0.959280484133742
-0.938054549344341
-1.00982217302288
-0.885712986656687
-0.913472350181595
-0.886927834643284
-0.941948858893306
-0.895455406422446
-0.938122520082969
-0.960458544604341
-0.874331233539562
-0.853172634518548
-0.812096144532732
-0.771752190316642
-0.808625642962042
-1.04119564826489
-0.75819908526871
-0.789404930748915
-0.739548186704467
-0.979500634854026
-0.815961345666877
-0.908379833093973
-0.781627283385104
-0.894043835743965
-1.026105489593
-0.790986250255548
-0.817503009882773
-0.785113964614588
-0.707915800910596
-0.695741746972926
-0.734415765455977
-0.85337239532242
-1.00823693693524
-0.770857805776013
-0.916842803812831
-0.827149953701594
-0.953974074784898
-0.775650204410997
-0.883868650089361
-0.806750727664597
-0.825049585349034
-0.942778157947089
-0.800844195621422
-0.793612796468992
-0.756976729739286
-1.02899790028531
-0.899860564099818
-0.874404488979328
-0.755656807953795
-0.623169469500687
-0.655104818775323
-0.765626662833874
-0.925435807686448
-0.769765981623659
-0.768853992464149
-0.90769324542522
-0.881699494631145
-0.808026751167746
-0.806159547782214
-0.824674437770236
-0.83497174068057
-0.821256132084879
-0.845726086190805
-0.777015462482158
-0.71658549828033
-0.898252076270233
-0.717746766172663
-0.739072837524523
-0.818567797376312
-0.605994998972391
-0.961455656380975
-0.702448217694177
-0.849353144240214
-0.754844792659825
-0.791604324428185
-0.869717316873232
-0.704549560699093
-0.732432232742199
-0.724157998222361
-0.771736937417746
-0.778624213649063
-0.773893557410607
-0.650444813086919
-0.720622186932006
-0.803002757386719
-0.561948772695197
-0.674745946595566
-0.785529331826764
-0.728481930236133
-0.525260364554254
-0.679388927940579
-0.790237437924104
-0.797238002719168
-0.6645697736808
-0.70985126105926
-0.673179578343412
-0.596429731102363
-0.706024052290469
-0.853360197114054
-0.727214204905435
-0.690882180521356
-0.603578395493402
-0.659162294990324
-0.666293083916052
-0.6536385060234
-0.620214562356934
-0.6873770048965
-0.80824399038569
-0.672835439546563
-0.779091989078852
-0.743476081365506
-0.6832100184898
-0.795334043126048
-0.557778148246522
-0.630742362887076
-0.771327879645608
-0.728354124893393
-0.651070900590631
-0.721318612624429
-0.767579622937749
-0.542148253610745
-0.687506662769768
-0.607262491448352
-0.832429089645618
-0.676840131789523
-0.646740720411229
-0.613400508556245
-0.635305657832862
-0.757413876291331
-0.75800586611694
-0.55286771165621
-0.698673304637031
-0.646262878058417
-0.469613278662267
-0.723766320321662
-0.593997514419626
-0.715866518210589
-0.562349540978492
-0.513452270050425
-0.591631026759849
-0.75118057410979
-0.508283772819653
-0.572802853398376
-0.604582101265269
-0.533041648520061
-0.700287438852048
-0.678498560355032
-0.673157636968739
-0.742351133886142
-0.643947745199112
-0.75076057823794
-0.5554377573787
-0.640772285755888
-0.435193146972695
-0.555854133770881
-0.623251482422391
-0.584952308396607
-0.567813891682074
-0.622718205126897
-0.604246024154862
-0.621944838452544
-0.632237984546671
-0.516838735049412
-0.411433779581995
-0.531841021747795
-0.723439644405656
-0.476524695462319
-0.555518356255648
-0.506546596711136
-0.56466316680818
-0.694739902174028
-0.578077675128916
-0.542742551205902
-0.599011284377873
-0.41364698823437
-0.443377322418259
-0.547207712374473
-0.629323522570211
-0.651144894415426
-0.623375225553133
-0.596141428580734
-0.602830825920184
-0.647589189118382
-0.560059404637272
-0.538148178247581
-0.659614030796784
-0.620553253228556
-0.59266506203461
-0.601436886282129
-0.676226886405692
-0.554741311118677
-0.50651887082911
-0.390645075708457
-0.615462254119003
-0.57845320305556
-0.264683197538845
-0.560824119491081
-0.455981689878308
-0.599511685123502
-0.608303938737212
-0.808057609363286
-0.512654529790172
-0.498162405983315
-0.529849954055696
-0.570473048866141
-0.516324984041552
-0.493785125298284
-0.519117130265617
-0.501678224083043
-0.420603836742151
-0.379571974022597
-0.56075595700287
-0.507914906851128
-0.400834704176274
-0.431542208841359
-0.493812779821854
-0.380684016591388
-0.433595628645927
-0.566956433331579
-0.480630108691941
-0.619324100530596
-0.490833983568786
-0.452929940717836
-0.441915344503813
-0.404600977824937
-0.574149444598181
-0.615420538182287
-0.325250744292563
-0.413893531119303
-0.403874375427297
-0.337276713317338
-0.425402661222975
-0.428760963421267
-0.369858749981769
-0.50764208218111
-0.436415143521278
-0.661970347276801
-0.521482758895245
-0.542212864907013
-0.472088513132847
-0.453368860790993
-0.407927493250949
-0.439797246976216
-0.467377315002132
-0.256177800579179
-0.357442012653695
-0.444960101071116
-0.439850079733901
-0.31945862033124
-0.402855937792592
-0.482597678021648
-0.293915949904301
-0.467249117790602
-0.384962507699777
-0.329282477027318
-0.428303852627881
-0.307557754405363
-0.397655963580211
-0.334959734691175
-0.370483688004878
-0.456970133077562
-0.347587758300853
-0.227205495739741
-0.181251825695468
-0.434758865410095
-0.368688816960895
-0.403093964591957
-0.411455979292556
-0.459242070698166
-0.311111168741867
-0.394345763301913
-0.162240764830039
-0.345552157767246
-0.264954741177378
-0.552866212349617
-0.356293425369941
-0.351004497757904
-0.455153560580351
-0.267639562321292
-0.371759275766646
-0.370128659406659
-0.344124370113426
-0.32742428205303
-0.339676608394091
-0.420842020693425
-0.361020225381253
-0.426069987585031
-0.337088389727017
-0.30096346188647
-0.373846205929176
-0.445901915075029
-0.351057479523333
-0.392008142025735
-0.352804106087927
-0.339468025776452
-0.415704863164677
-0.29692585225682
-0.258394308588662
-0.266089492853085
-0.354361064222764
-0.322838662899875
-0.415079257339316
-0.355252918033489
-0.390186922584833
-0.27745875809465
-0.377129105687833
-0.197962708195762
-0.206389007127152
-0.218683671916388
-0.373696217287084
-0.220836744715462
-0.192547991005818
-0.347652362593618
-0.307096336532808
-0.174504816152587
-0.218324000351505
-0.212613558241015
-0.415662010776114
-0.169848349795434
-0.213682768557784
-0.290527745269371
-0.2109632446704
-0.174333813391851
-0.330112328510991
-0.265245235567071
-0.221419118663174
-0.193483552296458
-0.387362311113071
-0.326431610671387
-0.239153738893811
-0.410404868907918
-0.288639082321867
-0.255188383653397
-0.414792268971616
-0.160249901289219
-0.271311738610093
-0.147544668378127
-0.209088322288659
-0.336020252564632
-0.305671358189228
-0.254977970242413
-0.345756855642877
-0.304252280743772
-0.215376810559587
-0.224574159310332
-0.31006305442484
-0.217108067997951
-0.288064704548163
-0.121926863882089
-0.23302386425975
-0.240656165179169
-0.188201198797556
-0.070041905314278
-0.09993916373297
-0.109029046264687
-0.0867352600534341
-0.303088429337501
-0.168937803933131
-0.307413494331499
-0.323417220806354
-0.107548456817542
-0.287484815332214
-0.0943574977754631
-0.189644959001969
-0.193830072896408
-0.162911121199915
-0.128571686414742
-0.13265504514634
-0.282090470570792
-0.218409856841177
-0.107367346839322
-0.0607844838718531
-0.159689824190346
-0.217837713829678
-0.112039668524176
-0.187145557816987
-0.273484867648769
-0.181942343043265
-0.139168763681146
-0.144851541056907
-0.263414865801666
-0.117129482255386
-0.146025159351929
-0.270719203918632
-0.0720535395383227
-0.14432265025305
-0.25172206489901
-0.189163096485439
-0.161106481867398
-0.126178483020169
-0.184310135728948
-0.100022577278615
-0.209845518262858
-0.176108331413232
-0.0534956678468371
0.0356536016765525
-0.124903610253624
-0.0424746529425747
-0.261446001501921
-0.158261746943603
-0.211509528581952
-0.158496975626787
-0.102837571514937
-0.199903887748232
-0.0274475343304678
-0.00243413734444479
-0.186616946765841
-0.239047703321067
-0.283874469566282
-0.10559750550158
-0.0895203486929468
-0.206637817311952
0.0199443581962402
-0.0585663260983346
-0.113994240679092
-0.0867708265010387
-0.0323834466472767
-0.116292509510635
-0.161929137456926
-0.104784878598374
0.0143279553475473
-0.0378993938644775
-0.0752064622043327
-0.0889278356419434
-8.08606099492551e-05
-0.0523579999540154
0.0930958036758284
-0.245505238685144
-0.218198579495964
-0.0897511646693303
0.0435568736781152
-0.108005243282697
-0.0692984752937061
-0.111135118632581
-0.0851355205242527
-0.0920479160691435
-0.00941201871640748
0.098569534155143
-0.196907545960306
0.0504605337072145
-0.185838305422164
-0.100639846558599
-0.222732010212654
-0.0493992731178408
0.0833597882704328
-0.0818006557541257
-0.0969541034285075
0.0260099660509804
-0.0516248820794197
-0.0207932514266477
-0.0267256304805565
-0.122301901480158
-0.0284346904247976
0.119489394599446
0.148824597549088
-0.112134265367003
0.0148392282068161
-0.00234258470928769
0.134461864250042
0.0424014858413496
-0.0221378892459941
-0.143547046931257
0.061856968181381
-0.0367751898262714
0.0753985314933502
-0.0269493598329193
-0.0332510351943363
-0.0527904574855778
-0.050131367575731
-0.145132471682558
-0.140641600229363
-0.0224933588163386
0.0118301235922835
0.0742433252070037
-0.0450134645258567
0.0114525291066648
0.131502412198139
0.10787840655914
-0.028594922550545
0.0367447620390438
0.0875254495436077
0.0278059051285026
0.0989619236430627
0.124200776533976
-0.00830207215285543
0.0391163018878102
0.0975855422475087
0.0958096619995362
0.0524705293143511
0.0521763252079468
0.131280149480229
0.228410409490232
0.144916593287503
0.131863884866543
-0.0122111684531762
0.197321668689345
-0.0206964534602054
0.0597118812909639
0.154278707842949
0.037802574470586
-0.0966881138161167
-0.121362594317054
0.0648231817929293
0.0724580340826772
0.247493227361929
-0.0128173585142159
0.0596335701546834
0.121202235387215
0.151111427909996
0.13367895016699
0.0718102561426156
0.139537652080199
0.229607622124167
0.000486542586069482
0.0273000351162698
0.27562713497568
-0.0446356245590662
0.130518924344986
0.228630480533305
0.0986564022279827
0.115519567079226
0.228661002283321
0.273287385237154
0.176788498520756
0.0974068095714748
0.148294830566741
0.0764813722445501
0.232200561944141
0.178134057813297
0.0568873723363953
0.262227804663632
0.0399125985022427
0.0951242816824001
0.180737980065861
0.109515097496558
0.162996880326894
0.0761230231699248
0.0683326042497796
0.128606680793804
0.131514407827156
0.038293124431064
0.281321868822711
0.193292349875917
0.266336709244357
0.0178634715522374
0.00529328535363556
0.226239497639836
-0.0166932249492875
0.331308390339013
0.153299398779567
0.187952291019459
0.216555418887183
0.269498296039043
0.233096228764606
0.164514891050787
0.164817289033249
0.186669827539745
0.241982306965204
0.319816211968415
0.284837405232027
0.135353906333815
0.167501609046004
0.144681967168407
0.25222121086328
0.337455558366187
0.213605242077835
0.176259656286373
0.154554586361069
0.277257980120284
0.288732801139122
0.225019521019011
0.231679061788644
0.153190556666278
0.268063234730258
0.246505478503866
0.166376693971483
0.128990235458159
0.258872362223526
0.253940183185859
0.199655629811305
0.248759673712416
0.22104889552746
0.201469386916347
0.245716562871461
0.176602589211201
0.174124146044948
0.306515033605971
0.357239393988614
0.303064204843007
0.355255770662354
0.235963976269574
0.324667231983699
0.232786829608737
0.0254303088602896
0.177267119863723
0.385677253520383
0.0601195925312651
0.254639860428795
0.215753958210361
0.268907153471587
0.426367620792013
0.354875615741796
0.38515732821704
0.300842974205517
0.262447783086089
0.276974123924216
0.257238258091699
0.292586097890462
0.343780192026651
0.499867857865359
0.445715959909479
0.291968076763577
0.158437006740721
0.221510984459032
0.191055433747021
0.423478934548762
0.288265950338602
0.267704028329618
0.253309957470095
0.35390551427043
0.307479552195761
0.347913793778602
0.368995549679593
0.25857655634184
0.283428352630697
0.334049191323251
0.345830535098674
0.304719704619565
0.208672384275516
0.232996653964134
0.386075744889631
0.338475197572454
0.212192427651259
0.516588027483843
0.304509253082016
0.255877279986571
0.40215307025588
0.319930294219893
0.369820490248571
0.452477351039374
0.38799751833764
0.444790261391695
0.10100871939413
0.304935272603558
0.489459859783112
0.266288132745802
0.412832443759267
0.486797390987672
0.374674629038162
0.42013292631128
0.279821981621835
0.375843006635265
0.271651009017744
0.404480785441199
0.538224356435626
0.2276086784794
0.25383456449118
0.382189503760625
0.364585797775917
0.41747709684576
0.362630196231397
0.391022972181862
0.414629009273539
0.282875654570909
0.454579792101076
0.395402732036084
0.399585112421451
0.303889066016688
0.398548260401913
0.350919276868353
0.375566284397953
0.433069137863122
0.421513876170329
0.488510204943692
0.43770778662664
0.364461383206781
0.468155958168623
0.652520042905275
0.566996406490639
0.409739186587921
0.402511893695812
0.443284345981693
0.489019975007471
0.479376240275958
0.433046689547542
0.379787318110868
0.36014573331685
0.584783333986768
0.507014628046628
0.611838982898526
0.294448848866342
0.561131794008709
0.457199020766982
0.372557693347146
0.536838356993356
0.457721117861445
0.446123602108996
0.408386614332204
0.467715272356228
0.545316439042682
0.51545365704192
0.450105478695542
0.558582063663923
0.380386187114069
0.45422628232401
0.414343828939909
0.572641951170734
0.399127639898001
0.408253646473585
0.457914898752825
0.414791402645197
0.456194577319381
0.503778505094081
0.346931638380499
0.517231388688097
0.617261638248207
0.563973946072473
0.610451881743919
0.496384590184172
0.558441184841296
0.459290846132138
0.49204579362566
0.514521625263999
0.704177271400076
0.509902212204179
0.49693836868961
0.466969808356718
0.528586409684869
0.574919574699246
0.499355607916477
0.509669467390893
0.591518566215993
0.578832251316281
0.728271344729316
0.623615682530552
0.46118398689743
0.406047108828537
0.718805697168158
0.480069286924989
0.467346893550092
0.605108690956106
0.519407866109238
0.620136939758779
0.557887553498511
0.636925303646673
0.631094050162332
0.612569824414782
0.671536198374337
0.598166706257902
0.559391050421991
0.599861388227409
0.576216005851558
0.480230781526765
0.657584293504551
0.642645337752792
0.632305145461153
0.688920703790479
0.60534781844871
0.482066530961872
0.532446940483094
0.600211139472219
0.547203725373287
0.521588098938459
0.495343936726484
0.626273708185076
0.640492922950209
0.679430268113276
0.594377754528785
0.529999034413913
0.79713450430948
0.610230396274988
0.731183496703091
0.683575208338828
0.734613415599766
0.653045869187565
0.692497023413776
0.511012712523169
0.678912884164777
0.594115144647788
0.463880107585087
0.643633509229422
0.416634874260395
0.489869000748547
0.827934519460565
0.567061232835644
0.78311922602047
0.747456930346184
0.587125761535428
0.537541745876445
0.589053389462484
0.696895912590492
0.750647001280039
0.547484657541212
0.713921553221414
0.452659658768403
0.715600967936367
0.725622044302848
0.687190033401537
0.682351991783555
0.792568939943107
0.650896916169517
0.784897794512281
0.684816443197447
0.57621467819086
0.62306194704262
0.729424028862045
0.747304848198336
0.666584625855818
0.771370104052138
0.607385570822778
0.590011310964475
0.672077342116427
0.654300210407964
0.533934023237468
0.700178119886192
0.64585626424013
0.773751168718072
0.644428115991255
0.703885333231439
0.729998988186042
0.782951651205082
0.667591310328217
0.568954816720161
0.677005038539028
0.733381768289278
0.603450770414521
0.59388262547918
0.664089600970877
0.793724036929632
0.856425296513748
0.69987931125534
0.656108523936528
0.744169491472442
0.671784820809329
0.633506565061974
0.748394332232644
0.778940935243489
0.770779301417539
0.738537030264916
0.95384250033177
0.72287791154248
0.896742184919408
0.836863223283704
0.481029003076385
0.685432232185369
0.861141737692077
0.780437281349848
0.75578569855937
0.827440168050152
0.617402259287252
0.71484860397128
0.785212928803309
0.649279814118829
0.825700547542525
0.876455587722573
0.821149061701365
0.791312711060392
0.743125944457858
0.95650824105439
0.968139691585183
0.641968720257951
0.99102918930074
0.932416240611929
0.73818198989678
0.762079962167747
0.833572914694642
0.959169789837496
0.784958594454052
0.870610868754608
0.869491499975961
0.898085153363626
0.899772633607415
0.902388696515241
0.766064009948644
0.775246975741567
0.93552311612069
0.90173256623896
0.838987728703801
0.908052630264875
0.796997468533411
0.689155092710607
0.835263826693071
0.770680382620186
0.935940329652644
0.781679947929277
0.748985939935677
0.805844044119291
0.878832472909099
0.942909672606977
0.836808640829226
0.746696082522478
0.920627974207373
0.857802918747345
0.964175469622541
0.950072055285384
0.898960841975531
0.785894776455072
0.921127775564432
0.763447558238034
0.707636444484638
1.02567306713533
0.958114013047149
0.845344651847089
0.797349917329594
1.03170349246475
0.907516895266501
0.895535575444824
0.941262969344846
0.859255873734068
0.88993453814222
0.96877886544726
0.926752123442004
0.945515120169031
0.754333285149558
0.895404225454891
0.830633688208977
0.855697344372474
1.07284136653943
0.889793589099063
0.903725957256751
0.894262009012939
1.04513065463159
0.921867207698737
0.899682340234627
1.03387895626751
0.985883278731576
0.996434660669416
0.83215233231782
0.938260116129686
0.753088751802522
0.933294591065543
0.857777277730291
0.950054302989886
0.921205113185713
0.828737815261811
1.04528189404949
1.07918225158482
0.922731096008
0.845462693066471
0.786767883636057
1.08706008158874
1.04017601085398
1.03957478281546
1.04154036367908
1.03639853084149
0.849629048885222
0.990140524729305
0.876810097515374
1.01101495706469
0.854073940590304
0.964070843929493
0.932161147268556
0.94157452284967
0.910662113144363
1.06243261065943
0.987104481646667
0.974884878427344
1.02576744616885
0.972818007372451
