-1.15177359984271
-0.788819350513951
-1.01260306372225
-1.03651662078185
-1.07073265195974
-1.04988973807894
-1.04340686436334
-1.13998322494916
-1.09143977002202
-0.813517190951394
-1.0619977388504
-1.09038675669754
-0.884672155175992
-0.967121346103857
-1.02793910797746
-0.988674239857006
-0.943921525576737
-1.07217784009226
-0.995145905388494
-1.05651220164117
-0.875880294417567
-0.954386217254181
-0.74826743269157
-0.933876520882866
-0.896085691536563
-0.990098728260171
-0.936107626764965
-0.960922514680322
-0.987387164687087
-0.947664347852276
-0.73822932688487
-0.968627032319245
-1.03377168957001
-0.892304116877521
-0.849855012670238
-0.837290365635574
-0.855557770598407
-1.01812816242576
-0.937277594881993
-1.11254288733467
-0.725891764254622
-0.953587126435155
-1.03407972132422
-0.894465055405542
-0.978974319933242
-0.978632436825787
-0.880076301242798
-0.81472624319111
-0.864692929886528
-0.891025002383467
-0.866751798810588
-0.94927986484635
-0.734074663137921
-0.836741941980926
-0.880230301058453
-0.917336905545246
-0.948403024097832
-0.827790548593688
-0.789984619537354
-0.866067575450366
-0.920709456365047
-0.905564988804952
-0.761963970555627
-0.987124313646049
-0.753891224155657
-0.930043556161806
-0.874003107335099
-0.942775075217229
-0.751163518107636
-0.821399873529761
-0.834931445784103
-0.757558667008458
-0.901992734835495
-0.770279391374569
-0.812189415699104
-0.872859503296166
-0.872579635015432
-0.927840583958192
-0.771817472765995
-0.741445571769833
-0.883301084100228
-0.757818617266509
-0.800768814112776
-0.858029149873741
-0.913004367263815
-0.799524095441599
-0.825606740776131
-0.818024948301921
-0.823082244005134
-0.862991077849503
-0.871161458625444
-0.840951971459966
-0.892612311931612
-0.795429323365817
-0.827992831092936
-0.817690170661873
-0.758301208604664
-0.868198684302514
-0.824345891542874
-0.717528608835911
-0.842369724283642
-0.855662322871511
-0.844720734112608
-0.655922456833509
-0.672011884710044
-0.959887553479808
-0.924249067731972
-0.580025175911357
-0.851640930476178
-0.728390141637853
-0.74553234189672
-0.885072501029261
-0.779319337497472
-0.607211689397896
-0.72320835705179
-0.86140158701952
-0.744919984602234
-0.726324991935771
-0.924203079651368
-0.770652634697789
-0.621789618406634
-0.836738605294818
-0.878966532218065
-0.737030481848574
-0.598672801096649
-0.855723263437995
-0.823862390165001
-0.594454517241082
-0.709847357038043
-0.623751479297255
-0.809922134279608
-0.779145026621987
-0.791907353719473
-0.689607330826462
-0.735298175016054
-0.69492728135272
-0.648496688443333
-0.561074509330132
-0.555080839176171
-0.764237407585957
-0.765990740278249
-0.706246150061892
-0.790682712187686
-0.742940291559795
-0.687197580073388
-0.746840014992131
-0.733024208781422
-0.804025350798203
-0.766311654361871
-0.550363208676638
-0.653858656039443
-0.773023018863672
-0.752440148745402
-0.773137504013744
-0.579860967846627
-0.64608779516321
-0.786304253229959
-0.747952526610795
-0.843441945686374
-0.657159642923988
-0.730168048073215
-0.644640912820686
-0.78189381951361
-0.602531770888515
-0.659521801176122
-0.668504317162954
-0.719674849049819
-0.546127506771945
-0.758392096690228
-0.810121644354708
-0.726528961559351
-0.612203605357288
-0.644720678659125
-0.568416904785704
-0.580754686241177
-0.625207173155445
-0.860700591595158
-0.597945071930905
-0.545785319842504
-0.728314659542228
-0.587331309967834
-0.4443703238625
-0.503158164828992
-0.740296238902937
-0.463677229927875
-0.533334809754331
-0.532667488706045
-0.624365599265324
-0.697239853295005
-0.585340998796867
-0.601342895600055
-0.598012530547863
-0.564895237009609
-0.596010640850444
-0.53841326478803
-0.623867426594438
-0.740715954717178
-0.621276035717571
-0.681294484779985
-0.538427161044521
-0.673099812865345
-0.480440569243774
-0.762867428420739
-0.501785157547848
-0.540771984098058
-0.564500930078974
-0.621373135685519
-0.466025204654711
-0.473507898292453
-0.589706764671691
-0.608264798981052
-0.664924628352684
-0.472724434463559
-0.521563660582024
-0.659530827448006
-0.519387178560793
-0.495140622949451
-0.666315774554961
-0.552229947926291
-0.562179517776488
-0.484111514565164
-0.585613370228504
-0.537948679683587
-0.630084644987415
-0.610273819192998
-0.557195545975782
-0.615798290758942
-0.71126970287412
-0.576767404261807
-0.56882666160137
-0.612069569249518
-0.752406948597172
-0.490193605467844
-0.45473708377053
-0.433155724050157
-0.458677171158256
-0.438404950942424
-0.576344442488569
-0.537558261310195
-0.572658043903991
-0.708721577352143
-0.292389614917979
-0.454854570045693
-0.578227007480484
-0.460946041966465
-0.432720614725501
-0.540084606371694
-0.493905065054448
-0.452473117109143
-0.429309023566655
-0.507268526821807
-0.51999166745644
-0.456091078340819
-0.628233694087651
-0.505404407987392
-0.493078963640056
-0.400132488051133
-0.458605142755391
-0.487927609452016
-0.442536544742377
-0.662828902808088
-0.347118530609939
-0.555914034744842
-0.420273452253695
-0.426464169274309
-0.593165322392235
-0.531699907530631
-0.487058600735063
-0.384921248730926
-0.456403258204548
-0.491116680677534
-0.503052977437722
-0.453582071117783
-0.317896543995352
-0.55104364272149
-0.419066485333759
-0.582406802724677
-0.49760668962299
-0.516530505361258
-0.369992828791146
-0.279992532328039
-0.438920018585806
-0.447305135534923
-0.42554036756699
-0.38130043211703
-0.328159783446743
-0.449941428873882
-0.318794663948634
-0.572400547351121
-0.380743092366245
-0.515711897772965
-0.565426894776868
-0.439833109552277
-0.345833457967974
-0.584105160636011
-0.397895149491426
-0.482508540540519
-0.346705418415321
-0.27293456709032
-0.344432295349004
-0.389226127239401
-0.392326419274112
-0.291088490548949
-0.372177847907126
-0.378349022068032
-0.490771035444385
-0.431070660415466
-0.376311306545868
-0.419596385420806
-0.402691452515173
-0.238973198002987
-0.246070314064221
-0.362797367476234
-0.440376885970008
-0.417266857777694
-0.511334450492193
-0.253178156389969
-0.45011434841281
-0.325996001638939
-0.358352539127589
-0.317944948619837
-0.374933739790397
-0.331616704853658
-0.372396941150084
-0.308674117806202
-0.339310046967916
-0.445624729447062
-0.361458779000106
-0.414729372026692
-0.412246624812119
-0.308361485913284
-0.376404458895403
-0.2279651961092
-0.188918475681957
-0.341460116139815
-0.303551888563949
-0.238932649381773
-0.281420729153643
-0.214321108228219
-0.270824332819398
-0.366714641984551
-0.26048950852275
-0.276525141659022
-0.342174602956229
-0.28696017864184
-0.279653297750429
-0.449595105111081
-0.445449410744801
-0.296423358777721
-0.252248170348091
-0.370255716299271
-0.324446616000719
-0.374932879510415
-0.343892162617361
-0.37816080127249
-0.344425041658205
-0.190330107516623
-0.311272660054809
-0.368652564481342
-0.241308162565078
-0.250200062581358
-0.218606388428397
-0.309448325355186
-0.206293412675948
-0.173930322055522
-0.183116380339885
-0.171328803719688
-0.288585696448983
-0.216127654852499
-0.288874182425808
-0.392825191749777
-0.22033662807298
-0.142653284252892
-0.147621343631296
-0.334289785485536
-0.369610016573979
-0.292437555249956
-0.360480285493443
-0.309852379470612
-0.302733911543914
-0.274274397349397
-0.328053027307957
-0.198662119682203
-0.215197365659005
-0.193319968569649
-0.213290593879541
-0.261329815770108
-0.245681446178345
-0.226162133712303
-0.201129091989884
-0.160788291643564
-0.239970403873348
-0.280144981463398
-0.188942940399783
-0.191838138987489
-0.17141727352869
-0.315253846835913
-0.224153812375344
-0.224457017562182
-0.16077129860243
-0.227747017277743
-0.132724048834765
-0.159550172894173
-0.209903910606061
-0.255016731040178
-0.155272392323784
-0.205544189759039
-0.265946963017557
-0.16226065380371
-0.0666003912264927
-0.178927853811973
-0.32786682302071
-0.168598357297562
-0.190046352513933
-0.227971680451367
-0.173797181460664
-0.140941257771039
-0.1519291185634
-0.183422966758035
-0.395270656942245
-0.300268090797224
-0.189489465038367
-0.0595463698981915
-0.00145308681202139
-0.0733344455049038
-0.307369440862741
-0.039615456806994
-0.239333186766595
0.00832199737240125
-0.0879493330290464
-0.240353226083232
-0.103887573104805
-0.287503613520546
-0.10190609861659
-0.113630993142876
-0.0392097830472304
-0.30007373099714
-0.0739989548790234
-0.19663279199782
-0.237927255749059
-0.0164281791677166
-0.272022275213361
-0.0715812375195421
-0.141717078452497
-0.121163743393558
-0.0904883811532931
-0.212768269912817
-0.223140414148266
-0.067521926298241
-0.286135588977438
-0.109204753874655
0.048934340600593
0.011935296333241
-0.128554788639268
-0.0817150263718297
-0.0741315445169487
0.0509157540025225
-0.00737607843355117
-0.0843356550883178
-0.184459703898117
-0.19872457193093
0.0304713301866345
0.0258144066619851
0.131007683857902
-0.0678126766518362
-0.0794269267726341
-0.0738256102030348
-0.186593805584968
-0.186210728026442
-0.19304600933444
-0.0596039686942736
-0.0657532346030532
0.014401350281575
0.10295967367879
0.112681558951022
0.10513426637536
-0.0475853797731229
-0.117415534205164
0.133265724665337
0.0419545846662177
-0.155841014970472
-0.125006505706777
0.0178416474297545
0.0459044296447081
0.171565605754101
-0.0325931781661253
0.204078572161986
-0.0236060362164832
0.0137398766120106
0.032055382423918
0.0421986244070125
-0.0409391787532577
0.0592760068785428
-0.0109852632905056
-0.0592041282394035
-0.13730513334707
0.0574124996212992
-0.0364240704498399
-0.0713668245506802
0.0597504668576727
-0.127400476779198
-0.0297191971283467
0.0130494026088641
-0.0505951350567035
-0.0877811111532069
-0.118620910067893
0.0405616543413979
0.0256644273333892
0.053551057715167
-0.0106256122435004
-0.0502063470880397
0.0818361874429513
0.0729009667554389
0.00419496067721112
-0.102150775123826
-0.0549300756800777
0.0650665634542279
-0.140100543207431
0.0479014187333226
-0.102842896474677
0.0769640355604808
0.124008835921172
0.0454508422604902
0.0342139938621886
0.0447272881087095
-0.0683265764038022
0.0798076293966875
0.0652185950279128
0.0605032349561027
0.177602192680655
0.144413031319541
0.0663654643487305
0.11744713018782
0.239351572523475
0.126522480862018
0.0806299605574137
0.068638933782067
-0.0880339138524751
0.0817146370469855
0.0949871932680048
0.0954380899904947
0.0815225023678615
-0.0121441176521724
0.0694922688260122
0.234003238964453
-0.0435904586737431
0.0183544368775167
0.0987837588995495
-0.0171208230605969
-0.0322839755933587
0.160289080183571
-0.0183438575871545
0.0607345007346509
0.0347362697152493
0.0400248371202859
0.0358190054398377
0.121887000534887
0.203394885662602
0.250602060982592
0.056242298519009
0.195903672010511
0.0206960580112425
0.160922729711482
0.215122441427438
0.167423255848771
-0.0447523618727906
0.290700482394482
0.0962254046316165
0.0779372860890177
0.185146161876459
0.0398840109031766
0.229698056144902
0.141110672311168
0.075027568496376
0.0795660761735799
0.151216429407877
0.121988250455356
0.180350631297688
0.0843734341219608
0.19441743415732
0.0454285489223932
0.113372778981192
0.0776306056540636
0.129758527341441
0.157736786874213
0.133061707832316
0.192605237406467
0.0490493077919534
0.128627158342722
0.116871954641423
0.213247471958239
0.106904273148264
0.144145403958073
0.215292318036291
0.260951839063734
0.225963185234347
0.245705556538718
0.23754615930671
0.149927229753376
0.342323645418271
0.0827888742067594
0.0530155026181332
0.209939745723529
0.182908849661266
0.197950852102864
0.159706635395031
0.245989532307924
0.143621413621772
0.205681695030546
0.201358451276518
0.105105715248529
0.381363033295028
0.264423164860012
0.230849645859085
0.137478667337863
0.144030213146758
0.244848065783262
0.356074855850011
0.359213153011864
0.345135936374342
0.183914415097831
0.242912876865754
0.277449967314887
0.162578743920474
0.205458094624305
0.306627491029832
0.310097672103018
0.279353315060533
0.297026733936098
0.258366546457701
0.190894756054619
0.213937839426597
0.343806628669749
0.191115800718972
0.163517094970697
0.182206538970195
0.0711250047537282
0.204578201710994
0.218752327431566
0.262746741185382
0.30432106883749
0.346863931861057
0.243471255934237
0.353742224630889
0.286493147478944
0.320073434183708
0.336127413115338
0.0856057402305702
0.22317071455697
0.203389406459005
0.142397656109943
0.372896055048263
0.291883032612184
0.364386724900026
0.319635887957171
0.294123014908239
0.27385472334997
0.347402813854454
0.386258006337504
0.313578798450625
0.246863769615661
0.300245903777506
0.338499250331374
0.338274633587942
0.284599663117523
0.320998499768774
0.274879586960764
0.319943743528196
0.286591719101447
0.307639608152689
0.136670873518514
0.27658944769046
0.41920859103663
0.328328890632113
0.413524677225106
0.322951268297451
0.264665641334615
0.310946864083322
0.317448134638478
0.252603153873474
0.415090175167539
0.236169390945357
0.160355711861295
0.299759840457863
0.367044403945232
0.34532261516745
0.250288022797057
0.370168147990091
0.474808299953576
0.37692143429232
0.156987694059299
0.36946798817912
0.295199136675171
0.48303079634931
0.348957309412728
0.336653944470636
0.325936322364343
0.515578304098744
0.314689174491055
0.417159366090521
0.441995861183062
0.409038423336243
0.42370828642924
0.463269421739429
0.480269480525724
0.406650209546054
0.328765697630902
0.322605964415029
0.454119090105852
0.416187230503078
0.465869096264744
0.483263076111458
0.382266406968632
0.496142753633412
0.393870520352087
0.334109983697823
0.422419330804903
0.360416661092855
0.466054610626005
0.409103403489768
0.35865792774687
0.545747690230889
0.474761024596688
0.37780871711888
0.443428658181027
0.276553697047063
0.524184601923658
0.331710395016727
0.536496705728857
0.396022884930279
0.308685488458698
0.446777467343453
0.526646235394836
0.503742822613048
0.352097319025374
0.481523476361074
0.280491146401541
0.359127231753693
0.504493110205454
0.723510168475166
0.317068906973515
0.491305521815692
0.505905251935294
0.497053417289237
0.69387362379455
0.42351639825211
0.550400843095136
0.611820277938945
0.502053205469469
0.51465597733415
0.451202487449892
0.614773878845411
0.554937386619446
0.507044122700971
0.598798568429456
0.400824687896694
0.600798475808461
0.500065259385175
0.593503029989663
0.524804301147487
0.436366121699594
0.532634266033485
0.473051872506103
0.453476002550852
0.651756583432318
0.479195499383546
0.55167026556756
0.580669305840804
0.552577585787948
0.552913476967704
0.483658618155324
0.687183997498124
0.543041828882613
0.464525691729914
0.67641573218927
0.483660836834885
0.554844412974412
0.579843162534718
0.614898883367538
0.440855451609482
0.581524745824903
0.56710833942061
0.55562632536004
0.527988241968171
0.413775506164315
0.593306408208348
0.588980507643393
0.587909318445097
0.481883048264258
0.709484734846546
0.534297770246929
0.576197889706493
0.600045884162411
0.671424673995287
0.567848751291858
0.515957082145884
0.636018635848263
0.599515900739466
0.660567191750393
0.508861933396287
0.524576766843184
0.765387016403559
0.6304922535287
0.578843015114892
0.665250378475367
0.540253327851882
0.565993997940014
0.542382987013353
0.701985498185876
0.624504830056715
0.51118068626872
0.611279098033591
0.450290805663996
0.414980554179475
0.614024087136459
0.75558609064566
0.636320766098377
0.657402578207545
0.57827346638604
0.785126410584539
0.475125210948115
0.754746130833404
0.596877103423286
0.76189677042487
0.520723206596647
0.5374741916423
0.515520263009248
0.540824394958267
0.742898514785868
0.693899009868205
0.704565184157352
0.501025519658807
0.673359494071459
0.760436059343472
0.65280235578161
0.548342043055218
0.661228329417223
0.78513250271443
0.574227475647168
0.634788795807978
0.672894060199188
0.592541826094751
0.687385624736634
0.781249336757149
0.537725826001922
0.680830650261732
0.701540863381113
0.630177038642576
0.759636628360462
0.803292551079123
0.630004743448809
0.727467572004025
0.649254561159267
0.571521762530931
0.688905924038745
0.839706521150757
0.657126891710553
0.817798908807806
0.744656817121723
0.808731958088004
0.672235875611856
0.640030341863216
0.628216864362352
0.770490322087949
0.641578442877533
0.867909595278846
0.716154280082689
0.713030115125676
0.790803471242385
0.811511942305843
0.864692792536626
0.843830399505352
0.778603457703794
0.72767136084304
0.735374988199134
0.877056937891212
0.877697737713354
0.742918958420777
0.788936123408108
0.77549997358731
0.851527884370817
0.805242401086258
0.838581709984662
0.657862844618836
0.847995781406624
0.873410474685605
0.633304102177361
0.606456557842359
0.824064510869197
0.723828389026331
0.813706982720341
0.72836799715093
0.744659637649416
0.940771821185346
0.699237551498374
0.817996475439859
0.742490195153627
0.854778232282861
0.776316935243778
0.883890114647296
0.993903615478616
0.706615855220947
0.848829749888279
0.776692703050088
0.927340368258529
0.746917651735225
0.833568128026752
0.938604316611133
0.73594692380233
0.958287234143267
0.812085153165101
0.825152501126419
0.855677030183462
0.906833142268625
0.757954526694773
0.721392458644374
0.812943927433554
0.856400777812785
0.890768694047615
0.636609354644336
0.731172399873176
0.811662939546918
0.835082696522511
0.84720103401767
0.926270099827562
0.838840072205941
0.73399014377502
0.770358487889757
0.966616306601761
0.887648525588209
0.772071877145985
0.903983567491723
0.802382317932914
0.926984548681595
0.81274906058994
0.912056985922068
0.900316099949127
0.930233544051794
0.814656902149735
0.868030629894981
0.886152012128236
0.871766868147552
0.890641043492153
0.951645791346281
0.885735176208128
0.66014672693292
0.842299235675965
0.792494746130905
0.946614365719412
0.836587056230608
0.810151167081873
0.881897529207217
0.816337711276438
0.895058635148457
0.887849498819696
0.885173274205416
0.898108397875604
0.888728005263101
1.00186112765741
0.869461596715235
1.00901945364712
0.945883560235917
0.829677688342482
0.832402963832941
0.888528797613366
0.979842641301875
1.03519387073553
0.914721609804655
0.746949924007162
0.882814181827616
0.922116546144272
1.03447522046862
0.839604501888582
0.923605044992298
0.967486842029834
0.868088643953068
0.912711131410716
0.999844111091993
1.00438661411667
0.996855314540319
0.883002215487202
1.0338778383168
1.07899963015801
0.911712004104078
0.965822230425405
0.972129180283364
1.03953543125499
0.945961709884254
0.965600516524008
1.04741906574326
1.04431422791976
0.88478673631484
0.985649515249894
0.981341310323478
1.01584813645467
0.8266273762296
1.05650827320498
1.05655599013608
0.998704911259821
1.08360408431881
