-1.14589634664144
-0.799958250191728
-1.03027432025688
-1.03620864356187
-1.07073937856491
-1.03567811222297
-1.04372822586798
-1.13518421337775
-1.08719320496422
-0.805405909383262
-1.05642549133681
-1.08181010693289
-0.89305795912627
-0.964511315618581
-0.996688645452834
-0.987292756649706
-0.941757932052963
-1.07671429720349
-0.963792698979899
-1.06529724081057
-0.876851377402459
-0.980185634923741
-0.740291989108346
-0.91838358085683
-0.90546736908729
-1.02690482195979
-0.927416144753537
-0.973433520959344
-0.976405508650697
-0.968217818600363
-0.752807178300533
-0.980467842524737
-1.04108423250071
-0.885137483267514
-0.848908783964868
-0.833524177753042
-0.873309724825725
-1.02986705141087
-0.931531129564268
-1.12054646253005
-0.731202181968624
-0.941466121079297
-1.01119976485907
-0.89865118946949
-0.967644757602545
-0.992647639769492
-0.886927277180857
-0.797534881560907
-0.880271906286759
-0.882225519312588
-0.861296288929784
-0.955730959361717
-0.741290170532077
-0.834356197127065
-0.895777220472267
-0.884122027906539
-0.947498722344421
-0.841982059111878
-0.799126565481799
-0.85865720391147
-0.911553803123426
-0.909670763264368
-0.744391878619749
-0.97915345691937
-0.748622181635821
-0.929638195533041
-0.868630696908504
-0.940342809130062
-0.724623719461469
-0.806022093805866
-0.845329296859408
-0.745792143738993
-0.908575416873143
-0.768936773678225
-0.819364813081591
-0.859860235402274
-0.875685374330504
-0.928908834240103
-0.799054505690422
-0.732046446154915
-0.882890875138994
-0.769707111912813
-0.768362895115195
-0.854727454844005
-0.912975640633956
-0.781897137182814
-0.832118213670775
-0.848669556920654
-0.832339214259872
-0.861434572534757
-0.864659601689523
-0.846289415626408
-0.902602598849124
-0.7996864440499
-0.808401770546386
-0.807979345933856
-0.769486069520322
-0.883366055599403
-0.821038940617703
-0.722915102374261
-0.815724598481235
-0.854216728632839
-0.855580741857157
-0.680304209799071
-0.685226876052202
-0.972063834640661
-0.9125188192047
-0.566444142619832
-0.848097358992824
-0.709279458923594
-0.762179310605146
-0.861223521415706
-0.796023123421739
-0.611839876444366
-0.728903406249175
-0.841468462663584
-0.756080349435567
-0.713318084830696
-0.931987340285951
-0.733707888625648
-0.65250157468217
-0.855882680215591
-0.859403828200532
-0.718794402523131
-0.599019843215747
-0.834704854393778
-0.813874324347631
-0.586048196410898
-0.719978310997989
-0.623295584581895
-0.815297822217375
-0.748874598841179
-0.799185172498548
-0.683272512125932
-0.732464391207322
-0.707609051047636
-0.666198091931841
-0.567963155059171
-0.525851476373849
-0.796619664500783
-0.776952828393293
-0.705806898993595
-0.781441518113543
-0.746021136061889
-0.692152809650125
-0.747780513478941
-0.750664281891167
-0.802197138490637
-0.779812801366138
-0.575277109464708
-0.673980222476125
-0.794922195386882
-0.745386207471137
-0.748773694239321
-0.565131680427175
-0.652485222699674
-0.788541188542323
-0.752749852672843
-0.830475381141166
-0.677608852384208
-0.718552036164318
-0.651205960446481
-0.789744366862344
-0.595777197778023
-0.664472311000478
-0.639989791708739
-0.703007359847639
-0.534134789844779
-0.759656247059872
-0.798708037982069
-0.732657800620618
-0.619068048915117
-0.654497497022784
-0.563970240805475
-0.556842295474808
-0.604117622558457
-0.855537878287674
-0.571472084784377
-0.557336479773752
-0.73304772880146
-0.574699695459732
-0.430476458492894
-0.499120842449419
-0.737725969735838
-0.474580074664417
-0.547445314343588
-0.526887790285553
-0.613211965247769
-0.692856477006321
-0.567627501620579
-0.603748651459203
-0.603993264375073
-0.580984363122711
-0.591167625073846
-0.54358295042223
-0.632111039111698
-0.750097136279732
-0.600004936980895
-0.690757970528669
-0.5456074559286
-0.651111163919624
-0.468607489075275
-0.734642389359551
-0.540530530949116
-0.540266530634467
-0.569852455498343
-0.614294917842181
-0.468287405175618
-0.473250463082695
-0.584704877120384
-0.602367579400767
-0.639670799627091
-0.481344869984073
-0.513426808567702
-0.65570079990012
-0.528685853248611
-0.497940475368066
-0.690441506258703
-0.531716228899646
-0.539178833477737
-0.48691199341085
-0.577017315857395
-0.530261901124376
-0.657127310044037
-0.612761270593959
-0.540663469842783
-0.593084576034453
-0.690545849155196
-0.572159007173076
-0.582256863516162
-0.594904635854049
-0.739416730311274
-0.507129806555756
-0.456956038280839
-0.439470083421951
-0.453254793162855
-0.435823761711033
-0.593157938348834
-0.554671945241944
-0.55790340366848
-0.715373614660845
-0.303098810172001
-0.453930035940146
-0.621261078941422
-0.45690451133004
-0.451181993983135
-0.535741991247714
-0.467157082829552
-0.477827179926854
-0.424431297469443
-0.54607605875183
-0.493690427694562
-0.452999842997372
-0.624872575585621
-0.507874155549616
-0.49483494342144
-0.421633045555903
-0.45269682715641
-0.494716380503009
-0.443935292447844
-0.672750087125101
-0.36423478289281
-0.5437994859573
-0.415036069540353
-0.42541003078331
-0.595130295144517
-0.517326371222804
-0.473913194889003
-0.397375625557917
-0.433105727963243
-0.481209299471374
-0.500557872945798
-0.413358237453114
-0.314716532641277
-0.521859652082787
-0.428143422974427
-0.607141501811522
-0.490445367375591
-0.508857241765091
-0.364153435662379
-0.288736205466157
-0.426508507443377
-0.444173770366454
-0.434589151160144
-0.391141194398242
-0.344753839129247
-0.440921569446248
-0.29735113936015
-0.583038513398036
-0.365187249349213
-0.517991455448347
-0.587368318437053
-0.424908222225198
-0.352388127503711
-0.580721519935174
-0.403721832872693
-0.471275636644581
-0.337708186993615
-0.298761026739088
-0.312945552787408
-0.409227604880987
-0.383691143638276
-0.31727586226832
-0.37438559563181
-0.393163982544791
-0.471540281888345
-0.426143048768322
-0.370413391814311
-0.386128778654439
-0.40902892633014
-0.242552431238164
-0.272627432385827
-0.36179135014404
-0.422617231909936
-0.413061716701315
-0.507352449031845
-0.260821433343963
-0.452891264633347
-0.322846133871027
-0.372266039375182
-0.309234229337725
-0.384779945046719
-0.346881769721589
-0.383786230278006
-0.310103807140007
-0.337192938735502
-0.43166037290275
-0.367936241572059
-0.416194740447877
-0.435423091771108
-0.311281149276842
-0.375695762811719
-0.211661883202752
-0.157954437677595
-0.345810341440235
-0.339806957290502
-0.2478864037756
-0.305758199075597
-0.222313683536684
-0.268743059635553
-0.376504932355038
-0.234658041802031
-0.274242095241056
-0.329996969364694
-0.304530077355136
-0.269846832853054
-0.448718266755137
-0.463685085518675
-0.311147371321819
-0.249036979984105
-0.357668330869413
-0.320770013656685
-0.38183705942061
-0.340530804303992
-0.391355249800941
-0.33233539530249
-0.196657720049121
-0.297515652194406
-0.341148769171663
-0.258222088707085
-0.242361793459467
-0.212082262766126
-0.329218727430531
-0.211896561513831
-0.176833758086452
-0.174689334193854
-0.160447730690443
-0.302202326750904
-0.213291162569431
-0.283474634545126
-0.404939782203759
-0.243587745053502
-0.147194147199159
-0.159013208008416
-0.326700895453198
-0.372010773360152
-0.292911157459656
-0.36665682929175
-0.298660316673488
-0.313484899413879
-0.268475417173603
-0.322960521547513
-0.178901210835865
-0.226361170017727
-0.214618691402546
-0.242781310404434
-0.2573062809447
-0.220427732982761
-0.245078462214767
-0.186358551582897
-0.166108065619688
-0.278017064649341
-0.279907199949424
-0.176713688293199
-0.188684392194361
-0.175021680050846
-0.320929089043625
-0.209856252081985
-0.203394348091715
-0.139417682747722
-0.24648228526483
-0.113968506671432
-0.176585211664389
-0.199551042142507
-0.268865950073646
-0.162614364148178
-0.195153646206319
-0.239824949564568
-0.140967550222403
-0.0542359870781546
-0.183544337506189
-0.31681505071406
-0.162495232153275
-0.195976463788073
-0.221101262067689
-0.18019617232794
-0.121414054255982
-0.145730301981094
-0.16940877466836
-0.405115737081722
-0.302214089304885
-0.195126422738167
-0.064868370803601
0.00361629507307927
-0.0688650842280408
-0.306838018861133
-0.0329218086924347
-0.246112891527397
0.0200778900727753
-0.108910678416475
-0.243712014969272
-0.0896775865266287
-0.274072349285914
-0.100981299013262
-0.127165590113905
-0.0375984172030291
-0.298933512742072
-0.0812404945987024
-0.183938627879871
-0.233301163484711
-0.0107750392020097
-0.257505929470281
-0.0804220262565501
-0.110786256014248
-0.131415428958798
-0.058510743219077
-0.195580857500137
-0.230321148503217
-0.0516944636173154
-0.281162031748859
-0.13294089010866
0.0909700262101309
0.0165971345259543
-0.133974644207411
-0.0705501110209448
-0.0860691533389912
0.0694646038582348
-0.00395524927621591
-0.111219302022848
-0.180448562398149
-0.195185624136564
0.0400043141697136
0.0433276319558192
0.152959155177212
-0.0640504420814692
-0.0878686084448218
-0.0868516236742448
-0.175669435209102
-0.18400811615187
-0.215833296207828
-0.0492476270467636
-0.064240717777045
0.0225494554104297
0.116815005058281
0.105239107564097
0.0930964880834727
-0.0632188425625707
-0.118574414019492
0.105149074391342
0.0735427266152103
-0.145433433157479
-0.117263973761152
0.0183220007047002
0.0599109714977231
0.139733634608448
-0.0216317858209565
0.194394524454799
-0.0193875328190318
0.0698664091554603
0.0220932804816009
0.0324976862551329
-0.0435957559479548
0.0651315391063445
-0.0133264758654683
-0.0662002205953055
-0.127865865677167
0.0625522709851636
-0.0224000753993917
-0.082816963739596
0.0641114645461214
-0.115860614562975
-0.0333706830286727
-0.00370024366023761
-0.0873435413901529
-0.0714791673621761
-0.117904753624158
0.0486830766208349
0.00879638099373401
0.0375205877897818
0.00378457878448197
-0.0586025236048546
0.111931922189959
0.0770063468597166
0.00951277351050704
-0.0896337273979369
-0.0465192636193072
0.0489415430032032
-0.123469066348084
0.0388239307326489
-0.0974501854375443
0.0537989752203107
0.122432332502054
0.0465292000825997
0.0246509735167875
0.0241540407290847
-0.0583236138603998
0.101958058446327
0.0674447633791301
0.0716475156693944
0.203406310216824
0.170078133134475
0.069417502021138
0.11850458212187
0.228935119874898
0.110831425996201
0.0657681969626309
0.0786953818529707
-0.0830423475111905
0.0826026810170304
0.103340149425779
0.105684567716475
0.0765303549891079
-0.009372961107524
0.090195058358413
0.237506442786387
-0.0477958267279317
0.00377898900533056
0.10099193758944
0.00279957257675209
-0.0193437581696737
0.174364417332446
0.00667351364513566
0.062290807125188
0.0428947540421775
0.0645129388205675
0.0231962272810989
0.122292294675038
0.199794165523135
0.282341409650938
0.0455467509013901
0.18697820668882
0.00499174117819567
0.135526610974207
0.244327989418061
0.167633712473583
-0.0353810775027104
0.295934599094338
0.108693593184569
0.0653638602942539
0.189405106681174
0.0435396330169827
0.22395132885526
0.150336475832716
0.054807027252422
0.0880309554808238
0.162639329733848
0.116565539857939
0.205852428148838
0.0687010699988091
0.192624677269635
0.0409525861025945
0.114805163910405
0.0694878571525245
0.123959499611987
0.148911889893214
0.133362428665575
0.155010688922069
0.0448727700500048
0.144542052309191
0.0964581185634108
0.199365263336307
0.101929561655005
0.144795799353434
0.221280525575566
0.24488484116398
0.233096724338631
0.240248717864796
0.229789027879809
0.145922745455242
0.348600874184715
0.0859186257392436
0.0637875571946769
0.19731177861627
0.192833754145099
0.2094586423915
0.174201654424145
0.242739904052388
0.154957467593203
0.207041720632337
0.18884333857493
0.0800648517608391
0.34951987789844
0.267215196199093
0.247484757706218
0.131595573540698
0.159818823043054
0.233363335229868
0.365357338302285
0.346079824010595
0.33750313952281
0.177300806990769
0.249692719204613
0.28409682011095
0.140129855719532
0.211529656774583
0.292570560702574
0.326339262109968
0.261285567272767
0.287636327435774
0.263885843729672
0.210725484731118
0.209762808108543
0.362101393355718
0.179740482084545
0.172788213005971
0.177777421886491
0.0833304709519978
0.216556099501174
0.217282208158157
0.266865756871158
0.27973787750894
0.370335273676874
0.226327074617391
0.354242536331161
0.274014723074033
0.303992664601861
0.344006444619827
0.0808109781641069
0.21854898501713
0.207854746088928
0.115630133542665
0.393046959915065
0.294288534889516
0.366678239612327
0.302002093089417
0.313560712755689
0.288127620330826
0.354237640535576
0.396277631827119
0.315783805848491
0.269121882994434
0.287249411167904
0.322107600565651
0.328263396128092
0.291809456920616
0.326348226427159
0.306738850326917
0.331229623752197
0.278215457620874
0.315717855437432
0.157604386355122
0.303346093062688
0.420371397076836
0.316120545689853
0.398604784406964
0.304390344662286
0.274643183456605
0.307714602583064
0.30549706834555
0.246991303814396
0.413497629595816
0.24497065395481
0.155121588644543
0.303209190667966
0.376292209334562
0.347818259804046
0.228360472144272
0.401901263976163
0.474339854768597
0.369370246921746
0.170014836542378
0.364209659496286
0.320903946050693
0.501803441573231
0.357928122566101
0.366769835892062
0.338995363382088
0.511732961655043
0.317193436041366
0.423330659426897
0.427230470153584
0.411966361530238
0.415366073067501
0.449238110244039
0.475122639087986
0.416699585036363
0.319177430337626
0.33622797559007
0.479557540988589
0.415908677134906
0.445786559813239
0.484924933395757
0.366706479841584
0.491186492910034
0.389049073795785
0.343537413288142
0.40931842178901
0.366602810668551
0.453929372699575
0.402964267280635
0.352226742715243
0.533158351919557
0.503153948465713
0.364467623341489
0.441785281355725
0.290648446639435
0.538429793830657
0.33760495547163
0.548156301529815
0.424208943566526
0.291129446012115
0.452326401184722
0.506086874847864
0.50624800389529
0.363309672509647
0.469180329881012
0.293481994515179
0.329189669369573
0.486271344219203
0.693781832709722
0.320489932472036
0.499561841030176
0.50564173973999
0.477003492527516
0.731575361131802
0.425043591767861
0.567615726971585
0.607438357454713
0.490945869444328
0.470387900736698
0.480155536769774
0.639668855156399
0.559376608704173
0.515464149102182
0.612355009715116
0.388553377819722
0.583254749391098
0.508760428626083
0.595983783780563
0.53950583539825
0.463690467463007
0.52998224364606
0.439135613982313
0.445045281966917
0.666354475823146
0.472898576437733
0.523077798152915
0.583812363295113
0.539390084661631
0.536674763791815
0.469902108814091
0.691505151638974
0.544073932473136
0.470136032629576
0.664572955688303
0.483235214516719
0.565492449872603
0.598815027018295
0.630175901067655
0.458789895057728
0.576316762396926
0.565220443054051
0.572026406409116
0.54417110301286
0.401376943141783
0.619976692516814
0.606956235362476
0.589241274031027
0.487710411532198
0.694526380609632
0.564395307252566
0.56991673121458
0.628813122899738
0.685852636331237
0.5610962952272
0.535162193672171
0.638843301301823
0.622028803400784
0.6610407762128
0.521948512987841
0.519427274480434
0.771839584553957
0.640183749946317
0.566162356656201
0.657999552083283
0.539474346390635
0.554771585636672
0.537540095100673
0.699251453217142
0.633144447425744
0.505564971784132
0.6298192596481
0.467285464682904
0.413351077319114
0.642807319070254
0.740527441894555
0.64033157887507
0.675311700028196
0.61012701596841
0.777996647181662
0.49536268203979
0.768345878661971
0.594326317130962
0.759417533487725
0.498537151576184
0.508992113612346
0.511820922058102
0.538670962048159
0.71522109902056
0.695586928417935
0.694116882604987
0.516985182688172
0.700861089390585
0.759724013704123
0.652044314078564
0.555300340452601
0.657250918839211
0.767602058932955
0.581238612073193
0.63941511830616
0.680752327921904
0.611768224822332
0.69885210889563
0.762464392288058
0.533079663043564
0.680459621958015
0.688596087728639
0.659699470223203
0.735196776954359
0.798250876863818
0.642230817584948
0.741707466644189
0.629332968717119
0.58080556002552
0.684405674089245
0.847951536458813
0.660462670489105
0.825952429490891
0.736394008616215
0.824322594830607
0.66385582776149
0.657522210965541
0.615356166341516
0.765620670387188
0.639657406131095
0.858449980307961
0.710427952307471
0.711413833896672
0.781570792814152
0.802179862708968
0.870532575784687
0.868299420017879
0.790771651545373
0.740548927757513
0.730535111767951
0.868994866961855
0.876111279923507
0.74783968362813
0.779610812912993
0.762615852489724
0.843797322969988
0.801142667487746
0.828540692988796
0.672110992322628
0.85764968583281
0.846946965676507
0.623988588679225
0.598739115319142
0.790757181295098
0.747752280632755
0.814665920234605
0.718290129455498
0.746707693620038
0.928126734821036
0.706692060425142
0.830439912252647
0.736340228853758
0.86535711980377
0.761007463968124
0.878320817006977
0.993210092670017
0.70271755979671
0.808847662048375
0.777054579406137
0.935255411834266
0.766002090405667
0.843766217089828
0.938787753749333
0.746156006633939
0.974976884657429
0.807046087558673
0.822493415529377
0.860313564699082
0.919604833898797
0.745302364040309
0.740540628093858
0.820695621169975
0.861733536515012
0.891538804657484
0.620494839759462
0.745098095569231
0.780185449112838
0.857443021440841
0.827555027468051
0.936055072023183
0.8296931245556
0.745640271424449
0.77442401454168
0.956675835327898
0.894765225362604
0.795356499878911
0.908801444632164
0.815641473658334
0.916096731925778
0.818421877552558
0.935249959070978
0.891309508454817
0.939475921711183
0.810478213801338
0.879703094667332
0.905090548978351
0.825781288306013
0.897062196002429
0.938894512676837
0.896959034009105
0.674773592539029
0.864375389198879
0.774424808822346
0.952152045767051
0.836259876124339
0.819742144500424
0.879112890590867
0.800378408948616
0.908118571965462
0.887480156456296
0.891130196245859
0.893369107363741
0.882760529483503
1.00691300126613
0.851052996308214
1.02727804906285
0.917394036846937
0.845529234424608
0.838182557321788
0.902394180157916
0.98775470910172
1.01899475989621
0.929072078076011
0.748200015436224
0.867134306375088
0.912806776441469
1.0086879905462
0.851119013042953
0.914786937382411
0.965707827760656
0.874522078352687
0.911690269494728
0.997657720770409
0.994547798559831
1.00832174331248
0.875596967732991
1.03018244293173
1.08806239504935
0.890927965648745
0.98501154338908
0.987150096281405
1.03233132911273
0.954766882503829
0.970435775772925
1.04393714575348
1.05922745602596
0.910005962647267
0.975053774832513
0.966271236876742
1.00120045865872
0.837828518181024
1.04476885566953
1.07068963639688
0.990445270303134
1.10609052719149
