-1.05819094481718
-0.989373260875546
-0.998304317384348
-0.923479743612412
-0.909926961405491
-1.10438394600265
-1.08014168653264
-1.11634574709671
-1.09243056767828
-1.08882417092651
-0.913228897597244
-1.04375568253791
-0.956033255477937
-0.962728986830518
-1.03778201154223
-1.00602555719255
-1.06336342185029
-0.976046598992554
-0.825113913903845
-1.05905228837085
-0.879917079907544
-0.948134086903468
-0.977632724359979
-0.919430776873119
-0.884579253272143
-0.888653252721668
-0.938739868048895
-0.847487337505499
-0.994440613683667
-0.840316559303733
-0.939713473479906
-0.760451133877218
-0.994683538117484
-0.735870322423804
-0.992800033626122
-1.01888978576727
-0.899428965018034
-0.892844340369216
-0.73798120305215
-0.827332495500414
-0.862954803342241
-1.03508302696599
-1.0194016692337
-0.713940453473351
-0.838571456929724
-1.07658370060233
-0.896683161340884
-0.785807048694811
-0.746822009450341
-0.915293677654771
-0.941158372697199
-0.960098501016244
-0.96350190626932
-0.916359784420361
-0.987044450981347
-0.947526737023618
-0.870744941272835
-1.02664016013609
-0.84897984339989
-0.903409802423601
-0.886617744629968
-0.789387457769245
-0.941125283059987
-0.903961674425374
-0.876915809992224
-0.788308543005571
-0.922967093719906
-0.886771653854464
-0.85111523000689
-0.906308632903726
-0.95098166747452
-0.839164565254492
-0.793772514295329
-0.773682683749384
-0.677234246688433
-0.794615748024937
-0.776119487713398
-0.832502275883514
-1.00408203751138
-0.87347307226975
-0.809490166380063
-0.896031782511467
-0.779394994600892
-0.759611324783685
-0.865654616910265
-0.959177137230562
-0.733412732271376
-1.01454895962604
-0.78386444921146
-0.795745187768168
-0.933488304806264
-0.896482220665439
-0.786732971687245
-0.877183393149545
-0.930082994313637
-0.826378712352537
-0.754757786452066
-0.90221522963584
-0.680172936492862
-0.800268947142092
-0.787623847297118
-0.725182564359784
-0.800712673796601
-0.908590515689221
-0.904153579425862
-0.768314144481185
-0.881269609313798
-0.757954155048173
-0.769008625580283
-0.90910768546368
-0.685586516493063
-0.742167182688322
-0.8103717569626
-0.785001581421441
-0.778122194112619
-0.760759740508995
-0.700546306844949
-0.798515913994963
-0.712921576321327
-0.791773013364008
-0.832792715146715
-0.863626367158518
-0.665179616672486
-0.733757514624122
-0.670694739768936
-0.692347547420795
-0.845262637783323
-0.898254250654707
-0.772752782538043
-0.726318104230966
-0.812225340815985
-0.682189531153886
-0.640770321395375
-0.790447484743721
-0.690210309620169
-0.695324108199787
-0.831507752391326
-0.839456014846235
-0.694798782873422
-0.673798202223566
-0.785659724444346
-0.778473393712497
-0.733548353827873
-0.793996669353063
-0.769934325888745
-0.857049758920024
-0.698527793919681
-0.758712079375646
-0.738352336693008
-0.71226994484435
-0.742319522809965
-0.716287383330691
-0.566399072164642
-0.634529684993124
-0.603157700276148
-0.630313870387062
-0.610043930251301
-0.685245315570179
-0.732679173832166
-0.685208142348331
-0.689465359752798
-0.845891639201632
-0.736671499115516
-0.60005888887841
-0.592327236762065
-0.656240555967723
-0.552635231096249
-0.862750191447959
-0.597762731081395
-0.67269881975816
-0.723113649277194
-0.728044508352434
-0.69118460350551
-0.764271400364576
-0.552493662015846
-0.595707696033272
-0.602796172244431
-0.780462344814593
-0.655762221343734
-0.507355358539554
-0.466346605708814
-0.701464015685399
-0.76707977836921
-0.470318480966707
-0.645136354137643
-0.592448222706375
-0.765676346917283
-0.655169249481972
-0.734612540200972
-0.639822173262706
-0.684191912325905
-0.594945577150708
-0.485209315567228
-0.746808498686805
-0.674360042710992
-0.597724043637005
-0.7002397127771
-0.718053328233138
-0.610071868677951
-0.702631739230938
-0.607280932436085
-0.666933002611044
-0.514234666667538
-0.651899524215908
-0.661826868502702
-0.621604903137634
-0.450450008994992
-0.615287229816519
-0.690785163192562
-0.653136141980977
-0.625939575703878
-0.529084994846446
-0.522635215395106
-0.545522305510249
-0.644588821578842
-0.634687849526826
-0.60651611344475
-0.536505040770148
-0.441646567035175
-0.60880129649241
-0.621486231707342
-0.699682770020068
-0.390975667800256
-0.499164816619003
-0.518193174880001
-0.576031783478827
-0.551591891019932
-0.544407643153394
-0.424537773529287
-0.673956579532918
-0.649956103595119
-0.567166854982191
-0.439571450531022
-0.434496216587531
-0.435082963527319
-0.695388316181529
-0.300827027850469
-0.500759770567116
-0.516755070334331
-0.500051931283451
-0.543528771626847
-0.565323682264083
-0.404285889241015
-0.469650735963759
-0.52838794286248
-0.486790895439337
-0.571015486104033
-0.441578241687097
-0.366276922577685
-0.635860344514167
-0.566882796933458
-0.563949420216501
-0.514170811842338
-0.568884182974053
-0.479175792498837
-0.374376620319132
-0.521630816224373
-0.435708701565298
-0.569653996412367
-0.58879050444149
-0.278318390141898
-0.42899958999287
-0.440437383567379
-0.64141215868445
-0.451549769232234
-0.325087451353467
-0.445981965251883
-0.384336671826243
-0.505043321093895
-0.463338831760155
-0.54281296386997
-0.403392154095559
-0.508613676230651
-0.480283856769247
-0.405872659976807
-0.410487546984061
-0.534245104060266
-0.34910667555791
-0.513400186034545
-0.421018122266906
-0.406439485452879
-0.469377499293555
-0.569151322261007
-0.495049556951293
-0.224754028770768
-0.399176468491444
-0.419087561280316
-0.36657409421537
-0.517839265536171
-0.348653360896304
-0.55294179266672
-0.379732138794929
-0.39410461243393
-0.164935917972228
-0.442538377706717
-0.418308772528721
-0.36879583203873
-0.509347436843613
-0.448686618721007
-0.486044635505275
-0.325260858756732
-0.51061212043574
-0.517675664760672
-0.379254322046299
-0.469651389867816
-0.344599115208584
-0.441303269269004
-0.312335483717024
-0.497004781379151
-0.412751575246635
-0.496428874559117
-0.342163042928611
-0.39138734342456
-0.248134911920443
-0.437194816329473
-0.207274140906239
-0.562101313610921
-0.183914894736171
-0.275099277642737
-0.331695927562016
-0.392174361110702
-0.28582094485676
-0.280295726428769
-0.485658785288591
-0.272416849536225
-0.347927456429825
-0.29532930527535
-0.463341596522892
-0.240737335398112
-0.474935902566316
-0.352776874180374
-0.397672887143656
-0.338937283762756
-0.50508078400049
-0.223334246580802
-0.309077092746192
-0.195797047184311
-0.340471585218503
-0.225634860843409
-0.324189994614446
-0.264692533933961
-0.23410424853605
-0.324778226462453
-0.37091662624912
-0.200112948430132
-0.155820010350162
-0.332446035172406
-0.344092812313244
-0.362919465301973
-0.318490816895598
-0.201535060617972
-0.213795457422499
-0.243747199126989
-0.311019606680454
-0.159595481189949
-0.309266944219631
-0.259739290291316
-0.269521121413061
-0.279728616670331
-0.267369867433235
-0.221984325867101
-0.373160677568778
-0.24965290774671
-0.359326560064878
-0.316493205561836
-0.260544897807454
-0.329853773211182
-0.162683185406635
-0.298183247034196
-0.296665592704697
-0.192874495440408
-0.147520042307259
-0.38146769423808
-0.20713397511798
-0.244067278721907
-0.223323530680003
-0.283087129812334
-0.265587751521523
-0.300346181185279
-0.278494322148704
-0.129907484209181
-0.209938113448668
-0.393030510658209
-0.167471649364629
-0.217109269961277
-0.144993819357552
-0.186558018285034
-0.296488726118696
-0.155363220999748
-0.31345533020774
-0.190157857786114
-0.213429294542089
-0.349929663244865
-0.247901506642949
-0.253279617249763
-0.137337706469254
-0.270543034883484
-0.270540371828265
-0.317062555542057
-0.143293771896817
-0.0811527643138956
-0.00597356963276194
-0.190145947707244
-0.144850328251969
-0.324573155115964
-0.314489280688425
-0.174318924493011
-0.127204299903573
-0.0818194298441676
-0.234165044850123
-0.198411299773586
-0.0768936725817307
-0.127555442851526
-0.271554974569189
-0.155021487910423
-0.239046713866977
-0.124000074611625
-0.000548663079082061
-0.0957594887904377
-0.147860970487385
-0.0969469140573389
-0.125023307400915
-0.0837433804394942
-0.127198833970377
-0.115269749279137
-0.158920002530767
-0.0482007518269708
-0.115848353225144
-0.113449498169114
-0.24474400238607
-0.0419635553610308
-0.162906633792771
-0.143107498577201
-0.165826282483143
-0.0871688228735562
-0.189798223788228
-0.308201586443012
-0.0909557887250787
-0.0402036232660993
-0.200108307827883
-0.20176236265522
-0.211704246367234
-0.0824593470229077
-0.0710442419344219
-0.252772748116471
0.0270203809484623
-0.042679080986464
0.00710864809622711
-0.247030851057396
-0.078449074520414
-0.214293652189399
-0.0883183950926478
-0.211114339905265
-0.112516321862753
-0.0054070263585769
-0.0947384241995963
-0.232385222919672
-0.0835119658140611
-0.0302771480362527
-0.0203128920632864
-0.142592960830114
-0.167847408668853
0.00613532889821809
-0.140069180283471
-0.145928121138229
-0.0896952392338082
0.0315705453486028
-0.0871264526638066
-0.0651118722187508
-0.110869879292938
-0.0379402716242516
-0.19984875977182
0.0175134711723092
-0.0115387208609173
0.0333268052694253
-0.0828794585254087
-0.160496083888518
-0.0175606026846146
0.0200510449244153
-0.0648643829872058
-0.159915479802073
0.213660332316599
-0.0711613189638054
-0.00388737892614201
-0.162097441692819
-0.0572035966944811
0.0683902273554732
0.0480383270967982
-0.0606449347133149
-0.0554579836856002
0.00670281936160314
0.0333287037193103
0.0394343990818987
0.0124070922157785
-0.0893556155461958
-0.0131299742988216
0.00500624847941868
0.0573286451037389
-0.0395615192960325
0.0262744940504139
0.0205901149084726
-0.071369482769342
0.101076726907081
-0.0466578972824424
0.108255435929605
0.123397624354073
-0.0243641933480313
0.0606435261179237
0.145052176362297
0.0630643334117078
-0.00750433822859948
0.01823269136939
0.0498964636010073
0.104431178468622
-0.113594139579678
-0.0119183592428576
0.0715865553992246
0.0963171526518536
0.000614944521381091
0.0828942368035589
0.0349685072673833
0.139527164464963
-0.0645692314754134
0.0880582286269905
0.00423156555481553
0.15758011368337
0.139844309502821
0.0714955633363921
0.0572339075816114
-0.0851126947325987
0.12975654218395
0.0441656055987658
0.133729172834776
0.104476586820408
0.10064920126505
0.0692881398710016
-0.0213125475436009
0.178846308300654
0.176495637985201
0.126125139648599
0.105262447588802
0.0780508105551548
0.255402922238048
0.00169264295556865
0.173136280025656
0.181227911797338
0.113487827627319
0.236308836433245
0.064833353843419
0.252191188306421
0.093606349250917
0.027190185559241
0.223777387753191
0.0884387053069432
0.136724644308684
0.342681707300062
0.0578479400169243
0.114369399692771
0.28495860742833
0.0405588640585606
-0.0144804009118933
0.124884473366801
-0.0286584545991799
0.227915401642149
0.214290853995308
0.143891695176335
0.0249977610419512
0.231118723398781
0.170801789432408
0.0977228225186208
0.190824795017488
0.180326565065976
-0.043692342399902
0.166276897027454
-0.111170465407475
0.0818713500701451
0.203460067551848
0.219192240920542
0.227075203091791
0.333439473253738
0.183818624269902
0.346736687639039
0.220009362380666
0.186859523382719
0.176875535652431
0.194603192779909
0.126289552112849
0.118622689942309
0.146220707062046
0.193707606651523
0.200286217557231
0.249695219022681
0.199997181447355
0.174345428551145
0.227819178677283
0.11843601042192
0.275939519554549
0.249674685862339
0.260642889998007
0.270317043360042
0.171261750589012
0.376191762257574
0.146092638800862
0.377960543237765
0.319202444006812
0.103420039687007
0.21295920025268
0.408053227146232
0.212896345880454
0.37539132426029
0.116013998129983
0.196497441016522
0.368018501105911
0.21383429016234
0.227737783425402
0.318965640056665
0.241459683543071
0.216941772660862
0.313856820038593
0.2083731361021
0.194532519701621
0.289735379643125
0.383014410878145
0.340681124332755
0.219650136479274
0.184408317855947
0.276705899237509
0.260813594350205
0.322833905524865
0.256573695358317
0.298527441482721
0.232291514186126
0.211615410733506
0.189708950922811
0.335438281523332
0.311239578558059
0.34596963274429
0.250612141268278
0.135939754339228
0.319268689818114
0.39129522571543
0.227723910521453
0.442390186174275
0.301929736870058
0.382094953545216
0.27033782010983
0.285738677149113
0.274527100189233
0.284618736214725
0.323887029984148
0.139361799100873
0.208748978241266
0.534860569629346
0.359785941268179
0.297789317028075
0.397480000488013
0.274841041303004
0.367567148517058
0.177150440457932
0.237777149461463
0.458636691393895
0.333243976793715
0.166249577956445
0.3672251344566
0.202121508520664
0.288239293819031
0.322741012946773
0.335934431444618
0.317406827686623
0.308158105016854
0.273173306054891
0.266907746675512
0.295141906421342
0.293595704685103
0.369240471201019
0.327628198355256
0.356917419329912
0.177444500381395
0.380709775058534
0.292235066060631
0.457325097015233
0.344519799855792
0.311737198812885
0.372942764818841
0.33985553329763
0.287245814707629
0.358694131697607
0.439225844691814
0.455020000149683
0.544406043901936
0.344627300004331
0.280780003018191
0.616921149401138
0.343421720976025
0.315792487240788
0.510767598307166
0.407698494660318
0.350618881227835
0.348001014986962
0.396652370395511
0.458307516821658
0.391016664068891
0.407405122731566
0.308381922498874
0.216485410194769
0.406131070059234
0.427813460159562
0.332153966877732
0.575399854788298
0.403406968187583
0.448643362544702
0.472562042872639
0.449979346568058
0.489630400160558
0.393427364363355
0.481877435617783
0.367508935472765
0.362977325114807
0.375561584450871
0.407240248709149
0.346566382461357
0.461853743485118
0.468177214638075
0.47379405527413
0.454436030453642
0.332003456894088
0.245998056360331
0.604742195719508
0.471458121999927
0.556643888298566
0.496540330427028
0.49610353694912
0.476042388115507
0.446766150467125
0.486720572749721
0.477403759380648
0.396504347337691
0.416185979008917
0.503944758150571
0.421790912171827
0.48022219372701
0.478959180395519
0.498742441849842
0.571730648373988
0.509868871629888
0.49671075358972
0.552949015962883
0.452807089161875
0.611596155610641
0.327994482276405
0.427468299881807
0.670367990150521
0.548052038629782
0.495618189643209
0.459633151272968
0.593567273136475
0.517473583362637
0.4413119794062
0.459821688423539
0.538046273061164
0.595910892140729
0.523681315876648
0.429448524635185
0.558441140810764
0.510513684509837
0.482998955558649
0.743253186805214
0.443154937305523
0.592108159847617
0.602561136577782
0.527782085353025
0.590969193653489
0.596204855025999
0.630163904687583
0.62836410287406
0.70662175609337
0.562679439399166
0.590443059285226
0.592255713319125
0.468994356067135
0.505159920791092
0.574204877787472
0.703649004217026
0.540191994001316
0.632557765077357
0.622904459583723
0.459942733463588
0.573670531334857
0.522991222027287
0.647717825655292
0.618513516162577
0.547402499809916
0.469805060749974
0.661857333420275
0.657828241121783
0.576223517618795
0.67264613916936
0.734007292834196
0.616205439533114
0.598572490172443
0.700855275678601
0.680123838552872
0.621128867402973
0.575298944341318
0.626539263271264
0.560575643714953
0.569110927730662
0.645912274975153
0.57285523314579
0.645668073001553
0.555926524352999
0.517530593586883
0.703946305450719
0.59490831861381
0.557529499621052
0.764630968739184
0.440052525233223
0.58380618182557
0.655568752998408
0.685532674129826
0.594117966551953
0.635849003649229
0.67587275836761
0.557772048168844
0.690622978951043
0.608163198534881
0.779746561285046
0.625174978251214
0.578356091746828
0.733600442979977
0.720257076152631
0.63704079495894
0.745666967014131
0.722806285548186
0.505137335599194
0.82768178701308
0.655422806323491
0.746250795122641
0.769945654809042
0.582340202404065
0.806198151387447
0.778356848325316
0.651898817503299
0.778680852540362
0.644206692594761
0.529976253873854
0.691144250801558
0.597936417615651
0.7913549322309
0.739936932291162
0.597384318374774
0.628969669238959
0.609751324743719
0.821058201424184
0.803571392691761
0.737012591836016
0.591171578107011
0.677608974001828
0.584113393987357
0.678082690315387
0.638886922118702
0.596213990372953
0.75543388063905
0.764707517323709
0.750090259284298
0.616108235944699
0.558659721454442
0.873472752943504
0.671101508112005
0.766766126830224
0.710573841702594
0.720487463608089
0.776920137913698
0.588589789499099
0.734260276541964
0.913462335497756
0.856854793636495
0.709290247529568
0.894666388625386
0.81585743338712
0.674772782638036
0.756737263449939
0.850554208601723
0.799513530417488
0.811434328980285
0.681564542702182
0.722128333824663
0.773763212475741
0.672870703629867
0.889066363003227
0.826055291127263
0.597793339240687
0.695614075429225
0.736242750618223
0.884986040641499
0.743775288901452
0.835717155912872
0.85578251635269
0.787947317038173
0.618625170121293
0.879096492580357
0.793287812385139
0.713654920586564
0.81189246710849
0.742330198369279
0.951656968045873
0.786518651416252
0.910195724173718
0.745473672402122
0.66776116803447
0.75642598782448
0.782076534088976
0.768984624823315
0.79031181577139
0.736141039679994
0.746951331629118
0.932381962520314
0.912739284858345
0.925516321432538
0.775069798276754
0.919551105032833
0.880286212441744
0.873086368063662
0.954074232043289
0.766562054352673
0.973318810795145
0.88234497383985
0.739109309671264
0.872087232408302
0.791812082535952
0.823297956542562
0.869774674451677
0.934117523788117
0.894601138112496
0.883159101752996
0.95202002682039
0.7648147999426
0.855164318015836
0.803406400146558
1.05666632458845
0.832573285275027
0.805669994856398
0.935983773700707
1.05624501334462
0.787943406533745
0.905030964251494
0.724806406975053
0.980082559268335
0.862432709739809
0.970880131921934
0.851012715224112
0.841406023538067
1.04575501381793
0.911142253354813
0.94491374657927
0.672899577602571
0.916084317555995
0.931614180506209
0.894918363001686
1.07654371276739
1.06082176684231
0.795657766713114
0.90945193137659
0.910361727846511
0.943168704042083
1.05518454071046
0.985150233881675
1.05960529761662
0.961068132720861
0.959674151514883
0.814114420073852
1.02780081123778
0.920543276452986
0.897332829674429
0.993604395828159
0.981532020341515
0.85326509673679
0.949581376307768
0.889910114249769
0.846289736672174
1.111796203585
0.825483169711791
0.862040778870198
1.0179893463937
0.968327325380773
0.840185752063621
0.901779294794492
1.01075727108503
0.985131634650726
0.855614532184322
0.96504136066935
0.892593362130828
0.928351849997432
1.01770822559851
0.91933416697133
0.858321235555204
0.948073189650796
0.942775986972279
0.995411252476812
1.05059937336264
