-0.833141668166195
-0.936753947746995
-1.10831024054331
-0.944948769955975
-1.05331400701197
-0.957606378203336
-1.00826181724076
-0.979334938821022
-1.04444589971933
-0.886690114909464
-0.894765183775775
-1.18085028652368
-0.960486177569947
-0.896872072074561
-1.02151301179012
-0.983911103206183
-0.975163981042931
-0.930976854420414
-1.0205687519929
-0.969058996369881
-0.953955576721194
-0.938602432186775
-0.804662842462824
-0.869854574362014
-0.960495902628646
-0.927581891151149
-0.872409575732899
-1.0377836126591
-0.919886469024478
-0.898832904011097
-0.884211256651491
-1.04581696754441
-0.778906580107832
-1.08872258863374
-0.942076290912266
-0.868838105902897
-0.933102387822936
-1.06223637939188
-1.05579257187485
-0.845075248666581
-0.932304034522216
-0.835936108109404
-0.946619776594629
-1.00113535027737
-0.843320097753758
-0.875099647593946
-0.928715561852928
-0.931805577975802
-1.01345034406578
-0.847830414404969
-0.913357024118745
-0.911428534780815
-0.879947459211275
-0.852168598005604
-0.719263978641298
-0.926478340065587
-0.89409661934338
-0.865702930659156
-0.879842831634463
-0.893316591367413
-0.791711796008526
-0.963975059321073
-0.935212749600827
-0.95137824429388
-0.989061377843884
-0.855054753926067
-0.93170469153223
-0.823735484099138
-0.854718354400732
-0.916252091907131
-0.943300364607239
-0.879531191115547
-0.993117365999181
-0.92187035902842
-0.862591615823501
-0.881485093000759
-0.843455037515603
-0.946693206829262
-0.84875680511649
-0.862242309024121
-1.00592951901812
-0.766393175283671
-0.869062895104349
-0.773155174982788
-0.840631540570056
-0.727018440017624
-0.803436624037229
-0.861017192614324
-0.830155603065735
-0.865433265575132
-0.751707409520778
-0.82665098826219
-0.700645815736587
-0.911014219445824
-0.772040749079705
-0.736018848729662
-0.77636851967664
-0.873163977617801
-0.890410732875454
-0.767882997081827
-0.684116791055803
-0.718466726586072
-0.698397365783425
-0.757750831615261
-0.791523234875915
-0.697849476682256
-0.785683614641205
-0.765525009085856
-0.730986155656461
-0.771896465023595
-0.652383425093802
-0.684992076314784
-0.845127795514768
-0.646803803164883
-0.842217527298912
-0.602289463964889
-0.794225470549556
-0.768233463086401
-0.604312592868624
-0.828489676635686
-0.724459007838022
-0.737347441280345
-0.785101372626448
-0.741021097155818
-0.585813075463608
-0.564532207016388
-0.827302157179656
-0.687983315122836
-0.746471863489188
-0.565162572895185
-0.740983634123551
-0.616974409280125
-0.641327591969381
-0.718176291578703
-0.874599141072372
-0.758527931354773
-0.843441383919258
-0.510893121404312
-0.700605637779908
-0.865980990125532
-0.703626137411104
-0.623155260313212
-0.659671713507962
-0.685269323349204
-0.812502330678034
-0.785191091877558
-0.723032271220766
-0.764072709448621
-0.656199789791737
-0.76502571730832
-0.596285263550581
-0.908680615374181
-0.749868377181961
-0.691257698752699
-0.656018527232276
-0.735014075036825
-0.519978867490835
-0.502294857722086
-0.687249309595576
-0.669032775762974
-0.743979987697944
-0.654129827518036
-0.670677230390236
-0.567843421355606
-0.711650525162272
-0.542934767649113
-0.603164935765077
-0.55036135505571
-0.707524745285891
-0.568207058659712
-0.815317762587841
-0.640623979195388
-0.749180947667334
-0.617547805053561
-0.605780279534847
-0.351107214803779
-0.719219989523056
-0.528750884391834
-0.57215667331952
-0.620666913253308
-0.811930481874643
-0.611627592164369
-0.675515071969424
-0.558677123130166
-0.709184753060915
-0.652819603636124
-0.51344403523277
-0.638259201360032
-0.632189572745023
-0.665572649921755
-0.508798376696059
-0.595680066982506
-0.586092566944991
-0.761132019882825
-0.724551374382308
-0.606553706309187
-0.724161241580123
-0.606701491744556
-0.442274147979669
-0.626302216045538
-0.600852547243748
-0.625454094430163
-0.584183446054941
-0.470449633159705
-0.660797765514027
-0.572210675332902
-0.641353473714685
-0.653338903447807
-0.583046658380699
-0.564096909832417
-0.414706830815298
-0.657055535195463
-0.620651904562274
-0.348492876057787
-0.546923415820029
-0.640664566821634
-0.635250163552879
-0.594142336570731
-0.621483769062468
-0.634052310588593
-0.547810386537642
-0.442834569247805
-0.44665924132409
-0.502665349025693
-0.545633884522115
-0.618041417917806
-0.554502545954761
-0.498285390459702
-0.563083532242323
-0.647861197599831
-0.494848079171582
-0.421715654854703
-0.520260328795006
-0.221730553367617
-0.443499212883104
-0.59640768114393
-0.449206731469178
-0.506713603984158
-0.603552978302549
-0.428138131357623
-0.47159891963593
-0.635639101428033
-0.709853378563698
-0.518439887820075
-0.517988420712999
-0.522282235610114
-0.553892541960781
-0.522223688144935
-0.526255833395576
-0.357898805184441
-0.445504413550288
-0.509312729386927
-0.576182889010199
-0.51973432560006
-0.516259419179532
-0.344327249126485
-0.524698598645901
-0.472928971453367
-0.628130144002521
-0.487887509234126
-0.437516536599372
-0.456683085799124
-0.445349750772062
-0.490052707303576
-0.460313901725879
-0.480907969735589
-0.531973177184121
-0.419373746117404
-0.442634024581491
-0.35780367362215
-0.540779655417241
-0.484268629329918
-0.38454084504927
-0.44504922087759
-0.422534129041608
-0.3081198686735
-0.331755629377142
-0.660338140986328
-0.379196656127335
-0.445600490663172
-0.28980620700965
-0.558270835093481
-0.436653960654787
-0.485295381625845
-0.378159520797526
-0.549938543564444
-0.270175817346186
-0.521783514536992
-0.493873139783475
-0.549713937889735
-0.354316210938339
-0.399703714470961
-0.495863398663598
-0.301971711553464
-0.441866737239325
-0.398164972854739
-0.422510581511702
-0.331907444901999
-0.333258776485185
-0.290328118288826
-0.423392777632207
-0.374034483858089
-0.36863309197589
-0.236740383788061
-0.38602535441474
-0.40699890486422
-0.373801847601201
-0.406851831194073
-0.424784737166709
-0.44962883665018
-0.312466970479042
-0.326438035540837
-0.376475827422757
-0.335581390262663
-0.45271221192143
-0.427200011604907
-0.369748451205807
-0.318963920958858
-0.366439480319639
-0.299631890357854
-0.204429945909897
-0.427308931417006
-0.535344045495132
-0.444959750607209
-0.28055248502205
-0.407940414845451
-0.371466378443185
-0.395499906888057
-0.325052521668146
-0.389678010729814
-0.386644364234638
-0.252277066792772
-0.243270138213709
-0.306761867575778
-0.383728429800621
-0.325749302181338
-0.227414837726243
-0.426835410501375
-0.286777569026728
-0.342700982220049
-0.295488413581951
-0.275792567031
-0.253312165260646
-0.279656963802359
-0.198188038227694
-0.195840008171837
-0.180730798051921
-0.325954632038398
-0.324897879167665
-0.265417447897906
-0.36451993940305
-0.245932057870298
-0.284723618638797
-0.34821605682176
-0.226111682721239
-0.16411273564706
-0.164507359513785
-0.329959532322771
-0.162783930147659
-0.199064810774684
-0.140286264191327
-0.317667929492002
-0.342025041495541
-0.335615922517452
-0.266968949323188
-0.318577706160324
-0.283619699014109
-0.124715594848129
-0.1147992159115
-0.33238584741135
-0.232483786567858
-0.0565985900714149
-0.291669254367542
-0.252309016862921
-0.142087546717585
-0.293443587074604
-0.244944016322973
-0.345974489193334
-0.297063793365041
-0.135593743085829
-0.291442600997083
-0.298858471287746
-0.158616082861433
-0.17255367322113
-0.0347730141938034
0.0359185058075522
-0.309893910182772
-0.199177858864111
-0.191254644662632
-0.144904173646441
-0.227775008766203
-0.115814051065367
-0.280648616080467
-0.327819609235917
-0.089836919605524
-0.217511986037369
-0.125900190649008
-0.165511990572801
-0.423588672422243
-0.00748700559218255
-0.22707016996197
-0.109404457806399
-0.238813420606546
-0.274216398962621
-0.157212413281859
-0.322061645686973
-0.144352008321712
-0.14683560508109
-0.198148986214263
-0.237199833883529
-0.401023493927426
-0.192497561223618
-0.171048688371097
-0.191959249394466
-0.111844619810024
-0.181081705073456
-0.133492038201829
-0.126068912669173
-0.0707247805146062
-0.241725893272804
-0.228181770921873
-0.0651434099982427
-0.179111752335043
-0.0534391219307453
-0.128121298818636
-0.108918545815141
-0.112051359457534
-0.129303898154038
0.0591089203216932
-0.138087935637335
-0.315304272313451
-0.208762029811159
-0.117121591668636
-0.125069819506154
0.0242620201370561
-0.0935056580727571
-0.238914255485897
-0.117105826569394
-0.150815013448235
-0.0890695443775076
-0.175870871701011
-0.132578582522855
0.0058116072792881
-0.125654540607888
-0.0833957898080289
-0.0963398504371732
0.0278410985522784
-0.168815202289419
-0.108647753426566
0.0386339715284508
-0.0447332513753816
0.0611153868348782
-0.00113945656548339
-0.14710544559699
-0.106019347264301
-0.108597879349761
-0.167969461661741
-0.0429564480771712
-0.1103388350379
0.126856840631179
-0.04526725744845
-0.162525206706506
-0.129174128253937
-0.176589662525234
-0.0282826196659612
-0.00635885898853117
-0.00141302550124178
-0.00626462603266761
-0.0812824386600056
-0.126881518358667
-0.0838287547124179
-0.0460281505686507
-0.076802817864479
-0.066501539395823
-0.108602443517059
-0.0774879796465911
-0.0140781563861984
-0.122083379221917
-0.0361266993728022
-0.0862402635557835
-0.23459280838799
0.0548984245606123
0.0554331964059621
0.0686284939592613
-0.0505445714488749
-0.190279110776374
0.0812830157090651
-0.125899892132412
-0.0720832573955071
0.0292311790709962
-0.116686796118558
0.12588264636579
-0.00430608088345667
-0.0145064708315894
-0.0951055312213981
-0.014592121905384
-0.120347442278697
0.008765832995767
0.0575314220190716
-0.0240863606824532
0.183309178236773
-0.220198861939271
0.0769388873289516
0.00859937705839194
0.0976776918359428
-0.028628808421757
0.127960795589672
-0.139426825647968
0.0988839864417153
0.0256191911261938
0.050075849653616
0.0837408455997235
-0.0872169700301566
-0.128141120851043
-0.0531723046704413
0.11252794964164
-0.142191905946164
0.123189954025163
0.052305239717892
0.0117716505679019
0.0589623940904752
0.0254975825692035
0.0723761628300483
0.169880836211168
-0.120420823122962
-0.045866403702734
0.155787756090213
0.048135542796549
0.0699913076617007
-0.114936842420199
0.0394375542278991
0.170053775025999
0.0731704531903108
-0.0971279711103833
0.0339668433378254
0.09728754195618
0.0117149242737106
0.0504113486375855
0.0885054077552499
0.115139824208427
0.163089647624943
0.153609551361049
0.0854821846638111
0.135071974922467
0.113583348681864
-0.0822951684693404
0.219590578716693
0.0705809194208992
0.0279481946779051
0.0744607491779223
0.197077782746664
0.0953225419834057
0.143263045122831
0.178525138696445
0.119187020426154
0.189127897747202
0.054567858532882
0.171015969323321
0.173882866484344
0.252006754367318
0.128979471804533
0.232794442810889
-0.0324310875139706
0.193880646473206
0.112129881859295
0.108622013489239
0.14688125632888
0.00897569842206052
0.044297477308383
0.218118490534736
0.185092201127472
0.185276246741216
0.250571137658475
0.221910962957301
0.0750754886364501
0.17089568790116
0.131142999726657
0.0735598804146601
0.131129555292538
0.22690342820276
0.243418477055207
0.113584436763115
0.00812603709972199
0.171714314213579
0.0743828878469006
0.126050632968048
0.102695151180497
0.15005518474652
0.165664739922254
0.17938266006057
0.282863177990405
0.0828892179876813
0.18662489367263
0.309407170449499
0.293063592251534
0.195136442141204
0.0614014982648001
0.121501904049945
0.459809389515038
0.266413833165237
0.117022303765304
0.0983338591051047
0.194357702744363
0.123513453507202
0.212027812693978
0.288908960308091
0.152576124764193
0.291572948204188
0.242262859448187
0.304124548710217
0.0953337227929826
0.135451060862083
0.109400744814939
0.177670415368808
0.168855012243807
0.0829603808581934
0.384304488357788
0.300919711522837
0.253656797444996
0.322222381713126
0.2085988086685
0.309721745222437
0.349358617516519
0.265439115783579
0.279786475653238
0.206609548858786
0.251539605471893
0.382807650652493
0.213765726174871
0.30929154489511
0.324039496599272
0.0890510137587706
0.275143136558338
0.230715704362968
0.332919139199885
0.147390570725388
0.209796936302729
0.145295640235617
0.337333925028681
0.142002416954138
0.328695319608488
0.291321971992107
0.351224959001695
0.28399275067967
0.434858241447164
0.441272381786875
0.305224222529949
0.288540788675436
0.184598070924066
0.317453418309929
0.35498909401319
0.164617606521739
0.258825788659668
0.302568977212604
0.300071365963673
0.312622135526128
0.307682375663296
0.152144071589022
0.39439593629246
0.450276849165819
0.254536541080419
0.402222990829676
0.202062187668998
0.219650111686156
0.198482780607308
0.385446904093802
0.561929469420763
0.285229145989477
0.240910031633539
0.353547922023551
0.394305284264849
0.365032862233219
0.465474249472663
0.367572770547499
0.422028222588714
0.236604635229662
0.244546659380326
0.422786629712609
0.335922611489031
0.276605734578434
0.485347846654185
0.44515816658527
0.343619082393092
0.314034598459857
0.283204150982414
0.301820950952335
0.413066561518589
0.382602347489156
0.343053232011684
0.335558100436075
0.323385056303265
0.29339917157574
0.361250727391385
0.363256076440914
0.237969915113185
0.345061425531991
0.334103539287311
0.211853219871377
0.520276007371032
0.429715176335095
0.429377603941671
0.455357440239818
0.60686924795133
0.349056903415976
0.261963476156764
0.510566030734494
0.463952495562363
0.354790627953752
0.479006639982648
0.37990444885607
0.597313351042326
0.336576611052796
0.397632170180439
0.459819044492019
0.406792032475855
0.4093099541605
0.461193972982754
0.451185428559778
0.408394792022203
0.383553782893895
0.433429662319189
0.662053329686946
0.455387889773547
0.562387391293681
0.509797314197422
0.372437182528831
0.612614474903271
0.593649504393907
0.434250678202204
0.538974179377334
0.366005684827628
0.297252418294286
0.512114065884805
0.466466204140061
0.600506710973963
0.362582917530931
0.393736571064826
0.403279532711243
0.35633343526747
0.346011652213021
0.549831752363076
0.482613938063697
0.567832062280779
0.489065795297016
0.435822127806624
0.492795991368977
0.553043268093
0.559503990687508
0.687534033295324
0.479250281774255
0.442817707136931
0.633925513358745
0.56351438847414
0.447900544984076
0.521539722063783
0.488497165089449
0.455050522953835
0.425610001638079
0.592692840473343
0.598881275734832
0.66785261383246
0.617302607413002
0.565986762215283
0.533852027788104
0.60341714419005
0.617374612639811
0.571140886347603
0.572773074914939
0.561765026025506
0.489294146455235
0.554032322069711
0.53758940555233
0.525694704526563
0.495147652584516
0.464489744272947
0.616394911425106
0.553843374896753
0.629334071199668
0.565695873608874
0.586831559509601
0.548807994071758
0.587124069932744
0.495664653399408
0.612712875809377
0.52808834286781
0.604668894405407
0.594227409267623
0.500821256524082
0.587219318662245
0.467892925864456
0.545678405755733
0.516325514972487
0.62029629990509
0.641887500899764
0.615435219798138
0.500384566270135
0.492492112117945
0.537948668504546
0.517402445966943
0.785660429452704
0.646275362330878
0.424815983632068
0.509409845413901
0.656400139869319
0.627394954686385
0.442692330917895
0.636338516846562
0.636436679163988
0.548486353533152
0.577636977998717
0.589215906382237
0.735264998481994
0.57363311650538
0.567983317020475
0.637374866525512
0.625676745899028
0.561748771017241
0.59838903500219
0.753860381577446
0.630337009721874
0.577303855943383
0.696770746918307
0.695980548347483
0.705441025643811
0.579195199073963
0.722435379593547
0.689127651951005
0.503460705437665
0.564237241804971
0.544448283495787
0.580107053554466
0.713912294015968
0.563697698297215
0.758653416772692
0.717020008225724
0.632109647177791
0.857516223789038
0.643153626000078
0.793218607540619
0.643401740691492
0.726556924324856
0.658062817419282
0.865440878483822
0.644160302261162
0.490220868430356
0.721641953352982
0.809008200091326
0.650366165792513
0.737343301986037
0.602849313883447
0.550800830354545
0.817994116078622
0.687024154859086
0.61222200969415
0.722927310189376
0.948000229992983
0.652001886426943
0.785157967997724
0.772941103370083
0.768952129587324
0.86952822405384
0.652785622476591
0.804241531379478
0.774384631450823
0.65462977631444
0.660700904044089
0.725628625584233
0.606460695982868
0.62563319187845
0.725420783734416
0.594654462231573
0.684279516207932
0.83033004905442
0.75068432697922
0.921574237764168
0.782337022665371
0.747695014329994
0.693862906730833
0.924259654800251
0.897007735337111
0.689595871701462
0.818564434332005
0.709068711777707
0.782629358477146
0.766319814683267
0.715969711323348
0.787853666006729
0.871193428873183
0.682601320617444
0.646367121281441
0.906852155447524
0.845476600244192
0.761661495996154
0.820018828311865
0.772510946499513
0.735545896457135
0.888940135258006
0.846845230985865
0.892213888196644
0.794352186814371
0.69029130380328
0.687071651152129
0.783398983901759
0.841493724297425
0.883667225816893
0.984312547373355
0.914105580130942
0.817346593568746
0.801149633769451
0.86254644518409
0.855304439361437
0.782816237059732
0.695351083576961
0.918518946451922
0.972217512501194
0.973301423149872
0.884602455589747
0.938333406397763
0.865004830645291
1.01391867664431
0.763331094555527
0.983834995365836
0.946739268307798
0.883643084770969
0.840755307127474
0.859319342110894
0.809984844677481
0.848633871376501
1.0068460089999
0.859533997464214
0.918327929644099
0.832446781485068
0.828229357401216
1.00275666603522
0.939377613744337
0.848417530176099
0.93471014716585
1.05279035804448
0.888508971653845
0.976188538972976
0.949494789409704
0.84503905692388
0.886127560980754
0.970075984868351
0.918235298977138
0.823538480645564
0.957699213275936
0.884742375904136
0.89741033751269
0.909046348664334
0.959570031920276
0.827879018374072
0.979914703316831
0.868197005292107
0.828467198577709
1.00498772921999
0.903402984327105
0.87781089772689
1.07534614581303
0.896678303761358
0.975669404965288
0.910208212630666
0.872088112310691
0.850871871743978
1.09539942845599
1.00167264689549
0.736030336078709
1.12614279637171
0.986976517860037
1.01755623290935
0.97556869145396
0.921059547578307
0.902328529461411
0.931863869166947
0.878692543198492
0.882950373481785
0.871854069398807
0.995020061765959
1.05881462218475
0.869477295789656
0.777983737757041
0.916956590816004
0.959283646803396
0.90047630008868
0.990152095641452
0.926987200101266
0.981443792237053
0.965924398273045
0.827547156232564
0.983796381821301
1.0118721442647
1.05627889060056
1.0564384813441
1.04681210500003
0.997951609023806
1.05082112500074
1.12819560658422
0.952916246209085
1.03732665338456
1.15931900530169
