-1.15486432694555
-0.797224778251333
-1.01676094186429
-1.05869535730405
-1.04970404911772
-1.04765458566676
-1.03476318327763
-1.13812666984383
-1.08689496531999
-0.802480482749645
-1.06134022124522
-1.08188269951008
-0.891730379689529
-0.955924655347333
-1.00238187218608
-0.975189585325484
-0.946609174062775
-1.06271593708868
-0.989802035373085
-1.05629802571763
-0.888361710428221
-0.972199664081777
-0.741152415539702
-0.91914359408904
-0.877891337548547
-1.00822715722685
-0.930952315635089
-0.965890352651468
-0.998073873126502
-0.960044379683194
-0.736357712164444
-0.969799073976452
-1.03383631454073
-0.885528782926568
-0.829604882964145
-0.841546921543587
-0.873716651891468
-1.02574416678083
-0.921205920022382
-1.10947987102288
-0.72370300859528
-0.943460338512524
-1.01312502167901
-0.895896220406921
-0.97730774814571
-0.98712339873177
-0.884235006245586
-0.82521163242142
-0.855575825715317
-0.884951879557839
-0.850028175264261
-0.963597084780119
-0.727197977854386
-0.840809206508482
-0.88722623913279
-0.914499284895292
-0.934138798518224
-0.835634335969707
-0.785817714025858
-0.873334909143776
-0.919973664973311
-0.939417218494679
-0.739816161677723
-1.01143020087422
-0.766675668674092
-0.916973932096408
-0.8798699713268
-0.952517007501647
-0.740529004380233
-0.806169507676777
-0.863759011611955
-0.73627676868465
-0.90992640070532
-0.778720067509645
-0.825930942609281
-0.869021287025774
-0.857046016859701
-0.920205774108067
-0.805423882546115
-0.727970050745477
-0.87624276508774
-0.784867726346367
-0.792159556050455
-0.877217047254707
-0.911404368444014
-0.79112422656479
-0.825733522868262
-0.843129988003489
-0.833008476075899
-0.874009792107057
-0.852908283547417
-0.861416626595096
-0.906765197976028
-0.810168690673115
-0.812453503185416
-0.809428593979302
-0.757861508124617
-0.88060591238709
-0.834781926950836
-0.710501065333956
-0.852623484258571
-0.852274067085493
-0.850448895244294
-0.678144961257662
-0.685772936601705
-0.972483991145303
-0.91117280285228
-0.582857037749018
-0.869864259230016
-0.705518188179285
-0.739167052630152
-0.858249703429725
-0.792813251594246
-0.603123056721877
-0.744558659265775
-0.862195902058259
-0.754015201727575
-0.747969635471409
-0.926587066357769
-0.750874860772063
-0.626998034631042
-0.851372007210042
-0.864931865325678
-0.717165691711477
-0.638216847461714
-0.867608227754745
-0.810638357898952
-0.573507551911353
-0.728513398443515
-0.622018802647478
-0.789201068138096
-0.746491193467563
-0.779093151267306
-0.694445351122713
-0.745253514372033
-0.70880773217854
-0.636242129385439
-0.568601808037208
-0.559902438444214
-0.782224550949556
-0.766592663616865
-0.705380749531143
-0.765489196739153
-0.751333474459443
-0.67653145133128
-0.748700246411359
-0.725231209486291
-0.793419231927261
-0.786137713075368
-0.577230606212227
-0.675900902637301
-0.770538621510377
-0.743463757463121
-0.750791418043916
-0.568572617634188
-0.644157167726348
-0.766736125927546
-0.749539091581363
-0.834814704374971
-0.678030551532754
-0.741306014378585
-0.645452551668791
-0.794679722810109
-0.59961527700632
-0.655208600982455
-0.670245003456905
-0.72561039961451
-0.537745855260241
-0.760458726787381
-0.816012892534461
-0.749617912462079
-0.591413848467806
-0.623842505797369
-0.558405686289183
-0.545138419695393
-0.612904424929395
-0.862101892119387
-0.576613941052911
-0.565568712956883
-0.734805858017638
-0.565304347485206
-0.463850411746822
-0.525736814491782
-0.730989790172241
-0.460218262014513
-0.537069945718766
-0.549460854046536
-0.632029621696011
-0.680927629694723
-0.569328567416874
-0.611043087576087
-0.599076165118776
-0.566807607918756
-0.595016246246466
-0.537700483788502
-0.606988659662463
-0.734147388019251
-0.605147004044045
-0.68520729640871
-0.554912471775328
-0.685971028066572
-0.463988237698964
-0.758077929957771
-0.499805043298923
-0.568765394204414
-0.528181043083157
-0.588897487752063
-0.487359800462763
-0.465993091533323
-0.599228835637447
-0.594609026823365
-0.666822236054881
-0.492905842261162
-0.50324872441903
-0.670662757351796
-0.516037278060285
-0.50266838898133
-0.674040163502668
-0.540307553245991
-0.55461915931783
-0.496303851522448
-0.590645408238188
-0.527540071937758
-0.64474498503586
-0.585176844843952
-0.552461766535813
-0.605439126690881
-0.693131768435736
-0.568692553952243
-0.565320893284478
-0.607566423553642
-0.73681274636969
-0.486470204780622
-0.456332537905764
-0.423372956577536
-0.452729652349113
-0.420141351216427
-0.604592760196701
-0.555204027820534
-0.575706020134387
-0.71979451395026
-0.299152660440225
-0.449512275632034
-0.591185963915885
-0.464294634912346
-0.44861180339101
-0.52959392995671
-0.471656683273215
-0.443375121988214
-0.440611040758054
-0.532766654716934
-0.49503879788467
-0.440534115532749
-0.63932935925422
-0.51792473772397
-0.499281457421667
-0.415066879573714
-0.46250917758616
-0.494171910545828
-0.455061778347598
-0.658152709259421
-0.349823978734036
-0.549651501161149
-0.418098779400928
-0.431337260037319
-0.60414392111773
-0.533044734715984
-0.479145702388705
-0.365624920250374
-0.420754314701675
-0.486447014228638
-0.480438967203518
-0.435097213872685
-0.311127453661051
-0.556650089773441
-0.421478493242371
-0.580709173649682
-0.515464708351139
-0.50096009014925
-0.372552120721421
-0.294824693609444
-0.441701443579443
-0.449249637389919
-0.436870178123243
-0.395611518245261
-0.350022568181203
-0.419992463607429
-0.317284570958405
-0.566247829508934
-0.383386970701496
-0.526991312567201
-0.588357719056894
-0.420582927886599
-0.35493199659915
-0.569315029525934
-0.404552234570611
-0.477346819425348
-0.338567902539306
-0.281447828223889
-0.336325508630242
-0.394158482566722
-0.395542380417333
-0.31636253111094
-0.372920055680349
-0.408642063044716
-0.441614562754811
-0.41461512070434
-0.366544360178097
-0.404856991000549
-0.407075815754845
-0.234444511707872
-0.279907161761789
-0.364358836151912
-0.434842029511554
-0.42595315271367
-0.518994865175745
-0.243942482236631
-0.476196086233508
-0.324371791403944
-0.377176810807399
-0.324352775550193
-0.369628785903988
-0.34046288242921
-0.374123200056681
-0.315159917702288
-0.342161604045698
-0.432110461022081
-0.366831517703879
-0.408797625135242
-0.420441089046077
-0.323128937557752
-0.378685140780554
-0.227296342842457
-0.188368004060019
-0.340685337547351
-0.327088561231699
-0.266519274219118
-0.283913351646731
-0.232470099708394
-0.271591557295808
-0.371921654367183
-0.253319075302205
-0.247688843072483
-0.333243084753488
-0.309632913417169
-0.286222015662582
-0.452829894805476
-0.45829426718987
-0.307749258574443
-0.235161110705035
-0.365765495468615
-0.311573925042848
-0.374245916129542
-0.340042654606108
-0.372396068179594
-0.340883782865024
-0.193253586931565
-0.297156540597344
-0.352689210341434
-0.253214008722571
-0.229314154973907
-0.195049581120634
-0.308896970674034
-0.191497624588094
-0.172057158479218
-0.157212941795259
-0.173010465987644
-0.305481070492939
-0.191791300481823
-0.268605566289022
-0.383971235098432
-0.226676220179585
-0.137999961353956
-0.164909192559395
-0.350420440716492
-0.386066047794629
-0.274900024481187
-0.365271654809621
-0.307165094645266
-0.301255957250787
-0.274741543919324
-0.314197845847969
-0.217917858407531
-0.245067604387695
-0.208407213341919
-0.232362283595734
-0.260546792449831
-0.21826415010138
-0.230692941093371
-0.185144223663273
-0.180150302366992
-0.270659933978045
-0.264557030032946
-0.172253092322741
-0.201501967985179
-0.186616875733694
-0.299699362407108
-0.229176828688334
-0.182965070517383
-0.149889819014489
-0.247384121693845
-0.103675098408308
-0.179998393487383
-0.204641130575144
-0.270924893903922
-0.144336752889314
-0.191368694550922
-0.258823593890223
-0.153444681701038
-0.0646258800438679
-0.178021557165593
-0.308940876896869
-0.148256875657256
-0.206705616273798
-0.226874996865525
-0.175372003887945
-0.135062173188671
-0.168276409968781
-0.187342483510945
-0.393612961131194
-0.292437332309722
-0.185235034333202
-0.0827330388306788
-0.00069817344201704
-0.0725850292686356
-0.288555701040678
-0.0530876397078335
-0.251268670361809
0.0171921379544227
-0.0826160087464805
-0.256552662531931
-0.0892582277681648
-0.280966968605376
-0.0891398325520383
-0.125291971456047
-0.0579738275783847
-0.26695873079735
-0.0760531437210564
-0.174345947861721
-0.231176642593156
-0.0105498795213657
-0.236064706414916
-0.0789544379119995
-0.132818338670688
-0.119294845175966
-0.0942789758943197
-0.209474505942891
-0.231731013591677
-0.090742857588913
-0.287184897890538
-0.115961342146177
0.0864810749706897
0.0310134651117405
-0.128514142527092
-0.0732341280589363
-0.0642025946880213
0.0374953135832288
-0.00564093886830539
-0.123575500863048
-0.177513101492774
-0.210229740656744
0.0383072461374531
0.0150374423674685
0.138706473197375
-0.0586774554406091
-0.0831070925310511
-0.0795997310672913
-0.191860550562022
-0.197162618495451
-0.173618517491389
-0.0586465231875981
-0.0738909099298729
0.0445965440199364
0.115143062555927
0.123028109257475
0.0849705658480981
-0.0508685573605083
-0.114204632383924
0.125758723664745
0.0585976652809101
-0.149101778330684
-0.115715662173893
0.00940945618711875
0.0634912349412279
0.158076169432266
-0.0305251772987571
0.198208231729048
-0.0368979617738993
0.0483023169710637
0.0391270527770495
0.0368165507506508
-0.0473821562720561
0.0516863948000751
-0.00111295883413005
-0.0412747195916708
-0.134935602679913
0.0716470863642108
-0.0420967093069363
-0.0602047631467426
0.0510977369572778
-0.115614062874274
-0.0196535177120337
-0.000860330032349201
-0.0617675430302564
-0.0815272697180915
-0.125040262267143
0.0223467646576199
0.0303986542932113
0.0500610031509219
-0.00255913715881783
-0.0658908293073236
0.111931491330581
0.0584531765557337
0.0140283797250756
-0.080131168238625
-0.041963801434086
0.0544405077222531
-0.134704437230197
0.0443448104276698
-0.0824061592964295
0.0878942093745181
0.132037565429672
0.0312020122854439
0.0206654028299457
0.0219931474017134
-0.071103861316329
0.0702815143445062
0.0612557243342277
0.0753952689861005
0.210425938871734
0.153224355256538
0.0733309099529034
0.131378124967012
0.244213425080495
0.115208095173293
0.0549261879879931
0.0851467511357655
-0.0969331422566652
0.104595420234397
0.108897907202998
0.114866836214095
0.0771567348318699
-0.0394125233154165
0.0663979375306434
0.230583944583841
-0.047863385376055
-0.00896028653128004
0.113763597874059
0.00630883803104048
-0.028835830793623
0.156554848008557
-0.00606578997063331
0.0837507897083013
0.0563669404719266
0.0671442048679684
0.0521458617681513
0.132616564715394
0.206808623607605
0.273339369253897
0.0478943713135273
0.195972126251855
0.0116712655562878
0.166848433408738
0.217955273917381
0.166297244523432
-0.0171424940392245
0.284901051037179
0.116228229530325
0.0592166283923157
0.193941545356963
0.0517850621646038
0.206128947528002
0.133883579285393
0.070563480669585
0.0721143182564939
0.141615993491446
0.114827529630749
0.170688748918251
0.0569342909113288
0.18867229299899
0.0504520633402337
0.111811295235765
0.0608602696326532
0.139886232465678
0.151604405517317
0.141902427209331
0.163608006984713
0.0461805643027303
0.148975271060482
0.102348353367869
0.194687150947439
0.121516159570671
0.146121847107684
0.197319531023843
0.250350158430392
0.243419903015984
0.260598276467689
0.232848340505184
0.156949042219826
0.341938193559704
0.0902288912636251
0.0394806557005698
0.196781968565199
0.214417766493556
0.209165664658467
0.171603597554236
0.239041507160053
0.174480598786888
0.202970426759762
0.190616986329575
0.0760971447865989
0.366709067980447
0.25006240023591
0.246106742441018
0.134080467784874
0.147387975548318
0.245815207865608
0.354086581282095
0.341054366956649
0.343142816577774
0.16989194939351
0.243349838405204
0.270588482165885
0.16437598176545
0.227188499881618
0.301979878036651
0.31220023668676
0.273323072981282
0.291182112858038
0.241546027813632
0.17841756245859
0.212045176496551
0.333801611114632
0.195959098253842
0.165894930215324
0.195264653667882
0.088664003956322
0.229275032957024
0.228580875725192
0.245740601486527
0.298111957748311
0.347946799857074
0.240455393374903
0.358917205030081
0.279463231057119
0.325227205863242
0.327910802316916
0.0803349984766761
0.247918653260925
0.209707265648215
0.113469379406366
0.369599328692488
0.302628726550288
0.36432251883719
0.311035959928875
0.321306694410757
0.274291014909284
0.332240463794357
0.385857287280412
0.319201904262814
0.283595535978215
0.303193812049186
0.320766050047162
0.328980427210821
0.30020432171248
0.316908607744745
0.28091559206932
0.334241883720024
0.283486916526166
0.328512473922375
0.134271883734492
0.284877719756495
0.422333773925379
0.304960217176459
0.397269749696376
0.311096634954125
0.26417876512864
0.306264985924349
0.321991708390893
0.26718000938765
0.414095932082765
0.247766857936126
0.167553797008789
0.288012140291947
0.370916041986699
0.341691691705637
0.240037104605094
0.383496241512323
0.499348173658912
0.367453884000988
0.182085340737801
0.374148523717604
0.295325056545528
0.479751116673611
0.354942230895429
0.35363412442913
0.346436261891602
0.530370593210152
0.307362319116259
0.40536745548434
0.448052426896997
0.408697020312733
0.409117432664937
0.46062527367961
0.476173469795327
0.391619638281572
0.327968889037569
0.330411978214885
0.475793616965716
0.412618130870737
0.45410132943995
0.471371595138438
0.374757125552258
0.503957722232082
0.403035193614585
0.333122777948372
0.413571043781286
0.36282633164025
0.456907865156211
0.416169305260715
0.343602780542803
0.547515710521862
0.486662175956598
0.360540872924064
0.444688227105209
0.296117223335787
0.516033450053009
0.349664431627364
0.542323826932012
0.397148312391945
0.311439076253082
0.440497142347198
0.537274677993623
0.491335271202133
0.352279104385206
0.474192233837857
0.287435452556426
0.338384822948653
0.490739401548317
0.695140330483225
0.311460475905128
0.502312242066241
0.498043654333866
0.491297184399995
0.690035209359593
0.420328186301493
0.569116208414988
0.605890886193535
0.48836284036892
0.487578328820284
0.474191720168526
0.627810320104209
0.550415167151734
0.502377127261375
0.601911007655465
0.420336302315034
0.608493826380272
0.507763031031982
0.600066091014779
0.550549278615631
0.446925420483873
0.526925918605401
0.438761525543522
0.444798775755696
0.661523152172648
0.467871134611759
0.521191807347432
0.558212330182493
0.549856984625463
0.536020331670241
0.48004622086795
0.681974618909914
0.547069457334194
0.448301726834274
0.671435093747602
0.507177621761833
0.558935085236461
0.600528192475849
0.623201976382976
0.445252867600543
0.587200905334831
0.569238722010777
0.576672337222403
0.541594086149024
0.38753390108271
0.600457639981169
0.600866996838329
0.605814627881399
0.498236132464473
0.721138570989406
0.559305642104236
0.576687280768325
0.605876575650591
0.687265643071618
0.560709034192297
0.537243727249819
0.628412591986659
0.597913809666653
0.655154938039857
0.527798488194102
0.503611671869448
0.773797049321939
0.641074976730114
0.582158787400215
0.651762352366517
0.552281477880605
0.573178945233947
0.541461952549011
0.689235662114013
0.610563520052301
0.509723081807887
0.636593896172417
0.456912767349242
0.417921057023683
0.643020812121264
0.741383850592436
0.652861141844685
0.666606453491456
0.593704179032561
0.795365740322291
0.502598704816425
0.766054976132307
0.587943531497631
0.779926227292132
0.510355492189697
0.534516664376832
0.518942468387612
0.542090428794975
0.739772511020739
0.718309200184117
0.714254996604688
0.520326053163329
0.684895604237671
0.756405996521643
0.662313800383654
0.562694633440503
0.664059549776512
0.782608345500029
0.582510767924395
0.609333522535536
0.644224766588844
0.612974295575265
0.691687108441103
0.767448272736007
0.550048252182115
0.674018049449962
0.706234829928116
0.649264122136688
0.726383501487122
0.814630706186047
0.637828519069151
0.732914353261682
0.628003718199396
0.568798092389208
0.686991108472237
0.848640454581075
0.663273908430751
0.82646578035035
0.739074244871567
0.812688119293624
0.680026862682199
0.659466301432527
0.610678794737953
0.769596483665986
0.646110878017951
0.84892366090011
0.719205719074339
0.698411557292422
0.813293947253984
0.81632186080584
0.873986044714402
0.885958936275761
0.801119301336843
0.743357168797806
0.730682972359737
0.877736944688395
0.859517204428521
0.721479654303957
0.760642861131624
0.758942780790155
0.850211610058571
0.792892898675657
0.82776087987901
0.655948845450196
0.85794786505385
0.84996178266593
0.640027023821767
0.618268491265891
0.810272932054336
0.754852109944154
0.827256260332513
0.734887624414621
0.763735230769707
0.932955128575376
0.697596042482024
0.815562322705781
0.7364796044223
0.849336064268681
0.756555138886439
0.882045934674907
0.985904979402417
0.70034456572516
0.823044417338797
0.789620669583183
0.92394947709804
0.731298107128929
0.85537621623243
0.951194990953036
0.74728039705427
0.951518150507269
0.811400341781268
0.823664248318495
0.8517206005691
0.910727908266961
0.751803230949672
0.722735215449743
0.828139365840651
0.867917720030584
0.903509852383328
0.639417959456801
0.736891922832745
0.783149394743575
0.8482012299695
0.848920726556742
0.942488792273047
0.825611997251887
0.730662939264185
0.775687088656017
0.964286760932724
0.885542332206497
0.789121602850905
0.908983362171984
0.810772729543873
0.95127101135523
0.802966194132955
0.937757091244564
0.892565414934263
0.933900376064517
0.820326979972023
0.886748708041754
0.892268321121897
0.849990458432026
0.883572962966964
0.918070691730132
0.902437046174627
0.668334833460529
0.847571444289451
0.799464495665701
0.936142098539787
0.842134474499097
0.804393320835827
0.902739502842734
0.811916197810948
0.911811895262413
0.884133236667795
0.90413833198128
0.898125656005487
0.908245094605639
0.996830901023607
0.875205843941655
1.02728243932739
0.925362109354114
0.844769653923213
0.823051863952012
0.9073407012651
0.973086116691249
1.00611818741585
0.922359769054971
0.765572524612197
0.858034299891015
0.90174234273968
1.01579226150626
0.850239587283158
0.902581631449793
0.968457716789515
0.89144894834549
0.8971091585019
0.993960496633287
1.01562808742442
1.01728353724167
0.878940494912447
1.03516138650278
1.09036850295538
0.909665653515596
0.979874431838468
0.98413354439575
1.02905710509142
0.944872855253039
0.985334107778211
1.05668940675405
1.0494641685102
0.903079350757388
0.987225518752883
0.972534357220587
1.01169757670534
0.834257387803726
1.05159284827151
1.06151983055975
0.991559210649614
1.09050916218635
