-1.15859972082518
-0.793552854798982
-0.998682337970382
-1.03325620301938
-1.06876866105677
-1.0525900761046
-1.06517631031081
-1.14005014240572
-1.11169052651634
-0.816323752957447
-1.08394945086183
-1.07472309295169
-0.884199352220256
-0.969651299479936
-1.02797058580607
-0.991062687496332
-0.944996759518341
-1.07275276704399
-1.00151353739474
-1.04714491010157
-0.879849323279822
-0.983921212905463
-0.763200939084748
-0.923207910154966
-0.899054283845681
-1.01889291913842
-0.934623115472006
-0.967615343722606
-0.989751955744127
-0.949435130825286
-0.756529943497921
-0.98312510612493
-1.01673343684906
-0.896533362261734
-0.836429067019271
-0.857863495052002
-0.881581163461048
-1.01233169367277
-0.917809285626412
-1.10412129010414
-0.712413214193767
-0.945515542985732
-1.02769266367022
-0.906976561964345
-0.960852709606366
-0.964748989914805
-0.885430027525701
-0.819633598764592
-0.860313620225082
-0.902011561095142
-0.864861824587212
-0.962996893778879
-0.727511728893814
-0.818556037863039
-0.880883635522513
-0.9129573900644
-0.921148685848054
-0.842248761591072
-0.802487580532954
-0.852774262362013
-0.900737605794284
-0.912293711864334
-0.751534329111358
-1.00486160102567
-0.765291938874464
-0.926625193961184
-0.865143085464944
-0.955645046902434
-0.744913400824744
-0.813134840430375
-0.841964165801808
-0.746143261029628
-0.898540696317312
-0.766868785469316
-0.809147856440032
-0.855625319444364
-0.844778165545793
-0.928708019091816
-0.787877467641175
-0.737711828072908
-0.875084362273739
-0.778046611263388
-0.773732424885199
-0.884406708671221
-0.919878460734933
-0.795660517642375
-0.836152044032134
-0.858675773854878
-0.830725764090288
-0.87614746239723
-0.850716954001383
-0.842747405319356
-0.887814252637923
-0.802828740975367
-0.79522284886658
-0.827107186214361
-0.77747657595053
-0.85792043760121
-0.826401192594012
-0.72707539028839
-0.832843548732396
-0.854038516738489
-0.84508368790707
-0.658403549653534
-0.675509534278519
-0.940833945549978
-0.925871278842658
-0.581016983768118
-0.85251671635278
-0.711172416824819
-0.746986319375481
-0.883614555006454
-0.769364636757442
-0.60787220089147
-0.722043468577948
-0.867983709404069
-0.760424878280469
-0.72458884270224
-0.928732335559869
-0.757370709564362
-0.617317994162612
-0.852538311436111
-0.860382834848959
-0.717439508651319
-0.626107305116962
-0.835979468732035
-0.812100138827195
-0.576900041359252
-0.738427666120527
-0.620076703560375
-0.82937030748865
-0.758969635182943
-0.770607054042943
-0.689804005539687
-0.732967949076736
-0.694558240815201
-0.64569416787019
-0.575386299355426
-0.542057903566545
-0.77613527141938
-0.77225996688391
-0.710557324948799
-0.764283465598757
-0.75938880118782
-0.67752129073291
-0.748981072548287
-0.736919965610987
-0.803889212298966
-0.773275553145389
-0.559903784142571
-0.67520953515945
-0.774802712814716
-0.745617309967176
-0.772598294379916
-0.559526468099813
-0.640681246009524
-0.759696029405629
-0.746764897646397
-0.847748101480802
-0.653142101845426
-0.738855715738297
-0.663889820237045
-0.777462341238899
-0.585142784611856
-0.666685900073016
-0.666042826551635
-0.736035881001071
-0.547389058141433
-0.767668812526435
-0.812666551486155
-0.732343614388141
-0.590913094804047
-0.647071593515578
-0.563883473590823
-0.575590976403604
-0.622840039578135
-0.875144109364437
-0.584416575134411
-0.564289649084137
-0.752997946622266
-0.572763642685007
-0.457011089610896
-0.499566028928878
-0.735113470970979
-0.485463215441858
-0.545335582345118
-0.549950673742701
-0.624355951021431
-0.694932399360021
-0.570404930434189
-0.608831344040702
-0.60705451961433
-0.563428172182726
-0.613729748217723
-0.539983398078001
-0.620163601463483
-0.741449094486047
-0.614215603786607
-0.692367421366291
-0.557729993929325
-0.658598247740646
-0.466121621102399
-0.723077559635239
-0.523894154428799
-0.561157033543365
-0.551368764500162
-0.6072576486935
-0.494749393929272
-0.46897772254708
-0.575783873544711
-0.605695868776995
-0.665571364275095
-0.478684873722173
-0.498651030892502
-0.683542537713724
-0.504647583348308
-0.473276097295424
-0.689242203143915
-0.537971382241642
-0.561160650307569
-0.522331233077611
-0.582158450104651
-0.541695816804758
-0.631231468819055
-0.618128101370517
-0.553246937222496
-0.609526811969184
-0.688177238679018
-0.573616289972057
-0.549800516651717
-0.61905073644896
-0.743690899116033
-0.492083518805197
-0.458899115599282
-0.447626724863315
-0.440635152805242
-0.435540482214616
-0.576423325676719
-0.538053223978615
-0.592358820440732
-0.704841894545582
-0.302259458996932
-0.457163834655082
-0.58155014762471
-0.442536525879544
-0.458781246339361
-0.538865627907699
-0.492469920409907
-0.463300541136372
-0.412189455006919
-0.517477258389475
-0.516170023107582
-0.428131935164007
-0.631379451667877
-0.501041147193206
-0.495520116320031
-0.379463311601877
-0.483029160348137
-0.48777296733436
-0.446699536477999
-0.645868929954152
-0.340664907606756
-0.566735579390128
-0.451816357411916
-0.431477447704318
-0.602616126314794
-0.52419101415685
-0.505037700645187
-0.39889964134636
-0.463975728756645
-0.505775602680254
-0.486671384241688
-0.430060972987123
-0.315666294036518
-0.53628791516165
-0.422377809890062
-0.590919580743328
-0.503103508418634
-0.516023046616126
-0.383101952267379
-0.298978008224037
-0.430049271421636
-0.438218377531533
-0.405938115353136
-0.388011540418911
-0.352800567192439
-0.434458467703504
-0.325917504825899
-0.552733837721956
-0.364862904499559
-0.510806334493426
-0.556445857150715
-0.416292487739108
-0.369473587726187
-0.581089564990056
-0.411907759647694
-0.475994024066998
-0.33671647767384
-0.298277982605393
-0.316116887636291
-0.389689704450095
-0.40262175306776
-0.323296202622472
-0.377929380565799
-0.403082195014086
-0.476082977358493
-0.430575378473989
-0.367577439964841
-0.393789924677559
-0.420063456479427
-0.230274476814421
-0.268820328507898
-0.367117319851997
-0.453346657771935
-0.412596840133051
-0.522828045630279
-0.248434372741858
-0.468325433836572
-0.334596472065265
-0.374749192631556
-0.301125511867843
-0.384391130770546
-0.365269596642027
-0.380197020985768
-0.30492824044235
-0.350989703540016
-0.433387200761579
-0.37877565590383
-0.402493527672191
-0.415185181823561
-0.313005884517647
-0.366582789091535
-0.211156480654649
-0.182200802723918
-0.341983865267261
-0.314812188388201
-0.256467670791912
-0.298279030115507
-0.226477447204818
-0.276096045367587
-0.368428702085642
-0.25772104468296
-0.272196803305929
-0.346197171172349
-0.301525988858066
-0.260260170129971
-0.460013307191136
-0.451722173881837
-0.315382881627269
-0.222915491585267
-0.376107323841417
-0.312021007459114
-0.343229043431171
-0.339662424313449
-0.379362027394452
-0.33771558457594
-0.206176762018684
-0.286830946758046
-0.361710107173918
-0.244895666437465
-0.245675455760718
-0.210354078000799
-0.305862528200328
-0.218144657869921
-0.155768003601938
-0.157910910643301
-0.192813810574632
-0.298801108330225
-0.211021440743013
-0.294398914044251
-0.376640924407304
-0.232016715980005
-0.156582761632943
-0.161853422828193
-0.341291543504435
-0.378111428660439
-0.300709862391336
-0.361261450383205
-0.305968341707282
-0.298778501686092
-0.277335178690364
-0.309522557181784
-0.211198721407122
-0.22684935118548
-0.210887659858736
-0.238011113700728
-0.249429011094446
-0.205143983919933
-0.25452405528809
-0.186652400954782
-0.1889072790595
-0.258988353122201
-0.2762438664144
-0.183575729986777
-0.209846262470851
-0.172282305111664
-0.320726839624323
-0.229318285497491
-0.185491085020645
-0.14112765817705
-0.228922591062116
-0.103450539207414
-0.162690718087882
-0.195975525992865
-0.265593545352072
-0.154183530318413
-0.192128500973828
-0.263379863661373
-0.127334712160537
-0.0489406725836735
-0.176608043910664
-0.304281831994878
-0.1627477181811
-0.198083602264611
-0.241916592624504
-0.163426735684152
-0.135775519681917
-0.15761334892976
-0.187874995513276
-0.384447566606926
-0.288904735948234
-0.198795324591252
-0.0711588711052734
-0.00636536943318541
-0.0655003213703608
-0.313927850880588
-0.0590099931483802
-0.234954011183061
0.0196760749682892
-0.0920019063312642
-0.249012208165465
-0.113382231351212
-0.288934842035352
-0.0921129111484751
-0.131005226706939
-0.050105565113517
-0.300352666404939
-0.0881170737248566
-0.16744359949975
-0.239897448601454
-0.0119287683527636
-0.244979736800823
-0.0948887233184191
-0.134357389455868
-0.144182190762224
-0.0648367118556767
-0.200579347845669
-0.227992149502899
-0.0638500912324237
-0.291185638232218
-0.0994752401020781
0.0884638005642921
0.00170400888653436
-0.0966515177296143
-0.106393406380508
-0.0597100101464307
0.0448111970583428
-0.00955759435075271
-0.101801644573382
-0.160211029893623
-0.202756385826334
0.0417444206361651
0.0172073624073179
0.134840947241282
-0.0724786928842972
-0.0878787229753188
-0.0792078272557431
-0.185247521004374
-0.184990809616878
-0.172768060096831
-0.0480605785228017
-0.0688632921496992
0.0204599508242163
0.100823489612339
0.10750064376198
0.0947664863569508
-0.0689449581041328
-0.115345960624465
0.133647504480209
0.0508502416607077
-0.146701710003305
-0.105578156592922
-0.00695827534610356
0.0872149785662234
0.147748769697868
-0.0294172545806293
0.198897736458516
-0.0213416275328597
0.0478064367017978
0.0378419464794416
0.0502622901030939
-0.0425112317637511
0.0476298023840274
-0.00508965064632309
-0.0715193394494121
-0.120521328260343
0.0749293743746272
-0.0341582733177437
-0.0844236755641624
0.0512417880900945
-0.128159472642198
0.0121593899971734
0.00804015291857049
-0.0823985850896548
-0.0681850500451848
-0.119462779034821
0.0570479556148036
0.028477683938686
0.0549424271898032
-0.00582402794237939
-0.0544705615746827
0.108810732433104
0.0626197573284468
0.000528392229824235
-0.0781482592886279
-0.0304929286107276
0.0305289925457861
-0.121416302563625
0.028026753229796
-0.0983012512782774
0.0772708379090763
0.12490229264284
0.0509506003327356
0.0087202723343145
4.32992901895421e-05
-0.051833511119656
0.0753071537660288
0.058365129260229
0.0605565803226945
0.194839876144889
0.146702974552383
0.0325648680738105
0.118751527805268
0.243623046999464
0.113974150190912
0.0566391434601974
0.0814652754356847
-0.0571602273332734
0.091454628327435
0.103868283438979
0.0942624330408125
0.106614792688413
-0.00861228038931956
0.0848059288698959
0.228957689354436
-0.0415192581739701
-0.00724847703546098
0.0926466762189773
-0.018162230150908
-0.0299227814996817
0.154188423169201
4.99315655503099e-05
0.0816274805175997
0.035099085944345
0.0683603058723542
0.0249476691239837
0.146273548858868
0.206672834862722
0.254248614007782
0.0649316845436894
0.192851790734256
0.0183219593365294
0.165042389765137
0.244301371211458
0.171313555291849
-0.0429025324032858
0.293693777777798
0.121874961077608
0.058338680850836
0.215799432559563
0.0332183779030947
0.23318060617644
0.153033812203007
0.0504905170236307
0.0959436352371968
0.171288765382291
0.134962589070972
0.181799832747902
0.0544226347315446
0.189245979417492
0.0298593964424484
0.146507349623739
0.0702830210276511
0.141153498859383
0.161746612046996
0.126870299476968
0.163979668090681
0.0543110099642971
0.136090992903613
0.103674238554754
0.204622354773184
0.109972547122965
0.159091133315415
0.212995122727108
0.248329651542461
0.225385107686209
0.241456407065319
0.216041264515019
0.151769946594583
0.347920822031442
0.0836128413901472
0.0330795245320136
0.217502075148906
0.197081530429776
0.193940718710029
0.156442985492237
0.246414937754613
0.135981431266748
0.200798623588714
0.174674068504576
0.0833086215611234
0.349995475423996
0.272189237476651
0.241475751829943
0.131277722505876
0.144473212612747
0.238077704304488
0.343165777694088
0.344170412451119
0.341094291378245
0.184483168171797
0.243405054386433
0.269178574066708
0.171324234400811
0.227469893824455
0.299192856174423
0.320543329296125
0.271906493235255
0.292328006070066
0.238815926454235
0.193226100271316
0.212820935198766
0.339050219380821
0.182568217188314
0.169845476858904
0.188367606042202
0.0920659995299496
0.20187411209088
0.242858767527267
0.273084470740747
0.290260373018252
0.363845204867745
0.229701504404791
0.347545274990387
0.303599909991855
0.304294405594075
0.311893600808221
0.081281795189125
0.229441305196326
0.194349603716672
0.129842842517029
0.388573438965989
0.315053422269286
0.350703743382591
0.321299654438354
0.304846899265116
0.264851195219006
0.340186456104112
0.400808811801284
0.333178137977136
0.267109901742686
0.313075024738332
0.305626332134569
0.33878878037132
0.305430335746439
0.316455552321772
0.289313534364342
0.333020565596322
0.289764742377339
0.312613421751313
0.15988473181743
0.29638463643723
0.394098550324228
0.329069121045885
0.413898973337206
0.294336243779162
0.269043208244688
0.314224721339997
0.322703957602663
0.249903351667907
0.427104448648347
0.244241682390051
0.165579726002413
0.283509236245223
0.362473606167861
0.341183840168221
0.237299836392254
0.385131874415988
0.481558479940049
0.375123371964926
0.162709848881574
0.375366984198009
0.308460885919992
0.495825635893455
0.36580809258866
0.3536434049684
0.348194518046025
0.532227148795159
0.305661322831362
0.411282963873552
0.449771194800576
0.421147219412948
0.394703850391847
0.469127974784989
0.477617152974687
0.41541278444952
0.323499821439408
0.326946148145725
0.463207535587317
0.417049347359258
0.444132905773818
0.47808310840573
0.366103787462405
0.500786761222271
0.397110079860437
0.334168209319055
0.432021734316491
0.36425964747932
0.436141250001859
0.412793172050213
0.354291134786629
0.535579933866435
0.498377056052558
0.36735633644151
0.433099486034868
0.267263457771827
0.550548009456399
0.340950211154345
0.519691784692316
0.420213497784152
0.313436446048775
0.455161086683293
0.519073662737805
0.499139963296145
0.361743854337289
0.464174933349209
0.287428820286453
0.321424044828419
0.485596200069017
0.7080071733893
0.299559186856364
0.486684342831536
0.504928408048903
0.485195904409084
0.692357774382797
0.434832873108501
0.56968371045588
0.589858967908986
0.507480181206511
0.507123640431938
0.477535447231666
0.613446575071637
0.559922860186818
0.507703709908896
0.609250365466168
0.380514570130337
0.598070508347772
0.505255015631484
0.602007760308672
0.531258325376767
0.448237745722578
0.553432889865148
0.439800133955684
0.451649482327291
0.642741285605993
0.502325472090489
0.524853215102432
0.573292411817755
0.540604540725001
0.559775283727538
0.464532863243668
0.678888462211028
0.53571207441942
0.469205180374132
0.685575745411028
0.491244106195224
0.559610215740741
0.596587351876552
0.62469130521938
0.457142833513708
0.571316895945888
0.559710941796392
0.581306468219679
0.538310146714268
0.41788174737826
0.619406263537098
0.602239964208222
0.586016577068426
0.500007805218557
0.714165746877736
0.54207748623481
0.559497053969727
0.60447656176491
0.684043894222564
0.560060666212856
0.542216538355369
0.63239651188775
0.612849809515393
0.639606146500086
0.533337132244087
0.503635061863352
0.758172382312218
0.651143618250602
0.595732008718661
0.660718240225273
0.539081959991427
0.565053162123971
0.554400477090295
0.684954283062176
0.629800159816671
0.506032869644456
0.61507779292723
0.47194701150774
0.415731402554502
0.64048024797322
0.740294516510026
0.659678580858985
0.661152090162586
0.602826313439296
0.793757990414111
0.473573266488188
0.759746596243182
0.584078531905527
0.742212245175065
0.508199109473543
0.549233430734879
0.516479440465674
0.542278243198155
0.738813339012208
0.705814955008416
0.721637176616973
0.513681070218387
0.702815571885835
0.766678023331425
0.658570417944677
0.538159272677252
0.690059458658764
0.781748623953078
0.560611513300946
0.634150364567137
0.663673574567024
0.619805928691036
0.685479775404285
0.767661912152242
0.542526217082955
0.696424006763316
0.694373189394485
0.648413986619609
0.737450189206594
0.790907224420932
0.641274939737226
0.751991107609107
0.63915200092734
0.587086115258349
0.683231953648318
0.826772603224915
0.642606993272101
0.811254014621841
0.734380186204826
0.8100846180385
0.671982180969235
0.626478474712312
0.630973353057803
0.766554443157771
0.644172894301729
0.84900133213984
0.738726546608585
0.726527165030098
0.78816796776317
0.80565486747717
0.860584364166975
0.87550641323249
0.790199164053498
0.743028323757541
0.731231610090919
0.878518508845564
0.872042483952553
0.730175783828124
0.795497309285891
0.762827098948691
0.832906006596056
0.802369842409353
0.8163527162715
0.650519086032866
0.841435484247744
0.835467263066813
0.642943239205456
0.592511789113808
0.805082729540027
0.747221174753576
0.832164406655126
0.730224186511988
0.747068764094374
0.924510271686019
0.713627447116966
0.832052560818128
0.731007469770598
0.84470273897665
0.756446581549084
0.871185026226867
0.989493181067855
0.709587219382692
0.810230263660575
0.797874400517041
0.915471619550127
0.741629562735521
0.835586556164468
0.943137300598271
0.766070383152562
0.9736932769465
0.820540173561136
0.838065519653879
0.867339847393537
0.908959400926721
0.755240302098704
0.721356673905633
0.843135004070617
0.851753637653289
0.920837102820981
0.637672797602833
0.731571914682729
0.823735311176034
0.845961472533988
0.841723161352864
0.923444021024055
0.820212042740302
0.743007458324873
0.769624209350429
0.97577637438813
0.882496642931364
0.790337633030698
0.918653858871666
0.778201342089585
0.923046467836616
0.811065886789624
0.938247867912089
0.906443649633858
0.94486262327188
0.812507203817954
0.877994004440321
0.895890128915152
0.85539046419298
0.87452653116922
0.924023490553543
0.889753269796888
0.664134096899562
0.851951793471516
0.798019012324248
0.949336119484025
0.869278038373199
0.830154677076312
0.891332095388326
0.823914048579082
0.928550558435663
0.870811012719223
0.897147471209448
0.894222015938603
0.906521724500125
1.02067075612786
0.856493208097624
1.03073417777312
0.953819571773945
0.835815027146311
0.824694918143887
0.904777373422561
1.01280568010233
1.02585970326079
0.909303012454739
0.76853821608507
0.871742732226488
0.910090435388484
1.03553172894482
0.845619682469983
0.907147780534118
0.97072286718986
0.870308862987909
0.912028923442732
1.00465567486241
1.02411068032321
1.00109628063857
0.854662665150733
1.03104241284403
1.08409916233642
0.905348923132453
0.966836660681458
0.963994972383459
1.03307792571025
0.944344350865071
0.977169776902904
1.05256787404756
1.04939263879897
0.891125004772737
0.988874472860295
0.980064809745455
0.992825896400455
0.825385000584953
1.05591624810737
1.05127531813715
0.984342634036149
1.08881508819286
