-0.821342970680644
-0.938429806211621
-1.11956968845674
-0.955769875627913
-1.08619298366596
-0.955678652086279
-1.00524393972189
-0.990140202300587
-1.05971134149734
-0.878984919680673
-0.919059411079376
-1.18134980660793
-0.973676181401825
-0.886767212735117
-1.0234528270801
-0.976670845043831
-0.974384045055002
-0.935762040020493
-1.01064449183329
-0.967356233744687
-0.95219018570929
-0.944290902743243
-0.815748014716406
-0.85984125540305
-0.958512177333001
-0.932126656686541
-0.88460714988586
-1.05521032973154
-0.924818389693691
-0.894712823165931
-0.879755803548072
-1.0351492216267
-0.767614086992513
-1.10303191340938
-0.914355492138207
-0.84698026797485
-0.933646967914206
-1.04569372490364
-1.04948688863211
-0.870110907066084
-0.957417392742846
-0.834229668153467
-0.952476259135827
-1.02689131290694
-0.851657612618181
-0.877424497011893
-0.919713318508685
-0.945614256313698
-1.00206275191422
-0.859575624823226
-0.915179797272615
-0.896763808930354
-0.893929747265671
-0.861310745877445
-0.724481996631475
-0.908082708452503
-0.919418764015596
-0.868945067296402
-0.866396440667456
-0.879697903116439
-0.777977167040294
-0.935931996150924
-0.950846213849967
-0.946337753707567
-0.986066428838273
-0.84939231860436
-0.923021796003599
-0.836702174472313
-0.862860872679727
-0.920207486096212
-0.954342720859425
-0.890097185966319
-1.00596367962295
-0.898124644151832
-0.831100766825413
-0.905498129619343
-0.845587441609371
-0.959235716558495
-0.8598216977275
-0.867329944569002
-1.00362264885634
-0.757352029616921
-0.877213607081342
-0.79688099617723
-0.84764974480192
-0.705249565640003
-0.791542833031381
-0.857810672792186
-0.827212954215908
-0.86704823068913
-0.746845135770252
-0.836631970317355
-0.69177544314089
-0.919206778365856
-0.774574740557029
-0.725343179822501
-0.80497190230727
-0.864662469286895
-0.884253457971894
-0.760083218462692
-0.691350238766442
-0.733752209990798
-0.686054355394888
-0.74765306141817
-0.817047304594398
-0.709190193542572
-0.787312099197484
-0.745795996185837
-0.724625380876548
-0.796020531835151
-0.634505579325961
-0.686225166419639
-0.825666082674518
-0.666135723319401
-0.841100773080415
-0.593753678156862
-0.772851147477497
-0.747787526649319
-0.623089983151293
-0.814117224582245
-0.739302858634344
-0.748223829092939
-0.759925491362026
-0.733642909529412
-0.588048483528826
-0.557101250964413
-0.827808565915926
-0.67964184814974
-0.725889572103018
-0.5921657962585
-0.780040061082497
-0.63404178414843
-0.67494117566553
-0.727968051993246
-0.883127610173762
-0.743447177289144
-0.843557116269612
-0.498359780187679
-0.690357382313073
-0.844022912812415
-0.702029269056561
-0.621244865201948
-0.676314974943589
-0.701845087863253
-0.832413034980481
-0.754627121531469
-0.730459070669629
-0.762929241355922
-0.656089008368759
-0.775727826953485
-0.610998039929244
-0.893516224131602
-0.730065769516378
-0.694317210368042
-0.635736165705269
-0.746272478777387
-0.540921637233791
-0.505134358144193
-0.704163208617503
-0.664656666941569
-0.738529261085152
-0.656384689591737
-0.670246773484841
-0.557803563667438
-0.696920058535832
-0.544100603886398
-0.614326008042097
-0.564581121132629
-0.682279008309805
-0.578116811181635
-0.811954856592977
-0.644325561338522
-0.749050457993772
-0.629527873882018
-0.635505373070791
-0.348190446485759
-0.69026736445676
-0.54309562631324
-0.571989611433762
-0.608383297444615
-0.804182984370222
-0.593360612737859
-0.681778095026547
-0.554768214310157
-0.709889574970609
-0.65341531339858
-0.505615404990973
-0.654835019659817
-0.633988099024904
-0.634701778891137
-0.510199409869169
-0.597294740336229
-0.565876831405264
-0.747559776685807
-0.699682729381678
-0.597891786377342
-0.730537695778377
-0.607805035879227
-0.446956612872045
-0.601234231591153
-0.591330150920015
-0.635922492334379
-0.575852416684505
-0.473805720370728
-0.650618868405482
-0.548516213221066
-0.635254308385674
-0.645956332792854
-0.589305051691057
-0.560255196844849
-0.429848452283639
-0.637419619271588
-0.629395380323745
-0.363125594462688
-0.560223796413033
-0.628592569012112
-0.600387984041369
-0.602778789402383
-0.625135461489465
-0.643222611057901
-0.550156240153135
-0.451649027795482
-0.465971693919365
-0.485706679775305
-0.567079118654934
-0.603994932459425
-0.568430748430162
-0.498000145972652
-0.544367475404691
-0.652596093149891
-0.511058412939491
-0.42169348307716
-0.50867918019428
-0.224241289416746
-0.460442349995404
-0.59648294285924
-0.441125088547784
-0.506690532625295
-0.623099356988026
-0.444503095919291
-0.458579431773873
-0.615597953166886
-0.694086132869163
-0.52673506202609
-0.49890772895825
-0.538954814762974
-0.558246261899218
-0.533109833777395
-0.531904239112332
-0.330902334123052
-0.444405896704399
-0.520974035274432
-0.557265377115317
-0.50536492976634
-0.517303691640293
-0.349043853159857
-0.515750289245856
-0.48127184844506
-0.622505023255613
-0.466520938089285
-0.432237421933042
-0.45300895209848
-0.447781608792821
-0.507204912045695
-0.460466519502383
-0.496804072917538
-0.5453598649786
-0.408209064922751
-0.422738278495978
-0.354755813860324
-0.55397920765017
-0.482769566515313
-0.406724478748999
-0.436947211217484
-0.394608049609916
-0.287135381396235
-0.344330401977393
-0.660672110277783
-0.391109409430692
-0.442896029507036
-0.297574804083277
-0.577108246650907
-0.454521764046994
-0.488473231802104
-0.35667864140376
-0.542563677306687
-0.279611445742154
-0.525247741470929
-0.511478009626699
-0.540493568227861
-0.341257903434266
-0.402767192787054
-0.500337065943581
-0.301979667770459
-0.446712630767207
-0.405824845678499
-0.412292692720807
-0.33416739866847
-0.31600608012551
-0.310130989022863
-0.436468987729648
-0.39483250459008
-0.375639991315988
-0.227488677829004
-0.382433853652206
-0.415709448742391
-0.346844889624283
-0.391096337109434
-0.398847398058968
-0.441349180855726
-0.315556903324134
-0.319620954692089
-0.357126229141305
-0.336104847117982
-0.468109637694979
-0.441124161927768
-0.347496477614951
-0.319445234274121
-0.370318449031896
-0.314106250150757
-0.199269544631095
-0.435397401893574
-0.5210716706013
-0.440887383948711
-0.247478615486648
-0.403969247365941
-0.359435853988483
-0.377833449624216
-0.297614659323623
-0.383900032197076
-0.377656992089253
-0.251317658373304
-0.251064330796475
-0.296360604219178
-0.374827488769153
-0.322204720471101
-0.213115281081173
-0.423881490114462
-0.290104167820068
-0.35500277262175
-0.315014052915997
-0.284663512937463
-0.257430676680981
-0.279477178253372
-0.210549598981101
-0.191863873499571
-0.184434764436559
-0.348058099745147
-0.316066692496782
-0.26897134491443
-0.38287021777338
-0.261504066888875
-0.265466920457132
-0.341759659664683
-0.233114832003156
-0.160083312184141
-0.143968236239629
-0.331781293402646
-0.171862266307575
-0.213792868151291
-0.139254041320882
-0.298325751986424
-0.336706222552499
-0.345252795340593
-0.252459575524497
-0.325399786965785
-0.298127902047121
-0.136146803841632
-0.119279643003367
-0.320179402522694
-0.25860582182543
-0.0531301341668321
-0.284229555463395
-0.26236421454295
-0.136567645753555
-0.292087856814875
-0.25610663901593
-0.342556155569968
-0.284198242398352
-0.118118715892327
-0.278064457793611
-0.281021243375383
-0.160984606983316
-0.176923061791767
-0.0528058273294383
0.0386920162077371
-0.308468961905781
-0.219736064370159
-0.186651875480833
-0.141501396586148
-0.259155217432893
-0.134792219733898
-0.267191942487887
-0.317967723921531
-0.106089672212515
-0.220191392664133
-0.125751721464788
-0.178900815942245
-0.404067894175166
0.00987537929572579
-0.203310494230505
-0.12707006303286
-0.229637024189652
-0.269117527414798
-0.158026690363503
-0.329130330269815
-0.159316074037915
-0.146151989836062
-0.208879294490179
-0.233276622128917
-0.39852512795882
-0.183550155181674
-0.161268712790742
-0.194419099148684
-0.118541297354997
-0.175938330011666
-0.154392812243718
-0.120146317081857
-0.0550239516162236
-0.220193994206052
-0.238486340570862
-0.050935911715704
-0.204390618222273
-0.040279733193856
-0.120712436927358
-0.103462574199746
-0.11807471960667
-0.114484232825828
0.0753343015606402
-0.118900785640273
-0.309369963641813
-0.193319567151124
-0.128624215739294
-0.13523509305462
0.0127602313643502
-0.0850393091747737
-0.239585914440895
-0.130879729285832
-0.136149370895184
-0.103884834007501
-0.168621443669929
-0.127136157166837
0.0100169751787961
-0.101117509321039
-0.0780726310868596
-0.0991702576292347
0.041570888031846
-0.166385267379656
-0.0864916736957453
0.0424554046767199
-0.0335035844591247
0.0316014287091217
-0.0248649528561189
-0.116617522985877
-0.106357917661474
-0.102935717135363
-0.162486973142531
-0.0466344125986847
-0.128482592962057
0.159811780179177
-0.0274547205480708
-0.158656894357717
-0.150821961793176
-0.171431012919209
-0.029160877485754
-0.0168683577173902
-0.00223201307617168
-0.00608925449791818
-0.0749009014249445
-0.124450541579178
-0.114509614500159
-0.0593491610065281
-0.0711203422980494
-0.0442640520057131
-0.127561574288758
-0.0922277916683565
-0.00711266885117449
-0.109124042460816
-0.0138838927692169
-0.0869866949135537
-0.227112747353168
0.0487365699018283
0.0460874770443421
0.0612399666010368
-0.0426245806484345
-0.188167637272211
0.0924848449650566
-0.118574517974148
-0.0605385201390632
0.00379101975099987
-0.118152728141595
0.132444665272825
0.0077282727750147
-0.00706620369154988
-0.102134249282754
-0.0198106184454185
-0.121472776411726
0.0284645091868129
0.0720333123139312
-0.0313405492851013
0.201163217674938
-0.248429334388944
0.0655977575415427
0.0249953519355621
0.11892499684891
-0.0280074088845569
0.129395562770088
-0.12677701862191
0.0913690564436096
0.0379889023551777
0.0797649736589033
0.0750984414185711
-0.0921554943241562
-0.129828273768836
-0.0614095796204644
0.102318228270635
-0.129307934442639
0.107464943987056
0.067009544362745
0.0119867234970964
0.0343424763377284
0.0429672493699513
0.0636239020174622
0.150296803982637
-0.143491469611219
-0.0523637641325325
0.145567608572759
0.0627905787914845
0.0718092979716017
-0.0990088765037191
0.0431477466191904
0.164092600228364
0.0773226336556922
-0.108836411448398
0.0206189594741432
0.108785513121503
-0.010541775352191
0.0444069176768736
0.0756656202658142
0.107704040528575
0.155459038481243
0.147377062454179
0.109864659982819
0.124018300408168
0.0886013800800417
-0.0881861743325257
0.230405878661435
0.0841701902384088
0.0127696697417352
0.0870869000445321
0.203662388801042
0.109898224304494
0.128330743273519
0.175296939639566
0.107689553623554
0.204603982171407
0.063518402013394
0.166294275474648
0.178056963985136
0.273082345520387
0.142988558362868
0.212983210291532
-0.018545697422244
0.188046455666816
0.119155432369525
0.119285702320256
0.154146398201012
0.0352305580062897
0.0583331636397978
0.216409726021887
0.199076576728396
0.169701521113552
0.245970467173181
0.215902405704263
0.0577981032079878
0.155215599556414
0.121694924186944
0.0796412938827337
0.132830100014004
0.223572443797819
0.277603648167869
0.0953318814620023
-0.0109133218517452
0.175628640999083
0.0812323576014316
0.114300174528712
0.0993831955085861
0.145337891868028
0.173669478233614
0.173082411402576
0.292269756253467
0.109803186423527
0.185588436418568
0.316113778517404
0.315462402139001
0.1951771651824
0.0691140562175758
0.131308408436764
0.474175007390206
0.267703485082297
0.153751565132106
0.126333648746122
0.194415158165395
0.108274240005869
0.200161329076572
0.287768441557388
0.14262664643618
0.277118692321924
0.226363987934069
0.295204907950332
0.0585543976732912
0.160025780582013
0.122461278573302
0.179550360239615
0.179672222062877
0.0910553493865027
0.384008829053586
0.312698978281157
0.240859039600684
0.312874418079867
0.222522300075433
0.315339514055577
0.341245215922432
0.238450579240985
0.272447070536623
0.21620779487334
0.233482263428498
0.371862594565717
0.213573762881622
0.311191708595261
0.322132485774684
0.0907485406256828
0.278899206264591
0.245843430646992
0.332750005523505
0.173332014930889
0.212774176657736
0.128214164534943
0.353811053492428
0.141156183786684
0.343477444943789
0.280881461537446
0.373660080339301
0.291485486195781
0.434933788239484
0.412437669262529
0.315855575115587
0.308897392244352
0.191182553701879
0.297598007252083
0.383346714130873
0.17051760731259
0.255613277843054
0.292297426218304
0.3274759088197
0.316473329452665
0.298697107312531
0.155309988256549
0.380886538783222
0.438419281451525
0.26141643720255
0.410343976201985
0.197736966269081
0.216842594015298
0.185082916403813
0.378254850441334
0.574283656434301
0.285243478187051
0.227834434706522
0.338362505252825
0.397159180246061
0.357876952517997
0.458132655939475
0.394689425817403
0.431972030053974
0.240085557947821
0.272858195929298
0.433016814073676
0.32890938494272
0.276174566505157
0.498918554121104
0.459954155003995
0.345239036294327
0.305951734185534
0.271757676870615
0.298740148928188
0.407733486073144
0.377121676861502
0.341140051930845
0.304930744763032
0.308021686564796
0.277055033677613
0.373595176247438
0.368484121722042
0.246701817092778
0.352986033750549
0.327291700251046
0.242325035078189
0.507616562544415
0.423883201763533
0.431211919220039
0.467034876433737
0.586020834684747
0.377382298845477
0.234002698025661
0.506543075562028
0.445219091152155
0.353955209493647
0.495692076080047
0.418835736546875
0.579576035438281
0.336340017832779
0.39625183551659
0.462285364835238
0.411333975193119
0.410901009032837
0.470625273703242
0.460346705741705
0.387110590687697
0.387565559097931
0.423215539848389
0.666072186711555
0.451786652067551
0.555881640514655
0.506358947335286
0.390890013072688
0.601803782634732
0.602742346374335
0.4509582636578
0.529880895752478
0.376576245861071
0.284246155165773
0.495639067472699
0.463168702941267
0.564561072069985
0.372285089171543
0.369440907483833
0.44358879840573
0.376930672765036
0.36912732986721
0.53349205489964
0.487974476991878
0.566404504503521
0.470034930945131
0.430968579612897
0.524189961032548
0.574457633817256
0.539196347652583
0.659120156638564
0.480296563041203
0.441000142057253
0.615562637745853
0.565201302762079
0.444691896098715
0.513457511473737
0.465214150481676
0.47454488602249
0.442308574313056
0.589510549579878
0.611344022024454
0.668665816037308
0.610943970662236
0.573418483045481
0.531187739457174
0.601577082501267
0.634931182655595
0.559318263935382
0.554080304940772
0.566856773893672
0.495423276141317
0.557546137207141
0.526321066604256
0.516502941214026
0.508073403094889
0.452944880849373
0.602672591052449
0.567079624868567
0.631675141073017
0.578070792759917
0.605896909855373
0.537102021663756
0.575148223903504
0.469357329793421
0.610163687429872
0.540551174984329
0.612860821084239
0.582322540533532
0.502328262064083
0.593847103143675
0.488418832746429
0.563986322031286
0.529789477535492
0.62672554424052
0.639317505101568
0.61813479690396
0.491226565256843
0.498028851355305
0.542306983285748
0.526481618057998
0.784298036807474
0.677799298412403
0.425310380218306
0.528371192608641
0.685246587186983
0.612564599575741
0.435754005382963
0.632217862172208
0.628357624437485
0.552904466494363
0.561229231432738
0.577955605236793
0.754107206315544
0.57311474620027
0.563070781706586
0.61437573580299
0.633884674526241
0.541455683557345
0.597927193829575
0.75418836209312
0.645807882737226
0.56089567881176
0.699711755288739
0.700308571430688
0.716056170091936
0.563470164995841
0.712870898187815
0.696374977916701
0.488472978396633
0.560750788232809
0.533559359736863
0.585299643672994
0.720311609284851
0.545053800184852
0.753360235516283
0.733706705705617
0.671257452013842
0.846316617835894
0.650842896530716
0.795879563458516
0.61461898103971
0.729240249411054
0.643529297396538
0.86706817965301
0.621999075349493
0.471546208443962
0.744171875925477
0.82615785264955
0.640129821632953
0.736794883927602
0.583316202345928
0.535186899898799
0.800491901888342
0.676706833635989
0.616830603697334
0.705397175283554
0.932473361303529
0.629256510784249
0.788275956766222
0.761417788744907
0.771817434910461
0.880206046133047
0.627100750129183
0.804821122271167
0.78954405604195
0.669534594217364
0.663252388679799
0.726259736792072
0.623910565794179
0.621307968222399
0.727082101194504
0.579740836050177
0.675051341447968
0.819074726515262
0.765369549753625
0.941976700649577
0.793172662381718
0.751176276506124
0.691201485569819
0.901956226403257
0.895179350035786
0.686471814713755
0.825741355936369
0.740135373968254
0.792030128921389
0.759726635773707
0.725400908510511
0.77192275572166
0.886193259436824
0.6825647509357
0.659583025329483
0.912700697723808
0.829252821081401
0.768484444220819
0.855486870616421
0.78754353188155
0.711464373093429
0.892031107980233
0.833571216177231
0.894791511676129
0.799636807543838
0.69513556306072
0.672251220058499
0.782996126296204
0.832664700782318
0.900560735858362
0.974567488629235
0.909365750072783
0.80477365887509
0.778854572492909
0.850101535358088
0.854162851690775
0.788176762401128
0.695535564164116
0.922910232236951
0.94272778787914
0.985827599017614
0.879488073144495
0.932174339767861
0.858005097583054
0.994939590530089
0.773477981681309
0.957704090990985
0.954759501078604
0.878634244344265
0.852153003487712
0.864311437705899
0.805626232241288
0.831387713227308
1.00866878561055
0.858949228800846
0.92818461520316
0.800331820943766
0.828712786427043
0.985895878867056
0.916619347735915
0.854061839830026
0.914166759470316
1.0366613753176
0.86850410084349
0.961922736466879
0.946263024729083
0.854023059631225
0.87790168177007
0.981617755230312
0.90302145771838
0.84916861679545
0.945373986374431
0.895491228770362
0.905800628570553
0.883953431611473
0.967106610071796
0.813311876790998
0.994486438635523
0.886388475467578
0.824523332064419
0.993076024022529
0.905347236617782
0.884436347145202
1.0783362461679
0.920863522802587
0.989399590465569
0.904831137617734
0.899679986817064
0.847152857695454
1.12025042880306
0.989244734459716
0.744843952759704
1.10391416357588
0.99649462794401
0.988735374051806
0.98398827789573
0.921330743924615
0.90951445046258
0.937724359898667
0.857695236714581
0.864568704655433
0.872643476162189
0.996863685746925
1.03002855004799
0.893542469175784
0.790435926970877
0.924972646256621
0.985470059297344
0.899191390080856
0.971093951268388
0.939597998652555
0.978946187280114
0.956706180255332
0.828091804655623
0.959662032162619
1.00004189669823
1.07256700913995
1.05700614676893
1.02174375649897
0.977810385677824
1.05612525916884
1.12649496885094
0.94745872157755
1.01946270026726
1.16600901534023
