-1.08386982262543
-0.948339953723487
-0.891050136083923
-0.990625709221953
-0.939294902837211
-1.08673562574051
-0.971588696518495
-0.97856250033987
-1.13158850112019
-0.859945033954452
-0.924610594380095
-1.05435003082893
-1.09402106739171
-0.963788089504397
-1.00304249475807
-1.05690749512198
-1.02451379898867
-0.958455055386074
-0.871115438510785
-0.988397039947468
-0.845881124784675
-0.919397545466622
-0.885950436510034
-0.897943878981993
-0.896352980108542
-1.00372643643549
-0.918988601588237
-1.04801802692649
-0.951435687260918
-0.949465386996434
-0.804173687038323
-0.867319775066783
-1.1707717629602
-0.887113705286226
-1.03811282992646
-0.935874249863609
-0.998765672617449
-0.905079484978858
-1.09791016313553
-0.913729938699787
-0.77532041612133
-0.941704651000297
-0.942649962787256
-1.00050247012496
-0.876826572791358
-0.921985874683265
-0.861479412107226
-0.932913695574061
-0.905059068955578
-0.945220575205321
-0.972721544304153
-0.868663194504175
-0.828763215941221
-0.819916899662832
-0.788050708055554
-0.807059287360779
-1.02877756108259
-0.764222305806126
-0.793611073264472
-0.738354372097914
-0.986224411337266
-0.805511671543793
-0.913432525147325
-0.762724801061547
-0.874626529303953
-1.02097293639346
-0.775873310398302
-0.815428093911869
-0.788174139227307
-0.706323857057796
-0.699208737973601
-0.733369696746719
-0.856474334425791
-0.990168264652705
-0.778072322578581
-0.918821782289012
-0.835312046278847
-0.916610724541761
-0.785750730988907
-0.880854942269177
-0.790995826264974
-0.832898856625531
-0.952510396454718
-0.804542929773937
-0.793404472424983
-0.76556242166109
-1.05363919670177
-0.886341724155972
-0.870783448790666
-0.758810314623615
-0.641703349275985
-0.675332643188628
-0.777209834463305
-0.943557115957803
-0.753729099304973
-0.782358417128648
-0.881363310113801
-0.885506473531466
-0.801664961030929
-0.807049083772957
-0.8287432097283
-0.828536746471176
-0.836957705802004
-0.836410404811527
-0.768596234747644
-0.687421083612349
-0.891222969552936
-0.732601018977394
-0.752334571341394
-0.828318451911708
-0.621306425259492
-0.953885006402219
-0.706599743229684
-0.828343485433089
-0.775241704219536
-0.802172200082814
-0.878285864910835
-0.695149617693169
-0.751023614832214
-0.707340933842513
-0.755056129245508
-0.766158603626818
-0.79000936955395
-0.63578562727312
-0.734796750643909
-0.771657022877432
-0.549485850726997
-0.676746598269962
-0.814238961710499
-0.734413282530034
-0.512864042299113
-0.665519411715877
-0.7815994995555
-0.794661612698979
-0.649026772066297
-0.72299796846265
-0.668188398854893
-0.595091819460158
-0.704493123610697
-0.857864885428359
-0.735198022189187
-0.693504878207088
-0.602099478775956
-0.66342368499207
-0.653558550967953
-0.66390168336072
-0.603836608408098
-0.685998382054687
-0.815162365241026
-0.695077390468288
-0.772201764740052
-0.73109665121776
-0.672858073936432
-0.76302018588779
-0.537204562542936
-0.618003166474959
-0.780780835979597
-0.716591798898957
-0.65912022965321
-0.730540259174755
-0.775742175183519
-0.541839182132985
-0.694824616217955
-0.600650009284907
-0.836181556640018
-0.670668344678926
-0.672062316267362
-0.577349496638174
-0.646780337051952
-0.732853654003844
-0.731916131822514
-0.538781288415855
-0.673581491357663
-0.626958503797238
-0.464855741029406
-0.746458769824434
-0.603995201609398
-0.733720273148623
-0.544841807188495
-0.514426690333097
-0.577961225035176
-0.742238926567303
-0.50822617623802
-0.570207405526002
-0.598296595775346
-0.521747282333221
-0.717571778170005
-0.68550748188534
-0.671316003999738
-0.728112228478762
-0.657464857823617
-0.742233731689745
-0.568521684865373
-0.626547974816633
-0.437702167333021
-0.554764706551022
-0.595605336013038
-0.582135583642695
-0.565331126631086
-0.634071834331663
-0.592866580418368
-0.601423132507245
-0.631903723220208
-0.50639781084745
-0.444887080428736
-0.530628879516695
-0.708630398530544
-0.460364972515744
-0.549002649492704
-0.495766421716995
-0.57024131720334
-0.690059194854753
-0.567121106814643
-0.534764789098255
-0.609810646316195
-0.413858047113997
-0.44915987924413
-0.542490899835902
-0.670945636729284
-0.657129802367599
-0.62898671375606
-0.592580560789849
-0.612698451995417
-0.627042339906389
-0.580948768036198
-0.529774903228975
-0.65817535705022
-0.6298517275618
-0.581088300781854
-0.568316906689222
-0.66324378671418
-0.581094565443032
-0.526554652507236
-0.376556573431073
-0.577111598927095
-0.562130954569463
-0.282587478974692
-0.570498904359171
-0.4734772572239
-0.584052171994001
-0.584417685672277
-0.80245518429745
-0.507215528878813
-0.500565458003459
-0.518648309872769
-0.589110274214899
-0.505123325081932
-0.495994398419943
-0.520832590088462
-0.498747004398517
-0.425139723074726
-0.361018727747798
-0.570063651100429
-0.510829394821832
-0.391605158409751
-0.441344170407813
-0.48393701572618
-0.360380385095735
-0.446716765966653
-0.563775364292967
-0.47069739272405
-0.607480017017097
-0.487128638818318
-0.444282670853237
-0.458605322208741
-0.411546857547253
-0.565786567544224
-0.593295436234874
-0.334738590025099
-0.39797951037084
-0.381001429407396
-0.353747162192432
-0.397563093778428
-0.419853924754405
-0.361589539995515
-0.50480635788203
-0.438932301470379
-0.635530847069843
-0.529278519340674
-0.535824568298839
-0.482488052548758
-0.468997380617309
-0.413521610244091
-0.428756053575844
-0.468754307929058
-0.259630790202094
-0.358777015823207
-0.449187338315235
-0.428142323212062
-0.31945544572607
-0.423583628279925
-0.477860737589938
-0.313872598684838
-0.463988312560481
-0.381035991846061
-0.329630364533006
-0.430642156222384
-0.333513432856944
-0.419314594424723
-0.305273510570274
-0.377532390697716
-0.428797931779497
-0.350752389670784
-0.227600023475693
-0.1987106826487
-0.430783775453577
-0.38274315520118
-0.384956852220019
-0.439153398588036
-0.453125591672373
-0.299773150830991
-0.426273745972032
-0.151681274114281
-0.345480121559921
-0.277009068996095
-0.559982465407976
-0.36636848441492
-0.333855474354194
-0.423003220496367
-0.248175212594764
-0.376206621529429
-0.342699560206193
-0.331188421746123
-0.330288413044183
-0.351526945639422
-0.438204775593701
-0.380298269534687
-0.408040379054216
-0.323709241364648
-0.319642879026093
-0.372878425089487
-0.447702842133133
-0.357472084673526
-0.387597454402669
-0.356870553923538
-0.317030505895025
-0.41255836082801
-0.27719605736555
-0.258092164844218
-0.266422385862557
-0.340223002442679
-0.350177425342819
-0.433130276390799
-0.366477463791351
-0.406122731154945
-0.265002656097417
-0.364665068237898
-0.186816671083178
-0.21655061347467
-0.250174462959998
-0.368625189040514
-0.234149193526321
-0.202369730635097
-0.343830892058325
-0.315677181144815
-0.172919038673001
-0.227106275396359
-0.202910276558267
-0.398259947978367
-0.17306163093585
-0.211010697188816
-0.321830451184602
-0.210067510136127
-0.134714094597738
-0.316234553853938
-0.261234861777591
-0.208987707602281
-0.196152808786843
-0.392541063506282
-0.306688412324668
-0.250763868071454
-0.417990916647999
-0.289919946584595
-0.251894105829845
-0.429772391266593
-0.155211025330898
-0.256494219696538
-0.146036567713645
-0.210232705378354
-0.330332631706738
-0.286538556730388
-0.24862282593498
-0.335482751231017
-0.300956379345139
-0.230540856624753
-0.257938744550131
-0.334163028879957
-0.215274540101061
-0.287134105598505
-0.116803397961241
-0.250423539043562
-0.223471070315283
-0.203709605163354
-0.0617705149405639
-0.115444310851745
-0.092136092665544
-0.0860035728404356
-0.307927902349222
-0.190557903557268
-0.298175755843356
-0.340868380843599
-0.125913608937416
-0.290615808793886
-0.112914758099627
-0.179939519129832
-0.193952530319264
-0.177971662548831
-0.121486018298412
-0.117184496873557
-0.279551039001038
-0.202794815857444
-0.103351193660928
-0.0458809368543465
-0.143063415680255
-0.214161035923649
-0.101631081460805
-0.192554835408529
-0.276213659799073
-0.188630580806298
-0.161304862483042
-0.142196413331746
-0.2245326946348
-0.106811798284314
-0.133999538483467
-0.27453231603172
-0.0632178621246471
-0.137253426846897
-0.225050132956259
-0.184584856000414
-0.164399704287215
-0.14395738663222
-0.202526351250463
-0.103696684484009
-0.196077924554627
-0.197581395572455
-0.0733572409376892
0.00879700416198187
-0.112347194241557
-0.0423294119714447
-0.272961124423968
-0.161706531310445
-0.220080455080679
-0.123069402194263
-0.0924720236777626
-0.203383922904277
-0.039439046763201
-0.00615103157639023
-0.187914423891042
-0.246469541956183
-0.30196817833903
-0.095958816429645
-0.0961040227519644
-0.212605587162044
0.021047066717515
-0.0595769507405529
-0.0945972234634972
-0.0763070696968852
-0.0124016896644933
-0.13835166867137
-0.158725468844452
-0.0993951492757202
0.0129245990610599
-0.0276735962459177
-0.0769049652615448
-0.0816759898768782
-0.012040469557428
-0.041428154027292
0.0861408635847865
-0.222274897906147
-0.193540348479908
-0.0888127521382415
0.0238621731902074
-0.111341600374269
-0.0756379281342488
-0.0952001569203423
-0.0787525146738377
-0.0973128390984244
0.00273850734705216
0.0832800084113231
-0.191740521653946
0.0721790725325649
-0.169910168920492
-0.0862049364371616
-0.213562491472216
-0.0468600530802522
0.0808031487071781
-0.0822374584449863
-0.101491608265898
0.0165245144648282
-0.0282939144090551
-0.0187040956376464
-0.023609684920591
-0.126430792934684
-0.0258716190867103
0.109815394882612
0.156128382071303
-0.119853308802254
0.0149261673692603
-0.00708826687475196
0.138497788376287
0.0537754399796143
-0.027768037032898
-0.119731817745626
0.0614147069014134
-0.0257442240404592
0.0806316397612005
-0.0377805989508769
-0.0380357633588212
-0.0539831729673506
-0.0463784801313888
-0.154613968179134
-0.136575478738863
-0.0156078257328248
0.00423098534251365
0.0725201689060278
-0.0581052806543538
0.0263481163122355
0.144641621207084
0.134544079631979
-0.0313801785360035
0.0520379560349897
0.0659208709961591
0.0393108739637237
0.0953144797546975
0.142741818009444
-0.00785818827916118
0.029710627253903
0.0735660754349522
0.115389260818958
0.0522811045001173
0.0568628479779796
0.152215824395063
0.221853611969947
0.131129453470818
0.128474995298641
-0.0020016698574134
0.184303071179501
-0.0279951185829184
0.0624902462925468
0.157411341977636
0.0467685615033287
-0.0851822000646484
-0.130569096414982
0.0740813251740564
0.0652547904298385
0.246663412765237
-0.018744557311176
0.0383852970505465
0.123660789330186
0.142668839080254
0.136182227736657
0.0704417969813668
0.127282119389032
0.232660364334828
-0.01510640702046
0.0168358859557666
0.267329313382659
-0.0514228717848741
0.142767688635204
0.227468536826093
0.0928020907422497
0.0944930482610215
0.205197685100759
0.252230686934257
0.154506489228857
0.0846528320126943
0.129122454110528
0.0961989019416876
0.242355421784371
0.178300720731222
0.0706581379868368
0.280104657039553
0.0420042157597712
0.0688304301372163
0.217188491827986
0.115785505443637
0.166116518868672
0.0995769559172473
0.0656449989645767
0.133977780627605
0.125112507368137
0.0396086404988379
0.273862073408387
0.167639006504238
0.226169659874479
0.0316385142236931
0.0362340865086141
0.230463432781582
-0.00810154349638329
0.316905079223466
0.159919390242019
0.18923676838719
0.207479558921956
0.260484080209222
0.254629607877888
0.162818772320146
0.172945088708314
0.172765947959598
0.243294176487734
0.312183474887582
0.278816528600438
0.148100702748608
0.173619835379986
0.136732465551332
0.25658939404235
0.335413162920017
0.223517163656301
0.187786916283376
0.14259605783423
0.263508070300108
0.309097543711074
0.225597519193702
0.218922517489527
0.146092594514092
0.254568853573008
0.24201074967307
0.152384825299291
0.128468260741925
0.250164021674542
0.237132792735529
0.190267840534901
0.249986200503842
0.220384506066938
0.211131642530537
0.24782210405394
0.194982197930905
0.180992640485635
0.294286538480228
0.343162509570512
0.305203496630191
0.351898553532797
0.249940393147229
0.342874526399953
0.238486189666748
0.0383701546469147
0.166513935460355
0.391210976261881
0.0656751722325649
0.270204942810316
0.226680995090373
0.258449172047648
0.422576104488198
0.367923840777493
0.394681798715601
0.313289298263598
0.266205140007195
0.279416701568274
0.274400959063287
0.287396107675247
0.354867023421809
0.497981851508839
0.415240901678256
0.282668884259456
0.177902756591075
0.231342154802994
0.192040839106126
0.425216691733257
0.305355665344355
0.257964978843116
0.280852642780269
0.377549968343478
0.306591912594269
0.382810145414062
0.371866108170671
0.277270616311702
0.287513163940287
0.34099256835846
0.315068984932885
0.31794942299314
0.202234114512034
0.227310935389924
0.367993402808759
0.319446416407922
0.226220579919509
0.533636221553977
0.326475944788916
0.269373177186454
0.405621565668625
0.319393524671233
0.347285811115931
0.434654471131845
0.386177153776529
0.409350858553745
0.122483766859632
0.321228057462851
0.485122027253228
0.247234012962973
0.40892499277745
0.484037288761648
0.382529074084216
0.42263581317761
0.273390852981427
0.366538943703336
0.282545680429551
0.414911045198456
0.535365076296843
0.236233981118849
0.271266009457105
0.383772243817197
0.386363354563447
0.403022499155971
0.374431078973473
0.341466830902523
0.419814913966818
0.279575788135142
0.467699383569732
0.397708627111352
0.397157240954481
0.288104312001928
0.418058140892705
0.355803727314844
0.378437519161846
0.438432286647976
0.43551788887945
0.473326746693551
0.432129247139096
0.374639964251148
0.46819683826168
0.653287511050084
0.546189960696705
0.395768474135045
0.414135808445816
0.454085813964409
0.482691660979074
0.471413094676993
0.417768036115377
0.370031892772065
0.348796040705318
0.583958859166207
0.488646506027858
0.599759262714124
0.29269483765028
0.559425459083352
0.459559037067089
0.361965686216688
0.534774862639878
0.453320254117591
0.425334746817794
0.429861082495014
0.459345685295861
0.567643476882283
0.492699273440141
0.482259431955823
0.553609467743087
0.397926864446037
0.436122526859029
0.430918911826581
0.571851620981667
0.397115014018724
0.399522950060926
0.443785662029531
0.432196632087145
0.432042244193638
0.499816564978947
0.354266144438794
0.536647332420001
0.606624183888093
0.584835386881741
0.595680709030053
0.494973413005884
0.57859170893796
0.472786496934196
0.48982462477211
0.526632479897061
0.699135074361041
0.528657046186957
0.533653602632761
0.465298173238276
0.555924112661452
0.581721173188795
0.517228422453798
0.529679283488972
0.608489216038149
0.586861993167234
0.729748818999547
0.620599001587238
0.448834728645172
0.416972408599821
0.700834758892746
0.457462203130098
0.46364657047445
0.609566024191468
0.514649130628818
0.620456917955866
0.5686170791937
0.620137662929421
0.608693193385027
0.601698122770685
0.704694862371299
0.618571002801792
0.540270977225917
0.615278365610346
0.57483229316921
0.490812580773579
0.656874123635337
0.646903941148529
0.624084791751176
0.701151623024165
0.610381414526033
0.476102367936565
0.534126999454965
0.608164739648073
0.542426625288602
0.534727823829472
0.530090967686359
0.630699084095148
0.645184526898568
0.678912198972358
0.59144740749269
0.561226765529932
0.795256064395136
0.61405852263114
0.695543360247748
0.673703857139374
0.713095837714919
0.646867977285803
0.683807100549775
0.52162103131906
0.731314600531091
0.598331886009721
0.48369343174584
0.652625572548418
0.417378070931184
0.490548032293354
0.828082165091912
0.564235585244726
0.774658180273567
0.712637581303813
0.58340905486257
0.55332248460836
0.608699235487351
0.685990545779974
0.759325296920743
0.549814030850916
0.702364382913388
0.464379200477486
0.700206132198361
0.713279218333499
0.680664974108115
0.687858985010167
0.80193325530074
0.650217573475082
0.781857931425246
0.694607146900973
0.592885200260228
0.615511730783383
0.720751072369717
0.737490598659236
0.670781187242425
0.759869511971224
0.575424874017218
0.589334036738139
0.654975650528399
0.64838564972393
0.556566968828391
0.705982733192088
0.654135941587472
0.744450398742307
0.666590979810058
0.697506340867511
0.707985522753758
0.790830622019694
0.681858191921531
0.576312252489541
0.680286087055974
0.751280183807592
0.628165872174744
0.607055077755791
0.684755393269137
0.782759936933023
0.853247919773501
0.705791479285966
0.662694701865077
0.741438107422527
0.677939390982
0.640106454744017
0.746109038099027
0.776897550221395
0.751899563374096
0.763641041940127
0.950807106594567
0.71270277963512
0.911504636867849
0.828080432576273
0.466577188052273
0.691123523387424
0.845953536388629
0.785205678772356
0.796838445336387
0.8327515436351
0.605558935762009
0.700198393380151
0.803801046440186
0.678759865343404
0.804755113777166
0.887157773339987
0.833161901067563
0.772365353259746
0.725888800655524
0.943797699930803
0.969662382808465
0.657287742184376
0.965012796196195
0.915054482570587
0.75443164161031
0.74817827086236
0.805139720448272
0.984070622043108
0.795892347767654
0.859701325192329
0.882431480438812
0.919576571393552
0.894468371558039
0.906484277723835
0.760813137058164
0.77101034057449
0.925621568854207
0.909830129800853
0.859295255987988
0.893907155251412
0.806719321374537
0.706214129369778
0.847364164508917
0.774516125808347
0.942766326274184
0.771790251127278
0.73775422337045
0.804997952567924
0.869938128026523
0.934110713865642
0.834970793576631
0.739392550377702
0.955333465306536
0.866890702512644
0.950483659767522
0.9412835700987
0.885482645259492
0.792891390790413
0.916562891068695
0.754044648611557
0.673556227023784
1.00323299593349
0.961218652879088
0.850080199756109
0.777827106191854
1.03528929873481
0.882758786500247
0.904467417306098
0.929818668344836
0.852451546478012
0.887228758205812
0.967885659975046
0.942531438833321
0.945408210009533
0.775283344401845
0.904369337233616
0.861024619333187
0.867695465310879
1.08238309153729
0.878726342623303
0.890572557879067
0.856239812141391
1.03950243300333
0.909134202427282
0.880772847273885
1.02673199839134
0.979485552978971
0.974345627350373
0.849808195820138
0.936591587166512
0.769212885636079
0.96020450434342
0.858433930418874
0.961431826141521
0.938529044516059
0.839380217491733
1.06686928604135
1.08511429298345
0.90591747331893
0.85341276591134
0.776574781031191
1.10050065573162
1.05256899746929
0.999006609649721
1.05889144329344
1.03201594589007
0.85701422433274
0.991164371787769
0.889770850951186
0.993892658835375
0.868546260140527
0.982442257952719
0.932438189460425
0.956091412837435
0.908577633438243
1.07511524886123
0.977939634691702
1.00528349972619
1.04777949082689
0.971922747531559
