-0.984787900259064
-0.958839409490686
-0.917728736956496
-1.20431831824544
-1.0672099598374
-0.937131578959911
-0.765460353840939
-0.907530219618318
-0.996473769292884
-1.01187497217415
-0.910756429481545
-1.05135489231736
-1.04210926612751
-0.997774856643564
-0.875874829548867
-1.18735276931386
-0.962846079339016
-0.967367085198918
-0.988131429516961
-0.858369105897302
-0.902197946646998
-0.883528841505898
-1.09183510657849
-0.907085106790612
-0.992966396433664
-0.956150503566711
-0.888684395050579
-0.931980828307727
-0.99155665815355
-0.904672946846494
-0.913514868677425
-0.907963442551889
-1.09874750210007
-0.763447561664039
-0.948395586918642
-1.07664806739384
-0.931249676041409
-1.03610774793224
-0.883896090257926
-0.977781306682265
-0.817989710386142
-0.956363903845246
-0.906771647149875
-0.867682057606245
-0.776878270912155
-0.852687337774548
-1.00202571022928
-0.920700083707381
-0.729781177909358
-0.93406053276768
-0.855596806947195
-0.894783240946719
-0.783104109728548
-0.976971863770731
-0.782138330972227
-0.953559810487365
-0.995979479564457
-0.917037897411167
-0.811495723453101
-0.970766784812129
-0.891820124069994
-0.953848839934374
-0.968926160214594
-0.934077123337063
-0.919750935494082
-0.664227465906486
-0.850312279358161
-0.898984281901328
-0.910090473092584
-0.878878961743455
-0.921001524024792
-0.797668481230745
-0.997745710188521
-0.847806378637791
-0.901192403335232
-0.861488310096854
-0.798542310208282
-0.844964810897716
-0.883290891825187
-0.826721279103871
-0.834303043087004
-0.778541991001698
-1.03353049338685
-0.782216235888619
-0.726308100527441
-0.896112522178521
-0.767667674722314
-0.730713334296497
-0.833803719170279
-0.914270495519506
-0.873454169762196
-0.720234609163208
-0.896917571217733
-0.722605686936526
-0.811102733790615
-0.746935116194132
-0.785378161492686
-0.762100198141819
-0.797703899091817
-0.756311822805171
-0.811457983593931
-0.766213920314254
-0.937974584926611
-0.844460706861021
-0.741694950451635
-0.825641666687559
-0.804425213525093
-0.784362751189056
-0.8674020728419
-0.667650974842356
-0.771500000958712
-0.700620834611669
-0.722205958775182
-0.712453186436871
-0.911462783268861
-0.757753067317761
-0.892403520289105
-0.676716521588927
-0.735079338692822
-0.619094044851946
-0.774809571208913
-0.757750216417156
-0.677882933747422
-0.689749465956343
-0.618303672443013
-0.647857647168099
-0.799620116793561
-0.69596459466371
-0.818710012904065
-0.699388704553078
-0.687923449360954
-0.834365992477865
-0.705757007605843
-0.650516649795293
-0.531540199497031
-0.651685053811896
-0.617880084154621
-0.642825686795421
-0.666177642149903
-0.640067258087181
-0.699350132732127
-0.754782711253637
-0.824175524567394
-0.713052611557612
-0.795841225419153
-0.706321703054128
-0.62803995910426
-0.74638341359393
-0.518484045573026
-0.736624437561604
-0.684031246875552
-0.866877677501197
-0.688803744168969
-0.671064663511042
-0.77210556138015
-0.684091264342876
-0.718545583138508
-0.789502765661271
-0.607690299595608
-0.696944180817221
-0.674339087648489
-0.731461289500311
-0.72783620928515
-0.608482240739669
-0.564289035273501
-0.740942418029577
-0.501212876081061
-0.882100577863171
-0.751071251424952
-0.624713704889513
-0.696396948453788
-0.735916292976894
-0.683985046557538
-0.86058132641107
-0.648454582604878
-0.512516557295138
-0.73018499642162
-0.691300825615642
-0.715301382713251
-0.642596977370904
-0.526618072761167
-0.552485247702358
-0.701198351196224
-0.656344864892724
-0.618359237937303
-0.686061344273375
-0.55618557674761
-0.747834051495715
-0.614226526635742
-0.709553652648823
-0.588431703261515
-0.670122905115125
-0.61397701332848
-0.606706314237983
-0.612549922224422
-0.651063598187521
-0.605014061878908
-0.722474140963116
-0.787950742979007
-0.685928028665369
-0.568609090375298
-0.690274416717025
-0.561566361592414
-0.457113662996507
-0.518513383487561
-0.583220746239061
-0.63326723732263
-0.756872990080251
-0.55605112605555
-0.669911504977149
-0.519963104824789
-0.514900572150275
-0.455220282528766
-0.761120729377415
-0.670836758297711
-0.598109579532238
-0.359051986125974
-0.563083602912637
-0.562246282521762
-0.663511587806522
-0.622518249673804
-0.521721237874013
-0.520778676165803
-0.51039699380778
-0.582830609940808
-0.405533023627039
-0.661057704623879
-0.587747344301604
-0.554061384599638
-0.593971771715219
-0.63054982720979
-0.641931204876894
-0.422344578354438
-0.587407195051124
-0.50994272536217
-0.54745881100634
-0.44071148558554
-0.75448226643523
-0.487271792676639
-0.57590463876586
-0.54249871999058
-0.542149599307699
-0.444680249805336
-0.393587758382543
-0.582371197450751
-0.389978382406982
-0.559723059502108
-0.456410416660093
-0.605152565305803
-0.44427796269479
-0.406073851843919
-0.452610293280199
-0.438623594735769
-0.353027375062254
-0.550901341336941
-0.639420106649649
-0.409498200224432
-0.333689469454927
-0.51130835715963
-0.553165959783575
-0.490846797445382
-0.395532004139247
-0.614839088187863
-0.48616569355869
-0.531490663244643
-0.49957765339976
-0.238893703598496
-0.55682625563315
-0.382086406311631
-0.50954805429938
-0.398485870306828
-0.380053058566208
-0.270873827368891
-0.288006270791473
-0.635541173314458
-0.323729461291047
-0.485690528115414
-0.518171253671424
-0.323567595160793
-0.455388033945393
-0.522506898369353
-0.43484060047984
-0.513273000917943
-0.378860761601819
-0.452792293578017
-0.449985429589053
-0.154379474066693
-0.531708557771005
-0.410134950933254
-0.347465391675249
-0.431116687562895
-0.450864910652644
-0.49706456769721
-0.26152313494106
-0.372404052833601
-0.348956893127404
-0.464459151307091
-0.326993612995164
-0.316418475153005
-0.345001447356108
-0.439748828617551
-0.420792347615711
-0.328681817784096
-0.382940205827245
-0.324581042169224
-0.275236209523929
-0.483852994404362
-0.410409759024257
-0.384243777432436
-0.342762285592145
-0.413260025858506
-0.508625303256446
-0.423887425652723
-0.400601919417184
-0.407289304249694
-0.55573859678441
-0.447472514533473
-0.340423627490196
-0.347843983124617
-0.393672718818935
-0.344954522372715
-0.355943323025177
-0.468626512089792
-0.303305956288029
-0.190961672099355
-0.430520501002982
-0.4021550892857
-0.247552287929106
-0.244893589342001
-0.353697942368057
-0.517862671414951
-0.411775062160727
-0.20871810839342
-0.373401834650991
-0.363529757134157
-0.281611575854437
-0.3547569439207
-0.356315974355929
-0.382705146533749
-0.332118261175206
-0.265683501749755
-0.514631102225697
-0.15768484897142
-0.298212713119302
-0.120521440768869
-0.277037990704432
-0.251481579252866
-0.303751953906787
-0.268633183871799
-0.232723295673324
-0.332038531965733
-0.273042506911033
-0.301172902886948
-0.281296703434728
-0.436184164364934
-0.26195241773623
-0.359131482588591
-0.256468473478691
-0.430846519679898
-0.391603399043728
-0.271071165154528
-0.359230301473084
-0.349040437147959
-0.126835425493849
-0.320395777850354
-0.252184251918002
-0.202075673616363
-0.33119084600128
-0.424052132441333
-0.313971190399097
-0.149535319255909
-0.365734430774974
-0.223364756367294
-0.286604880017693
-0.271971758092404
-0.278328171960284
-0.108963229669912
-0.344169999047507
-0.292919355848064
-0.236872989864672
-0.224935309937409
-0.137758142041524
-0.345217474247199
-0.309361492839049
-0.249212113858868
-0.237523616454903
-0.327698678987949
-0.204416450208406
-0.284773752133975
-0.295711497453303
-0.375902878948807
-0.274931349455106
-0.199864115747414
-0.182352403093525
-0.239282582712703
-0.226292033331742
-0.319203845796008
-0.220599350823084
-0.0580667612957429
-0.11696346798219
-0.23467395090924
-0.243245148567605
-0.188136243064982
-0.262321921290962
-0.306132326658876
-0.165962615631113
-0.257144390545734
-0.179550483464284
-0.182971034891465
-0.208536614167217
-0.222498612788141
-0.164510472794431
-0.220662689396481
-0.232524941201278
-0.00421125329383552
-0.215460687158782
-0.239339202813549
0.00439578103624679
-0.273075725396929
-0.154187822396983
-0.0941639501874
-0.177446106394827
-0.169958356454442
-0.0472083742596514
0.0698635206988287
-0.0704803492204293
-0.0844397447401299
-0.0399751171038713
-0.273111877016417
-0.0695821403593267
-0.301133405664615
-0.135098238920318
-0.183280735794687
-0.0194925186203607
-0.0926459516640933
-0.156098197724806
-0.196317666119439
-0.0848096539623625
-0.126086932124683
-0.0773321807020962
-0.228391150305886
-0.0603035624984744
-0.0390058961227744
-0.203269415327828
-0.303788630736393
0.0278494884790506
-0.16805925495403
0.0212546162477624
-0.10268052500282
-0.102294291675283
-0.124039349693561
-0.0880862276890578
-0.144004881100236
-0.140482198694692
-0.0936560007689104
-0.0958811996329417
-0.00817771954064337
-0.0271307328484999
-0.0703820207736097
-0.104926857074213
0.0309894293208777
0.0323742630900743
-0.132216773804324
-0.0348441163631448
-0.0188373039086836
-0.104049211692108
-0.00355860985208711
-0.0413379120247905
-0.0191649476059908
-0.0061142162666158
0.0364800807542174
-0.101786100707761
-0.107665171420399
0.0468132401413866
-0.0682001121604703
-0.165421160341089
-0.0405958651622776
-0.150070292734806
-0.043126787464644
0.129558254910959
-0.049824599281527
-0.0420026886205209
-0.0241384238380105
-0.00759844066697933
-0.0945817133237561
-0.0619221463009599
0.224724643337513
0.140460201802525
-0.0264260241089011
-0.139486735459114
0.0571951474239327
0.0115614990665976
-0.0533179518126157
0.151246524138442
-0.0235076814913896
-0.0163888142302986
-0.0369472360474165
-0.0379632729011953
-0.185870104539074
-0.0193504532848823
-0.0607551725202843
-0.0599975084102318
0.0636781737914778
0.0448445201111187
0.125577982430776
0.0881648503554128
-0.0590506927436508
-0.0495054140737056
-0.0118327180661785
0.027102927364381
0.0130587360568011
0.129265103268694
0.0723516784521909
-0.0360618564306869
0.0348738890817639
0.0678788545351517
0.0551261076322655
-0.0156413644858658
-0.0593769384725352
-0.0576696246485685
0.0383901225118601
0.0406116376394683
0.0432173598927309
0.0606067265672425
0.09607171489531
-0.0794789810323213
0.271208026641274
-0.123334250776127
-0.0346002505516723
-0.00533015942479677
0.0937682769894539
0.0563062253714813
-0.092488666183095
0.0701879936576769
0.129471215897509
0.0753184049344696
0.0908082464203394
0.0200198040833622
0.0449881624759335
0.145126446055847
-0.0196153741169082
0.171622759994361
0.268268980554642
0.0285268942884041
0.0466699423601554
0.0191191578768331
0.138877608730515
0.00123007234310952
0.104990046690879
0.0841391897465455
0.00561064109991109
0.0873024745133028
0.0145348678960791
0.102097061391643
0.0729449157254951
0.166594449662448
0.127007184910473
0.157654235700513
0.144766114684027
0.114988774395344
0.178377505925996
-0.00686766412191152
0.0859052557517739
0.107482909728382
0.162319505679192
0.239406222372095
0.237089886953027
0.195017205251677
0.0970193309061773
0.144742846571752
0.1345999505678
0.045268383913414
0.135136005466278
0.154518044839988
0.167609515740434
-0.0484244584602906
0.23081306275175
0.12180696642979
0.156567999039189
0.237648027770569
0.30102552828703
0.127099471882657
0.146936024841193
0.091131055386646
0.125485159615406
-0.0139909901194865
0.318608493322177
0.396477450375411
0.128265917211803
0.209903660641543
0.0835733817650788
0.0824600772545211
0.169469594241871
0.318012898028171
0.304083712446621
0.414001770894669
0.0784087958169534
0.246689058666512
0.247627195273503
0.127382782416028
0.139368755379524
0.234819426021901
0.230820954867185
0.174009457716284
0.108593721706084
0.225432193211545
0.325978750326775
0.295925592985251
0.247033769739058
0.240404251114264
0.222305292981852
0.215158501789121
0.129119265053206
0.321687286487108
0.279449085076058
0.297757838801151
0.374641775264797
0.298883997120927
0.114393392494488
0.232162762601476
0.196878972010592
0.271683422764767
0.309495032326373
0.436616184385026
0.176713245525071
0.313682776141437
0.17689350469216
0.156762247195687
0.210656979591932
0.191676453164906
0.305951777475376
0.268017718647253
0.305453032893163
0.4670094332179
0.364690145045053
0.329083504404021
0.244044672198195
0.36710483386765
0.295510744921371
0.3047510418995
0.1941495439694
0.336787191959423
0.299873015157812
0.303718304503238
0.302856321128017
0.143726322209454
0.248315859482741
0.348032934881472
0.485707261248955
0.309428628549507
0.376458612551374
0.221883348538592
0.328874023096246
0.225731199934781
0.288719210145578
0.320445287597576
0.311197009220101
0.254480737628379
0.36695708477491
0.431607401059117
0.330893831428731
0.30340455329276
0.461763258092891
0.374724658378259
0.370900497275245
0.385573687263417
0.327014677545413
0.253046122951707
0.178979828153535
0.379689145138022
0.477243283438192
0.327551277607091
0.398927040344187
0.493256586063333
0.34092940218678
0.331374442504326
0.356030636573961
0.2961671087127
0.28397816216108
0.472742808400491
0.357732894022681
0.572564611078774
0.43574553601537
0.305053553038568
0.248236102503263
0.340559546759571
0.469065984321575
0.325577274399042
0.422629926992641
0.340961071672416
0.302776235825541
0.531365339774395
0.506946429961192
0.486584021462908
0.322826820898138
0.407341365483894
0.389173544629428
0.570204010557612
0.374672537642751
0.416632941294251
0.38720441169243
0.465082693154796
0.499113258591464
0.410343030888516
0.341583788856108
0.459079068806975
0.291139898915783
0.348704182296787
0.435853375289494
0.451679734010521
0.370960566488788
0.506620749779745
0.438625031013634
0.396840553270174
0.27899236457053
0.368775111743887
0.358354502380689
0.369587847107581
0.45207268861459
0.446651021570499
0.466692452385153
0.338565643895439
0.300996034163417
0.372664880621319
0.48215060160555
0.58498521858114
0.458471228399487
0.5439702104858
0.48778347326428
0.506309939837371
0.462117399163321
0.390995923596671
0.544873448300764
0.437886714493006
0.516042087208664
0.491131699208128
0.495499842565784
0.59924586770106
0.588496721165256
0.507853529914066
0.469490260185197
0.399568606083123
0.389204173089951
0.508994864760003
0.521860748862555
0.544827872527793
0.513387697784144
0.550579080544822
0.543545931813719
0.466638476696887
0.590585990614468
0.473617042396074
0.383782882880072
0.448936259579178
0.544724112147762
0.640252624424921
0.505431835262643
0.451931441701121
0.559944576672077
0.631207557245888
0.490112441692933
0.41302673767796
0.400767619909811
0.530136923382696
0.598169839726259
0.572701277397901
0.479860050639554
0.476391604393752
0.4254872926295
0.424365530578084
0.352930785921407
0.527397770440473
0.483456050173397
0.708656322806608
0.627011172180247
0.607787177772017
0.636805872789485
0.523478768749968
0.573783665902978
0.484068008333284
0.505428055015391
0.551391291264639
0.378559348485103
0.758749269730252
0.630517194608832
0.584035664955432
0.622370144160318
0.805941085656193
0.584858741880125
0.600241448281492
0.754395625857169
0.748538931506944
0.694487702835292
0.484060396077244
0.607571285057803
0.5987818223823
0.560300709330986
0.679047475896623
0.649315272798188
0.549629138140078
0.717157782934929
0.565246255960558
0.791858596985307
0.576694729212011
0.595219981155776
0.703061927852117
0.633543690803823
0.700212695243612
0.436063610014051
0.678935735794587
0.611155742432089
0.746392110031755
0.610821145269072
0.547812332182501
0.553280045995908
0.609496682576293
0.736079191943868
0.66858571368329
0.638369233520278
0.767601942674094
0.731102437546038
0.435573066280522
0.620238490805975
0.700864514581578
0.713626922952915
0.552018529849377
0.567043984174557
0.614726812886281
0.555921737370477
0.646133811188094
0.746286534394537
0.686912926969007
0.565578322277587
0.56196893316106
0.629247270196604
0.740824445573878
0.684764567155111
0.722849738450567
0.663782802801273
0.712305982976536
0.578962042262414
0.644617014843804
0.761663599825239
0.816131299862267
0.566346939869726
0.730114267060683
0.718680658730673
0.753281491402266
0.670271004120568
0.644143570523429
0.690471176918044
0.661087242640837
0.794857740298912
0.578985188560033
0.783047803051393
0.599226201445106
0.719076955931284
0.607115815824725
0.716624487554127
0.651040740419191
0.534368982759768
0.518671662706564
0.810299506324531
0.628540627401234
0.688649242348018
0.899841811631286
0.801223035375233
0.816204905928169
0.697089079999264
0.748587824696841
0.707694777106791
0.70696509764325
0.731500231331482
0.815352056030493
0.752485984713682
0.769005234082314
0.795431465333034
0.723459876370364
0.752855552309864
0.790191114368997
0.869666003667395
0.893643928756191
0.882103199545674
0.771652260708297
0.827077819150948
0.79968618347901
0.645858177327407
0.714309469051309
0.894347704511051
0.976721812993958
0.60639765560197
0.731696152536515
0.763090198315194
0.790661658142233
0.733301697710481
0.856115123369327
0.905493795595478
0.591495628885123
0.848266227571626
0.863655168876161
0.801869680056573
0.74330850174366
0.830325131040456
0.666882991928342
0.71739597023965
0.820753758188236
0.808298361116614
0.92779655731009
0.931042171148503
0.835824014899469
0.764796445431854
0.927453389909376
0.76132198054507
0.73880890252736
0.985598607460489
0.708575446521989
0.737592829150832
0.787044291213643
0.629696900206516
0.805646855824173
0.84537296763471
0.964761498095075
0.800519503807179
0.766802527522447
0.868484481972907
0.941255714721484
0.902272948059551
0.677888206127635
0.937166279029438
0.864197994490497
0.786096256976865
0.817981087256315
0.771612049713039
0.753601823114366
0.84939373177178
0.968995972460232
0.686747846741396
0.748529096611866
0.937586259065634
0.837692121606914
0.931002004710488
0.997243391411047
0.760022051852725
1.01461694317483
0.890436599624268
0.920518334408857
0.988091006646953
0.879452990482936
0.785588219944411
0.974880803604402
0.851165121368213
1.09617962323769
0.755214183569001
0.996620189508891
0.690597145932079
0.853029683207141
1.01258027685742
0.876968931849622
0.802278421847228
0.863739394344705
0.811716935060195
0.945091455977573
0.78344199305062
1.01410842795103
0.995504416202513
0.950498156230506
0.910632789552537
0.87380566936682
1.03298661470884
1.05004066993759
1.08068124328794
0.837053454453638
1.0244965460785
0.838701542365924
0.965359368569792
0.743861522166173
1.13696550620627
0.995669330727622
1.01721881077199
0.989561708313711
1.01362037849638
0.934528872828521
0.911904237805663
0.980704361055958
0.967775416713262
0.921135377776125
1.01844117048592
0.975555175027345
1.17168654734497
0.866918509920734
1.01853337542063
0.921362660862641
0.948860227323122
0.907160900819549
1.10349961574866
0.922734300164629
1.11799690642218
1.16035500043661
0.905615708022447
1.02699162956935
