-0.813622314368532
-0.946914954718451
-1.09901747699687
-0.950247581817652
-1.07434798524754
-0.961017833700165
-1.00203807787498
-1.00005516958406
-1.06873194872121
-0.881972418257816
-0.903163979586552
-1.16039875694691
-0.961937078738355
-0.887784259730114
-1.02195400396911
-0.978289533633512
-0.966444282296662
-0.918660399699484
-1.0134691607286
-0.958796954191811
-0.938512699822012
-0.905852780367594
-0.821550260171611
-0.835371379089085
-0.954389022684717
-0.939166659931947
-0.893658985606989
-1.04205221152648
-0.909068729703304
-0.889974751373434
-0.862674064194877
-1.05433093969999
-0.771490598209525
-1.08815105247476
-0.934640088232223
-0.855259364215281
-0.909974282547122
-1.05090073281317
-1.06152449631934
-0.848728199830799
-0.946419500333175
-0.831554237672821
-0.946068726308595
-1.02834457923051
-0.838337354954783
-0.871012458743825
-0.931410771231755
-0.921651751359522
-1.01212862451798
-0.82416917838808
-0.9097868448869
-0.917436227510302
-0.856322123076363
-0.859936604522646
-0.716068922533033
-0.906063785496607
-0.916294089705078
-0.851731449285055
-0.873279421774115
-0.881448434689303
-0.768904488269044
-0.956714393821689
-0.957195993201395
-0.937633895777629
-0.99287816458059
-0.832044339269219
-0.918805007098958
-0.815184076933238
-0.84323127387341
-0.928538792623653
-0.949724066745617
-0.893681827402677
-0.995963218278275
-0.918266599583774
-0.870517103743102
-0.887340250326183
-0.852734644280195
-0.94781249919419
-0.824772870338954
-0.865786907689605
-1.01547136519178
-0.752917147401869
-0.847948798337409
-0.811775146616563
-0.837148206657983
-0.711729931671629
-0.807717839950066
-0.838633932282338
-0.813351394654201
-0.869034318105724
-0.783973972697025
-0.83308215150417
-0.698726777092431
-0.916892528454262
-0.785808663511645
-0.73633161350949
-0.795960895311008
-0.879318875892983
-0.878353954014106
-0.768768615696998
-0.684774260182656
-0.704938984108977
-0.685731616316931
-0.770044576447076
-0.79516187588315
-0.717591927877928
-0.76099885136322
-0.742956439288339
-0.722040536849883
-0.782318238042797
-0.656783006897572
-0.692428855255508
-0.829304080039636
-0.671888954782171
-0.832955917730114
-0.594266655966826
-0.786164412374796
-0.75401235421925
-0.610624596755354
-0.802649451486738
-0.745452021811636
-0.735411490120374
-0.765491798310699
-0.716016056349216
-0.585196218932544
-0.559487792346048
-0.825970717451797
-0.6734818413235
-0.756980944374519
-0.57511222805775
-0.756715847474833
-0.643602014037177
-0.658698278979672
-0.717406965558942
-0.891940747382708
-0.757669830397057
-0.867232908403594
-0.515493471790915
-0.684365403293186
-0.863728524902025
-0.701638025007774
-0.641897714614436
-0.662379449161948
-0.704655612801442
-0.821627246066735
-0.779915023346503
-0.729029919005488
-0.745079122240411
-0.666836710005725
-0.785614207353957
-0.594449965080707
-0.918047452418172
-0.744783870564868
-0.702160523740259
-0.645300712964975
-0.747797091784956
-0.510157172380438
-0.521634574092929
-0.712194024098339
-0.678784805572275
-0.746980508735131
-0.644652681735016
-0.667680894131097
-0.579491949930041
-0.710784001361483
-0.547276171992931
-0.591031000077362
-0.552265390551714
-0.698265086842185
-0.563520903392901
-0.795639557421164
-0.629738818913806
-0.743644471504884
-0.631841787781734
-0.631452378469359
-0.364414107388734
-0.703243592806061
-0.546197952121759
-0.550074895267136
-0.628835039296366
-0.82372511502936
-0.607578847090677
-0.681628608015441
-0.558593521188092
-0.698605489434014
-0.641673949509087
-0.515312705015169
-0.618062326818632
-0.638425264797943
-0.661878084297773
-0.493149813530512
-0.600445671961368
-0.557557744129268
-0.752640873218911
-0.721499459479882
-0.608076877509634
-0.720217285937118
-0.614971010982327
-0.448823767992703
-0.612192193214905
-0.596271816297668
-0.637562800255293
-0.561529646303422
-0.457382897696483
-0.665480829485211
-0.56943941814866
-0.626078664308922
-0.634681816897506
-0.580315876944275
-0.573484747198591
-0.4429581233892
-0.646279231119637
-0.627215861973177
-0.367781126172016
-0.561197895484856
-0.641736018829348
-0.611862607562976
-0.585467106534072
-0.625753051839776
-0.653962853045446
-0.542990787562515
-0.449969770113958
-0.445089079833458
-0.477149488639689
-0.555713250236064
-0.607751625316376
-0.533876177796023
-0.496875123262509
-0.569273774977421
-0.638841050166652
-0.496283816740236
-0.424058264589851
-0.533561854169601
-0.224225620378694
-0.44919349612148
-0.593750102277593
-0.423919763768597
-0.516361449375866
-0.598659817700726
-0.426101633317941
-0.472268823960316
-0.625302144593638
-0.694390444003414
-0.530694798691354
-0.522240720943711
-0.543199501302503
-0.57272352157082
-0.504188663134539
-0.525248827912603
-0.356969243223744
-0.436782100695573
-0.504044202211013
-0.584716525140292
-0.511197248841322
-0.529325711066304
-0.353981012998128
-0.484585466950646
-0.480782997253418
-0.612879710487939
-0.48531478636627
-0.467798548881713
-0.440773836213416
-0.443708695079496
-0.492379009637014
-0.452013807718913
-0.495001909410134
-0.55623745542104
-0.420630083486671
-0.4346184820778
-0.361449444873466
-0.546223248378605
-0.493491977016978
-0.400668084158001
-0.445955781490986
-0.404310834573976
-0.290993064508564
-0.322577930208847
-0.664235466766693
-0.376752510362052
-0.458688114120773
-0.305091508966447
-0.575983031364675
-0.464133483629183
-0.503378182816357
-0.374603548766481
-0.515047926888464
-0.282681753122117
-0.509693685676336
-0.509868611447865
-0.543029758029503
-0.332481275535523
-0.392681618192995
-0.483096369971584
-0.278163286126021
-0.454031132022056
-0.382764612008381
-0.417930477340418
-0.3427032852154
-0.320604730310119
-0.300327541201337
-0.431506839282208
-0.392436916722482
-0.369272069624705
-0.232186634057321
-0.40130672878492
-0.401457132933978
-0.363713639585874
-0.399971443961676
-0.438754751825878
-0.432639919130591
-0.327197804602469
-0.325208418888826
-0.356668076237901
-0.327664723097857
-0.469185744157489
-0.428134095804484
-0.361128787654318
-0.322549060690875
-0.358484993132965
-0.314949151210263
-0.183665212768293
-0.434586572381366
-0.5471846988927
-0.45294658393103
-0.261610352776242
-0.398555225184095
-0.355200405112587
-0.374771353552499
-0.30297846777017
-0.402413623497064
-0.380604766884508
-0.241846001384974
-0.259544617436683
-0.305390556297855
-0.366926785495485
-0.310405628035376
-0.219877175329715
-0.428644077682478
-0.277051932207757
-0.338227013916984
-0.303487201905074
-0.263948130112297
-0.251808013395046
-0.299585525229438
-0.216185372452946
-0.196933596642401
-0.179711912299644
-0.3246280922141
-0.302097999327292
-0.25927343943976
-0.378787503218935
-0.255795113939703
-0.269046307443781
-0.346792839335524
-0.218103672624378
-0.177836246249633
-0.140870404634275
-0.320926795070347
-0.168102100715596
-0.200760932731104
-0.146666601376243
-0.315671656298354
-0.347293893567197
-0.359456854622786
-0.265629628781022
-0.330759757182591
-0.30535024943677
-0.14248687099702
-0.102768180356107
-0.319616122209683
-0.254723394993207
-0.0426597098366382
-0.281581401886028
-0.25632653299847
-0.102617593328436
-0.297030735329988
-0.240373854423156
-0.35565467948911
-0.287752272854597
-0.133278651832014
-0.298297572575098
-0.293640868490827
-0.190225720510775
-0.159100159464039
-0.0492385211277726
0.0216299247913377
-0.308468720225949
-0.218841012510205
-0.211231409410567
-0.163605519396523
-0.261850244193874
-0.107565771841152
-0.279832171069519
-0.324703275956044
-0.0978325884453342
-0.210786691095777
-0.120052256161822
-0.177448964914284
-0.424011616381989
0.00729420549048039
-0.223106441633699
-0.0943167948303806
-0.22122885691408
-0.254076422869882
-0.154062728873834
-0.319846575937582
-0.148397171704594
-0.143294545628137
-0.213280815691991
-0.252007733615791
-0.403227240034264
-0.201007407264448
-0.152755911441833
-0.194541371883123
-0.119876373043832
-0.171396517830086
-0.146900133924177
-0.105900397464968
-0.04356877526525
-0.216342760340403
-0.244344373750253
-0.0664710381517234
-0.194923206679211
-0.0413787742406659
-0.120512689556809
-0.117453688730094
-0.0991218306291062
-0.138143022689499
0.0797402069973345
-0.143661011857508
-0.302573492009158
-0.212394227012705
-0.105418735252084
-0.126148959277284
0.00319000451610632
-0.0746768334431046
-0.237254930089153
-0.145971142836061
-0.17680700565722
-0.103222103298722
-0.177366078257466
-0.1427664519687
0.0290505824292492
-0.100060861631992
-0.0889246155840534
-0.100915360116146
0.0472082828797759
-0.166156284228033
-0.0982096566541596
0.0192685615894569
-0.0613249477461971
0.0486966441927855
-0.0253603853809909
-0.12479829740505
-0.11563072438413
-0.0869225372143996
-0.167605477921562
-0.0384825932982465
-0.123878122298872
0.142203762832803
-0.0448000548343181
-0.158851680915129
-0.148443665419995
-0.166536847354408
-0.0299733016397808
-0.0128899579042692
-0.00175804359539256
0.0219621229980336
-0.0544387540648929
-0.147010576182339
-0.090314615857943
-0.0597427849674636
-0.066150708885572
-0.0469086029008197
-0.100593403884977
-0.0944770195381446
0.00402520096867086
-0.111400698605931
-0.0275919451793887
-0.0848303825553239
-0.21747277864235
0.0736783254693657
0.055303767833462
0.0407110550131771
-0.0477564253714278
-0.19344665657114
0.0724722487593154
-0.106570391099321
-0.0781286335114283
0.0213840766562767
-0.137371579595847
0.139425137944402
-0.0147094737059291
-0.0216354579385279
-0.0976677027569066
-0.03297519488781
-0.120487446377815
0.0220181069292722
0.0741290532622404
5.87303161631623e-05
0.211575321151232
-0.24611133667315
0.0585203730464939
0.0155127688257353
0.105390025816676
-0.0145462716198837
0.146564947211998
-0.142990446507065
0.0947235983765801
0.0299562148891147
0.052442891202594
0.0833908462437451
-0.0889364900129309
-0.117259184022787
-0.073627240919046
0.104567785841875
-0.157975159841906
0.110828634436172
0.0636684976851761
0.000134645703272629
0.0518629395686462
0.0388367370044339
0.0646200077820571
0.187080144392433
-0.150408910812288
-0.0539136563873709
0.16775319005176
0.0607620674286895
0.0775045729649671
-0.105919780737575
0.0505458604766095
0.175837352684815
0.0705132949112993
-0.129046475371586
0.0552391716319107
0.0900473673853698
0.000189433986484832
0.0347429330351844
0.0916661105912286
0.103579309151833
0.174810578958477
0.156615769627406
0.0710076162656041
0.11964097130357
0.105825682093481
-0.080661618014753
0.219563212488018
0.0804507340595162
0.0167202655215462
0.0746876559436976
0.209296918817574
0.0975085404516498
0.142592053196949
0.193967401187429
0.130708599606677
0.211866016376068
0.0575611582053145
0.170394141237342
0.191764179220781
0.23929092556906
0.133953038505673
0.222132257856858
-0.0428125945733868
0.188656808399885
0.124122483015739
0.119640034022459
0.136981184455793
0.0250874671514056
0.0577484651468287
0.208727723378805
0.193569063884104
0.183349897446625
0.247167369316312
0.251132413583374
0.0700199496149209
0.173150179668589
0.150255608248445
0.0628599382689219
0.138456634788545
0.231126616631588
0.26063705101913
0.0983773790082472
0.0129735167931175
0.153349442498032
0.0861358756849546
0.10272370658748
0.111392989186376
0.129224937405844
0.176634671704441
0.196985966300767
0.297381051197536
0.0969972507761296
0.189731848530414
0.307110080258265
0.312938134478952
0.192929836930087
0.0426318382769527
0.126040481525689
0.490209404251226
0.275930407616772
0.143769916372988
0.0972711136718886
0.210531581246788
0.141658175362124
0.197211575310198
0.2973578623387
0.168953097243854
0.287261161424763
0.241892090960623
0.298686031029641
0.078953313439077
0.166821115671887
0.107875758898711
0.173440375800945
0.152588017626274
0.0970960524145232
0.386297952515614
0.314783201348876
0.249063267918426
0.328115863941972
0.231037013513808
0.305016462110301
0.363919679090018
0.255453924051736
0.279563472877661
0.197428544028101
0.231046654433431
0.361997736753541
0.192649304225464
0.313409397790522
0.318635600315852
0.0989385773107244
0.282349011165663
0.24811983443131
0.322035761929969
0.158600867241078
0.218231272023228
0.158275398611093
0.366485847457035
0.152501654886269
0.33593045712383
0.283278308125693
0.363137336035053
0.268955672090838
0.428776084673984
0.434721558020535
0.316485298928897
0.286224826623379
0.198327671979512
0.319077094438666
0.375038072657522
0.152315557298627
0.255718276756991
0.301673088443131
0.290924608597741
0.328771828703985
0.307855469975514
0.160720479847234
0.401222337360708
0.439742266733443
0.25818807676474
0.392255385025575
0.208700819010324
0.225361068976472
0.172972754102653
0.393360388230509
0.56391379363487
0.256585752694046
0.231980935671046
0.339952207977289
0.400747413413691
0.372634948921786
0.448275237867102
0.385942571715935
0.427214642746352
0.232438078897985
0.262071790997685
0.465046531491583
0.318112116620476
0.289016258784597
0.473912772324259
0.454553493584405
0.34652221217558
0.323257164881441
0.310639384180002
0.307153827378807
0.425316393286935
0.395624758619615
0.351664102692002
0.332735917342232
0.324076420648002
0.291699042217386
0.376554917671486
0.384818138800606
0.253365413667064
0.347482728657352
0.331533365598427
0.236492602520222
0.515946395978153
0.431763781433826
0.443102260258638
0.471241388619889
0.597529850858456
0.348746921224736
0.225992051243615
0.52027834050377
0.450776675255768
0.357689960833694
0.479785609850909
0.381298024690647
0.604749525105894
0.334275926561339
0.387739349297693
0.457878981181982
0.396654316506801
0.409166118218901
0.451933292350225
0.462180670030842
0.402459875297406
0.402006907726071
0.432321858935131
0.659291111132142
0.4320734741777
0.56619896595174
0.501447426546618
0.391744358044467
0.616010024961846
0.577774458761469
0.433832457173778
0.534591893196213
0.366734692641382
0.30068590071856
0.490238140507076
0.464842795185515
0.579685958542076
0.373681710238962
0.391870216390802
0.419119184205963
0.372833351364639
0.370550957474464
0.539079078941146
0.482672951506565
0.54736572375697
0.504291274550477
0.430305851540217
0.517941396726692
0.550700859663571
0.568274163010418
0.649051735372686
0.475500918121907
0.460693463682886
0.637168207072429
0.559636440694877
0.450142544285179
0.522520114203285
0.480906663378436
0.461144686774363
0.422621209766117
0.571475973048515
0.604669791146577
0.637712523116005
0.59356834178752
0.562485398205767
0.54224082319262
0.615609227290141
0.639317130831175
0.577519726542101
0.541021946209655
0.552181078975549
0.497484894827627
0.563904621715929
0.519388478406289
0.537668805457342
0.514525064398472
0.453291118718182
0.593450303246126
0.564351741892707
0.627580741002988
0.588666702344953
0.597766203347902
0.540946516366315
0.579870305784377
0.472369861554987
0.594464658270709
0.538242414008045
0.589976062769052
0.586561225104271
0.503792947225515
0.580505668588529
0.493381947922488
0.557805262861524
0.524918967132073
0.63416040668263
0.644276512291466
0.615682454873936
0.503386848355995
0.506530442281777
0.538511435131525
0.511092542648197
0.806485070920526
0.668680037115891
0.406313156864207
0.521201111491346
0.667416677002365
0.621125662735479
0.411296405736996
0.623556721889402
0.626416963597944
0.545957670430568
0.573922533262049
0.548012894901671
0.757411766735044
0.580525044785728
0.560952510101168
0.616562761580429
0.62356061501326
0.539970503513216
0.59941461476814
0.755320879624957
0.618271097371028
0.57111691496344
0.70780460216594
0.696534999881937
0.715117937526151
0.57233977480189
0.688092387029965
0.685019000782886
0.477002372957596
0.549765413266157
0.524031597017708
0.59378652451938
0.723780607155008
0.576159216637471
0.777698434129632
0.703828286489467
0.65139593921984
0.85615672702264
0.624006604963861
0.799706158706414
0.64198566673039
0.746013440927999
0.662684451934892
0.874319860795165
0.628004862551655
0.493374021045177
0.744849269495983
0.8072150890042
0.637306978594565
0.750421643032456
0.590287284665707
0.549350172781835
0.79745603885999
0.677322049550005
0.616772244051893
0.727821776241012
0.937525493586023
0.641837897780098
0.772051432183609
0.753254450040926
0.758397847689512
0.86696992662106
0.647293104911463
0.787136677096272
0.8004042443739
0.670075130526666
0.652614859765615
0.729473686663761
0.573980225235373
0.636526386286171
0.711136091455638
0.588972293541096
0.69385783355416
0.829032753827516
0.742478642870377
0.912591965063178
0.799437742448113
0.767459112880884
0.668741885214326
0.923419884051133
0.899325427667899
0.690304800725556
0.82891058053713
0.726712806752202
0.791821452328942
0.785978011469657
0.70880527134545
0.750960935371552
0.884340767426379
0.669592584782408
0.643292682770275
0.909287302595606
0.840345970896356
0.752117917200665
0.813214244340937
0.78923169461221
0.726969791327587
0.896536135617696
0.833956422525572
0.877824556854759
0.790041004804384
0.712296250201688
0.701604171836472
0.817276234598125
0.833175962971824
0.903616500891867
0.992416032729099
0.911538076973039
0.797436164179013
0.795574431980392
0.846512408090875
0.851428538346357
0.78045264556393
0.696668165662447
0.898959527343757
0.953513240190148
0.978086005598866
0.869840682954028
0.939234949897938
0.857244678571921
0.997968284271032
0.778818573046533
0.983297754033487
0.926971475114742
0.875302494017133
0.84884588929161
0.854096674226231
0.800854088208992
0.837376263521708
0.997623161107476
0.853347905253914
0.939395166774371
0.805545260485887
0.816239433225815
0.989184061390344
0.916889323369313
0.851265230916825
0.932167041174067
1.02080830158532
0.881983884495767
0.965222378667207
0.949321776587315
0.852855550457047
0.863350134959754
0.992201436035195
0.927927676924401
0.839617797678656
0.942569798080109
0.881917237814877
0.864399360407113
0.899959771162084
0.96332360068213
0.80570307182775
0.967468156434246
0.897749509375908
0.848705544505848
1.0075674378114
0.910254788964008
0.874247662771417
1.0762882898011
0.908385048632151
0.96330263930924
0.899164179268405
0.899053104826968
0.877653529467827
1.09009508652553
0.989096388204807
0.730851560071523
1.1275129095439
0.988154964094229
0.996927159258448
0.985766513047257
0.935846571662437
0.917020036336165
0.943379822823278
0.850502204571974
0.880258685680384
0.869113934483595
1.00940099544207
1.02680661609371
0.89441992998874
0.776901150173741
0.936462146486976
0.976313503805912
0.888128153966416
0.959896867116606
0.916589288109261
0.988029423801232
0.950127213888036
0.8399139761757
0.959434095859103
1.00570722561779
1.04956860097826
1.068718390774
1.01013091075054
0.970582803790847
1.03593164032563
1.13666669609403
0.956147084443575
1.02114930301229
1.15060852550323
