-1.09495672925418
-0.927091591579732
-0.901131426926481
-0.954912788439542
-0.952731584988042
-1.08597441818142
-0.96839541682985
-0.998372691214323
-1.10932219977944
-0.894834539770831
-0.92058838436311
-1.04966350578792
-1.07373606415247
-0.957203562629141
-0.989393174909976
-1.04809809132852
-1.02546624496559
-0.95554386758432
-0.897908743556279
-0.992425049023322
-0.821585073752664
-0.9150449914996
-0.882570749364585
-0.90941079015392
-0.906703821128946
-0.991911684796448
-0.900493717357941
-1.04800203133143
-0.977567283263987
-0.942352913772831
-0.824841936769348
-0.854946343749459
-1.19856817409704
-0.88188563669485
-1.02609344771492
-0.933266699784358
-0.994551062527064
-0.920231898567488
-1.10236830540983
-0.917960995987219
-0.769250673493904
-0.944762065464888
-0.937556784582939
-1.01440665522909
-0.875081362389353
-0.903046279055426
-0.874362770608897
-0.941299543061209
-0.907425142145131
-0.931908686693526
-0.95539427650123
-0.849227423619725
-0.877839761456326
-0.841830605740607
-0.771252828091605
-0.800678029678302
-1.026640040439
-0.760739213792506
-0.78373508197227
-0.753371782098855
-0.980207825746696
-0.797583486288135
-0.900697854256879
-0.775090011565493
-0.882630934432031
-1.03051091469629
-0.769818271107465
-0.822494857481986
-0.781523474313284
-0.702046610473725
-0.708118468707064
-0.751447283061523
-0.867415627162847
-0.981916683461123
-0.78044801429826
-0.937865860877837
-0.834242576498426
-0.928904205506442
-0.794946293781056
-0.866295345325306
-0.800170172660957
-0.81839334263004
-0.96803776931358
-0.809157347294866
-0.800621280430078
-0.74680865217659
-1.03572412166355
-0.894639716595123
-0.86641947336575
-0.738920428891701
-0.637733228482276
-0.640679117093747
-0.747551621249982
-0.925888781112427
-0.747732315271704
-0.785954643576669
-0.901722835859754
-0.874568081624977
-0.798243270779756
-0.817878595226975
-0.835790644338773
-0.81181494303418
-0.820291289348162
-0.852500534538185
-0.774898887004695
-0.723801763734096
-0.874543358387459
-0.711889075935506
-0.737198222817196
-0.818414397755708
-0.605802167723497
-0.946425807944298
-0.681910963181188
-0.819334300051962
-0.784055740785802
-0.789607299573528
-0.866944642233922
-0.696122838566266
-0.739414700405019
-0.713161554781736
-0.774197944367043
-0.771972789831527
-0.789568996678379
-0.654009064802307
-0.728906642540658
-0.791217017565492
-0.554552727062295
-0.693782667997931
-0.786759070071604
-0.753267579024023
-0.515034641609449
-0.683375748982529
-0.770592643087453
-0.806790862506952
-0.636286426918145
-0.727579177867988
-0.685352382986597
-0.608869210076226
-0.712134330983702
-0.854661366610722
-0.702658947879332
-0.695933412428794
-0.618701106384353
-0.671420020873765
-0.673127156931664
-0.663040748231597
-0.617092283080197
-0.696425681657499
-0.805089093516664
-0.687682567565013
-0.793116579927105
-0.738102116178505
-0.671155182449489
-0.782128306321475
-0.525465386360886
-0.608584940880288
-0.774343036865019
-0.697913915816666
-0.649292344656603
-0.73799543312499
-0.788553417354913
-0.546546444294546
-0.689335307861718
-0.594502082236457
-0.837641398145899
-0.680825704139728
-0.657821928566861
-0.618369274213631
-0.634020834180993
-0.756180811358797
-0.746095023552013
-0.55930392064661
-0.696473943832836
-0.65704275944848
-0.459311019770074
-0.722835482969058
-0.591433916608711
-0.734316476818344
-0.538483846333835
-0.508659828097712
-0.589790865882674
-0.755227721380539
-0.520948050809334
-0.576338700978976
-0.60252525757281
-0.52397136206499
-0.728157598586229
-0.693069036226347
-0.680462253579504
-0.740339254817853
-0.677937850894004
-0.769668406143427
-0.570129585920482
-0.625577014229575
-0.454728828251402
-0.572890415252884
-0.608208856900397
-0.589308573806522
-0.561055463759715
-0.607492813157195
-0.599600603203887
-0.620433410163671
-0.648374101592099
-0.513815438773865
-0.409227930363464
-0.541329640109409
-0.693312728076791
-0.448533168115295
-0.559292536431258
-0.499069240702527
-0.561409260804932
-0.673180631741201
-0.572397282321519
-0.53300603444811
-0.598016686391918
-0.418536626792451
-0.458607551903221
-0.539075014892154
-0.643214778906072
-0.663644265603643
-0.634332376101906
-0.581009743328356
-0.614057409171466
-0.630129379258037
-0.545042869136122
-0.549953745283618
-0.660159637977159
-0.61952837225438
-0.565716810172326
-0.608493268612649
-0.667489438763521
-0.544537143301787
-0.531164636995902
-0.378491113938902
-0.586821156834659
-0.572887213085809
-0.274324046672768
-0.546553092668166
-0.484941057693608
-0.575819158356808
-0.592489537318234
-0.810301574962084
-0.502074717660837
-0.496424890656604
-0.540927529242872
-0.581052324535101
-0.504375008328692
-0.511216936908165
-0.496499560161376
-0.490395738037391
-0.421925179627487
-0.369409373508113
-0.572353010181588
-0.515756397426694
-0.385728323687792
-0.420024078864301
-0.510976891359169
-0.386802060073621
-0.45208344750951
-0.574638466546486
-0.480755941885251
-0.600899631895544
-0.489285689634019
-0.437987313197443
-0.459087098944826
-0.396650033660189
-0.569554370428109
-0.607130732536815
-0.329895361962477
-0.422987096558272
-0.396395960609428
-0.353609709057215
-0.41948728124916
-0.430391870023228
-0.361515874607784
-0.513188105497313
-0.4127682093468
-0.648690779984332
-0.504585723822718
-0.538427387690594
-0.464643504801292
-0.468746707426756
-0.39925002486911
-0.420453328910125
-0.486210847487446
-0.275894199984679
-0.348296504799604
-0.451665501233696
-0.437578853854382
-0.316084480687493
-0.411402660981437
-0.479919659854717
-0.285718006228592
-0.44871088126913
-0.387391678021894
-0.331861842622089
-0.434823767256475
-0.328346262678662
-0.414365310346407
-0.324050477983243
-0.383381332640597
-0.447453704307968
-0.36733197299547
-0.226484629865138
-0.176863214756112
-0.429951691226073
-0.365367597343952
-0.390284094802155
-0.403431183768294
-0.455709391200926
-0.326722530165883
-0.401058338457938
-0.163882759137005
-0.334778442587457
-0.269218349664571
-0.545955859534764
-0.36762221654254
-0.328961123206248
-0.464679167237338
-0.281905002358302
-0.377177177156077
-0.35855516920131
-0.327801428797065
-0.311350128535149
-0.336906876301946
-0.426296394206174
-0.3781542034153
-0.428225460623419
-0.305903020518173
-0.300601626278304
-0.393982786354358
-0.43854180228519
-0.359495353777179
-0.387836622435417
-0.357815544403273
-0.321103178357441
-0.419598996068048
-0.292042548528246
-0.256538872518073
-0.271629644798754
-0.341067520396589
-0.357625016567035
-0.444642312694408
-0.357548788518342
-0.388489804404973
-0.26960644423498
-0.369599643194953
-0.183571853314746
-0.230171635063519
-0.252296714126052
-0.373877055700862
-0.22260394531876
-0.204263561219186
-0.357153230639164
-0.287110857578844
-0.188307197698842
-0.22117854776123
-0.205886542492482
-0.407755251600557
-0.168621804467819
-0.2136836342405
-0.314392935878656
-0.225387065574043
-0.159576896159082
-0.310543635621481
-0.251567123392575
-0.207207986330574
-0.191468398339224
-0.390762665700378
-0.326815047872472
-0.240678703764214
-0.420801551418637
-0.31633572296746
-0.251912051782425
-0.420569499601443
-0.150778231007551
-0.254209809329855
-0.131948974258011
-0.198680481866973
-0.335087939979518
-0.300985808537958
-0.253266179392851
-0.332778439734405
-0.2914883432716
-0.225006570567863
-0.236822057899727
-0.329376370027841
-0.229038800315172
-0.289056896197683
-0.105063965958633
-0.243200367660566
-0.216611336801978
-0.180360977554935
-0.0774424179566614
-0.104617220342888
-0.121523904002587
-0.0979920754982221
-0.300952278486878
-0.20139761472933
-0.312598450608061
-0.334982235536971
-0.101392400625621
-0.269156807479263
-0.0925802624321319
-0.177581581022274
-0.202778286515836
-0.181413585140681
-0.130027016947189
-0.123282479816811
-0.265747081945606
-0.229085494084834
-0.0966667206230287
-0.0562351907844336
-0.15210193578704
-0.209984994980084
-0.096301498567721
-0.183071893751568
-0.273827244704715
-0.173288210388772
-0.130524979503525
-0.145784760245138
-0.218135550708878
-0.128764772239647
-0.135650031967668
-0.28574021334667
-0.0595381066508659
-0.157130336318012
-0.249987895732194
-0.166275067275793
-0.16945900145205
-0.146473181037517
-0.191465946033682
-0.110165258532943
-0.214881871739824
-0.184390632960921
-0.0789844876465849
0.018091698365576
-0.104479432672211
-0.0527550322607783
-0.255153161445938
-0.147525676751666
-0.226692445369809
-0.132711310311012
-0.0830180647880951
-0.210190519226953
-0.0302885056297692
-0.0204083125545115
-0.207481936787291
-0.241898192102281
-0.285803305180257
-0.117857115751768
-0.105078387539113
-0.177457611620302
0.0320663333393677
-0.0634330806184748
-0.107091221649935
-0.0801554621602352
-0.0108626719817514
-0.129605070407193
-0.166444539569497
-0.104310057289337
0.0182421426777913
-0.0297905423877574
-0.0840978959837595
-0.0752227942727669
-0.0123453748721327
-0.0489509836751317
0.0897814635230095
-0.219570240682873
-0.203458976492128
-0.0825560227088853
0.0339074530937095
-0.109850837058597
-0.060863638741476
-0.0822195885493563
-0.0708555715181519
-0.0917006058815274
-0.0125969724658016
0.0769906254981822
-0.205506491357327
0.0878769893975423
-0.184167157519341
-0.0855503852690637
-0.211226474472364
-0.0458367752064567
0.0873796938579937
-0.0930249688964678
-0.0854610661439
0.0052627169461793
-0.0335361023107139
-0.025720735118925
-0.0131924804748542
-0.123104266576232
-0.0300977623543396
0.111739506081952
0.162155026607193
-0.109553422195553
0.0250621415552962
-0.00666725337341561
0.136165867038182
0.0571400727423478
0.0108468404816427
-0.135988654291516
0.0557494767347903
-0.0531513878692493
0.0682138899284451
-0.0194994318768075
-0.0207314305421482
-0.0667700322605087
-0.0391715021524149
-0.153080162523181
-0.146215835193268
-0.0297165890125701
0.0115354060292725
0.0775050545681368
-0.0556383238400397
0.0109663800493359
0.137300192703426
0.115502498155735
-0.0348903307971249
0.0397069439181627
0.0823840211456079
0.0401433429839266
0.0884241359661709
0.139108830622896
-0.02125465393959
0.0329381558644237
0.0719482919355227
0.0995896081244134
0.0939318271812386
0.0438195994419144
0.139138824517257
0.233975523526395
0.127536515798359
0.131371699756645
-0.00619845715152169
0.161404650655969
-0.0261462528181002
0.0662532760755771
0.146348738548578
0.025377491403577
-0.123231127380306
-0.120185919008761
0.0701600346583235
0.0964384579640705
0.232529235457123
-0.0138661434248727
0.0386187852972922
0.111808977908279
0.133156408538705
0.133447344690999
0.0835350921243359
0.130771307130714
0.241036844111496
-0.0044322254927625
0.0161774035040769
0.269316361050131
-0.048273797677707
0.120758493401925
0.239962907742313
0.0877710819731676
0.106331358273934
0.21268357908818
0.251710879578907
0.171273740667335
0.09550633122307
0.108350055830132
0.0928286577048379
0.235937872796213
0.161096766831793
0.0823130723856141
0.257593101086438
0.0299848963759576
0.0692488656867626
0.1705526550727
0.106880098541096
0.152228084664848
0.0862941757368279
0.0768120053585347
0.154683231201092
0.155386276086549
0.0624160361506467
0.296163178399354
0.195279673008113
0.24563411245286
0.0286314470111655
0.00175496850770516
0.215556716563959
-0.0143010822642559
0.322501828496333
0.17185296597944
0.211554541162997
0.197906721354779
0.255295130605935
0.242446815633744
0.153727636036526
0.174647135684532
0.157618040348204
0.210946167194421
0.297601025539309
0.277040582430844
0.131463399026787
0.162257614592832
0.152746263656763
0.255994807202763
0.316197570017484
0.194573537496908
0.160016846981557
0.163040164622657
0.267916848428203
0.287084911680426
0.22403421557804
0.233930562970922
0.154859430365435
0.26990693414964
0.2674755912535
0.159168138931869
0.119787298802948
0.25297247006487
0.250818748747332
0.186693271427257
0.245463392586567
0.218244601999329
0.214212454995457
0.248348974324953
0.173471178901202
0.181161770123339
0.307144207408497
0.366483906434113
0.304264445505193
0.361355755198597
0.249007714637025
0.329094293195249
0.239237273119097
0.0336529128420461
0.168196446670972
0.371175347797096
0.0568915292613945
0.272158031674813
0.221286732717937
0.256098059796579
0.448720151294511
0.367987431569824
0.390745397893597
0.287100643108622
0.272823114274628
0.288371492311791
0.252799399405337
0.294001952521976
0.350692390072097
0.518817471228076
0.440854082814988
0.278535425985157
0.182204336037882
0.211989312312077
0.208530804752692
0.429059775794111
0.28047304836091
0.261867658051924
0.252379572527495
0.365806299550257
0.297826648433311
0.36747676484892
0.366222397807769
0.254370405977079
0.285339526350763
0.322844330871689
0.330769816877871
0.293727676866539
0.209030108093917
0.225093818435842
0.373766537352203
0.336770571433478
0.205851945229672
0.519609319535513
0.302869268383424
0.273505654733981
0.39202150013391
0.333087431707667
0.36187391598024
0.435326790120278
0.392870014621346
0.426737410527532
0.119536633352177
0.327133587819777
0.488340637346818
0.241222417519227
0.402918639661436
0.476116531608393
0.383322773928743
0.416908511726184
0.27793077554512
0.349656531057156
0.282023510474125
0.399152128846592
0.540143257203826
0.236215634030495
0.275156473275873
0.358848611353766
0.376983633031256
0.402782958862912
0.370667545108905
0.373613879927418
0.425074678700449
0.278181992973816
0.467844685144182
0.409721168607248
0.403376830138013
0.303823994963453
0.436605879506537
0.331995766351601
0.376232649398138
0.443939611169778
0.427420801293468
0.477595360771859
0.428891199943975
0.393961301568956
0.45887374402733
0.654172331260831
0.545498032758904
0.392755355742356
0.414524665099886
0.46440061334391
0.511172617728233
0.492430758436851
0.433689480158774
0.365265824805174
0.356817044894018
0.611704472874619
0.485950345766092
0.597631443881154
0.297016169923087
0.561533399642107
0.479705055401235
0.366397889929737
0.528397260129293
0.464050964688307
0.443713884331254
0.427827055795861
0.4651149655632
0.558833289227486
0.510674106974782
0.475960760913286
0.545028270548794
0.391168425178564
0.462035364136759
0.409837085644187
0.562440295899321
0.404879888983283
0.40096994439779
0.443779382862404
0.436874519818249
0.452498259824401
0.509093947756143
0.341691880549673
0.519399148982387
0.621436815353564
0.566918385894934
0.601052427065648
0.496653321910336
0.566121008305231
0.480086171587529
0.514300746013773
0.509691266001678
0.693813072462275
0.519260531681512
0.523768248947864
0.45044511531201
0.544791603317038
0.570093742675381
0.525103999566254
0.5370457449406
0.618944644123095
0.5903659295747
0.72945233660069
0.649017533686878
0.465466529111577
0.407202680388372
0.719547680118872
0.474241836061755
0.451913688808338
0.608197667083031
0.517239018753627
0.634507840817958
0.549288468848298
0.624220848446535
0.623066050004499
0.634765485448951
0.709876084781182
0.60695440895558
0.525056300500427
0.600411283324141
0.563694818030888
0.47791608047816
0.662200893699683
0.633132703956349
0.619292847310764
0.679743206365039
0.63333956352619
0.485815211966615
0.544001797130073
0.593790090186084
0.529323185442481
0.532031686271519
0.517799723427078
0.633987292586228
0.621894843824829
0.668265556903044
0.601905501410398
0.548885135922741
0.803154926831769
0.612140252481361
0.708290295169986
0.685157940856659
0.708785107151172
0.634293170459555
0.66893445459573
0.506895809207948
0.691039379829389
0.605367272003991
0.465514763542986
0.631816828401722
0.40479255226801
0.492897203708182
0.826801682938499
0.575958305358602
0.771460074954218
0.748854026673255
0.59172229201429
0.558531340954201
0.615420133726656
0.693178925038634
0.759834651684599
0.533400667494532
0.719844129915634
0.43978821526648
0.702937575833245
0.698658980310729
0.662643606596347
0.682235123233769
0.804358384861778
0.64434624981365
0.792946982669101
0.690076599970143
0.584483033807171
0.627191876232403
0.723357724878781
0.722421533405915
0.679744564028271
0.769560510701717
0.574118420218349
0.617438083384886
0.647613663293724
0.646435064239254
0.542517566936871
0.722800550819578
0.647518999473707
0.773207117531594
0.639028270944575
0.706558344995745
0.725132514865229
0.794826278174588
0.699512461443747
0.563411935448174
0.650185737656567
0.7412789744729
0.598997220609388
0.604947385759583
0.693661533202259
0.802310432855315
0.85292166054135
0.694935885950568
0.650508703061912
0.745244068807656
0.6759169335277
0.616108433142086
0.752802501966066
0.780131502336484
0.759190955293709
0.736370959245065
0.964046438122739
0.737049901359927
0.885816948438031
0.836435238503961
0.492241525593581
0.694516224951571
0.872374317945927
0.771122822004668
0.790097803183735
0.828650152191472
0.604481925292598
0.718462037345722
0.805754680995953
0.663720406774571
0.804506838628611
0.884302491253132
0.831823634359572
0.76356302524278
0.730439272647845
0.923531114331637
0.979393402362124
0.643602608605119
0.998632374514111
0.932376881741417
0.740107827918186
0.764112494932952
0.828770168663952
0.975513724233987
0.795118230563102
0.876563621990401
0.872357924265519
0.907989559898778
0.918396419400269
0.913743761911486
0.756912857938214
0.803224165533291
0.922341931716865
0.920151829472845
0.852724714057902
0.915887978401861
0.813331648444748
0.697072294766984
0.858873974417527
0.795203776225842
0.936260772304407
0.756925798347454
0.751972192055292
0.798264318733204
0.875410449026572
0.937211226911184
0.843858185377883
0.729135672771999
0.94168809141322
0.849398167968953
0.961960804970349
0.938727184164394
0.906248883895062
0.791094609178221
0.920355780276956
0.747542779000835
0.677867860120714
1.01548785966208
0.960324244650037
0.832925059265351
0.790863346135372
1.03393409248722
0.902799602993884
0.912035728942219
0.938764669248933
0.860589655304961
0.893029811300838
0.956642804777465
0.937472428808568
0.923168365704368
0.752941410305757
0.89931815555269
0.873563220777261
0.876978742868026
1.08298910838247
0.904165060806588
0.897607806088263
0.877955860492841
1.04052542704567
0.89625914251554
0.887334118988362
1.02541269067104
0.980741056750496
1.00239738434323
0.84467068006387
0.939394183238019
0.74908088387278
0.950778564367017
0.85706723588528
0.949821436258018
0.937096709416885
0.822003840504064
1.10211505334125
1.0788921759241
0.914061060702118
0.87334801900306
0.797880242791115
1.10651801663046
1.04747407194637
1.01480082097532
1.06902484976844
1.02443124360223
0.840752079161593
0.972371762361473
0.852595847372044
1.01884165081185
0.864057071259031
0.961835072487574
0.922541906864437
0.944334291245607
0.914820785610142
1.09646703156943
0.984334725065015
0.993784561468754
1.04791170044568
0.954626850680812
