-1.07667847466113
-0.95061350861018
-0.875241427201322
-0.969023062600249
-0.932258176678687
-1.0945575651865
-0.987216970221041
-0.989047578551949
-1.120598573334
-0.868613407028746
-0.922374134419124
-1.05767708023394
-1.07864041520417
-0.975512836149575
-0.988613913887747
-1.04959893280913
-1.00855040092695
-0.942293380643431
-0.904627082145753
-1.00176795855185
-0.850955933887496
-0.919427970451115
-0.849035758897184
-0.902523313786943
-0.882562399010078
-1.00442065387852
-0.910356908131682
-1.04374277745053
-0.969751911556715
-0.948635032719607
-0.821178895935772
-0.851799339200506
-1.17340677833937
-0.899824996943817
-1.02383597400916
-0.929723386511028
-0.992143909067513
-0.903860978433552
-1.10908629366752
-0.927221380664141
-0.783349653945231
-0.944449692825275
-0.931128629350682
-1.0203756075829
-0.882062019297505
-0.906307136756413
-0.861115826587448
-0.937764056008907
-0.903527649007942
-0.941130167432172
-0.958720222083171
-0.869797773154578
-0.846863912203644
-0.819386284042337
-0.775383778248102
-0.817543485444419
-1.04289315988012
-0.779165759850544
-0.7742269525091
-0.752157889903466
-0.992649548506948
-0.796712967509813
-0.924083053014015
-0.774543847736074
-0.881555085457848
-1.03528709727151
-0.771199615638228
-0.819769081169477
-0.780095498463733
-0.689760841391851
-0.703812465832289
-0.745780303155187
-0.844660306052861
-0.988014849687857
-0.789679458855117
-0.925086280115761
-0.827464339694809
-0.943431386716143
-0.808803740320971
-0.87253342382832
-0.799455888034434
-0.82671613600661
-0.950108977372176
-0.797819545181554
-0.792458648838145
-0.758835868466418
-1.02464004376527
-0.903348101450165
-0.898058880486842
-0.755935824003738
-0.62870138235106
-0.67107710205021
-0.751621752201297
-0.905592866186336
-0.746833860752268
-0.790561483623277
-0.908007203709391
-0.864929983592093
-0.792426038231479
-0.813003586409641
-0.840541198915767
-0.825596717904546
-0.830233927307326
-0.84652581757019
-0.778083886852408
-0.720129407719883
-0.898509310170728
-0.73431442576378
-0.737620622157297
-0.802887146731758
-0.606234554624912
-0.943123473684786
-0.686764889238966
-0.829637758915199
-0.748824712745628
-0.787662311492677
-0.8777159992848
-0.688509522281521
-0.754926487855463
-0.699988247286178
-0.768530911527439
-0.767279482207231
-0.786153548623296
-0.656499563800104
-0.707540072363861
-0.778296997298237
-0.559314703670369
-0.711466726949276
-0.804016197350662
-0.730738619668657
-0.531344128781442
-0.658303216433082
-0.794274363054118
-0.794544884359716
-0.672800592928992
-0.719020740786697
-0.680306854993748
-0.604404701262432
-0.714485967092568
-0.871243828382111
-0.707667659131726
-0.693792383960768
-0.607091322018281
-0.663927099799275
-0.661777942185574
-0.654601118238307
-0.622364674280114
-0.692344053166919
-0.830390658254559
-0.676528257768229
-0.76405593073593
-0.725754066338997
-0.688144076720057
-0.774728547613122
-0.538134545944341
-0.633746180712254
-0.772569384867109
-0.715431470413854
-0.654042708646125
-0.723221187579845
-0.75578140616058
-0.545939848317291
-0.687270068665355
-0.583771965629525
-0.826000299164583
-0.681688392553346
-0.671890050313302
-0.62653402211789
-0.62880739811105
-0.739275945333882
-0.756194115387282
-0.567425938041067
-0.687233167234502
-0.652951503222178
-0.478856482195067
-0.716130124660563
-0.5788674050147
-0.718976671545116
-0.551093978592598
-0.507753811375279
-0.603207612985588
-0.757818401324758
-0.534040137276352
-0.573975712578295
-0.595969475003814
-0.52573476241134
-0.727578352860864
-0.692171619748453
-0.685895202204839
-0.730960825763314
-0.671172874048797
-0.76770033845681
-0.583557455681011
-0.64177352988639
-0.427759288779723
-0.545529531183709
-0.608069172595012
-0.574554729243383
-0.561774460477567
-0.62741900739375
-0.58750262435264
-0.61404235513693
-0.63179340700959
-0.502091477724533
-0.419848164146364
-0.530152400162186
-0.684254220737636
-0.456016051822743
-0.543310593286657
-0.472382950016135
-0.556460716012517
-0.69663397980274
-0.573949938770819
-0.534117434980445
-0.594354160264628
-0.423521737452861
-0.447654520644344
-0.531430091949828
-0.653749643232454
-0.642810360821212
-0.622937554900541
-0.574497775031161
-0.631118514221812
-0.639538230248521
-0.55051342742074
-0.526893909699192
-0.66796917173833
-0.62252871130281
-0.585295075631081
-0.570171417967078
-0.67552194648112
-0.563556945064172
-0.533072167846729
-0.380725586875112
-0.591474956687896
-0.580860437982703
-0.256090115215963
-0.545976387664951
-0.472955892564251
-0.588809230210202
-0.609652263633631
-0.813131869791014
-0.511794595077371
-0.51359312453571
-0.534371968484755
-0.590803603599911
-0.510991562735368
-0.498263793464325
-0.494106722785351
-0.519111237870816
-0.416576247463502
-0.364270753479247
-0.566612558502188
-0.520700823530439
-0.385013273256005
-0.428688388688352
-0.488744408365478
-0.371812424729194
-0.466296585703581
-0.565771753578198
-0.473356621872531
-0.601633988094993
-0.487955305430963
-0.441700292307665
-0.453216899059898
-0.408728093172856
-0.574310284130136
-0.597972992538954
-0.339616081754462
-0.409049724097225
-0.385484208882109
-0.360046727772414
-0.425006766190021
-0.435690171195232
-0.389040908719736
-0.508964135757363
-0.442050977842791
-0.666655162943807
-0.51712090645733
-0.545362133838582
-0.466801207143704
-0.446339715682737
-0.420325766577312
-0.431914967019083
-0.466311362164141
-0.250763053496289
-0.359573776927156
-0.455035423020557
-0.425751479723016
-0.311948925686492
-0.418912096684441
-0.492491762868538
-0.28457823500055
-0.456796246040693
-0.37830215641802
-0.2988682330513
-0.43007714326336
-0.306440982094401
-0.399263492208684
-0.316507836480641
-0.397902282285146
-0.440921900811909
-0.379896484288958
-0.219162305336057
-0.17985869725313
-0.423102323054209
-0.373689520254599
-0.377612989063774
-0.40582957073958
-0.454987856561432
-0.329767139422202
-0.422033210030274
-0.144098611676831
-0.365506992185878
-0.266638244132299
-0.54534799278385
-0.360183727420387
-0.333774509034156
-0.455761310030281
-0.251921902943471
-0.372681553489362
-0.352927324599213
-0.337452885903402
-0.330400772125287
-0.320625883084415
-0.409181263134966
-0.367704817176078
-0.439154634554347
-0.328608444767096
-0.30022118231627
-0.386164018624875
-0.450175939237571
-0.335793281159936
-0.366789618065358
-0.355749277219319
-0.324918783301495
-0.435996603747909
-0.2824647898519
-0.278654877248305
-0.270115929525804
-0.344096146029857
-0.333736430436325
-0.422147397210922
-0.375241686681246
-0.388416114727771
-0.271548644415883
-0.374783370327482
-0.20613963220532
-0.220481211966859
-0.255535948598717
-0.362781020773921
-0.200559589202563
-0.204027744902495
-0.339018785650275
-0.300596110843985
-0.171617463346331
-0.215385185726975
-0.188362320080521
-0.409513247068854
-0.184185069838049
-0.191094167170117
-0.314298221415134
-0.235144637228646
-0.171305844942603
-0.316409702735725
-0.253479430440913
-0.221815013569701
-0.203711431928046
-0.387421876896572
-0.307352446135394
-0.236278069417718
-0.427740150742121
-0.300276103063755
-0.250801515038587
-0.427247043635297
-0.131321980598869
-0.266995547197874
-0.128347582700246
-0.207737633634223
-0.330872809272944
-0.292663622129005
-0.258361750306429
-0.310919696999446
-0.309361247737861
-0.226479882197946
-0.225864213432507
-0.323294010740145
-0.224965374622186
-0.284420555775451
-0.122289359771456
-0.238072299506211
-0.212827307063953
-0.176346970860544
-0.0675743500850858
-0.0850865657382783
-0.0934532069427087
-0.101941196004466
-0.312911065640285
-0.174585032008373
-0.312156767379547
-0.34431688254007
-0.113139511699248
-0.277208856119057
-0.0953130355700689
-0.178368628745227
-0.197537823550909
-0.186538095302723
-0.113638799995275
-0.131050778573568
-0.266782568317776
-0.207768640843497
-0.117152042544654
-0.0583093996792722
-0.149717207218233
-0.212797697188557
-0.117338011788398
-0.201477253898845
-0.269265759080572
-0.173433436639478
-0.169929156359921
-0.136744311298321
-0.243435855215166
-0.135972636357927
-0.137022355870421
-0.262515078949322
-0.057936726449178
-0.133098005172238
-0.235336954431224
-0.177094104482817
-0.176257683817398
-0.119226044537557
-0.175966335553702
-0.102633139098213
-0.195093598248733
-0.18291444460573
-0.050333519584204
0.0266060460484648
-0.106122774182372
-0.0394050532149801
-0.24817852028865
-0.163470680327405
-0.220330940571978
-0.142374710092272
-0.0857175748361549
-0.205184007097422
-0.0240506337765442
-0.0110280033948598
-0.214839647744527
-0.244406259172244
-0.288774835098164
-0.104683533459776
-0.100555769742864
-0.202984259779913
0.0160266550855026
-0.0539976892600955
-0.131206747439494
-0.0837253732945852
-0.0207599577665844
-0.130456329570027
-0.163405535280215
-0.0964349108904063
0.0175422346000149
-0.0334852428725895
-0.076910497538463
-0.0923910609621493
-0.00811086270337818
-0.048301037798958
0.0821072087703027
-0.246786503624431
-0.199933666501047
-0.0913309560479417
0.0269604722371084
-0.150299426829222
-0.0482451692803462
-0.0972847926454602
-0.0615007454165605
-0.0991934732366897
0.009551281432287
0.0895878628071889
-0.193496645716996
0.0562390134882674
-0.181911351700449
-0.0921031726892018
-0.223018921477373
-0.034078569657177
0.0777477036108358
-0.0859071995493722
-0.068874177059102
0.00434895372281246
-0.0402335775195867
-0.0133300157082616
-0.0298786819431985
-0.120800092637517
-0.0169713919194454
0.1146970050814
0.160733899694347
-0.119535677033176
0.00654924409275579
-0.0160426452075288
0.151341659569673
0.0553132496677375
-0.0327055263750183
-0.122708926701349
0.0812442873128966
-0.0334326355519421
0.0770606515870113
-0.0190034784840318
-0.0129208550085825
-0.0680694362640232
-0.0394642962571848
-0.135050375457319
-0.151326178895379
-0.0198774384047719
-0.00222895201671546
0.0802238612604985
-0.0449504104964823
0.0306553612944549
0.149094342866168
0.139827219129846
-0.0344510958853888
0.0462633583086903
0.0816094081907472
0.0422083786117954
0.110322276645075
0.120878005950239
-0.0236222427665196
0.0525195235346889
0.0759043899467688
0.0988874676279204
0.0703050806270619
0.0540532306078918
0.15599313663107
0.230637991334799
0.12036793756528
0.149775920301821
0.0037875148446034
0.181427141884143
-0.0265722399293156
0.0729392612833747
0.128871637767395
0.0379477836146805
-0.100282023804972
-0.122445049409414
0.0801140473070879
0.0786802400836595
0.214354732871019
-0.0133751747191821
0.0407087674061603
0.134405664753639
0.154899623462473
0.117881134143235
0.0790211790617328
0.134781750218535
0.199856820331991
0.00915911195595165
0.0331194336228527
0.263181316349151
-0.05879096266914
0.144598634570401
0.219171037368054
0.0759769341273195
0.112825124575896
0.220582575710965
0.244214133578983
0.164252564718513
0.089167541551078
0.122377367268092
0.0446753721027867
0.236807164840906
0.159054727500163
0.0793464559961278
0.256460109189213
0.0305925877020257
0.0791593417151714
0.175057043185801
0.115321094560164
0.161715452305111
0.10096575492377
0.0786904301266169
0.136303534487805
0.13653415880742
0.0415777887676906
0.30931197261724
0.204004787764307
0.249499819109774
0.0173049426837097
0.0379129135354532
0.251936607502159
-0.0107406887864116
0.312773519991674
0.191159536191102
0.203193693196874
0.212224999416524
0.260745790482885
0.242234116489452
0.17567435931138
0.196939039073595
0.15532599345063
0.218089117547622
0.308156853615978
0.280464215835661
0.12441807293732
0.158284655006756
0.150708193019441
0.261103615665169
0.304637154209896
0.197867974649503
0.181609128046318
0.152374509177666
0.294174387004735
0.282733208127993
0.224315912448311
0.236677469171782
0.152319256188044
0.261233495117533
0.250293669592484
0.12644819651412
0.126441173911475
0.260358440280068
0.233321450642166
0.200095491667992
0.239550601404081
0.234446245326002
0.214274035633921
0.242731869040073
0.174556533281746
0.159701734794426
0.318262277746791
0.342787919771556
0.300639501347919
0.356502686487219
0.2643986411059
0.339879555741065
0.228956348731538
0.0586837654735413
0.17123765484996
0.400324462840228
0.0627806176015974
0.249638274541158
0.225163582854732
0.247003894908159
0.425355233436081
0.365623683908305
0.38708184361903
0.318747939811308
0.260325174221402
0.269318518896704
0.274560954063526
0.298203203412479
0.361875267464278
0.514885050796227
0.446704239610325
0.311820634912565
0.173604174812991
0.229484035913301
0.224443532935512
0.436539588519098
0.304325902201464
0.266552904440993
0.248335349526557
0.376965414277957
0.305507043584511
0.370372230559084
0.397469105989879
0.280474824932592
0.282990144689056
0.326438749113772
0.343322401507444
0.306092515705799
0.190109665516191
0.212206789109149
0.358134296912409
0.336475458728068
0.21261472316876
0.523068786347606
0.33565713007978
0.267603143681296
0.388849069746706
0.322752718047558
0.343072502898289
0.430775555837379
0.401708366610555
0.431527493359352
0.118640246563251
0.308984176497631
0.507554328783749
0.262916217640296
0.405724521157674
0.488518155595121
0.394282562278255
0.42125495683331
0.293520565094418
0.352555799014234
0.29070929115737
0.42346733576389
0.531291265949794
0.246512240345212
0.257043586646172
0.369356582353657
0.360257594371814
0.428789002683068
0.379182215327518
0.366404206601321
0.427843358714266
0.294269966420863
0.460730542437556
0.396468517563376
0.41149880744905
0.309740861371763
0.419349424944115
0.354085697473307
0.385536333765382
0.438049201377349
0.414697193196886
0.474431096965339
0.446458897458458
0.390504658588709
0.467599265192044
0.64503589670144
0.541174210927481
0.410465658517282
0.416093242849748
0.458531680087628
0.501406967501333
0.481373053015443
0.439962087178611
0.364918086952861
0.336442298484052
0.598281291482408
0.498144399189566
0.593086728510839
0.304550961237993
0.540061851448552
0.48030754394609
0.368053361150187
0.534826039639425
0.434456590308884
0.418651323419417
0.449098602443999
0.444137691623884
0.56248596609682
0.50780497530549
0.474138286925363
0.562339656261808
0.393911723213832
0.449007338784059
0.408395962411778
0.566680944780472
0.399895018830734
0.393152031698761
0.444191352199212
0.441415209233837
0.44759810042602
0.496839551983929
0.331370555266959
0.517737514550525
0.606406644857057
0.566288371786587
0.602751692227195
0.487863684831861
0.574936503583709
0.469411747081529
0.494800920817825
0.517268965532222
0.707543152570297
0.526482119210632
0.531183130946881
0.471856035752145
0.545813361691999
0.570513695145309
0.505296981404331
0.525109363528399
0.591300222926532
0.60695937062455
0.734929283160607
0.637818628928079
0.453664184578345
0.416698374425647
0.716393797705234
0.457066193800095
0.464483527843478
0.598080047676792
0.512468923034168
0.644628151454809
0.568391946428624
0.64788166568389
0.623276290905814
0.608365908599331
0.698297505636649
0.613312685418825
0.536072889415566
0.615941923229798
0.580415918982351
0.46057356530213
0.637048429031444
0.639478901702876
0.632087077438528
0.682489996548653
0.599951450072576
0.478388193344508
0.516187932952677
0.614871651006106
0.540115852780176
0.511656324486175
0.496484389975669
0.63414260252679
0.633887314436303
0.669051959122548
0.596097281659597
0.548843834656262
0.782043593907313
0.618102639473011
0.716790078087256
0.681838147936236
0.712634791709738
0.649311922918165
0.68823041168613
0.512229841871422
0.674608964480016
0.592417386904101
0.449883041129548
0.635739292800523
0.418605655090895
0.482402882841644
0.839302495557989
0.565062055919691
0.785015960705124
0.727476651068549
0.581205714230168
0.547518803798171
0.605173468748397
0.693068640734383
0.772476306212672
0.53326708252778
0.701549972129998
0.412292170470242
0.705976768464515
0.714893221094533
0.668710209158315
0.69322727185929
0.802061286020305
0.64430363849405
0.790168856872148
0.717101040446696
0.58656017673169
0.630931724341247
0.743464066761997
0.730028355516848
0.662387446540817
0.779658108452752
0.588090576580103
0.601578070233235
0.66616560490574
0.656462988311426
0.539496817877929
0.716422324280328
0.64511833626708
0.775627988577145
0.676076001635124
0.697060180963521
0.731911060496298
0.768421625456267
0.692829031183133
0.551631870673888
0.670662292741241
0.756461931843465
0.630233914853532
0.59682401347472
0.668225730944441
0.780075593614599
0.860517933807596
0.709067485751561
0.66602774214629
0.753704407476685
0.67481444734185
0.632777778052634
0.739854045608128
0.773952368802975
0.776038614005831
0.736414758981449
0.982006951908505
0.708185929060074
0.892127943900605
0.844797706388472
0.492449831065845
0.692445070620849
0.876589562276549
0.770899060859964
0.781959636529951
0.816652075025635
0.611194474942669
0.708538881231115
0.799021817701939
0.66658610664146
0.803812166713612
0.867190904555677
0.825682904888717
0.786764592627059
0.712701594875252
0.92772625793822
0.971937169588961
0.649600056820272
0.98068363754328
0.939611144236333
0.747124442123606
0.754707637194965
0.832525426922958
0.966942263760224
0.796879786266196
0.899927757447685
0.858808812850657
0.92019488002561
0.899757195936909
0.923208148886041
0.756041566712376
0.800482040953896
0.929207229998499
0.922345126520275
0.859168723839381
0.898831062094786
0.815336464986697
0.68645643052959
0.853009497259607
0.790243569189356
0.956606667653576
0.771727741750379
0.745806473026439
0.791771507580905
0.869468796963411
0.931864570057751
0.855292785501209
0.727440500500911
0.915626435693309
0.866154925144764
0.967039878836969
0.94731305586857
0.905071278422768
0.812300665627426
0.913568031950516
0.758669153949434
0.681853791662187
1.02081019573731
0.967920314674258
0.851535412700503
0.782869800279548
1.03362215009994
0.910424155612685
0.885443460121879
0.940942543431105
0.848177257374817
0.888851742753494
0.951838487781994
0.931706126826505
0.954723649585051
0.759918100410343
0.905455462228072
0.870661815596685
0.872285239673201
1.07008673331769
0.89968602332165
0.90682640437163
0.869392882639037
1.03265928791946
0.895811250888414
0.889496087481443
1.01589838467318
0.986972859733215
0.968806363976227
0.83888628921238
0.922484558229718
0.746016176478525
0.942577888161008
0.84723145455601
0.959156300088162
0.939768578707581
0.817917031518182
1.09183109009438
1.06914741209118
0.909357100722932
0.868201627618147
0.783371575737763
1.09306263222663
1.05723395931714
1.0059361874243
1.06575721746239
1.02777055741256
0.857778773080129
0.970822775600611
0.877831988107783
1.00832823795025
0.881588193195985
0.965558073461146
0.914814288444211
0.968777936357741
0.915126403948051
1.08107441351296
0.985109913013633
1.00916022205392
1.03434080133862
0.970194760762632
