x
0.00965950287408067
0.0102950960838674
0.0100816744177747
0.0103150164233392
0.00997087840615836
0.00918557176946395
0.00973209178497795
0.00997724346557632
0.0112359144130064
0.0102891873117663
0.00965276822934901
0.00951396150001057
0.00959830626272916
0.00875006067643025
0.0101444272058034
0.00980802719254301
0.0103476326785563
0.00968965699511388
0.010198930093136
0.00980514221842169
0.00967441460948064
0.0100546955147334
0.00968703639555855
0.0096697600595067
0.00952464425372856
0.00990117168964284
0.00982981419567413
0.00928037874670306
0.0104035938040982
0.00922648665497503
0.00957799204020214
0.00915906246610246
0.0102481491452444
0.010368276475579
0.00890868510446225
0.0095115984620784
0.0103784914473962
0.0101509373316468
0.00956961630677571
0.00992990330705152
0.0101606844215951
0.00989821731603082
0.00947577050936096
0.00899452858622459
0.0101345432133557
0.00989350094660741
0.00957550413903402
0.0104208620956783
0.00977252490398372
0.0108126311601977
0.00947866875291015
0.00984991533381458
0.0105261268897936
0.00902860082036971
0.0101184359895855
0.010029793117421
0.0102947790900284
0.0103852609137331
0.0105166179863254
0.00967687542264349
0.0101598858922499
0.0105258484617466
0.0101108751638317
0.0101421679719281
0.0101003725693251
0.009891353946047
0.00915889512698503
0.00886927793523087
0.0101810437207202
0.00985201814621874
0.0102884746170616
0.00948102391760556
0.00971384727999647
0.0103583690707179
0.0106513163842996
0.00996069909468958
0.0104110460247507
0.0103205838612011
0.0102151114757335
0.00993889968068593
0.0102989874782623
0.0101148894454196
0.0101148987489422
0.00930142678945425
0.0101984302208495
0.0102993594003606
0.0103449845761005
0.0103877727683791
0.00968298362466971
0.00983743809672604
0.0103431484413721
0.00955420902004797
0.00942509693931522
0.0103186942949878
0.00922103113106692
0.0100288020965939
0.0106402873058138
0.0103263218798505
0.00994185872190792
0.010182804419992
0.0102341739660273
0.0106718825252192
0.00960596792969401
0.0107009594702883
0.00996005761239086
0.00975866164387028
0.010430698482161
0.0107110763348005
0.0101023292763775
0.00982120731738794
0.0099900497662868
0.0100575072376297
0.0104897976670149
0.00976834743547289
0.00992770257297206
0.00953357430900171
0.00996159836810399
0.00998647017472974
0.0096965310220562
0.0100557560674026
0.0100028824716153
0.00997853381777854
0.00939388966925044
0.00982205217673935
0.010355562471151
0.010805277370592
0.0100586753038507
0.0101565005549641
0.0101399127981788
0.0104419154625071
0.0104630513275009
0.0106036304797146
0.0107231379649248
0.00978435985691079
0.01082938658279
0.0102970501333397
0.00975760105885237
0.0103695889466015
0.0101007186012709
0.0107414647875214
0.009502610001086
0.00955271446420185
0.00986223685616845
0.00962557860968869
0.01034457855113
0.0102009682418819
0.00969368511633162
0.0101625299226827
0.0098139526889192
0.0099360416721974
0.0103566269696587
0.0101012731320357
0.00923265377642007
0.0105783213875933
0.00971933106812095
0.00977081328894807
0.0105304889543041
0.00968632423920967
0.00963130033419345
0.00929392809060138
0.0101544089462816
0.00969618932048007
0.0100593660720033
0.0103112031699075
0.00920477138966688
0.00975451038673674
0.0105090850673413
0.00995735912681064
0.0107049574190288
0.0101856634672864
0.00960921215938619
0.0105238633997049
0.00916681721681933
0.00875143211428328
0.0101499368619277
0.00877689139853917
0.00990853263436229
0.00944029342250323
0.00974108566223383
0.010363583247339
0.0103002757769873
0.01080202667148
0.00935113521859796
0.00935874651634305
0.00933567627103565
0.00983442161351593
0.0102247005395191
0.0107952343335472
0.00993606014198231
0.00948331961327223
0.00933754137014205
0.0102398743097181
0.00991740820504314
0.00988952079496079
0.0105970583278749
0.0101208265855956
0.0101070871669867
0.00976778698475197
0.0102300869799711
0.00941747760368063
0.00974196575013176
0.00971634085615888
0.0101937833081178
0.0106723203174594
0.0102814921190837
0.00967498870383063
0.0101748556541545
0.00977125856774818
0.00952236478739092
0.0100017794342408
0.0100440849075291
0.0101494204441619
0.0102977217707899
0.0094826347758602
0.00937936565084602
0.01024250024257
0.0102101430025969
0.0107227395410091
0.0102567044504597
0.0100705777008958
0.0101488420741604
0.00977136625220797
0.0103728086237137
0.0102549515679975
0.010304438345108
0.00955333612178058
0.00947760045584975
0.00991985280552644
0.0105145050961913
0.0105074628278606
0.00982355135924415
0.0100106665448586
0.0103696852786096
0.00993498414093571
0.00998514789254522
0.00981114842583052
0.0106668120319798
0.00983884695418694
0.0104273779325344
0.00956842545856214
0.00944478960346582
0.0097008757463848
0.00910145329280228
0.0100635238532467
0.00961054928845787
0.0100418235068546
0.0102219822248416
0.00973815259603199
0.0102277060283729
0.0100562110388999
0.010682843233202
0.0100100715816397
0.0101791621395483
0.00954549352257583
0.0102519374874056
0.00986144929024361
0.0106347836787582
0.010310689451133
0.00936399157136461
0.0099978722330001
0.0109170770462913
0.00994042355928395
0.0104229820421582
0.00999332401577739
0.0095181647838668
0.00885738002672119
0.00920794359535645
0.00938465316774386
0.0100507786616184
0.0101833006547523
0.00958595109805985
0.0102883997100177
0.010099444427361
0.0103872657829927
0.00939048882892588
0.00956443068445877
0.0101989495569449
0.00976983008569842
0.0106295913733531
0.00987933567547598
0.0097769693073532
0.00994061724392498
0.0106546674994431
0.0104224442243492
0.00940215395189932
0.0102190969603754
0.00973487541190795
0.0094395978365962
0.0102591658544452
0.0100869046855595
0.0104077078124342
0.00985780085894698
0.0100860023765298
0.00970029421874069
0.00943943332069423
0.00996006460340431
0.00935713603477333
0.00935515507594128
0.0100833850132376
0.00941142877508726
0.00985282437996217
0.0100546714812348
0.00975333137816673
0.00981388592719228
0.0103032734277566
0.010424597099229
0.0095034802952662
0.0104074501256572
0.00985154807466137
0.0101568122776895
0.00871358596473442
0.0095618738147918
0.00998163811388445
0.00967713490170837
0.00980937769098006
0.0112068394477736
0.00995374225364311
0.0102069086310224
0.0102983106770233
0.00965637366001113
0.00986754019791672
0.00938787280140939
0.0111206700601327
0.0087518055645856
0.00954898712563397
0.00977663733605007
0.0101057515435489
0.0101438561177344
0.0101807045615916
0.00989003196011522
0.0103393595703334
0.00857930957543221
0.0102432838397458
0.00958305447348902
0.0101532371140248
0.0103048352659045
0.0112838318557687
0.0102729173293626
0.0095937944064289
0.00930511915115577
0.00957598899984597
0.00980178110360942
0.00982127485424634
0.0105087851712363
0.00970916908396329
0.00996090561601345
0.00974763361831005
0.0102805120631401
0.0101029495392633
0.010232681816391
0.0102685178139472
0.0102503499304059
0.0100920829680715
0.0099247032203969
0.00972240284298951
0.00959449532255737
0.00981566609571891
0.0101888737930507
0.00982650160279357
0.009712570937798
0.009541186391471
0.00997551723483026
0.00947344526084351
0.0106834809497769
0.0101067030680054
0.00925602577370684
0.00979149970485397
0.00975343024321915
0.00962251664665469
0.00880715853353066
0.00944865782352822
0.010090821023834
0.0102169822180315
0.00983997215049942
0.00997829562513982
0.00982027685882528
0.00969010775973331
0.00969621888681007
0.0096238433755958
0.0107887906622741
0.0101161934198314
0.0102948530332611
0.0102562423727038
0.0103466876312058
0.0098368200614562
0.0099469341168444
0.00959129242498761
0.00934667500388826
0.010195725204271
0.00993531961462425
0.0107260005442089
0.0101636336839707
0.00937554230642604
0.00914971741197846
0.0098773249093269
0.00904007900001076
0.00948553024330643
0.00886921235317942
0.0105908889852493
0.00949757755986672
0.0103670830887067
0.0108741597647436
0.0102328106827124
0.0100791058828168
0.0101589517905178
0.00959145171310202
0.00975789135364252
0.0101710744288545
0.00923560435300761
0.00964574829369296
0.00949112533438026
0.0101174019151207
0.0101623133377262
0.00990568881798709
0.00973689848219438
0.0103556563738525
0.0101254548983529
0.0104420017398674
0.0107017054545178
0.00992230701211906
0.00961158114016606
0.00977777330032289
0.0101182858697478
0.0101621147947767
0.00915054244809082
0.0100017161179815
0.00960764765657101
0.010341380616968
0.0103295363116508
0.00988965849555277
0.00957847905340983
0.00984869429083399
0.0100167790670827
0.00989246473958318
0.0105419223806709
0.00981962305298878
0.0102842277042973
0.00970646884380807
0.0103285129493645
0.0102484275664196
0.00960533614896751
0.0104411915974653
0.0100406905200741
0.00992147632764862
0.0102341811866459
0.0103804044494849
0.00928500503831404
0.0105583821888004
0.0102946534127807
0.00943289620402478
0.0103007852727601
0.0100744457483979
0.00975582850132012
0.0103119688725822
0.0100990997148419
0.00916305403682657
0.0103592010389906
0.00882402931093088
0.0100813766438694
0.0100023970443542
0.0101833812636784
0.0100012731367095
0.0094975117954779
0.0102127190434294
0.00940268907406573
0.0101187786506383
0.00992818387984087
0.00976883710815991
0.0105564152938238
0.010801685773525
0.00986329816282076
0.00965773860824672
0.0103013061732709
0.0099080668120664
0.00931184784357857
0.00904981620785699
0.0100788870425702
0.00946682336177049
0.0102693173158428
0.0105322093127343
0.0102733043625083
0.0102911743704649
0.00970865533316212
0.0101077945006608
0.0101863462009285
0.00970960913939277
0.00875812459594695
0.0104316427184131
0.00986979419650865
0.00958526575242344
0.00957439356893057
0.00923073182216325
0.00947157840198602
0.00971523398630414
0.0105378616277941
0.00929196055347927
0.00992727791875702
0.00955139055329335
0.0102381459070688
0.0106508255306392
0.00962747457294335
0.0107317795901688
0.00935179270378435
0.0102258741704847
0.0102530183635424
0.00962563628380435
0.010043368117896
0.00989503628202493
0.00909169198427146
0.0100838618707098
0.010106059377455
0.0100069100663682
0.00976214774276771
0.00932719175859318
0.00971025196498287
0.0103133107252113
0.0099825195772395
0.00992365189123674
0.00960165791286421
0.009655271444994
0.0103883345831441
0.0106042783509288
0.00954663850203058
0.00949582545191142
0.010426685964865
0.0101537960558439
0.00916884003347993
0.0105347974087948
0.0098315034298454
0.00932002768159012
0.0102080816553277
0.00936519263672455
0.00952805014469004
0.0100070587362473
0.00979684265363912
0.00995895348617676
0.01017942513236
0.0102420336965912
0.0101729323290316
0.0109742734075983
0.0102017507687119
0.010112062247859
0.0100425034589762
0.0101494067173471
0.0100677428668602
0.00962576677832025
0.0092794755910376
0.0101741725468109
0.00942043823997154
0.0100624315153437
0.00998613331501457
0.0101296230103922
0.0100949462933457
0.00971359826834692
0.0100458449725123
0.0103162404230666
0.00993276480635406
0.0108736986422268
0.0102096950903045
0.0104861461851456
0.0101306557784067
0.00983043098917784
0.010465945593235
0.00970324170719901
0.00939626775925998
0.00911828089912787
0.0105025965140758
0.0101679631642204
0.0103095690804454
0.00984405496684304
0.0106548808581994
0.0106563330661353
0.0104877918707886
0.0106286204371351
0.0101498382437478
0.0101998265131278
0.010852479936041
0.0102863316100401
0.00963474605008472
0.0102196736284275
0.0102964748267812
0.010143728391873
0.00927011854330294
0.00999919887191189
0.0102811459125186
0.00933966941019856
0.0112619638133464
0.00971682666199947
0.00950734044859784
0.0102794562592796
0.0101569268020574
0.00966664762294683
0.010700564919005
0.0104697321581939
0.0101829123056855
0.0101943545551705
0.0103325689179245
0.00964225209146942
0.010947763899216
0.0107139542607011
0.0101779007346632
0.00959194395454465
0.00928793237422738
0.00898141680017397
0.00888454916149533
0.0112512719649824
0.00959753152038362
0.0101717920255135
0.0095960715413142
0.00925287152371887
0.00949350881410515
0.0100062644913934
0.010287982240181
0.00966312494778644
0.0100295582340069
0.0103428535528082
0.010255028694604
0.00985912878653749
0.00966693187198168
0.00912476676667062
0.0099512476580543
0.0103466389177385
0.00945229602994215
0.0104224152062799
0.0102628071142919
0.0101626882682742
0.00923827937689629
0.0101974370397019
0.00971694034448291
0.00952376371611845
0.00974959801426445
0.0100479955889702
0.00933051110497397
0.0100719888008963
0.00977542040506221
0.00941635054232133
0.00927883338840449
0.0101397618067564
0.0104030201519581
0.0105918251120919
0.0100499078235535
0.00977144740548903
0.0101072964442105
0.0103922582633853
0.0102885238860765
0.0104730795901566
0.00955907696304673
0.00925098385589321
0.00958893011090971
0.0100830693316069
0.00930602690060381
0.0100982610602367
0.0100022365051413
0.0100046231439752
0.00957371311909435
0.00961550236615349
0.00974220800912427
0.0097354831976221
0.0103658899351401
0.00970250145136677
0.0102023276511105
0.00999110213533831
0.0109132732464548
0.0102592124588316
0.00972805011722529
0.00982882206361956
0.00951756769627226
0.0102471052373135
0.00997618809576556
0.0104444569522844
0.0102486260773195
0.00971774568068805
0.0106288714791294
0.0103590401067903
0.0102229245082571
0.00905486966151135
0.0103440298126765
0.00988390026651778
0.00961792201956278
0.0106644945793275
0.0100801498381156
0.0105256918310118
0.0100082925110068
0.0103629525615976
0.00940809339940052
0.0100356669313335
0.00985684422358256
0.0104774338830442
0.00987357072628886
0.0103168863898594
0.00956673442218605
0.00977749371807605
0.00991941589495133
0.0104226200950541
0.00914437750860743
0.0102344998564796
0.00937060003341126
0.0100574627493338
0.010610042346242
0.0107419811459818
0.00991292863997392
0.00943312330385939
0.01037442870898
0.0102535950934679
0.00983256705816403
0.00975707390990594
0.0100907969209004
0.00999738134092182
0.00974810863733725
0.00906377274122183
0.0105853442791825
0.00959020908790798
0.00980364848966915
0.0105543443417518
0.0104245505177616
0.00970342271725824
0.0100728622645536
0.0104735003521536
0.00943977433428286
0.00958804997191452
0.00966951048765115
0.00964371840905703
0.00988123122434874
0.0100015392593474
0.00955046214880884
0.00974249012541221
0.00962467571286187
0.0104963327091622
0.00966815760575582
0.0104210787692416
0.00999804380308855
0.0098271435362404
0.0110393859999971
0.00976277084191801
0.0107064675866419
0.0102547858887191
0.0108592828336641
0.00930421688289511
0.00983641860472533
0.0104002439245589
0.00928123310171194
0.0103935549800486
0.00922985950958716
0.00938245731292924
0.00987623459051462
0.0104210084609129
0.0102204676621939
0.0104144342916086
0.00978187283575711
0.010149633237612
0.00952319440275217
0.0101979864874655
0.00985197935265332
0.00997735844599802
0.00969519274730474
0.00998913694864049
0.0106155481245489
0.0100803632140155
0.00939816076017472
0.00970991311135715
0.00965742960720671
0.0102232790079944
0.00970542691247192
0.0102422872420082
0.00978522010202823
0.0103468063668484
0.0100334376900664
0.0100302222423398
0.0104286267111435
0.009961789360619
0.00927561675124006
0.00915326767329656
0.0108468475550297
0.0092441572445429
0.01009617103333
0.00987561698840202
0.00999877127075447
0.0099776041435889
0.00971174325999359
0.00960330398241689
0.00972338989653547
0.0109135124944582
0.0104987568691422
0.0109527757007181
0.00959743000842036
0.00943268352743176
0.00981277818747518
0.0106879900287637
0.00978279564706752
0.0107641426872209
0.00985055481437825
0.00956733641518488
0.0100827881838636
0.00926827157158859
0.00952603518413772
0.0107325458358791
0.00960221711988475
0.0101997763281024
0.0095669593876049
0.0100452012353465
0.0104330565660393
0.0101504584212692
0.0100454868406703
0.0101598333424474
0.00947917308574463
0.00953578982048167
0.00956187521656687
0.00999664874652399
0.00964850405020919
0.0101899003320598
0.010406352540305
0.00953693415243799
0.0102221660641444
0.0101842696058424
0.0103299376548798
0.00943830790208435
0.00984138450051008
0.0100662755869874
0.0104169328532535
0.00992475211007349
0.0103152781246575
0.0104600960639233
0.0102782069354511
0.0096395169708604
0.0103251498355054
0.00976977015861977
0.00931031794764282
0.00965609159303593
0.010969437025421
0.00987256326689696
0.0101924658805844
0.00993808339492549
0.00971334003762215
0.0101235837210155
0.0102012963972291
0.0101947748951565
0.00961789232020709
0.0100991234046356
0.0104683541565686
0.00956461812235465
0.00951967978064293
0.00901384103691781
0.0101894652141616
0.0106175766948553
0.00979574147840463
0.0101052213080756
0.00977357396343045
0.0106218001202137
0.00989229137037508
0.0100025846577513
0.0104482021652427
0.00984438180513205
0.00994131059095032
0.00927589223281124
0.009840360510357
0.0103595434138924
0.0104286619651714
0.0091498578719275
0.00993283955740727
0.0101742455091744
0.010490570133107
0.0103043422489655
0.0108929828059067
0.00937612638190202
0.00986173969624166
0.00967870323205302
0.0101262246576435
0.00968326498941085
0.0098977389689882
0.00984740735563
0.00990355262130601
0.00983069174162233
0.00942844781827602
0.00969454672182805
0.00983961890579743
0.00973321678480315
0.0106176681391155
0.0100226198415853
0.010085837937384
0.0091516271629592
0.0106911309186097
0.00989005632709789
0.0102662864024145
0.0104148300625136
0.00986001290364268
0.00996213687949978
0.0104756162386614
0.0101453714595406
0.00992849915544228
0.00905362417249953
0.00971132635078809
0.00981690413002996
0.00986866393569372
0.00987865782461378
0.00913871550697018
0.00945318108419967
0.00962630912695235
0.009230067714083
0.00979012045767406
0.0100045148407446
0.00972047356679592
0.00956541981838508
0.00970135042256886
0.0107306729402079
0.0103700666432992
0.0103078413547199
0.010114817071559
0.00919581700265138
0.00948240955274377
0.00933599369562654
0.00914473192528803
0.00996622347670636
0.00966985986541914
0.00982086814234667
0.00954120601377118
0.00945366140870221
0.00973873322832436
0.0101590276837983
0.0100578104731756
0.00987617792931215
0.00985174599482939
0.00982890497718449
0.00995874920547843
0.00942336894733627
0.0100304213045667
0.00991751891279003
0.0103789373626782
0.00964759537402994
0.00992331575701493
0.0104389574217924
0.00992092630816573
0.00962037461295904
0.00911979433742388
0.00979456746832358
0.010557557378008
0.0108420749614951
0.0103428572912929
0.00949767509332652
0.0101646090524657
0.0102641693226509
0.00943412639388828
0.0105987698217544
0.00986105060087576
0.0100823855804878
0.00992439824961123
0.0100105304952309
0.0104044546089076
0.0103963452540412
0.010968628694138
0.0100151453741088
0.00945453580825776
0.0105779641738275
0.00916602777877087
0.0102128081056921
0.0096119180056834
0.0100306919476337
0.00991169724885077
0.0101482318413752
0.0107547719503358
0.0105909345065701
0.0111113975080076
0.0108038498414153
0.00942181063400738
0.0101875765384909
0.0108546960404007
0.00991050977668189
0.00981537133228586
0.00939689149302097
0.00968659165745608
0.01055341644074
0.0104527929684037
0.0101639745318471
0.0102365891304264
0.0111283029318499
0.00962690662225713
0.0101288563369848
0.0115612909539938
0.0100389245097295
0.010099549054988
0.00957189097706051
0.0101557878089968
0.00949157372672519
0.00995649289597189
0.00994097208646263
0.0102066799599162
0.00992963736214308
0.0100427193218874
0.00978953088941286
0.0105556477357258
0.00981062393643707
0.00954511113781573
0.00953831410289885
0.00931126418003096
0.00986912723174574
0.0100866016071067
0.00972680747604709
0.00998725701077456
0.00945939259241853
0.00995517405608131
0.00916990610086135
